42 0.518875 0.746799 0.532625 0.752134 0.545922 0.756883 0.553469 0.752134 0.564109 0.748577 0.572531 0.745000 0.585844 0.738473 0.593375 0.731946 0.592500 0.727782 0.575641 0.736695 0.576969 0.730753 0.589828 0.725418 0.589391 0.721841 0.572531 0.729561 0.566328 0.733138 0.545922 0.741444 0.523750 0.741444 0.506453 0.740251 0.502453 0.747385 0.463875 0.742636 0.459000 0.745000 0.431938 0.746799 0.414641 0.742029 0.413312 0.737887 0.413750 0.731946 0.419078 0.730753 0.432828 0.731946 0.446141 0.736695 0.462984 0.733724
43 0.458406 0.715397 0.473359 0.732176 0.482031 0.730879 0.587109 0.845753 0.577937 0.843828 0.562516 0.838013 0.543234 0.825105 0.526859 0.810251 0.486844 0.772176 0.476734 0.756046 0.472391 0.754770 0.464203 0.752176 0.462750 0.742510 0.455031 0.725084 0.454078 0.720565 0.458891 0.716695
46 0.873469 0.611527 0.865797 0.607029 0.863875 0.610900 0.863391 0.630816 0.859078 0.646234 0.856672 0.656506 0.854266 0.674498 0.860516 0.695063 0.870594 0.707908 0.886422 0.723326 0.892656 0.724602 0.906578 0.718828 0.908500 0.711109 0.908500 0.698912 0.906578 0.689268 0.900344 0.682845 0.894094 0.670000 0.892187 0.662929 0.886906 0.641736 0.876828 0.626946 0.872984 0.616674
42 0.554234 0.708368 0.566375 0.703473 0.586641 0.687678 0.594297 0.682343 0.593297 0.685460 0.574188 0.702824 0.596453 0.685230 0.597281 0.686339 0.576172 0.706151 0.576672 0.707050 0.598609 0.689247 0.578344 0.709038 0.578500 0.710377 0.596625 0.694582 0.597453 0.695251 0.590297 0.705920 0.580828 0.713264 0.570531 0.721067 0.556391 0.723724 0.555406 0.725293 0.536281 0.741527 0.511688 0.737092 0.539609 0.723054 0.538281 0.719059 0.536781 0.718159 0.497562 0.727071 0.489422 0.719289 0.550406 0.708828
56 0.115656 0.773389 0.146156 0.822155 0.134016 0.853389 0.136812 0.892992 0.148016 0.909644 0.147078 0.919644 0.107875 0.973828 0.104141 0.980502 0.098844 0.925481 0.102266 0.868808 0.104453 0.839644 0.105375 0.830063 0.108500 0.822573 0.104141 0.807971 0.101328 0.780481 0.105062 0.769644 0.112844 0.767971 0.117516 0.771736
47 0.779641 0.718201 0.783188 0.733515 0.798953 0.743536 0.817469 0.747218 0.833641 0.747761 0.847828 0.730858 0.850984 0.718724 0.850187 0.711339 0.842313 0.702908 0.844672 0.697615 0.846641 0.695502 0.846641 0.692343 0.839938 0.692343 0.836000 0.686004 0.822594 0.679142 0.803687 0.677050 0.785156 0.682845 0.781609 0.694456 0.782391 0.702364 0.783969 0.707113 0.780422 0.713452
49 0.821016 0.674121 0.827250 0.672280 0.828281 0.672280 0.847625 0.679686 0.855234 0.687531 0.855578 0.688013 0.861453 0.696799 0.865250 0.706046 0.868016 0.721778 0.868719 0.730105 0.868719 0.735669 0.867672 0.741674 0.863531 0.744916 0.853500 0.748159 0.840719 0.748159 0.834156 0.748159 0.834844 0.744456 0.841063 0.737510 0.848672 0.731967 0.850047 0.724100 0.851094 0.718075 0.850734 0.717155 0.845562 0.708828 0.842109 0.705126 0.841063 0.704665 0.843141 0.701423 0.845906 0.697259 0.847281 0.693096 0.845906 0.691234 0.842453 0.694477 0.841406 0.694017 0.839688 0.690314 0.839688 0.690314 0.835188 0.682908 0.829313 0.677824 0.823094 0.678285 0.822750 0.678285 0.822062 0.678285 0.819641 0.678285 0.819641 0.678285
67 0.495531 0.634728 0.562875 0.649477 0.572672 0.644017 0.574297 0.630900 0.572672 0.624895 0.515125 0.610690 0.502062 0.608494 0.497578 0.611778 0.495937 0.614519 0.493484 0.618891 0.493078 0.623243 0.493078 0.628724 0.497172 0.633640
49 0.834219 0.593849 0.843109 0.596716 0.852297 0.604519 0.857203 0.614770 0.859953 0.619686 0.860875 0.631172 0.861484 0.641841 0.857203 0.654979 0.852906 0.661130 0.848625 0.661946 0.840344 0.661946 0.838516 0.660711 0.836984 0.659477 0.841266 0.646778 0.842500 0.638975 0.842188 0.631590 0.839437 0.622971 0.837281 0.615188 0.835453 0.607385 0.834844 0.602050 0.834531 0.599602 0.833297 0.593849
45 0.709875 0.586716 0.649312 0.602469 0.637531 0.645272 0.654359 0.699331 0.679594 0.742113 0.760328 0.780397 0.807438 0.789414 0.861266 0.766883 0.903313 0.730858 0.921813 0.694812 0.910047 0.652029 0.881453 0.618243 0.847797 0.604728 0.800703 0.597971
43 0.535891 0.741423 0.554219 0.727176 0.556703 0.721192 0.555703 0.718870 0.480641 0.766967 0.452141 0.782908 0.436781 0.780586 0.426125 0.786883 0.417203 0.797490 0.399375 0.807113 0.394172 0.791527 0.403328 0.782573 0.418453 0.776590 0.447437 0.766653 0.467016 0.755690 0.476672 0.756025 0.510125 0.736464 0.505172 0.748075 0.519281 0.749728 0.505656 0.756360 0.497734 0.749393
53 0.481687 0.912364 0.501828 0.932594 0.525328 0.959561 0.557219 0.977531 0.788828 0.995502 0.832469 0.885397 0.817359 0.865167 0.572328 0.743828 0.547156 0.757301 0.481687 0.842699 0.473297 0.898870 0.490078 0.930335
0 0.371766 0.964393 0.336594 0.910586 0.336594 0.901611 0.318172 0.872469 0.266266 0.843305 0.190906 0.796234 0.147359 0.755858 0.103828 0.706548 0.083734 0.690837 0.075359 0.661695 0.055266 0.598912 0.065312 0.558556 0.077031 0.459895 0.085406 0.383661 0.080375 0.267071 0.083734 0.211025 0.135641 0.128054 0.177516 0.096674 0.219375 0.096674 0.257891 0.098912 0.251188 0.083222 0.271281 0.069770 0.321234 0.030314 0.351375 0.010126 0.476969 0.005649 0.592516 0.003410 0.602563 0.021339 0.605906 0.072908 0.610937 0.135690 0.604234 0.205209 0.580797 0.250042 0.547297 0.272469 0.540609 0.276946 0.517156 0.317301 0.508781 0.344205 0.476969 0.364393 0.455203 0.364393 0.430078 0.384582 0.389891 0.411485 0.388219 0.438389 0.415016 0.588598 0.448500 0.624477 0.463578 0.646904 0.485344 0.673808 0.476969 0.691736 0.485344 0.709686 0.503766 0.734351 0.500406 0.754519 0.463578 0.729854 0.455203 0.734351 0.413328 0.720900 0.396594 0.696234 0.381516 0.653619 0.364766 0.660356 0.264297 0.729854 0.351375 0.803849 0.406641 0.828515 0.413328 0.828515 0.435109 0.835251 0.451844 0.853180 0.451844 0.862155 0.446828 0.875607 0.327922 0.873368 0.324578 0.873368
