2 0.147859 0.927198 0.130516 0.921862 0.129641 0.908023 0.122703 0.908023 0.121844 0.918676 0.110563 0.918676 0.104500 0.877121 0.113172 0.861132 0.111437 0.852610 0.120109 0.846219 0.133109 0.821727 0.179953 0.815336 0.218109 0.821727 0.234594 0.883512 0.231125 0.926123 0.218109 0.923992 0.215516 0.912284 0.207703 0.915470 0.199031 0.918676 0.195563 0.913340 0.186016 0.913340 0.161734 0.915470 0.160875 0.914415 0.147859 0.914415 0.148734 0.926123
2 0.229469 0.844645 0.243734 0.825585 0.258000 0.790537 0.297719 0.782917 0.326250 0.781382 0.346734 0.807294 0.361000 0.809578 0.359750 0.813397 0.351687 0.825585 0.298328 0.836257 0.297094 0.853033 0.297094 0.859885 0.277859 0.869789 0.241250 0.881996 0.230703 0.857601
9 0.553937 0.732150 0.549984 0.730921 0.549656 0.728906 0.548000 0.703762 0.534141 0.693225 0.533141 0.688752 0.547000 0.688349 0.546344 0.682265 0.539078 0.679424 0.534141 0.663608 0.539750 0.661996 0.553609 0.661593 0.565484 0.668484 0.567797 0.734971 0.578359 0.732956 0.577047 0.668887 0.566484 0.666852
2 0.295859 0.935489 0.288859 0.950537 0.276609 0.944088 0.274859 0.877428 0.290609 0.866660 0.318625 0.830115 0.358891 0.817198 0.427156 0.817198 0.439422 0.832265 0.469187 0.868810 0.470937 0.933340 0.472687 0.952687 0.446422 0.935489 0.385141 0.935489 0.369391 0.954837 0.350141 0.965585 0.337875 0.941939
9 0.634391 0.729616 0.641563 0.675259 0.635594 0.651766 0.612266 0.651766 0.614062 0.700979 0.614656 0.734012
0 0.570344 0.915931 0.553422 0.918234 0.552469 0.893973 0.554359 0.870883 0.561875 0.851248 0.560938 0.840845 0.557172 0.821209 0.555297 0.805029 0.555297 0.802726 0.548719 0.783090 0.554359 0.771536 0.565641 0.785393 0.569406 0.808503 0.571281 0.839693 0.572219 0.852399 0.566578 0.853551 0.563766 0.860480 0.564703 0.880115 0.573156 0.889367 0.575047 0.911305 0.564703 0.913628
0 0.487469 0.771862 0.494422 0.778695 0.494891 0.788944 0.502766 0.799770 0.503703 0.831670 0.497203 0.843052 0.493953 0.863570 0.496281 0.895470 0.486078 0.898887 0.480516 0.897735 0.487000 0.891478 0.488391 0.882361 0.483750 0.874395 0.481438 0.858445 0.478656 0.836219 0.474484 0.823129 0.480047 0.807178 0.487000 0.791785 0.487000 0.791785 0.482828 0.788944 0.478656 0.778119
0 0.735531 0.738253 0.723328 0.739117 0.721063 0.738887 0.723328 0.733762 0.725422 0.730115 0.725937 0.727121 0.725422 0.723896 0.724719 0.719616 0.728203 0.717255 0.730828 0.716833 0.731531 0.718330 0.732562 0.720480 0.732922 0.724971 0.732391 0.728177 0.734141 0.731190 0.735359 0.733532 0.735703 0.735681 0.735703 0.737179 0.735359 0.739539
26 0.551828 0.856910 0.560531 0.857198 0.568750 0.859712 0.570594 0.859712 0.573328 0.856353 0.573328 0.854952 0.575609 0.856065 0.579281 0.856065 0.581563 0.856065 0.582703 0.877409 0.582703 0.879386 0.575844 0.881075 0.571266 0.883033 0.563266 0.882745 0.553203 0.882188 0.548172 0.880499 0.547266 0.880499 0.547953 0.857754
9 0.422672 0.519194 0.422672 0.431459 0.436359 0.427063 0.445875 0.435835 0.445281 0.514069 0.423859 0.516257
9 0.242703 0.684146 0.263516 0.685528 0.261937 0.692111 0.255234 0.692111 0.255672 0.703109 0.261266 0.703109 0.260828 0.707524 0.255234 0.708061 0.256797 0.717140 0.262391 0.717140 0.262391 0.721804 0.254562 0.722630 0.255000 0.728676 0.253437 0.732802 0.249641 0.733359 0.248516 0.716315 0.241797 0.714933 0.238438 0.686891
0 0.455688 0.795816 0.460437 0.781209 0.455688 0.767351 0.459844 0.751305 0.462813 0.745470 0.467562 0.745470 0.467562 0.773916 0.469938 0.784875 0.470531 0.793628 0.468156 0.793628 0.462813 0.785605
