54 0.661062 0.604079 0.650984 0.607832 0.637734 0.628532 0.635844 0.650163 0.650344 0.683077 0.666734 0.685897 0.698891 0.670839 0.703922 0.662378 0.705813 0.642634 0.705813 0.625711 0.685016 0.597483 0.668625 0.599371
54 0.232078 0.778205 0.223000 0.781585 0.217047 0.785804 0.210797 0.794289 0.208250 0.799347 0.204563 0.811632 0.202000 0.817133 0.201438 0.828135 0.201438 0.838298 0.201438 0.854359 0.202578 0.856900 0.207109 0.870023 0.211078 0.876387 0.215062 0.881445 0.224703 0.889907 0.234906 0.896270 0.244266 0.896690 0.252500 0.896270 0.263000 0.894988 0.268953 0.889487 0.279734 0.877226 0.286547 0.866224 0.287672 0.858182 0.290516 0.845478 0.290797 0.831935 0.289094 0.821352 0.284844 0.811632 0.281719 0.801888 0.276328 0.795548 0.269797 0.787506 0.260437 0.779464 0.255625 0.779044 0.245688 0.776084 0.240578 0.775664 0.232359 0.774802
54 0.288312 0.626247 0.272500 0.611725 0.250797 0.615874 0.240203 0.620536 0.238125 0.614592 0.233266 0.603963 0.231000 0.588671 0.236219 0.571842 0.240375 0.564056 0.248891 0.554732 0.253578 0.551119 0.262781 0.547226 0.269563 0.546200 0.276500 0.547739 0.285188 0.553450 0.292656 0.563543 0.296125 0.573380 0.299250 0.583240 0.300297 0.589464 0.300984 0.593333 0.300469 0.604219 0.299250 0.611469 0.297688 0.615105
54 0.232625 0.696993 0.255344 0.690210 0.272391 0.694172 0.290953 0.722424 0.296250 0.742191 0.293969 0.767040 0.281859 0.784545 0.271250 0.790210 0.260266 0.779464 0.247016 0.777786 0.232250 0.774965 0.225437 0.778345 0.220141 0.771002 0.219750 0.778345 0.214078 0.776643 0.208781 0.767040 0.212938 0.761958 0.210281 0.742191 0.204609 0.741049 0.212187 0.717343 0.225062 0.701515
55 0.388438 0.323660 0.392234 0.313380 0.400484 0.308252 0.421109 0.305175 0.428672 0.309277 0.434531 0.315431 0.437969 0.320583 0.440719 0.328275 0.440719 0.334942 0.440031 0.340070 0.436250 0.343660 0.431078 0.345711 0.421109 0.340583 0.402891 0.345198 0.391203 0.345198 0.386719 0.327249
54 0.654984 0.709091 0.662141 0.694429 0.672578 0.682844 0.683906 0.675291 0.685094 0.675291 0.702094 0.673963 0.716109 0.676620 0.730125 0.686410 0.731609 0.687739 0.734594 0.693963 0.737875 0.712657 0.738766 0.722448 0.739062 0.732681 0.739062 0.737133 0.737578 0.749138 0.728031 0.768718 0.712531 0.778485 0.707766 0.779837 0.688375 0.778485 0.674656 0.768252 0.669000 0.759371 0.662734 0.746014 0.658266 0.724219
54 0.237203 0.692121 0.225969 0.662401 0.236687 0.621235 0.272453 0.612098 0.288797 0.627343 0.300047 0.657832 0.300047 0.675361 0.288797 0.699744 0.283688 0.703543 0.269391 0.693636 0.255078 0.689068 0.238734 0.692121
55 0.390938 0.387529 0.384781 0.370396 0.386391 0.356830 0.391469 0.348065 0.405625 0.342494 0.420062 0.339697 0.433688 0.348858 0.440375 0.364009 0.441703 0.377179 0.439844 0.389138 0.431016 0.386737 0.424078 0.380769 0.413375 0.378368 0.401359 0.382751 0.393078 0.388322
54 0.387656 0.662168 0.385047 0.644056 0.385922 0.623357 0.392422 0.605268 0.398922 0.596200 0.408031 0.592960 0.424062 0.594266 0.434469 0.599441 0.445750 0.620140 0.447047 0.626597 0.448344 0.637599 0.448344 0.645361 0.447047 0.670583 0.437516 0.682867 0.427969 0.685455 0.414969 0.684173 0.390687 0.667343
55 0.391344 0.421142 0.388594 0.406760 0.388250 0.394965 0.393063 0.388298 0.399594 0.384196 0.406125 0.380093 0.412656 0.377529 0.422297 0.378042 0.431922 0.388298 0.437766 0.394965 0.441547 0.398042 0.443266 0.401632 0.444297 0.408811 0.446359 0.420117 0.447734 0.422168 0.447734 0.424219 0.443953 0.427296 0.440172 0.429347 0.427109 0.427809 0.417469 0.422168 0.403719 0.426270 0.403375 0.430886 0.395813 0.427296 0.391687 0.424219
55 0.323219 0.320676 0.329109 0.315478 0.331937 0.309324 0.331719 0.302168 0.329969 0.291469 0.321703 0.283030 0.308641 0.277180 0.301031 0.276200 0.294937 0.279441 0.288625 0.287576 0.287094 0.296993 0.289922 0.308019 0.296016 0.310629 0.304734 0.308345 0.311031 0.310932 0.318219 0.315804 0.323875 0.321329
55 0.395766 0.485245 0.397719 0.470093 0.394984 0.454942 0.399281 0.440373 0.402406 0.431632 0.414516 0.423473 0.436375 0.428718 0.449656 0.449114 0.451609 0.480000 0.445359 0.491655 0.437937 0.494569 0.434422 0.506224 0.432078 0.507389 0.419984 0.508555 0.407875 0.501562 0.398500 0.491072
55 0.332797 0.457296 0.332797 0.418578 0.341734 0.402564 0.365906 0.399883 0.388281 0.426597 0.390969 0.459977 0.362328 0.485338 0.343531 0.477319
