73 0.098766 0.124563 0.105422 0.118646 0.124937 0.166542 0.114734 0.178375 0.094781 0.134604 0.087234 0.121000 0.104984 0.116875 0.104984 0.116875
16 0.318188 0.509083 0.334844 0.494958 0.345453 0.482833 0.348484 0.462625 0.351516 0.458583 0.359094 0.440396 0.381813 0.444438 0.389391 0.458583 0.389391 0.476771 0.392422 0.509083 0.393937 0.523229 0.393937 0.539396 0.384844 0.585854 0.384844 0.628292 0.384844 0.636354 0.365156 0.636354 0.369703 0.577771 0.354547 0.593938 0.354547 0.628292 0.354547 0.644437 0.346969 0.642417 0.342422 0.593938 0.318188 0.593938 0.321219 0.640396 0.316672 0.650500 0.307578 0.634333 0.321219 0.527271 0.284844 0.527271 0.277266 0.474750 0.322734 0.496979
73 0.107734 0.095500 0.149687 0.096875 0.171172 0.189646 0.134344 0.192354
73 0.085172 0.223792 0.096375 0.229604 0.086422 0.307625 0.071469 0.300979
73 0.000188 0.087500 0.004000 0.085167 0.010453 0.087104 0.012219 0.088667 0.021297 0.179750 0.018656 0.180937 0.011328 0.179375 0.001359 0.087104
73 0.096656 0.304062 0.105125 0.290896 0.115000 0.211896 0.107234 0.210021 0.103000 0.211896 0.100188 0.249521
73 0.076766 0.225812 0.065953 0.302500 0.073391 0.303396 0.083531 0.219500 0.078797 0.219500
67 0.435969 0.598292 0.443828 0.593208 0.436641 0.590813 0.432828 0.592000 0.407031 0.570771 0.404109 0.574062 0.422062 0.594708 0.430141 0.600979
73 0.117609 0.207562 0.104375 0.301125 0.111281 0.303042 0.126234 0.214833 0.120187 0.209083
73 0.134422 0.298604 0.143422 0.217854 0.122125 0.207875 0.123625 0.207062 0.150016 0.213875 0.138922 0.300208 0.134125 0.301812
73 0.043125 0.303042 0.000000 0.300542 0.002641 0.266646 0.021469 0.260354 0.017703 0.254083 0.009234 0.244042 0.005469 0.228979 0.013000 0.228979 0.028062 0.228979 0.031828 0.294250 0.031828 0.300542
73 0.071203 0.183750 0.085656 0.182000 0.077781 0.080458 0.076453 0.083958 0.059391 0.087458 0.068578 0.176750 0.073828 0.180250
73 0.058078 0.185188 0.050406 0.117479 0.047531 0.094250 0.052328 0.091271 0.057750 0.092125 0.068922 0.184083 0.060625 0.184083
39 0.055422 0.241021 0.062328 0.238125 0.061969 0.245396 0.064141 0.251687 0.068500 0.256521 0.065594 0.289479 0.067422 0.301583 0.050703 0.302563 0.052156 0.289479 0.051063 0.274458 0.051422 0.263792 0.049969 0.253146 0.053969 0.250229
73 0.148312 0.214604 0.157125 0.214250 0.158937 0.215979 0.154531 0.300021 0.148312 0.301417 0.146750 0.300021 0.151156 0.238125 0.148828 0.236729 0.149609 0.219438 0.148312 0.215646
73 0.152125 0.238896 0.147188 0.237854 0.140422 0.301292 0.146406 0.300583
59 0.408797 0.773667 0.469078 0.767229 0.529359 0.751167 0.563125 0.730271 0.572766 0.686854 0.595672 0.686854 0.607734 0.667562 0.606531 0.600042 0.596875 0.526104 0.613766 0.534146 0.605312 0.519667 0.682484 0.466625 0.704188 0.439292 0.770500 0.514854 0.804250 0.587188 0.809078 0.606479 0.783766 0.617729 0.772906 0.719021 0.763266 0.804208 0.746391 0.797792 0.722266 0.868521 0.712625 0.937646 0.699359 0.989083 0.688516 0.989083 0.692125 0.895854 0.705391 0.791354 0.678859 0.841187 0.645109 0.884583 0.586031 0.871729 0.483547 0.837979 0.418437 0.801000 0.399156 0.775271 0.305109 0.637021 0.279781 0.664354 0.261703 0.715792 0.261703 0.728667 0.252062 0.731875 0.182125 0.698104 0.098937 0.659542 0.049500 0.641854 0.050703 0.609688 0.066375 0.595229 0.085672 0.580771 0.050703 0.548604 0.006094 0.516458 0.042266 0.473063 0.129078 0.447333 0.145953 0.440896 0.138719 0.493958 0.158016 0.503604 0.171281 0.500375 0.194187 0.519667 0.220703 0.506813 0.284609 0.506813 0.284609 0.532542 0.317156 0.529312 0.313547 0.575938 0.317156 0.601667 0.382266 0.622562 0.411203 0.609688 0.408797 0.598437 0.403969 0.574333 0.432906 0.555042 0.416031 0.526104 0.418437 0.481083 0.389500 0.479479 0.384687 0.479479 0.391922 0.537354
0 0.290922 0.642604 0.346406 0.626896 0.354828 0.651563 0.359859 0.626896 0.369953 0.622417 0.386766 0.635875 0.381719 0.615687 0.406953 0.606729 0.400219 0.582063 0.412000 0.564125 0.445625 0.541708 0.447313 0.539458 0.440578 0.499104 0.460766 0.427354 0.437219 0.380271 0.427125 0.378021 0.430500 0.301792 0.443953 0.281604 0.472531 0.268167 0.494391 0.265917 0.522984 0.279375 0.531391 0.389229 0.586891 0.452021 0.608750 0.629146 0.608750 0.685208 0.595297 0.689687 0.571750 0.691938 0.568391 0.736771 0.400219 0.770396 0.427125 0.895958 0.435531 0.940812 0.425453 0.969958 0.417047 0.981167 0.326234 0.987896 0.366594 0.943042 0.339687 0.855604 0.327922 0.777125 0.312781 0.801792 0.290922 0.884750 0.275781 0.945292 0.264016 0.967708 0.240469 0.976687 0.156391 0.963229 0.142938 0.947542 0.156391 0.936312 0.221969 0.900458 0.280828 0.644833
