0 0.994125 0.650750 0.990063 0.653917 0.992094 0.659375 0.988375 0.655292 0.986656 0.647125 0.980906 0.638083 0.978500 0.629458 0.980563 0.620875 0.984625 0.620417 0.988031 0.606375 0.991094 0.604583 0.994812 0.609542 0.994812 0.622250 0.996500 0.627208 0.999906 0.630833 1.000000 0.634917 0.995844 0.634917 0.995844 0.634917
25 0.152406 0.633000 0.160812 0.627875 0.168281 0.624583 0.174406 0.620500 0.176125 0.617417 0.175750 0.611542 0.162156 0.608500 0.151625 0.608250 0.144562 0.612833 0.137094 0.621500 0.135375 0.634000 0.141500 0.635292 0.152406 0.634500
0 0.157937 0.798500 0.170062 0.792708 0.168125 0.769417 0.172000 0.735792 0.171531 0.723500 0.179281 0.711833 0.176844 0.679500 0.175406 0.664000 0.176375 0.649750 0.182187 0.644583 0.176844 0.632292 0.175875 0.618708 0.180250 0.606417 0.191406 0.605125 0.198188 0.610958 0.199156 0.627750 0.198688 0.640708 0.214219 0.658167 0.214219 0.675625 0.209844 0.684042 0.209344 0.703458 0.216156 0.736417 0.218094 0.781708 0.220031 0.800458 0.218094 0.808208 0.205469 0.810167 0.203063 0.797875 0.205969 0.782333 0.206437 0.767458 0.200156 0.753250 0.192375 0.748083 0.186062 0.755833 0.181719 0.775250 0.182187 0.792042 0.182687 0.797208 0.186062 0.804333 0.169594 0.808875 0.155500 0.801125
0 0.394906 0.867583 0.397531 0.827792 0.411594 0.779750 0.406313 0.771583 0.401031 0.764542 0.401031 0.750500 0.404563 0.734125 0.408938 0.709500 0.414219 0.684917 0.430906 0.676750 0.424750 0.656833 0.419500 0.639250 0.423875 0.622875 0.436156 0.607667 0.455500 0.619375 0.455500 0.641625 0.463406 0.658000 0.471281 0.663833 0.478312 0.670875 0.478312 0.679083 0.478312 0.704833 0.475688 0.729417 0.471281 0.754000 0.473938 0.800833 0.476562 0.826583 0.480969 0.859375 0.480969 0.866417 0.479187 0.876958 0.477437 0.878125 0.453719 0.886333 0.448469 0.902708 0.452844 0.930792 0.455500 0.996375 0.451094 1.000000 0.442312 1.000000 0.437063 1.000000 0.433531 1.000000 0.426500 0.972958 0.426500 0.949542 0.425625 0.922625 0.420375 0.905042 0.409813 0.896875 0.397531 0.881625
0 0.802031 0.817000 0.774375 0.808625 0.776812 0.775625 0.772937 0.752333 0.781656 0.710958 0.781187 0.659833 0.784562 0.636583 0.787000 0.628792 0.788437 0.612000 0.793781 0.599042 0.807844 0.598417 0.815125 0.609417 0.811250 0.626208 0.808344 0.650792 0.806406 0.696083 0.810281 0.733583 0.799594 0.737458 0.794750 0.767208 0.791375 0.784042 0.792344 0.795042 0.802531 0.817000
0 0.550969 0.549042 0.549094 0.535917 0.549094 0.523417 0.549563 0.510917 0.548625 0.504375 0.547469 0.498458 0.547469 0.491583 0.547469 0.486250 0.551656 0.474417 0.555875 0.474083 0.558000 0.475042 0.561281 0.487500 0.565969 0.498458 0.565031 0.509667 0.566188 0.521875 0.565719 0.536542 0.565031 0.547458 0.558469 0.551833 0.553781 0.552167
26 0.813187 0.782208 0.792375 0.775750 0.789469 0.733167 0.802031 0.739625 0.805906 0.745417 0.811719 0.718333 0.819938 0.691875 0.833500 0.664750 0.837844 0.672500 0.819938 0.715083 0.814125 0.735750 0.813656 0.766708 0.815094 0.782875
0 0.134625 0.648833 0.137969 0.677958 0.139656 0.718208 0.145250 0.716708 0.145812 0.705542 0.155875 0.721958 0.163719 0.716000 0.153094 0.687625 0.149719 0.662292 0.151406 0.647375 0.150281 0.633167 0.141906 0.633917 0.135187 0.645875
0 0.353031 0.734292 0.361094 0.738458 0.366687 0.738458 0.371031 0.738458 0.375375 0.721875 0.376625 0.658125 0.380344 0.651500 0.382844 0.636583 0.381594 0.627458 0.380969 0.616708 0.371656 0.608417 0.368563 0.606750 0.358625 0.612542 0.353031 0.632417 0.349281 0.656458 0.356750 0.682125 0.354250 0.706167 0.351781 0.725208
0 0.023250 0.688833 0.021406 0.663250 0.019187 0.657333 0.024344 0.639125 0.021031 0.637667 0.019563 0.637667 0.019938 0.632250 0.022875 0.629792 0.025813 0.627333 0.028781 0.624375 0.032094 0.615042 0.035062 0.613542 0.038375 0.615500 0.040219 0.619458 0.039125 0.624375 0.039844 0.627333 0.040594 0.632250 0.038000 0.638167 0.037281 0.644542 0.034312 0.660292 0.032094 0.677042 0.032469 0.689333 0.032469 0.695250 0.029875 0.696708 0.026187 0.697708
0 0.078000 0.634833 0.080875 0.666000 0.076750 0.686208 0.073062 0.697125 0.065281 0.696042 0.063250 0.680750 0.063250 0.669250 0.063656 0.657792 0.063656 0.644125 0.064469 0.634292 0.064875 0.626625 0.069812 0.623375 0.077594 0.633750
0 0.571906 0.551833 0.578313 0.549292 0.577031 0.526292 0.578937 0.514792 0.580219 0.495625 0.578313 0.486708 0.575094 0.485417 0.575094 0.479042 0.569031 0.479042 0.566813 0.485000 0.568094 0.494375 0.566500 0.508833 0.567750 0.523292 0.569344 0.531833 0.569031 0.546292
25 0.397312 0.594583 0.433094 0.593167 0.489375 0.628958 0.505688 0.672417 0.523031 0.717333 0.521969 0.742583 0.507250 0.764292 0.469906 0.735542 0.478312 0.698375 0.474656 0.677333 0.459906 0.667542 0.448875 0.617750 0.440469 0.610000 0.419406 0.621958 0.415719 0.637375 0.423625 0.680167 0.407844 0.654917 0.399969 0.622625 0.395750 0.595292
0 0.998844 0.791917 0.983062 0.780000 0.985156 0.800333 0.984094 0.807375 0.973063 0.805958 0.965687 0.796125 0.965156 0.785625 0.961469 0.773000 0.960969 0.756167 0.958313 0.744250 0.957812 0.730208 0.949375 0.733708 0.945187 0.729500 0.947281 0.716208 0.950438 0.681833 0.953063 0.652375 0.961469 0.637625 0.958844 0.629917 0.956219 0.612375 0.963062 0.601167 0.972531 0.599792 0.979375 0.614500 0.978844 0.630625 0.977781 0.635542 0.986719 0.639042 0.995156 0.646042 0.998844 0.656583 0.992000 0.671292 0.997781 0.684625 1.000000 0.712000 1.000000 0.727417 1.000000 0.749833 0.999875 0.774417
