57 0.527766 0.659042 0.525656 0.640333 0.519344 0.624417 0.522859 0.611313 0.522859 0.611313 0.522859 0.611313 0.525656 0.494292 0.544625 0.475583 0.614828 0.467146 0.622547 0.464354 0.659047 0.463417 0.674500 0.471833 0.678016 0.474646 0.736281 0.488688 0.809297 0.514896 0.814906 0.521437 0.937406 0.562417 0.999594 0.585625 0.998766 0.593375 0.977203 0.592271 0.969734 0.594479 0.958125 0.595583 0.935750 0.604417 0.934094 0.592271 0.910047 0.576792 0.893453 0.574583 0.870250 0.565729 0.849516 0.549146 0.836250 0.587833 0.822984 0.580104 0.829625 0.545833 0.784016 0.525937 0.777375 0.515979 0.769922 0.529250 0.760797 0.542521 0.760797 0.543625 0.757484 0.536979 0.753344 0.530354 0.735094 0.527042 0.730125 0.527042 0.721828 0.523729 0.712703 0.517083 0.701109 0.512667 0.699437 0.512667 0.682859 0.509354 0.680375 0.512667 0.667938 0.507146 0.688672 0.501604 0.690328 0.487229 0.662141 0.481708 0.648875 0.478396 0.643062 0.478396 0.631453 0.469542 0.619016 0.473979 0.609906 0.497187 0.599953 0.536979 0.596641 0.558000 0.592484 0.569042 0.617359 0.574583 0.611562 0.584521 0.611562 0.592271 0.650531 0.600000 0.656328 0.601104 0.662969 0.607729 0.661312 0.611062 0.685344 0.615479 0.685344 0.626542 0.694469 0.635375 0.704422 0.643104 0.709391 0.650854 0.732609 0.646438 0.733437 0.643104 0.755828 0.666333 0.745875 0.680708 0.830453 0.730458 0.843719 0.721604 0.852000 0.709437 0.854484 0.654167 0.890141 0.632063 0.927453 0.644229 0.944031 0.658583 0.955641 0.685125 0.945687 0.748146 0.946531 0.760292 0.917500 0.759188 0.885172 0.772458 0.878531 0.776875 0.844547 0.776875 0.822984 0.781292 0.791484 0.791250 0.771578 0.791250 0.746703 0.795667 0.738406 0.816688 0.733437 0.816688 0.713547 0.790146 0.709391 0.766937 0.694469 0.754771 0.669594 0.734875 0.655500 0.720500 0.635609 0.703917 0.621500 0.688438 0.604922 0.675167 0.592484 0.669646 0.577563 0.663021
56 0.387047 0.512083 0.369375 0.524938 0.351719 0.531354 0.346891 0.546354 0.348500 0.587021 0.348500 0.602021 0.370984 0.608437 0.404703 0.608437 0.443250 0.593458 0.449672 0.574187 0.449672 0.565625 0.436828 0.539917 0.422375 0.520646 0.398281 0.514229 0.388656 0.494958 0.395078 0.458542 0.375797 0.456417 0.342078 0.452125 0.350109 0.439271 0.372594 0.430708 0.385437 0.428563 0.391859 0.437146 0.393469 0.445708
60 0.289563 0.463042 0.337719 0.447958 0.412516 0.464500 0.412875 0.469854 0.404484 0.475208 0.407047 0.588062 0.408859 0.632833 0.404484 0.633312 0.399375 0.633792 0.399016 0.629896 0.394266 0.495146 0.393172 0.490292 0.386969 0.492229 0.381500 0.483958 0.370187 0.481521 0.364359 0.482979 0.367266 0.492708 0.367641 0.494667 0.342094 0.502437 0.315094 0.504396 0.305250 0.503417 0.302687 0.507792 0.305250 0.520437 0.302687 0.523854 0.302687 0.587104 0.303781 0.638667 0.296484 0.638167 0.292844 0.505854 0.292844 0.494188
56 0.353453 0.579708 0.364703 0.563333 0.356859 0.551521 0.349359 0.546062 0.338109 0.542417 0.330938 0.539687 0.324125 0.540604 0.313891 0.546521 0.302641 0.585250 0.300938 0.550229 0.307063 0.548854 0.301609 0.503771 0.308437 0.501042 0.309797 0.502479 0.330266 0.506125 0.369141 0.495667 0.366750 0.483833 0.372891 0.481562 0.385844 0.489292 0.379719 0.514313 0.375625 0.520208 0.341859 0.532500 0.326844 0.531583 0.310813 0.525667 0.325141 0.638000 0.327875 0.655729 0.333672 0.692104 0.326844 0.692104 0.313891 0.609354 0.313203 0.587063 0.319000 0.591979 0.323781 0.592438 0.322078 0.591979 0.321391 0.592896 0.323438 0.591083 0.324813 0.603354 0.324125 0.604708 0.370500 0.583792 0.368453 0.532417 0.370156 0.522417 0.373906 0.521500 0.384141 0.638375 0.384141 0.665188 0.381422 0.662458 0.376297 0.601542 0.374594 0.586521 0.323094 0.614271 0.321391 0.603354
73 0.898875 0.494750 0.845969 0.501667 0.838953 0.504438 0.837922 0.506521 0.843375 0.511708 0.842844 0.514458 0.838437 0.517583 0.839734 0.523812 0.885641 0.535917 0.898875 0.525187 0.926109 0.523812 0.932078 0.518271 0.923781 0.517917 0.918063 0.509979 0.908984 0.511354 0.908984 0.503396 0.905094 0.501667 0.901469 0.496479
45 0.036359 0.368958 0.018453 0.370896 0.008281 0.357979 0.019906 0.352812 0.027641 0.352188 0.037813 0.351542 0.044578 0.350250 0.041687 0.359271 0.038781 0.367021
45 0.269922 0.336062 0.264250 0.348437 0.261625 0.350271 0.252219 0.350083 0.251672 0.346958 0.251797 0.340125 0.252219 0.337354 0.259141 0.336250 0.260375 0.331833 0.262594 0.331833 0.268828 0.332021
45 0.226234 0.338958 0.234922 0.349708 0.240078 0.349708 0.246703 0.350250 0.248969 0.348042 0.252281 0.343646 0.253516 0.332333 0.234703 0.334271 0.228297 0.337854
57 0.518188 1.000000 0.551297 0.901292 0.742203 0.854542 0.744156 0.800000 1.000000 0.732458 1.000000 0.968833 0.958438 1.000000
62 0.008422 0.042854 0.210672 0.076563 0.217422 0.310271 0.011797 0.326000
