60 0.475240 0.000084 0.622260 0.000084 0.684860 0.000000 0.700140 0.000000 0.737980 0.031681 0.724160 0.050056 0.717600 0.067367 0.687040 0.121401 0.756180 0.215182 0.828960 0.194790 0.879920 0.172381 0.930140 0.241681 1.000000 0.353810 1.000000 0.624986 1.000000 0.828852 1.000000 0.920588 1.000000 1.000000 0.738720 1.000000 0.480340 1.000000 0.398080 1.000000 0.219760 1.000000 0.000000 1.000000 0.000000 0.969524 0.000000 0.717731 0.000000 0.528123 0.000000 0.317115 0.051640 0.328319 0.112780 0.333417 0.139700 0.349748 0.168100 0.389496 0.173920 0.436387 0.211760 0.473081 0.353620 0.388852 0.365760 0.351765 0.384520 0.306975 0.383400 0.245154 0.380100 0.215798 0.313900 0.191092 0.217920 0.194174 0.177120 0.214258 0.124160 0.209636 0.000600 0.166359 0.000000 0.137003 0.000000 0.103025 0.025980 0.079832 0.074520 0.053585 0.137400 0.019580 0.196960 0.000000
48 0.823100 0.489888 0.847180 0.514594 0.784600 0.586527 0.749300 0.638207 0.742880 0.667423 0.720420 0.604482 0.813480 0.487647
41 0.824340 0.477423 0.822940 0.452269 0.837240 0.414174 0.848760 0.339328 0.855660 0.316106 0.867640 0.310280 0.895280 0.308992 0.909580 0.314146 0.920640 0.322549 0.922480 0.351597 0.933540 0.418067 0.945520 0.434846 0.951960 0.456779 0.954720 0.481289 0.946900 0.502605 0.934460 0.509692 0.922020 0.521317 0.887920 0.490980 0.869480 0.476779 0.859340 0.471625 0.846440 0.467759 0.839540 0.470980
48 0.901300 0.569384 0.786040 0.703922 0.750820 0.663557 0.757220 0.625462 0.795640 0.578375 0.853280 0.522297 0.867680 0.511092 0.886900 0.511092 0.902900 0.551457 0.906100 0.567143
41 0.375980 0.002941 0.360620 0.018599 0.355020 0.040112 0.354320 0.056723 0.357820 0.069440 0.363400 0.085098 0.372480 0.097815 0.429060 0.209328 0.443720 0.185854 0.463280 0.163361 0.484920 0.145742 0.492600 0.138908 0.494000 0.108571 0.482840 0.030336 0.482840 0.013697 0.478640 0.002941 0.477940 0.000000
0 0.001600 0.322857 0.201720 0.381176 0.211320 0.390140 0.254540 0.385658 0.344200 0.390140 0.353800 0.376695 0.361800 0.354258 0.371400 0.334090 0.377820 0.302689 0.377820 0.282521 0.381020 0.251120 0.381020 0.219720 0.365000 0.199552 0.256140 0.174874 0.196920 0.197311 0.160080 0.215238 0.003200 0.165910
48 0.848780 0.755070 0.956280 0.606751 0.978740 0.647199 0.991580 0.683137 0.948260 0.739328 0.887280 0.791008 0.860000 0.802241
54 0.589640 0.699468 0.574880 0.658179 0.569820 0.621401 0.561520 0.609776 0.537100 0.598796 0.526500 0.582689 0.508540 0.569776 0.485960 0.587199 0.460620 0.580728 0.436660 0.607199 0.434360 0.633025 0.418680 0.654314 0.413160 0.677535 0.428360 0.704650 0.425140 0.719496 0.421920 0.727227 0.438960 0.760140 0.467060 0.771765 0.476740 0.798852 0.491480 0.806611 0.528360 0.788543 0.556460 0.786611 0.564300 0.772409 0.566140 0.749804 0.575800 0.723361
54 0.566540 0.788655 0.574380 0.819636 0.590040 0.846723 0.617240 0.868039 0.654560 0.866078 0.681280 0.849944 0.696020 0.822213 0.704780 0.766695 0.693260 0.717675 0.659160 0.686050 0.625980 0.678291 0.592360 0.691204 0.570700 0.725406 0.561020 0.760252
48 0.836700 0.768123 0.784660 0.716779 0.791740 0.702689 0.788200 0.691933 0.905300 0.567675 0.911800 0.560224 0.917720 0.561877 0.923620 0.573473 0.933680 0.569356 0.945500 0.582605 0.944920 0.595854 0.957340 0.596667 0.953200 0.608263
48 0.528540 0.220812 0.530820 0.251709 0.557440 0.310308 0.592440 0.299636 0.606880 0.279412 0.600800 0.206947 0.595480 0.188852 0.529300 0.216555
45 0.264300 0.088824 0.319340 0.057703 0.351100 0.065098 0.370160 0.109580 0.382860 0.140728 0.375440 0.188151 0.359560 0.208908 0.279120 0.186695 0.220900 0.194090 0.196540 0.180756 0.220900 0.139244 0.245240 0.102185 0.263240 0.087339
48 0.605040 0.183669 0.610080 0.283866 0.651360 0.248543 0.663740 0.226050 0.666040 0.208067 0.664660 0.184930 0.657780 0.176583 0.650900 0.176583 0.631180 0.172745 0.611000 0.177227
55 0.251140 0.616555 0.328220 0.739580 0.332720 0.752129 0.274440 0.829972 0.184820 0.671793 0.183920 0.665518 0.218880 0.625322 0.247560 0.612773
45 0.427760 0.255630 0.439020 0.305182 0.450280 0.361485 0.476000 0.402017 0.512980 0.422297 0.566060 0.426807 0.622340 0.399776 0.664140 0.354734 0.685060 0.296162 0.678620 0.219608 0.675400 0.172297 0.652900 0.138515 0.622340 0.120504 0.577320 0.118235 0.525860 0.122745 0.469560 0.154286 0.432580 0.197059
