0 0.622563 0.428521 0.632563 0.404792 0.648141 0.394417 0.650359 0.391458 0.643687 0.369208 0.635906 0.339563 0.637016 0.315833 0.649250 0.302500 0.663703 0.299521 0.677047 0.305458 0.690391 0.320292 0.692609 0.348458 0.698172 0.367729 0.722641 0.369208 0.735984 0.372167 0.751547 0.400333 0.771562 0.431479 0.786016 0.449271 0.789359 0.458167 0.799359 0.467063 0.802687 0.478917 0.808250 0.484854 0.819375 0.483375 0.831609 0.510063 0.831609 0.547125 0.813813 0.547125 0.802687 0.526354 0.797141 0.510063 0.774891 0.490792 0.758219 0.473000 0.748203 0.461125 0.762672 0.542667 0.749328 0.554542 0.758219 0.653875 0.764891 0.676104 0.756000 0.705750 0.758219 0.736896 0.751547 0.757646 0.744875 0.800646 0.744875 0.812500 0.747094 0.824375 0.747094 0.839188 0.734859 0.855500 0.728188 0.842167 0.721516 0.822875 0.718188 0.803604 0.711516 0.779896 0.705953 0.751708 0.705953 0.723542 0.711516 0.708729 0.702625 0.642000 0.691500 0.705750 0.689281 0.742812 0.682609 0.773958 0.679266 0.796188 0.678156 0.809542 0.678156 0.822875 0.668156 0.827333 0.655922 0.824375 0.652578 0.794708 0.643687 0.790271 0.644797 0.745792 0.651469 0.683521 0.657031 0.643479 0.654812 0.596042 0.658141 0.578250 0.647016 0.499688 0.643687 0.498188 0.637016 0.511542 0.632563 0.545646 0.634797 0.551562 0.632563 0.570833 0.624781 0.575292 0.618109 0.564917 0.613672 0.550083 0.617000 0.513021 0.619219 0.464104 0.624781 0.435917
0 0.478891 0.462583 0.481094 0.441333 0.481641 0.428875 0.479438 0.420813 0.475594 0.419354 0.473938 0.407625 0.475594 0.393708 0.479984 0.384167 0.482734 0.375375 0.484391 0.370250 0.487687 0.364396 0.492625 0.368792 0.497578 0.376125 0.507469 0.395896 0.511312 0.404687 0.511312 0.412021 0.505813 0.409813 0.500875 0.402500 0.499766 0.414958 0.498672 0.423000 0.496469 0.425938 0.495375 0.430333 0.495375 0.433271 0.493172 0.438396 0.486031 0.451583 0.483828 0.461104 0.481094 0.466250 0.476141 0.468438
0 0.093641 0.534938 0.093016 0.528292 0.096125 0.517542 0.094266 0.500146 0.091156 0.481083 0.092406 0.467021 0.093641 0.458729 0.093641 0.448792 0.093016 0.439688 0.093016 0.435542 0.093016 0.426437 0.094266 0.415667 0.094266 0.407375 0.093016 0.399917 0.089297 0.394958 0.084937 0.387500 0.083078 0.375896 0.084937 0.370104 0.088047 0.365958 0.090531 0.362646 0.092406 0.360167 0.096750 0.357688 0.099234 0.357688 0.105438 0.355208 0.106062 0.354375 0.104203 0.348583 0.102953 0.344438 0.105438 0.335312 0.105438 0.331188 0.105438 0.327042 0.107313 0.323729 0.108547 0.323729 0.115375 0.325375 0.122844 0.327875 0.129047 0.330354 0.128422 0.333667 0.127188 0.337812 0.127188 0.340292 0.127188 0.343604 0.127188 0.350229 0.127188 0.353542 0.130906 0.361000 0.135266 0.366792 0.137750 0.370937 0.137750 0.379208 0.137750 0.394958 0.137750 0.406542 0.135875 0.411521 0.134016 0.421458 0.134641 0.428917 0.135266 0.442167 0.136500 0.478604 0.137750 0.493521 0.138984 0.514229 0.137125 0.522500 0.137125 0.524979 0.131531 0.528292 0.122844 0.534104 0.120359 0.532438 0.119109 0.520854 0.119734 0.510083 0.117859 0.499312 0.117250 0.491021 0.114766 0.484396 0.114141 0.476125 0.114141 0.466188 0.112281 0.459562 0.108547 0.467833 0.107313 0.478604 0.109797 0.492688 0.110406 0.501792 0.112281 0.510917 0.113516 0.518354 0.110406 0.523333 0.109172 0.525813 0.103578 0.529958 0.097375 0.529125
0 0.387469 0.377292 0.389719 0.370604 0.391094 0.370438 0.392094 0.366104 0.395219 0.362604 0.399984 0.362771 0.401359 0.364937 0.401859 0.367938 0.403109 0.369604 0.407109 0.370604 0.407484 0.375625 0.410625 0.378458 0.407984 0.380458 0.405859 0.381792 0.404234 0.388292 0.404109 0.393979
0 0.514734 0.396000 0.526531 0.377854 0.528344 0.358500 0.542859 0.337938 0.557375 0.346396 0.566437 0.353667 0.564625 0.386333 0.574609 0.409313 0.593656 0.433500 0.607266 0.455271 0.608172 0.507292 0.605453 0.529063 0.587313 0.525438 0.585500 0.539958 0.584594 0.590771 0.585500 0.654875 0.590031 0.682688 0.590031 0.723833 0.590031 0.754063 0.590031 0.781896 0.579141 0.806083 0.570078 0.815750 0.560094 0.796396 0.562813 0.781896 0.561000 0.763750 0.555562 0.746813 0.561000 0.697208 0.543766 0.668187 0.544672 0.688750 0.537406 0.710521 0.525609 0.772208 0.512000 0.808500 0.502937 0.793979 0.499312 0.771000 0.502937 0.745604 0.501125 0.697208 0.503844 0.643979 0.502937 0.598021 0.502937 0.584708 0.501125 0.570188 0.502031 0.560521 0.506563 0.524229 0.494766 0.536333 0.481156 0.527854 0.473906 0.507292 0.472094 0.485521 0.481156 0.467375 0.489328 0.443188 0.497484 0.428667 0.510188 0.420188
0 0.287828 0.551104 0.276062 0.539542 0.266141 0.523833 0.268625 0.515562 0.259953 0.498208 0.257469 0.489125 0.263047 0.481688 0.258703 0.471771 0.265516 0.437896 0.266141 0.426313 0.272953 0.421354 0.276672 0.404833 0.290937 0.378396 0.302703 0.372604 0.321922 0.366000 0.328125 0.361042 0.329359 0.345333 0.334312 0.339542 0.329984 0.324667 0.331219 0.301542 0.334312 0.285833 0.343609 0.280042 0.349813 0.277562 0.364062 0.282521 0.371500 0.298229 0.371500 0.311458 0.374609 0.318062 0.373984 0.328813 0.369031 0.333771 0.368406 0.343688 0.372750 0.346167 0.374609 0.368479 0.380188 0.375083 0.403734 0.394083 0.419234 0.427979 0.418609 0.434583 0.426047 0.454417 0.427281 0.465979 0.427281 0.479208 0.423562 0.499042 0.417984 0.502354 0.414891 0.513917 0.410547 0.522187 0.406219 0.530438 0.402500 0.535396 0.391344 0.540354 0.393203 0.594083 0.390094 0.599042 0.390094 0.613083 0.387000 0.635396 0.387625 0.650271 0.389484 0.662667 0.387625 0.676708 0.391953 0.684979 0.398156 0.694896 0.396297 0.709771 0.393812 0.730437 0.391344 0.761833 0.388234 0.785792 0.387000 0.794062 0.387625 0.813062 0.382656 0.832063 0.377078 0.840333 0.363453 0.841167 0.360344 0.822979 0.359734 0.788271 0.358484 0.776708 0.357250 0.750250 0.356016 0.720521 0.357875 0.713896 0.347953 0.699854 0.347953 0.679188 0.347953 0.664312 0.344234 0.650271 0.346094 0.640354 0.342375 0.621354 0.341141 0.632083 0.338656 0.637042 0.338656 0.642833 0.337422 0.650271 0.338031 0.656062 0.335562 0.671750 0.336172 0.687458 0.333703 0.695729 0.327500 0.715563 0.327500 0.733729 0.325641 0.748604 0.325641 0.761833 0.323156 0.770917 0.321922 0.780000 0.318828 0.788271 0.317578 0.799833 0.315109 0.818021 0.308906 0.827937 0.296516 0.823812 0.295266 0.813896 0.293406 0.799021 0.297750 0.792396 0.295266 0.783312 0.298375 0.777521 0.298375 0.771750 0.290937 0.753563 0.293406 0.726292 0.292172 0.713896 0.287219 0.691583 0.292172 0.675062 0.297125 0.666792 0.297750 0.651104 0.291547 0.637875 0.291547 0.609771 0.292172 0.595729 0.291547 0.584979 0.291547 0.563500 0.292172 0.558542 0.287828 0.552750
30 0.517891 0.834229 0.506656 0.895667 0.503953 0.920958 0.498922 0.924583 0.484203 0.926646 0.467547 0.922521 0.470656 0.901875 0.474906 0.885354 0.479172 0.868313 0.482266 0.856958 0.498922 0.828042 0.509750 0.827521 0.517109 0.821854 0.523313 0.790354 0.528734 0.770229 0.533766 0.737687 0.538797 0.727375 0.542672 0.734083 0.545375 0.741833 0.534156 0.776937 0.564344 0.813583 0.573641 0.812042 0.578672 0.814104 0.584875 0.873479 0.586422 0.922521 0.577516 0.926646 0.554672 0.917354 0.554672 0.901875 0.558547 0.874500 0.558547 0.869333 0.561250 0.818229
0 0.152203 0.432896 0.155109 0.439354 0.152688 0.446437 0.164313 0.439354 0.153172 0.421917 0.160437 0.408375 0.160437 0.374813 0.157047 0.367063 0.157047 0.356750 0.151234 0.352875 0.145438 0.356104 0.148328 0.370292 0.147859 0.379979 0.143016 0.381917 0.142047 0.393521 0.146891 0.403854 0.141562 0.421917 0.142531 0.438063 0.137688 0.440000 0.137688 0.445146 0.151719 0.445146 0.151719 0.432250
0 0.010281 0.321917 0.044516 0.344750 0.061641 0.385854 0.051375 0.472604 0.047938 0.504562 0.061641 0.577625 0.047938 0.595896 0.017125 0.582188 0.006844 0.595896 0.000000 0.554792 0.000000 0.486292 0.010281 0.312792
30 0.370641 0.856458 0.380234 0.845937 0.384172 0.844437 0.388125 0.962083 0.391500 0.995146 0.364453 0.998521 0.354859 0.997021 0.361906 0.886167 0.362188 0.883521 0.363891 0.845563 0.317937 0.832792 0.305531 0.963208 0.302719 0.977104 0.292578 0.982375 0.271719 0.978979 0.272000 0.975979 0.276500 0.954562 0.290875 0.879396 0.297078 0.839938 0.301031 0.848208 0.307234 0.846313 0.311172 0.838437
