0 0.538406 0.382229 0.550563 0.368563 0.549281 0.362604 0.544813 0.360042 0.538719 0.361750 0.526563 0.376250 0.521766 0.379667 0.516328 0.388208 0.511516 0.394604 0.509922 0.395458 0.503516 0.393750 0.505766 0.389479 0.505766 0.384354 0.505437 0.379667 0.507688 0.375833 0.505125 0.371563 0.504797 0.365146 0.511844 0.359604 0.508000 0.357896 0.508969 0.351083 0.506719 0.346813 0.504484 0.346375 0.495516 0.355771 0.485594 0.357896 0.479516 0.359188 0.476312 0.362167 0.472156 0.377958 0.476000 0.385208 0.474719 0.389479 0.469594 0.390333 0.461594 0.391604 0.463516 0.396313 0.464469 0.399292 0.461922 0.406125 0.462875 0.412958 0.465438 0.419354 0.471516 0.425750 0.472469 0.429167 0.471203 0.436000 0.472469 0.440250 0.474078 0.444521 0.473109 0.448375 0.468953 0.455187 0.468000 0.463292 0.468000 0.475667 0.468000 0.485917 0.467359 0.489333 0.467672 0.491458 0.468953 0.494458 0.474391 0.512792 0.476953 0.532000 0.475672 0.555042 0.474391 0.567000 0.474719 0.579375 0.474391 0.581083 0.473109 0.586187 0.474719 0.596021 0.482719 0.602833 0.489766 0.605833 0.505437 0.605396 0.516969 0.604542 0.514078 0.598562 0.510875 0.597729 0.501594 0.593021 0.496797 0.585771 0.495516 0.581937 0.502234 0.543958 0.503516 0.505125 0.505437 0.493167 0.510875 0.492312 0.514406 0.479083 0.514406 0.468000 0.514406 0.463729 0.515047 0.463292 0.513125 0.425333 0.512156 0.423188 0.514406 0.418063 0.526250 0.406125 0.530078 0.398438 0.533922 0.388208
0 0.119578 0.223583 0.126734 0.236229 0.126734 0.251396 0.126109 0.260667 0.126312 0.268813 0.128203 0.291000 0.131156 0.315167 0.125266 0.325000 0.119781 0.325563 0.118734 0.337625 0.133469 0.337062 0.148219 0.330333 0.155813 0.326687 0.156438 0.323021 0.145062 0.289042 0.146328 0.274146 0.149281 0.271333 0.147375 0.257292 0.146750 0.251958 0.144016 0.233417 0.144641 0.220500 0.141906 0.223583 0.137906 0.218812 0.131797 0.216854 0.131578 0.210958 0.127359 0.207583 0.121250 0.208417 0.118938 0.216292
0 0.032281 0.564375 0.038484 0.534562 0.042219 0.522146 0.062719 0.457542 0.051531 0.418604 0.044703 0.399562 0.044703 0.385479 0.045938 0.379687 0.040359 0.372229 0.038484 0.305979 0.040969 0.281125 0.045328 0.264562 0.049047 0.257104 0.053391 0.252125 0.056500 0.239708 0.062719 0.199125 0.067062 0.193333 0.088188 0.190854 0.092531 0.191667 0.098125 0.195812 0.098750 0.199958 0.098750 0.204917 0.098750 0.209063 0.100609 0.216521 0.102469 0.219833 0.101234 0.234750 0.096875 0.249646 0.095016 0.250479 0.098125 0.264562 0.105578 0.281125 0.111172 0.297688 0.112000 0.333229 0.110500 0.342792 0.116531 0.358875 0.117656 0.371958 0.118031 0.383521 0.113891 0.402125 0.108609 0.404125 0.101437 0.404125 0.099188 0.399104 0.098797 0.397083 0.102203 0.387542 0.101813 0.380500 0.101437 0.379500 0.098797 0.390042 0.097672 0.399604 0.097297 0.459437 0.093516 0.474021 0.093516 0.477542 0.093516 0.480062 0.092016 0.482563 0.093906 0.487604 0.096156 0.493125 0.096547 0.505208 0.099937 0.538375 0.103328 0.542917 0.106719 0.546938 0.109734 0.548437 0.115766 0.554979 0.116531 0.559500 0.116906 0.562521 0.110875 0.568042 0.104078 0.570063 0.093906 0.574583 0.086734 0.575583 0.084094 0.569062 0.082203 0.562021 0.079953 0.555479 0.075797 0.554479 0.074297 0.553479 0.073531 0.544417 0.071656 0.521792 0.066750 0.533354 0.066375 0.544417 0.066750 0.548937 0.070141 0.553479 0.073906 0.555979 0.077312 0.558000 0.079953 0.561521 0.079953 0.565042 0.078437 0.567542 0.073906 0.569062
0 0.664922 0.261583 0.661531 0.261083 0.658500 0.257562 0.658500 0.249500 0.658500 0.235938 0.658500 0.225375 0.658891 0.215812 0.658891 0.212292 0.660391 0.208771 0.663406 0.216312 0.666797 0.218333 0.667562 0.210792 0.667188 0.206771 0.660766 0.196708 0.660391 0.192188 0.660391 0.183146 0.661141 0.174583 0.659641 0.169563 0.657000 0.166042 0.657375 0.163021 0.656250 0.158000 0.655109 0.154979 0.648703 0.154979 0.645687 0.158500 0.642672 0.167542 0.641906 0.169563 0.638516 0.188667 0.638516 0.200229 0.637766 0.210792 0.637016 0.216312 0.638141 0.217333 0.640406 0.217833 0.643422 0.222354 0.644938 0.239958 0.644938 0.244979 0.637766 0.272146 0.649453 0.268625 0.659266 0.266104 0.665672 0.263083
0 0.529859 0.161625 0.532453 0.163000 0.536609 0.152604 0.539734 0.143250 0.544406 0.137354 0.542328 0.130417 0.542328 0.121063 0.545188 0.118292 0.550906 0.120708 0.552469 0.124875 0.555594 0.129375 0.563391 0.135271 0.569359 0.142562 0.572484 0.153646 0.573000 0.169250 0.573266 0.176167 0.570922 0.178250 0.568844 0.169250 0.566766 0.156417 0.566250 0.159542 0.566766 0.175833 0.568062 0.197313 0.570672 0.206333 0.571187 0.221229 0.572484 0.225729 0.574828 0.234396 0.563391 0.234750 0.562859 0.230937 0.563391 0.222958 0.562094 0.209792 0.558703 0.194542 0.556891 0.208062 0.557406 0.224708 0.557406 0.235437 0.548828 0.236146 0.547266 0.230937 0.554281 0.227125 0.552984 0.203562 0.551687 0.189688 0.547266 0.189688 0.547266 0.185188 0.543375 0.182750 0.540516 0.169250 0.532453 0.172021 0.529078 0.169938 0.527766 0.166479
30 0.472687 0.608792 0.477812 0.607729 0.480969 0.606167 0.489625 0.606167 0.497109 0.607208 0.503422 0.608250 0.512875 0.607729 0.519172 0.608792 0.525484 0.608792 0.540844 0.610875 0.552266 0.608792 0.564875 0.604062 0.568031 0.602479 0.566453 0.601958 0.542812 0.610354 0.516813 0.607729 0.515625 0.601958 0.518781 0.606167 0.539656 0.607729 0.544391 0.608250 0.559359 0.602479 0.564484 0.599854 0.567625 0.606167 0.557781 0.613500 0.528625 0.611417 0.506969 0.611938 0.483719 0.612458 0.471516 0.612458 0.457719 0.611938 0.447484 0.612458 0.438031 0.607729 0.457328 0.608250 0.455750 0.608792 0.434078 0.605625 0.432516 0.604583 0.433297 0.604062 0.453781 0.606687
0 0.437516 0.241167 0.438688 0.228229 0.438984 0.216083 0.438984 0.209042 0.436922 0.201979 0.436344 0.193375 0.436047 0.185542 0.433688 0.185917 0.431641 0.193771 0.427234 0.191417 0.425766 0.178479 0.427812 0.167896 0.431344 0.164771 0.440750 0.161250 0.441328 0.158500 0.442500 0.151458 0.443984 0.147917 0.445734 0.145562 0.449859 0.144792 0.454563 0.148313 0.454844 0.151833 0.454563 0.154188 0.453969 0.156542 0.453078 0.159292 0.456031 0.162021 0.457781 0.165937 0.459250 0.175354 0.458969 0.196104 0.459547 0.200813 0.458375 0.200417 0.456313 0.195729 0.454266 0.192188 0.453969 0.194542 0.453375 0.206292 0.451906 0.216479 0.452797 0.224312 0.453375 0.235292 0.456031 0.243917 0.457203 0.245875 0.454844 0.248229 0.447797 0.247042 0.440156 0.243917 0.435750 0.240771
0 0.436719 0.190917 0.436969 0.200979 0.438734 0.208021 0.439234 0.216417 0.436469 0.235854 0.424891 0.235521 0.431688 0.232833 0.432438 0.227812 0.429922 0.221104 0.425641 0.213396 0.427906 0.208021 0.428156 0.194604 0.430922 0.195958 0.433187 0.189250 0.434953 0.187229 0.431625 0.161292 0.432547 0.154146 0.434531 0.148458 0.438953 0.149667 0.440953 0.157417 0.441094 0.161083
0 0.159641 0.240438 0.168984 0.219687 0.167109 0.208896 0.165250 0.198104 0.161516 0.194771 0.156531 0.188125 0.158391 0.179833 0.164625 0.179000 0.168359 0.180667 0.170219 0.174021 0.177703 0.162396 0.185172 0.169042 0.185172 0.179833 0.189531 0.185646 0.189531 0.196438 0.193891 0.203083 0.195750 0.210542 0.191391 0.213042 0.187031 0.204729 0.185797 0.217187 0.189531 0.226312 0.192016 0.236271 0.192641 0.246250 0.192016 0.247896 0.183297 0.247896 0.182672 0.242083 0.178937 0.232125 0.174578 0.236271 0.169609 0.246250 0.167734 0.251229 0.160891 0.251229 0.162125 0.241271
30 0.209578 0.248688 0.207781 0.249292 0.206203 0.250771 0.197469 0.250479 0.197016 0.253458 0.208672 0.254063 0.211594 0.241229 0.207547 0.245708 0.192547 0.244500 0.192547 0.248688 0.181344 0.250771 0.181344 0.252562 0.168797 0.251979 0.170359 0.250479
30 0.592766 0.235792 0.594562 0.231292 0.591656 0.231000 0.582922 0.232792 0.571266 0.232187 0.570813 0.235792 0.547734 0.235792 0.539219 0.236375 0.542359 0.232187 0.547063 0.231896
