0 0.861391 0.426979 0.874375 0.370042 0.870672 0.340354 0.831688 0.315604 0.818688 0.278458 0.814969 0.226479 0.788984 0.149750 0.725859 0.129958 0.679453 0.147271 0.636750 0.176979 0.614484 0.271042 0.610766 0.305687 0.568062 0.315604 0.523516 0.362625 0.484531 0.424500 0.484531 0.550750 0.490094 0.634896 0.538359 0.709167 0.566219 0.743813 0.642328 0.733917 0.694312 0.686875 0.798266 0.652229 0.855812 0.625000 0.872531 0.597771 0.876234 0.568063 0.807547 0.548271 0.724016 0.570542 0.694312 0.545792 0.668312 0.496292 0.668312 0.444313 0.679453 0.397271 0.699875 0.382417 0.751859 0.387375 0.826109 0.419562
39 0.430406 0.899563 0.415953 0.691854 0.415953 0.666167 0.432016 0.638313 0.433625 0.627625 0.425594 0.606208 0.427188 0.567667 0.404703 0.541958 0.404703 0.531250 0.449672 0.546250 0.451281 0.520542 0.464125 0.514125 0.480188 0.520542 0.483406 0.541958 0.497859 0.556958 0.486609 0.599771 0.493047 0.636187 0.504281 0.651167 0.512313 0.893146 0.489828 0.910271 0.485016 0.884583 0.444859 0.897417 0.432016 0.895292
56 0.593297 0.304187 0.583828 0.304812 0.582406 0.275146 0.573406 0.273250 0.568672 0.255562 0.578625 0.168396 0.605141 0.144396 0.630719 0.129229 0.642094 0.170917 0.650625 0.174708 0.687094 0.155771 0.688047 0.155771 0.634516 0.210708 0.629781 0.260604 0.593297 0.270083 0.594719 0.270083
41 0.562547 0.806542 0.565625 0.953417 0.598578 0.974000 0.623281 0.978125 0.649016 0.968500 0.654156 0.927333 0.658281 0.788708 0.639750 0.780458 0.597547 0.764000 0.571813 0.779083 0.565625 0.798312
40 0.509641 0.721146 0.501406 0.708896 0.503828 0.663062 0.498016 0.641771 0.491734 0.631458 0.493172 0.590792 0.499469 0.574667 0.517375 0.564333 0.546422 0.570146 0.560938 0.586917 0.566750 0.623708 0.572078 0.663708 0.558031 0.707604 0.539641 0.724375 0.532875 0.732125 0.533359 0.772125 0.531906 0.786979 0.549812 0.794083 0.562391 0.804396 0.568687 0.822479 0.559000 0.841187 0.545937 0.852792 0.514469 0.852792 0.505281 0.847000 0.509156 0.792792 0.518344 0.783750 0.517375 0.748896 0.520281 0.732771
48 0.837641 0.913917 0.873031 0.877958 0.894938 0.851000 0.910109 0.803812 0.910109 0.797063 0.871344 0.801562 0.869656 0.783583 0.849438 0.772354 0.808984 0.794813 0.780344 0.824042 0.760109 0.848750 0.765172 0.857750 0.805625 0.880208
56 1.000000 0.144583 0.978063 0.159646 0.960172 0.224937 0.947937 0.248792 0.972422 0.266354 0.953578 0.383104 0.963937 0.378083 0.982766 0.273896 0.996891 0.273896
39 0.708687 0.842708 0.710125 0.825375 0.705078 0.814792 0.696406 0.809979 0.676906 0.808042 0.671125 0.809000 0.664625 0.819604 0.663906 0.832125 0.661734 0.847521 0.653797 0.877375 0.651625 0.947688 0.684844 0.968875 0.695687 0.967896 0.711578 0.939021 0.713016 0.867750 0.708687 0.859083 0.709406 0.850417 0.710844 0.836938
0 0.534109 0.085063 0.540859 0.065104 0.555359 0.061250 0.556797 0.055458 0.553422 0.039354 0.554391 0.029708 0.551484 0.020688 0.557766 0.007812 0.568391 0.000000 0.585781 0.002021 0.592047 0.021979 0.589156 0.036146 0.584328 0.047083 0.594953 0.063188 0.607500 0.070271 0.606547 0.083146 0.593984 0.086354 0.577563 0.096021 0.568875 0.118562 0.570813 0.090229 0.569359 0.085063 0.558734 0.081854 0.552453 0.090875 0.551969 0.093438 0.538453 0.090229
67 0.246875 0.998062 0.258687 0.964958 0.270516 0.960229 0.339109 0.980729 0.330844 1.000000
39 0.310344 0.518313 0.320047 0.606687 0.297406 0.673500 0.318422 0.923500 0.405719 0.899792 0.404094 0.869604 0.389547 0.662708 0.365297 0.623917 0.353984 0.580813 0.352375 0.496771 0.318422 0.498917
0 0.516578 0.138563 0.480188 0.114312 0.452469 0.103917 0.410875 0.109687 0.408281 0.093521 0.436000 0.064646 0.445531 0.058854 0.436859 0.009187 0.442938 0.002250 0.470656 0.003417 0.490578 0.003417 0.507047 0.013813 0.497516 0.024208 0.496641 0.036917 0.496641 0.058854 0.505313 0.063479 0.519172 0.079667 0.533031 0.090062 0.541703 0.091208 0.550359 0.088896 0.558156 0.083125 0.571156 0.087750 0.571156 0.101604 0.571156 0.113167 0.562500 0.130479 0.526109 0.138563 0.533031 0.202104 0.560766 0.217125 0.563359 0.241375 0.564219 0.282979 0.563359 0.319938 0.550359 0.343042 0.530438 0.355750 0.528703 0.331479 0.537375 0.276042 0.527844 0.257562 0.521766 0.257562
60 0.025281 0.923750 0.084266 0.912500 0.182016 0.849583 0.271344 0.804646 0.330344 0.764188 0.433141 0.748458 0.566297 0.748458 0.750000 0.730479 1.000000 0.723750 0.999438 0.966438 0.820781 0.968687 0.751687 0.968687 0.645500 0.968687 0.562922 0.968687 0.438203 0.977688 0.274719 0.988917 0.202250 0.988917 0.131453 0.988917 0.001688 0.979917 0.008422 0.941729
