56 0.037078 0.559542 0.067422 0.582021 0.101125 0.687646 0.114609 0.786521 0.104500 0.847187 0.094375 0.952812 0.084266 0.961792 0.084266 0.862917 0.091016 0.791021 0.074156 0.759542 0.064047 0.901125 0.052250 0.905625 0.048875 0.820229 0.060672 0.743813 0.013484 0.570792 0.025281 0.559542
62 0.490766 0.345917 0.490250 0.461854 0.490250 0.466583 0.522609 0.465917 0.592891 0.453771 0.593391 0.346583 0.591375 0.343229 0.493281 0.345250
56 0.181078 0.500167 0.192125 0.511375 0.186328 0.528208 0.187391 0.565375 0.111125 0.579417 0.103750 0.515583 0.103750 0.510688 0.106391 0.507875 0.107969 0.507167 0.130578 0.506479 0.151625 0.502271 0.181078 0.496646
56 0.349500 0.561771 0.361328 0.506979 0.416734 0.521104 0.420469 0.533542 0.408016 0.580854 0.372531 0.567583
67 0.066094 0.475083 0.061656 0.444479 0.072422 0.442604 0.075937 0.471958
75 0.188281 0.590375 0.189172 0.528625 0.190500 0.511396 0.185609 0.502500 0.194063 0.501312 0.201187 0.504271 0.210547 0.497146 0.216344 0.501312 0.212781 0.508438 0.211891 0.509625 0.217672 0.554750 0.219016 0.586813 0.203875 0.595125 0.192281 0.593938
65 0.551422 0.502333 0.546922 0.507604 0.549797 0.511708 0.570906 0.514833 0.573609 0.513875 0.575766 0.510500 0.575234 0.507604 0.555219 0.503521
56 0.114609 0.995500 0.126406 0.831458 0.128094 0.784271 0.109547 0.719104 0.094375 0.662917 0.089328 0.635958 0.106188 0.613479 0.116297 0.640458 0.155062 0.656187 0.195500 0.768542 0.242703 0.808979 0.273031 0.808979 0.289891 0.800000 0.298312 0.822479 0.300000 0.847187 0.271344 0.874167 0.227531 0.885396 0.195500 0.912354 0.198875 0.986521 0.178656 1.000000 0.170219 1.000000 0.175281 0.955063 0.178656 0.903375 0.170219 0.883146 0.146625 0.862917 0.139891 0.973042 0.131453 1.000000 0.119656 0.986521
60 0.303078 0.992542 0.293766 0.792271 0.243703 0.806250 0.186656 0.751917 0.175016 0.713104 0.154062 0.663438 0.144734 0.652562 0.116797 0.637042 0.102828 0.612208 0.086531 0.621521 0.062078 0.593583 0.062078 0.588917 0.113312 0.574958 0.191313 0.564083 0.192469 0.592021 0.197141 0.596687 0.214594 0.593583 0.219250 0.581167 0.219250 0.570292 0.219250 0.551667 0.306578 0.543896 0.410187 0.585813 0.583672 0.657229 0.473063 0.700687 0.471906 0.725521 0.342672 0.776750 0.341500 0.821771 0.332188 0.829542 0.340344 0.880771 0.340344 0.990979 0.305406 1.000000 0.305406 0.986333
56 0.342141 0.984271 0.326969 0.831458 0.460109 0.764042 0.476969 0.698875 0.610109 0.649438 0.613484 0.680896 0.589891 0.775271 0.574719 0.885396 0.586516 0.921354 0.591578 0.988771 0.583141 0.988771 0.562922 0.984271 0.566297 0.921354 0.466859 0.970792 0.473594 0.982021 0.453375 0.984271 0.450000 0.977521 0.358984 0.905625 0.360672 0.984271 0.345500 0.982021
56 0.665641 0.480729 0.756125 0.476500 0.756125 0.506125 0.795016 0.559042 0.791047 0.565396 0.788656 0.640521 0.781516 0.643687 0.781516 0.619354 0.752953 0.591833 0.753734 0.603479 0.745797 0.600312 0.746594 0.591833 0.683109 0.595021 0.683891 0.640521 0.679141 0.642646 0.675953 0.614062 0.668016 0.596083 0.664844 0.600312
57 0.996594 0.616229 0.995594 0.624229 0.989594 0.623563 0.981594 0.620896 0.980594 0.620896 0.981094 0.615562 0.905656 0.596250 0.903156 0.601583 0.899156 0.601583 0.894156 0.600917 0.893156 0.598250 0.894156 0.596917 0.893156 0.594917 0.891656 0.594917 0.895656 0.530292 0.896156 0.498313 0.895656 0.471667 0.895656 0.465667 0.922141 0.459667 0.929141 0.459667 0.923641 0.469000 0.919141 0.477667 0.919641 0.490979 0.920141 0.492979 0.986594 0.498979 0.978609 0.487646 1.000000 0.488979 1.000000 0.612229 0.999594 0.616896
