59 0.009910 0.296120 0.017718 0.444180 0.672913 0.410400 0.649520 0.574040 0.536396 0.981840 0.891291 0.989620 1.000000 0.196600 0.998408 0.136860 0.768288 0.147260 0.674715 0.204400 0.546006 0.209600 0.475796 0.243360 0.354895 0.279720 0.226186 0.277120 0.058498 0.279720
77 0.485195 0.620840 0.474955 0.614880 0.464745 0.616160 0.453874 0.620840 0.452583 0.628500 0.456426 0.638300 0.457688 0.640420 0.458979 0.667240 0.478799 0.673620 0.526757 0.672780 0.559339 0.666400 0.566366 0.660440 0.563183 0.629780 0.573423 0.622540 0.569580 0.612740 0.545916 0.611460 0.535045 0.619980 0.520360 0.614880 0.512042 0.611900 0.499910 0.611460 0.495405 0.614880
77 0.343904 0.204660 0.342102 0.198220 0.336727 0.192740 0.332793 0.186780 0.329219 0.183440 0.324925 0.176780 0.325646 0.168900 0.330661 0.166520 0.332432 0.166040 0.338168 0.159380 0.348559 0.156520 0.369670 0.155800 0.379339 0.156760 0.381111 0.162480 0.375045 0.161760 0.374685 0.161520 0.372162 0.161280 0.365375 0.164140 0.365375 0.164140 0.365375 0.169140 0.370751 0.171760 0.375766 0.175100 0.376817 0.180360 0.381832 0.186320 0.395075 0.193700 0.385405 0.205380 0.376096 0.206100 0.369309 0.206580 0.362853 0.208000 0.345676 0.205620
77 0.130541 0.169060 0.164144 0.176520 0.183333 0.160540 0.200931 0.158400 0.208919 0.164800 0.200931 0.178640 0.183333 0.193560 0.184925 0.221260 0.192943 0.229780 0.196126 0.248960 0.191321 0.264940 0.212132 0.281980 0.208919 0.289440 0.170541 0.293700 0.135345 0.257480 0.100150 0.246820 0.103363 0.188240
77 0.442012 0.214060 0.458018 0.233120 0.459159 0.251400 0.454595 0.266640 0.435135 0.278080 0.417988 0.275040 0.407688 0.252160 0.417988 0.235400 0.412252 0.228540 0.397387 0.225500 0.381351 0.229300 0.371051 0.245300 0.350450 0.267400 0.343604 0.261320 0.341291 0.242260 0.360751 0.233120 0.375646 0.224720 0.380210 0.211780 0.397387 0.207200 0.401952 0.203380 0.392793 0.195760 0.381351 0.188140 0.365345 0.170620 0.366486 0.159940 0.397387 0.151560 0.437417 0.147000 0.466036 0.147000 0.472913 0.160720 0.480931 0.173660 0.476336 0.177480 0.460330 0.179760 0.450030 0.195760
77 0.464144 0.146840 0.467087 0.132200 0.468559 0.121460 0.472943 0.110720 0.480270 0.103880 0.493453 0.094140 0.503724 0.078520 0.521321 0.067780 0.530090 0.060940 0.538889 0.057040 0.538889 0.059000 0.552072 0.059000 0.559399 0.060940 0.575526 0.074620 0.575526 0.085340 0.578469 0.094140 0.581381 0.103880 0.581381 0.119500 0.588709 0.131220 0.598979 0.139020 0.606306 0.142920 0.582853 0.150740 0.563814 0.157560 0.531562 0.166360 0.522763 0.171240 0.500781 0.172200 0.494925 0.171240 0.489069 0.171240 0.481742 0.181960 0.470030 0.180020
77 0.239309 0.178080 0.219429 0.183060 0.199520 0.183060 0.184595 0.191340 0.188318 0.198800 0.182102 0.211220 0.192072 0.218680 0.197027 0.226960 0.198288 0.237720 0.193303 0.240200 0.187087 0.254280 0.197027 0.263400 0.213213 0.260920 0.223153 0.257600 0.241802 0.257600 0.257958 0.239380 0.264174 0.229440 0.251742 0.224460 0.243033 0.219500 0.230601 0.207080 0.224384 0.206240 0.225646 0.198800 0.231862 0.195480
77 0.288198 0.177080 0.295165 0.170080 0.298679 0.168140 0.302763 0.167560 0.305375 0.167560 0.306246 0.166980 0.307417 0.162720 0.309760 0.160960 0.315285 0.158440 0.321411 0.158840 0.328108 0.160200 0.332462 0.162320 0.332462 0.165620 0.332462 0.167760 0.332462 0.173580 0.332763 0.177660 0.335105 0.184440 0.339459 0.191240 0.341201 0.192200 0.345706 0.205000 0.336787 0.207640 0.327538 0.210060 0.323574 0.210720 0.316967 0.210720 0.316306 0.210720 0.312673 0.207200 0.311351 0.202580 0.308078 0.200380 0.302793 0.199280 0.299820 0.197080 0.297507 0.194880 0.293874 0.193120 0.284625 0.193560 0.280661 0.193120 0.278679 0.187860 0.280991 0.181700 0.282643 0.178620
77 0.267447 0.226240 0.241922 0.224120 0.230751 0.210300 0.221171 0.207100 0.219580 0.197540 0.227568 0.193280 0.233934 0.180520 0.241922 0.174140 0.259459 0.167780 0.277027 0.166700 0.288198 0.170960 0.288198 0.183720 0.281832 0.187960 0.296186 0.199660 0.300961 0.204980 0.299369 0.213480
77 0.259069 0.291500 0.258018 0.281800 0.257508 0.276600 0.253844 0.271760 0.249700 0.269320 0.246036 0.266200 0.244474 0.257200 0.248138 0.252000 0.253333 0.250600 0.259580 0.250960 0.263213 0.251640 0.265826 0.251640 0.274685 0.247140 0.287177 0.243320 0.294985 0.243320 0.301742 0.234320 0.307988 0.230860 0.318919 0.233280 0.322042 0.237780 0.322553 0.242640 0.321501 0.252680 0.315255 0.266900 0.313694 0.269320 0.299640 0.274880 0.279880 0.282140 0.272583 0.291860 0.263213 0.297060
