72 0.789172 0.912376 0.807984 0.408972 0.913922 0.426950 0.883234 0.946064
56 0.316797 0.731525 0.323797 0.719858 0.326594 0.733617 0.341047 0.746312 0.346641 0.751631 0.350844 0.759043 0.361562 0.769610 0.369953 0.781241 0.372281 0.796064 0.374156 0.850035 0.377422 0.900816 0.396062 0.869078 0.408187 0.864858 0.424047 0.865922 0.454812 0.897660 0.468344 0.920922 0.468813 0.968546 0.471141 0.991844 0.454812 0.968546 0.436641 0.961135 0.422188 0.951631 0.403062 0.938936 0.383016 0.914575 0.367156 0.899787 0.353641 0.887057 0.333594 0.865922 0.328922 0.855319 0.319125 0.769610 0.318203 0.734681
60 0.355469 0.698617 0.517859 0.795248 0.533703 0.800142 0.605000 0.699043 0.533703 0.654078 0.519844 0.683298 0.512906 0.654078 0.502016 0.669823 0.500031 0.683298 0.467359 0.672057 0.454484 0.660816 0.409937 0.685532 0.387156 0.667553 0.369328 0.660816 0.358437 0.683298 0.358437 0.690035
2 0.114281 0.436454 0.113281 0.459326 0.109594 0.464681 0.110594 0.475355 0.119656 0.486773 0.125703 0.493617 0.131750 0.505071 0.140813 0.504291 0.145187 0.503546 0.151562 0.511915 0.158281 0.514220 0.168359 0.508865 0.173063 0.495142 0.172719 0.485248 0.178766 0.483723 0.182797 0.489823 0.186484 0.485993 0.185813 0.479929 0.209328 0.477624 0.212344 0.486773 0.215703 0.488298 0.221406 0.489823 0.226109 0.483723 0.228125 0.476099 0.230141 0.477624 0.230484 0.485993 0.233172 0.489043 0.240219 0.490567 0.248609 0.485993 0.251297 0.479929 0.253312 0.470000 0.253312 0.466206 0.256000 0.459326 0.267422 0.459326 0.269766 0.447128 0.269766 0.433440 0.257016 0.374752 0.250969 0.365603 0.168359 0.377801 0.172047 0.386170 0.153922 0.410567
39 0.405203 0.452943 0.405719 0.469752 0.403922 0.473227 0.400609 0.493511 0.401891 0.559539 0.405719 0.571702 0.414641 0.574043 0.418484 0.567660 0.418484 0.554894 0.416172 0.489433 0.414641 0.478440 0.412859 0.469149 0.412094 0.451773
41 0.505516 0.654113 0.505984 0.670816 0.506906 0.681277 0.507359 0.690674 0.507359 0.702163 0.507359 0.702163 0.510578 0.702163 0.517031 0.701099 0.519781 0.690674 0.519781 0.672908 0.519781 0.660390 0.519781 0.656206 0.519781 0.655142 0.517031 0.649929 0.508750 0.650993 0.507359 0.650993 0.505062 0.652021
71 0.719406 0.552872 0.706281 0.577340 0.624781 0.556064 0.637437 0.536950 0.647734 0.541206 0.664594 0.541206 0.690359 0.543333 0.708156 0.547553
43 0.774875 0.588723 0.768859 0.579504 0.767391 0.573582 0.763984 0.571383 0.758781 0.570993 0.767078 0.587234 0.771469 0.594645 0.773734 0.593901
43 0.540234 0.726277 0.545016 0.735851 0.546391 0.748759 0.550828 0.763759 0.548891 0.765851 0.545125 0.757553 0.542859 0.745426 0.537953 0.726560
39 0.418625 0.553369 0.424016 0.553369 0.426500 0.551383 0.424609 0.509362 0.423875 0.496773 0.422125 0.495461 0.422125 0.484539 0.420516 0.482199 0.418328 0.483546 0.417312 0.485532 0.417016 0.488511 0.417172 0.497766 0.416297 0.500745 0.417750 0.513972 0.418047 0.534823 0.418328 0.552695
59 0.480000 0.998582 0.002109 0.996206 0.002109 0.883901 0.043156 0.926915 0.097891 0.907801 0.052625 0.747730 0.066312 0.692801 0.120000 0.678475 0.140000 0.664113 0.189469 0.635461 0.233687 0.618723 0.244203 0.702340 0.263156 0.752518 0.290531 0.766844 0.330531 0.869574 0.423156 0.943652 0.473687 0.991418
68 0.373781 0.561135 0.415906 0.576560 0.419578 0.565284 0.417750 0.558156 0.448094 0.546879 0.453062 0.541525 0.465359 0.548652 0.466672 0.638333 0.413562 0.679894 0.371437 0.662057 0.371437 0.559326
