74 0.849672 0.397887 0.837047 0.400657 0.829344 0.413146 0.823797 0.429812 0.826875 0.448779 0.833656 0.456643 0.838578 0.460329 0.849359 0.458498 0.862297 0.450164 0.866297 0.429812 0.863219 0.411291 0.855828 0.401103
0 0.552828 0.900141 0.550812 0.893592 0.548813 0.886549 0.547813 0.881526 0.547469 0.874484 0.547141 0.867441 0.547469 0.862418 0.548141 0.856385 0.550141 0.852371 0.550812 0.846831 0.553500 0.844319 0.555500 0.849343 0.557844 0.856385 0.559188 0.865939 0.559188 0.876502 0.556500 0.887559 0.556172 0.894108 0.556500 0.900634 0.554500 0.905657
0 0.837469 0.884530 0.839344 0.883122 0.839344 0.876972 0.841203 0.876408 0.840453 0.873310 0.837844 0.867441 0.837469 0.863779 0.838219 0.861268 0.839156 0.858756 0.839156 0.854249 0.837469 0.853991 0.835984 0.859296 0.833375 0.863498 0.833734 0.869390 0.833734 0.874437 0.833734 0.879202 0.834672 0.881995 0.835984 0.884249 0.837469 0.885376
0 0.780594 0.856338 0.780344 0.853169 0.780422 0.850117 0.781859 0.848192 0.783469 0.847559 0.785937 0.853427 0.786953 0.857113 0.788562 0.868333 0.788062 0.873169 0.786875 0.874695 0.786438 0.876737 0.786109 0.887183 0.784406 0.888592 0.783641 0.889601 0.778219 0.891127 0.775594 0.889601 0.775922 0.886174 0.776344 0.881831 0.777703 0.878263 0.778219 0.876103 0.778297 0.875329 0.776188 0.873286 0.777281 0.869977 0.777969 0.869601 0.778719 0.868967 0.779234 0.867700 0.779484 0.865258 0.779484 0.860423
0 0.451500 0.917371 0.444984 0.917371 0.445547 0.907160 0.448672 0.897793 0.446969 0.891831 0.445547 0.888427 0.445547 0.878216 0.447812 0.856925 0.449234 0.850117 0.453203 0.844577 0.457734 0.847559 0.458578 0.855634 0.463406 0.867981 0.458875 0.876080 0.461141 0.887160 0.459719 0.898638 0.460563 0.919084 0.454328 0.917371 0.454047 0.908005 0.454047 0.893967 0.453203 0.890563 0.451781 0.890986 0.451781 0.900352 0.449797 0.908005 0.449797 0.913967 0.451219 0.915681
0 0.539766 0.855258 0.540109 0.865305 0.539437 0.865822 0.538766 0.876385 0.538437 0.884930 0.537094 0.891972 0.536750 0.901526 0.534750 0.905540 0.533078 0.899507 0.533078 0.895986 0.530734 0.891455 0.530734 0.888944 0.530734 0.883920 0.531062 0.877887 0.531406 0.873850 0.531406 0.868826 0.531406 0.866315 0.529391 0.863803 0.528391 0.859272 0.528391 0.856761 0.531062 0.854742 0.532734 0.854249 0.531734 0.849718 0.533406 0.847723 0.534750 0.847723 0.536422 0.848709 0.536422 0.851737 0.537422 0.852746 0.539094 0.854742 0.539437 0.856268
0 0.639484 0.851596 0.639484 0.851596 0.642719 0.859883 0.644094 0.867488 0.640406 0.878568 0.639953 0.897230 0.630516 0.897934 0.630281 0.888944 0.631203 0.879601 0.631891 0.871995 0.628219 0.868192 0.630047 0.860235 0.631891 0.856432 0.632812 0.849507 0.636266 0.847089 0.640406 0.851925
28 0.429719 0.910117 0.432062 0.918826 0.442922 0.917911 0.452672 0.899178 0.450687 0.890845 0.436391 0.891033
0 0.738141 0.889789 0.740609 0.889601 0.741719 0.871455 0.742703 0.872559 0.743078 0.886268 0.742094 0.888498 0.743328 0.889977 0.745422 0.890164 0.745547 0.889061 0.745922 0.871643 0.745797 0.862911 0.744922 0.856808 0.743937 0.853662 0.744063 0.849014 0.741719 0.846995 0.740000 0.849390 0.739875 0.853662 0.737891 0.858850 0.737656 0.861620 0.739625 0.867746 0.738266 0.880516 0.737891 0.888122 0.739016 0.889413
0 0.823703 0.854718 0.824313 0.858991 0.825922 0.860094 0.826047 0.866221 0.826406 0.870845 0.826406 0.874178 0.827156 0.878451 0.827031 0.883639 0.824813 0.883826 0.824187 0.878451 0.823203 0.878451 0.823453 0.883826 0.819750 0.883451 0.820734 0.878263 0.820125 0.871784 0.819875 0.866221 0.820234 0.860845 0.821594 0.858615 0.821359 0.855845 0.822344 0.854906
2 0.970078 0.885376 0.976406 0.884413 0.976562 0.882746 0.985750 0.882042 0.985750 0.885610 0.993031 0.884413 0.991453 0.873005 0.988750 0.871103 0.987016 0.865399 0.972453 0.864202 0.971031 0.865399 0.968812 0.869437 0.968016 0.873239 0.968484 0.881315 0.968484 0.884413
74 0.896656 0.465070 0.889859 0.449061 0.888500 0.415329 0.890703 0.403873 0.895500 0.408427 0.897094 0.415376 0.898438 0.426643 0.899109 0.443099 0.898344 0.460728 0.896797 0.464484
0 0.753547 0.876009 0.755047 0.864061 0.756125 0.856315 0.757625 0.853709 0.762578 0.857277 0.765156 0.871479 0.763641 0.884718 0.761281 0.889249 0.758062 0.889249 0.753969 0.888286
0 0.886953 0.882207 0.886797 0.876080 0.887609 0.874624 0.887938 0.863380 0.885656 0.861174 0.884266 0.858474 0.883125 0.857746 0.882000 0.860681 0.881094 0.862394 0.880766 0.868380 0.879625 0.869859 0.880359 0.872676 0.880531 0.874014 0.882406 0.874507 0.882312 0.878404 0.882234 0.880493 0.882406 0.882089
0 0.703422 0.856127 0.699406 0.859366 0.700938 0.866784 0.699703 0.890892 0.702797 0.890892 0.704953 0.874202 0.703719 0.889977 0.707422 0.891831 0.708047 0.864460 0.708047 0.857981 0.707125 0.856127 0.706500 0.846831 0.702797 0.848685 0.702484 0.852418
0 0.944078 0.883333 0.943422 0.877371 0.945328 0.873169 0.944656 0.867207 0.946391 0.862254 0.943844 0.860634 0.941453 0.862746 0.942359 0.867840 0.942516 0.882089 0.940781 0.882817 0.940453 0.884178 0.942937 0.884178 0.943922 0.884319
