26 0.421906 0.633162 0.414172 0.617424 0.416391 0.578501 0.405891 0.552834 0.396500 0.604169 0.387656 0.636487 0.327969 0.699859 0.326875 0.648501 0.332953 0.570211 0.310297 0.562763 0.296469 0.638126 0.287641 0.699414 0.261109 0.776440 0.262219 0.795105 0.295375 0.824098 0.331844 0.855574 0.345656 0.858876 0.344547 0.784333 0.344547 0.708970 0.387656 0.650562 0.410313 0.644754 0.420813 0.646417 0.432969 0.645597 0.429766 0.684145 0.424609 0.688009 0.422891 0.702201 0.414703 0.713817 0.413406 0.717682 0.423313 0.722857 0.429344 0.719625 0.446141 0.684145
0 0.059922 0.809906 0.067094 0.792693 0.063500 0.769063 0.057047 0.735738 0.056328 0.684145 0.054891 0.645457 0.049875 0.591733 0.049875 0.558407 0.042703 0.540141 0.036250 0.511124 0.040562 0.494988 0.042703 0.468126 0.054172 0.440304 0.058484 0.430632 0.069234 0.413419 0.075687 0.400539 0.092188 0.395152 0.102219 0.396230 0.101500 0.410211 0.102937 0.419883 0.112266 0.427400 0.124453 0.438150 0.131625 0.472529 0.138797 0.495105 0.114406 0.556370 0.138078 0.558525 0.134484 0.599368 0.132344 0.611171 0.130187 0.611171 0.122297 0.609040 0.115125 0.613326 0.111547 0.618712 0.108672 0.657400 0.107234 0.714192 0.100078 0.780820 0.102219 0.799087 0.100078 0.806628 0.089313 0.805550 0.077125 0.811991 0.064219 0.811991
0 0.051797 0.664473 0.036531 0.669040 0.025344 0.653045 0.025344 0.631710 0.023312 0.603513 0.023828 0.582927 0.024844 0.564637 0.019766 0.552436 0.013141 0.558548 0.009594 0.547869 0.010609 0.513560 0.016703 0.460984 0.019766 0.454122 0.045688 0.439649 0.044672 0.449555 0.044172 0.476979 0.040609 0.494520 0.034500 0.505199 0.035516 0.521944 0.036531 0.531874 0.044672 0.541007 0.043656 0.549391 0.046203 0.557002 0.049766 0.579883 0.049766 0.598923 0.050781 0.629415
51 0.814500 0.723536 0.821172 0.723841 0.825672 0.725902 0.828625 0.728548 0.827641 0.729719 0.832547 0.729438 0.834703 0.730023 0.831563 0.735012 0.829016 0.743536 0.830984 0.745902 0.833328 0.745012 0.835484 0.740890 0.838234 0.740023 0.839422 0.742951 0.839609 0.744731 0.833531 0.747658 0.829797 0.747963 0.828031 0.748852 0.827641 0.753255 0.833141 0.753841 0.829219 0.757377 0.825484 0.760609 0.822547 0.765902 0.819594 0.773536 0.815672 0.777658 0.806063 0.780609 0.808016 0.774731 0.816453 0.770023 0.820375 0.767377 0.819406 0.760023 0.819594 0.755316 0.819797 0.748244 0.820375 0.744145 0.824109 0.742084 0.822344 0.737658 0.820187 0.737073 0.822344 0.732670 0.820766 0.729438 0.818609 0.726487
0 0.187812 0.654262 0.181016 0.598852 0.182906 0.557564 0.221766 0.548501 0.221766 0.593747 0.211953 0.614684 0.213469 0.681991 0.210453 0.699508 0.200641 0.676323 0.200641 0.606206 0.198750 0.687073 0.190078 0.686511 0.187812 0.652014
25 0.151500 0.395925 0.136078 0.391475 0.143953 0.374262 0.153469 0.367377 0.163328 0.363934 0.178750 0.368361 0.182703 0.374754 0.178094 0.379180 0.168906 0.389016 0.164313 0.399368 0.149531 0.396417
74 0.085984 0.199040 0.091219 0.179133 0.096781 0.174520 0.099875 0.172670 0.104500 0.169883 0.112828 0.170351 0.117156 0.174520 0.121484 0.183302 0.125484 0.192553 0.126422 0.201358 0.125484 0.212459 0.120250 0.224496 0.115297 0.230492 0.108828 0.234192 0.094625 0.225878 0.091844 0.218946 0.089984 0.213372
0 0.663000 0.780843 0.658250 0.745925 0.653500 0.704520 0.652641 0.695457 0.649625 0.686417 0.649625 0.668946 0.653937 0.643068 0.658250 0.628852 0.660844 0.628197 0.660844 0.638548 0.661703 0.648899 0.662141 0.656651 0.658250 0.669602 0.658250 0.683817 0.663859 0.705808 0.676813 0.711639 0.690188 0.703864 0.688891 0.698056 0.697953 0.687049 0.706156 0.661827 0.705719 0.651475 0.705719 0.641780 0.696219 0.629485 0.695359 0.617213 0.691906 0.606206 0.687594 0.598454 0.689750 0.586159 0.686297 0.577752 0.688031 0.560281 0.685438 0.551241 0.680266 0.546698 0.679391 0.520843 0.672484 0.513068 0.660406 0.505948 0.653500 0.505948 0.647891 0.500140 0.639687 0.494309 0.638828 0.483958 0.642719 0.481382 0.646172 0.476862 0.647031 0.463911 0.647031 0.450984 0.643578 0.439977 0.644875 0.427705 0.636234 0.405059 0.627609 0.389532 0.624594 0.385012 0.613375 0.374005 0.599563 0.370773 0.590500 0.375948 0.586187 0.379836 0.580141 0.381780 0.571938 0.394707 0.568062 0.403771 0.566328 0.428993 0.570219 0.446464 0.574109 0.461967 0.576266 0.474262 0.577125 0.480094 0.574531 0.484614 0.556844 0.491733 0.548203 0.497541 0.542172 0.516955 0.542172 0.528595 0.543469 0.538290 0.540875 0.557049 0.542594 0.572576 0.540016 0.580328 0.536563 0.587447 0.533531 0.593911 0.531812 0.599087 0.531375 0.605574 0.527922 0.615902 0.525766 0.625621 0.525766 0.634660 0.527922 0.645012 0.536563 0.673466 0.544328 0.675410 0.542594 0.685761 0.540016 0.717447 0.539578 0.752389 0.541734 0.774379 0.544328 0.793138 0.545625 0.822881 0.551656 0.864918 0.546047 0.899204 0.546484 0.928314 0.544750 0.946417 0.543891 0.969696 0.546047 0.989766 0.549078 1.000000 0.585750 1.000000 0.579719 0.980047 0.577547 0.967775 0.577125 0.952881 0.579281 0.938009 0.593953 0.945129 0.596547 0.966464 0.598266 0.991686 0.602578 1.000000 0.635813 1.000000 0.635375 0.980047 0.630203 0.960656 0.634953 0.951592 0.633656 0.945785 0.634516 0.937377 0.635813 0.930890 0.651344 0.933490 0.658687 0.932201 0.661703 0.914731 0.661703 0.890141 0.665156 0.857166 0.665156 0.828712 0.665594 0.812529 0.664297 0.795082
25 0.503766 0.415878 0.523250 0.415878 0.538250 0.415878 0.631203 0.325995 0.575734 0.263068 0.562234 0.247330 0.547250 0.236112 0.518750 0.227119 0.496266 0.224871 0.443797 0.213630 0.437797 0.213630 0.388313 0.222623 0.388313 0.209133 0.383812 0.186674 0.376328 0.175433 0.374828 0.168689 0.382328 0.206885 0.382328 0.218126 0.383812 0.227119 0.377828 0.229368 0.373328 0.229368 0.311859 0.267564 0.287859 0.287799 0.272875 0.299016 0.256375 0.325995 0.248891 0.343981 0.242891 0.373185 0.239891 0.386674 0.232391 0.413630 0.229391 0.422623 0.212906 0.508009 0.209906 0.510258 0.212906 0.508009 0.241391 0.499016 0.340344 0.472061 0.371828 0.469813 0.404812 0.440609 0.422797 0.525995 0.455781 0.600141 0.457281 0.600141 0.449797 0.575433
28 0.026031 0.564660 0.017313 0.565176 0.017984 0.541030 0.013281 0.540023 0.010937 0.544543 0.012281 0.550586 0.012281 0.567681 0.000203 0.568689 0.001203 0.582763 0.000203 0.650140 0.003219 0.649133 0.003219 0.640094 0.017313 0.638571 0.018656 0.645129 0.020000 0.645129 0.021000 0.639578 0.029047 0.638571 0.030063 0.636581 0.026031 0.604379 0.025359 0.587283 0.026703 0.578735
25 0.001453 0.412318 0.029875 0.385855 0.074219 0.372295 0.106953 0.383279 0.119438 0.393583 0.093172 0.399391 0.066906 0.412318 0.063891 0.425222 0.051406 0.438126 0.049687 0.445222 0.050109 0.452974 0.049250 0.452974 0.047094 0.441991 0.029016 0.445855 0.011797 0.456838 0.000000 0.461358 0.000172 0.415527 0.001891 0.413607
0 0.254875 0.566300 0.241391 0.543817 0.283375 0.541569 0.283375 0.568548 0.307359 0.626956 0.287859 0.719110 0.262375 0.759555 0.290859 0.874169 0.283375 0.984262 0.250375 0.988759 0.236891 0.988759 0.239891 0.896628 0.220391 0.802248 0.212906 0.685386 0.209906 0.617986 0.247391 0.555059
51 0.755094 0.703677 0.778641 0.682506 0.808469 0.673091 0.814750 0.698970 0.810047 0.734286 0.792781 0.760164 0.780219 0.783677 0.780219 0.755457 0.780219 0.729578
25 0.207891 0.423326 0.188969 0.422342 0.178516 0.415504 0.160250 0.403747 0.176563 0.378337 0.196797 0.364637 0.213766 0.359742 0.228125 0.358759 0.245094 0.354848 0.241828 0.378337 0.230078 0.405714 0.226156 0.413536
0 0.317844 0.645082 0.332844 0.525995 0.361328 0.481054 0.397312 0.456323 0.409312 0.451827 0.445297 0.465316 0.454281 0.447330 0.460281 0.431616 0.469281 0.420375 0.487266 0.420375 0.505266 0.422623 0.517250 0.436112 0.539750 0.476557 0.547250 0.519251 0.539750 0.606885 0.539750 0.678806 0.527750 0.741733 0.496266 0.766440 0.509766 0.845082 0.506766 0.903513 0.502266 0.955199 0.496266 0.961944 0.439297 0.977682 0.419797 0.917002 0.415312 0.952951 0.413812 0.975433 0.340344 0.975433 0.329844 0.908009 0.328344 0.867564 0.343344 0.811382 0.353828 0.766440 0.359828 0.734988
25 0.373141 0.472248 0.289563 0.532646 0.238812 0.543841 0.183594 0.561733 0.119406 0.555035 0.144781 0.476721 0.165672 0.452108 0.192547 0.431991 0.238812 0.416323 0.210453 0.499087 0.253734 0.499087 0.311953 0.485667 0.341797 0.476721 0.359719 0.476721
