57 0.000000 0.982719 0.000000 0.669141 0.025962 0.688891 0.152089 0.696297 0.152089 0.696297 0.159507 0.641969 0.148380 0.570375 0.170634 0.585187 0.174343 0.592594 0.241127 0.637031 0.311596 0.669141 0.289343 0.696297 0.233709 0.664203 0.200305 0.656797 0.200305 0.671609 0.211432 0.691359 0.218850 0.728391 0.215141 0.785187 0.200305 0.804937 0.200305 0.804937 0.211432 0.866672 0.222559 0.898766 0.222559 0.898766 0.293052 0.923453 0.289343 0.960500 0.215141 0.940734 0.215141 0.940734 0.189178 0.950625 0.181761 0.999938 0.003709 0.997500 0.003709 0.999141
60 0.698498 0.963641 0.675070 0.906500 0.632160 0.906500 0.561925 0.584422 0.546315 0.516891 0.643873 0.496109 0.702394 0.433766 0.917019 0.402594 1.000000 0.511688 0.983357 0.935063 0.757019 0.958438 0.710211 0.979219 0.706291 0.979219
0 0.382512 0.092172 0.336854 0.065703 0.279413 0.054922 0.239648 0.051000 0.196948 0.055906 0.157183 0.082375 0.160117 0.095109 0.164531 0.121578 0.171901 0.161781 0.182207 0.191188 0.179272 0.203938 0.155704 0.219625 0.126244 0.238250 0.098263 0.261781 0.067324 0.296094 0.058498 0.311766 0.059977 0.338250 0.083521 0.382359 0.095305 0.412750 0.096784 0.434312 0.111526 0.455891 0.127723 0.474516 0.158639 0.493141 0.189577 0.508828 0.226385 0.512750 0.260282 0.502937 0.275000 0.492156 0.279413 0.490203 0.325070 0.528437 0.410493 0.585297 0.442911 0.616656 0.488568 0.660781 0.519484 0.686266 0.553357 0.714703 0.575446 0.721563 0.582817 0.708813 0.556315 0.630391 0.566620 0.587250 0.560728 0.543141 0.537160 0.521562 0.509178 0.499016 0.498873 0.477453 0.485610 0.473531 0.485610 0.467656 0.494460 0.466672 0.509178 0.452938 0.520962 0.435297 0.551878 0.415688 0.569554 0.409813 0.596080 0.405891 0.621103 0.400984 0.637324 0.404906 0.650563 0.405891 0.659413 0.409813 0.663826 0.409813 0.665305 0.403922 0.669718 0.390203 0.677089 0.380391 0.688873 0.358828 0.677089 0.338250 0.656455 0.331375 0.635845 0.323531 0.600493 0.305891 0.582817 0.296094 0.562207 0.270594 0.547465 0.259813 0.535681 0.245109 0.494460 0.227469 0.459108 0.215703 0.442911 0.206875 0.425235 0.195109 0.410493 0.184328 0.391362 0.174531 0.385469 0.168641 0.391362 0.159812 0.395775 0.150016 0.394296 0.131391 0.394296 0.128453 0.400188 0.104922 0.388404 0.094141
67 0.231502 0.166500 0.221901 0.166938 0.208474 0.172469 0.196972 0.177578 0.194413 0.183109 0.209108 0.203547 0.228944 0.224406 0.246221 0.241438 0.263474 0.232500 0.275000 0.229516 0.280751 0.234625 0.278826 0.242719 0.262840 0.259328 0.270516 0.267406 0.283310 0.260172 0.308263 0.247406 0.296737 0.233344 0.283310 0.217172 0.257089 0.186516 0.237254 0.169484 0.230235 0.167359
56 0.108146 0.458844 0.148146 0.480594 0.168146 0.493453 0.203474 0.501000 0.218146 0.502328 0.258803 0.489906 0.294812 0.508094 0.304131 0.519188 0.346808 0.534719 0.385469 0.563125 0.374789 0.575984 0.385469 0.610594 0.371455 0.619469 0.348122 0.626562 0.321455 0.621688 0.302793 0.631891 0.276127 0.626125 0.264812 0.611484 0.258803 0.593297 0.254131 0.579984 0.233474 0.547594 0.148803 0.514313 0.111479 0.501891 0.060822 0.481922 0.077488 0.474375
56 0.619624 0.003422 0.608685 0.016937 0.605540 0.036719 0.618052 0.075203 0.660258 0.151156 0.671197 0.181313 0.664953 0.221891 0.663380 0.292641 0.685258 0.279109 0.686831 0.254141 0.685258 0.207328 0.722770 0.225016 0.746221 0.237500 0.769671 0.328016 0.779038 0.329047 0.783732 0.328016 0.772793 0.229172 0.802488 0.231250 0.841549 0.220859 0.872817 0.201094 0.902512 0.304078 0.913451 0.296797 0.905634 0.228141 0.904085 0.169109 0.905634 0.155594 0.886878 0.125422 0.816549 0.115016 0.811854 0.052594 0.807183 0.013062 0.804038 0.000578 0.624296 0.000578
45 0.619812 0.511625 0.571315 0.507703 0.528709 0.488141 0.512535 0.466625 0.512535 0.448031 0.527230 0.429453 0.552230 0.415766 0.583075 0.407937 0.613944 0.405984 0.662441 0.408906 0.677136 0.430438 0.683005 0.464672 0.669789 0.490094
45 0.600516 0.621359 0.612676 0.613719 0.634953 0.604516 0.663310 0.602266 0.696737 0.607437 0.717653 0.616641 0.730493 0.634391 0.732512 0.658437 0.723404 0.675078 0.688967 0.692375 0.661620 0.695516 0.636291 0.695297 0.606596 0.685406 0.582277 0.663156 0.581268 0.656422 0.582629 0.641813
43 0.499131 0.474250 0.646878 0.456375 0.636009 0.453813 0.483146 0.467859 0.492723 0.473828 0.498498 0.475531
45 0.779202 0.484828 0.745704 0.478141 0.715563 0.457641 0.713568 0.439797 0.716244 0.428656 0.744366 0.413938 0.779859 0.408156 0.819390 0.406812 0.847512 0.415281 0.866268 0.425984 0.864272 0.449172 0.841502 0.469672 0.833451 0.475469 0.809343 0.481719 0.779859 0.487063
