0 0.035297 0.437588 0.042328 0.446136 0.053750 0.477073 0.053750 0.494871 0.048922 0.512646 0.051547 0.538314 0.052781 0.556066 0.050594 0.562670 0.051031 0.591639 0.042234 0.596229 0.043344 0.616885 0.039828 0.647822 0.039391 0.658361 0.041656 0.666651 0.048125 0.672623 0.044641 0.684543 0.034187 0.689766 0.023734 0.688267 0.024234 0.659930 0.020750 0.615176 0.014281 0.667400 0.018266 0.674098 0.018766 0.681569 0.000344 0.688267 0.000000 0.608454 0.003828 0.592810 0.000344 0.572670 0.000000 0.470468 0.000844 0.407073 0.004328 0.396628 0.010797 0.386932 0.022750 0.383208 0.030703 0.386183 0.034187 0.390656 0.036672 0.400351 0.037672 0.416768 0.035188 0.427963 0.035188 0.436159
56 0.205703 0.620351 0.219953 0.579602 0.224688 0.544684 0.230734 0.529157 0.242391 0.533045 0.254031 0.521405 0.274328 0.519461 0.273031 0.555035 0.268719 0.579602 0.260078 0.599672 0.257062 0.622295 0.271297 0.645574 0.278203 0.670164 0.272594 0.679227 0.265687 0.675972 0.265687 0.675972 0.263531 0.675340 0.264828 0.674684 0.257484 0.649461 0.251453 0.639110 0.248859 0.637822 0.239359 0.635878 0.233328 0.637166 0.222109 0.639766 0.211750 0.639110 0.209156 0.641710 0.216500 0.656581 0.220813 0.661101 0.223406 0.665644 0.224688 0.667564 0.224688 0.671452 0.221250 0.674684 0.216922 0.674684 0.213906 0.677916 0.204844 0.661101 0.196641 0.639766 0.194484 0.634590 0.190172 0.634590 0.188875 0.635878 0.185859 0.634590 0.183703 0.634590 0.182844 0.617119 0.181547 0.600960 0.186719 0.599672 0.193625 0.603536 0.200531 0.604192 0.205281 0.608712 0.206578 0.617119
56 0.063531 0.610515 0.074750 0.633794 0.087266 0.641546 0.076469 0.673888 0.088984 0.675199 0.096328 0.643489 0.108844 0.644801 0.129984 0.686183 0.139484 0.682295 0.121359 0.644801 0.141641 0.589813 0.145953 0.558127 0.129125 0.538080 0.114875 0.540656 0.104094 0.577518 0.102797 0.596276 0.095469 0.602740 0.079500 0.602108 0.066984 0.605340
0 0.839875 0.624122 0.845969 0.570890 0.851531 0.525948 0.853750 0.515972 0.856516 0.480187 0.858734 0.454403 0.859859 0.424450 0.892047 0.421124 0.903703 0.451077 0.917578 0.463560 0.937016 0.525129 0.937562 0.560890 0.907031 0.577541 0.907031 0.613302 0.898703 0.639930 0.882609 0.620796 0.892047 0.603325 0.892047 0.579204 0.875391 0.581686 0.868734 0.596674 0.862078 0.617471 0.862625 0.638267 0.845422 0.642436
32 0.211484 0.824239 0.229391 0.822951 0.242453 0.829344 0.255234 0.842131 0.266313 0.869368 0.267453 0.886393 0.267172 0.898314 0.267172 0.906838 0.264891 0.914918 0.259219 0.930258 0.253812 0.939625 0.243875 0.946440 0.231375 0.945574 0.218594 0.948571 0.208641 0.947283 0.199563 0.946862 0.194438 0.942178 0.187625 0.931101 0.182797 0.919180 0.180531 0.908548 0.177969 0.897049 0.179672 0.868525 0.181656 0.860000 0.186484 0.848923 0.193312 0.840000 0.198422 0.834028 0.204953 0.828080 0.211484 0.826792 0.211203 0.825527
0 0.144234 0.549438 0.145891 0.566862 0.133156 0.615012 0.123187 0.650703 0.108781 0.615012 0.100484 0.596745 0.084422 0.593419 0.087187 0.605878 0.108781 0.649859 0.104906 0.651522 0.105469 0.675597 0.067813 0.677260 0.069469 0.664801 0.071688 0.659836 0.066141 0.612506 0.060047 0.600890 0.093281 0.541967 0.100484 0.519532 0.099375 0.504590 0.111563 0.492155 0.119859 0.494637 0.127625 0.502951 0.129281 0.527002
56 0.376344 0.576159 0.390156 0.581546 0.400969 0.573443 0.416578 0.511358 0.427391 0.514051 0.429781 0.593255 0.430391 0.619368 0.406359 0.627447 0.412969 0.647260 0.376344 0.654450 0.377547 0.632857 0.385344 0.621148 0.374547 0.595059 0.371531 0.577049
0 0.702625 0.498759 0.702625 0.615667 0.691266 0.589110 0.682766 0.541265 0.678500 0.548712 0.678500 0.579532 0.678500 0.602927 0.660062 0.588033 0.657937 0.504052 0.644469 0.497681 0.645875 0.454098 0.627437 0.433911 0.636656 0.399883 0.647297 0.375433 0.665031 0.368009 0.662906 0.359485 0.660062 0.338993 0.665734 0.327307 0.672125 0.329438 0.682766 0.336885 0.686312 0.352810 0.682766 0.360258 0.698359 0.381522 0.704031 0.387892 0.706172 0.393208 0.710422 0.410211 0.709719 0.444239 0.707578 0.474005 0.706172 0.497377
0 0.360437 0.627096 0.353578 0.541499 0.385562 0.485574 0.385562 0.465035 0.390906 0.451335 0.406125 0.442201 0.412984 0.445644 0.416031 0.491288 0.414500 0.558618 0.393187 0.592857 0.376437 0.614543 0.378719 0.645340 0.358922 0.667026 0.355109 0.637377
0 0.177969 0.569368 0.192156 0.563911 0.201078 0.557494 0.216922 0.543138 0.219891 0.533232 0.224187 0.524333 0.221547 0.507494 0.226500 0.493653 0.236734 0.488197 0.247297 0.491171 0.254562 0.508009 0.255547 0.518876 0.255219 0.533232 0.230453 0.534239 0.227156 0.544122 0.230781 0.553536 0.222531 0.584215 0.208344 0.636674 0.183578 0.637166 0.176312 0.633208 0.177625 0.570843
56 0.867375 0.561639 0.923437 0.565152 0.923437 0.589649 0.923437 0.628173 0.896578 0.631686 0.880219 0.626417 0.881391 0.610656 0.883719 0.587916
56 0.133047 0.539532 0.141453 0.524660 0.181156 0.520094 0.189938 0.529813 0.189938 0.550422 0.175437 0.608220 0.175437 0.619649 0.184594 0.654567 0.190703 0.674590 0.184969 0.684309 0.177719 0.676885 0.173906 0.651686 0.150609 0.653419 0.139547 0.682600 0.134578 0.670000 0.146797 0.648267 0.127328 0.638525 0.139547 0.597330 0.146422 0.560140 0.134578 0.542412
0 0.974609 0.595714 0.972891 0.581475 0.981078 0.546557 0.981516 0.537494 0.984969 0.529742 0.984531 0.509696 0.982813 0.494824 0.978922 0.479930 0.976766 0.465714 0.980656 0.449532 0.983672 0.425621 0.984969 0.418501 0.978922 0.413958 0.975469 0.400375 0.973312 0.396511 0.979359 0.388103 0.984969 0.386792 0.990578 0.384871 1.000000 0.368056 1.000000 0.480585 0.999203 0.506464 0.999203 0.565316 0.994891 0.573068 0.990578 0.578244 0.992297 0.589251 0.994031 0.595714 0.992297 0.606066 0.988844 0.608642 0.980656 0.613185 0.977625 0.604778
0 0.774344 0.830562 0.784906 0.776042 0.766141 0.670515 0.747359 0.545644 0.708641 0.503419 0.708641 0.433068 0.703937 0.362717 0.671078 0.341616 0.671078 0.283560 0.685172 0.206183 0.715672 0.162201 0.721547 0.116487 0.725062 0.083068 0.761438 0.060187 0.782562 0.134075 0.773172 0.174520 0.797813 0.176276 0.813078 0.220258 0.823641 0.283560 0.825984 0.352155 0.824813 0.396136 0.829500 0.438337 0.829500 0.482318 0.820109 0.566745 0.827156 0.631827 0.844766 0.772529 0.858844 0.827049 0.831844 0.846393 0.820109 0.790117 0.808375 0.663466 0.789609 0.633583 0.795469 0.689860 0.809547 0.811218 0.802516 0.853443
