0 0.836031 0.393162 0.818672 0.396557 0.815656 0.438384 0.826219 0.453091 0.824719 0.466651 0.757578 0.468899 0.749281 0.520913 0.759844 0.515269 0.765875 0.528829 0.792281 0.474567 0.809625 0.482482 0.792281 0.523185 0.792281 0.535621 0.799062 0.535621 0.803594 0.514122 0.811141 0.510749 0.819438 0.515269 0.808125 0.580843 0.817172 0.591007 0.817172 0.597799 0.850359 0.598923 0.848844 0.647541 0.858656 0.664496 0.872984 0.646417 0.876000 0.569532 0.884297 0.567260 0.877516 0.493770 0.850359 0.473443 0.860172 0.399953 0.837531 0.395410
69 0.495937 0.796534 0.520766 0.798642 0.566156 0.782717 0.567578 0.775269 0.573250 0.751873 0.580984 0.740070 0.580984 0.729415 0.577594 0.725246 0.577594 0.713232 0.582219 0.709063 0.577594 0.669742 0.574500 0.664169 0.575750 0.654005 0.590562 0.646136 0.601766 0.645878 0.601766 0.613513 0.596938 0.608407 0.576484 0.601171 0.573594 0.601616 0.573594 0.602553 0.576937 0.603489 0.577047 0.606019 0.578672 0.607728 0.578672 0.612365 0.574219 0.612178 0.574656 0.615902 0.559625 0.619625 0.541219 0.618946 0.541359 0.616323 0.528219 0.615902 0.528219 0.613934 0.521937 0.612178 0.521500 0.606487 0.523547 0.605597 0.523547 0.603419 0.512156 0.603630 0.514781 0.607799 0.520187 0.608454 0.520344 0.611944 0.524719 0.613934 0.524859 0.615902 0.526469 0.616323 0.526906 0.620703 0.513328 0.628595 0.502813 0.631218 0.485578 0.632318 0.492453 0.635597 0.492453 0.637354 0.495516 0.637354 0.495797 0.638876 0.500047 0.642600 0.500484 0.667471 0.491766 0.670281 0.493313 0.673045 0.494375 0.796534 0.496266 0.797002
45 0.815281 0.255597 0.855672 0.246628 0.855672 0.221967 0.837719 0.195059 0.801828 0.195059 0.798828 0.219742 0.803312 0.244403 0.822766 0.248876 0.822766 0.248876
71 0.221672 0.653794 0.309906 0.621101 0.364438 0.658244 0.259344 0.686487 0.253406 0.676089 0.251422 0.671616 0.237531 0.665691
45 0.801594 0.243396 0.817516 0.249087 0.820922 0.249087 0.814109 0.255902 0.817891 0.255316 0.835344 0.251358 0.855062 0.247939 0.852781 0.254754 0.844063 0.263279 0.822828 0.267822 0.812969 0.267260 0.803109 0.259297
40 0.978172 0.784005 0.954156 0.743794 0.949219 0.688759 0.956984 0.634801 1.000000 0.636909 0.994406 0.778712 0.987344 0.785059 0.986641 0.835855 0.988047 0.868665 0.998641 0.871827 1.000000 0.890890 0.994406 0.904637 0.968281 0.907822 0.947109 0.881358 0.950625 0.866534 0.968984 0.859133 0.972516 0.851733
40 0.902844 0.593794 0.920969 0.587775 0.941766 0.597822 0.944781 0.666206 0.920625 0.704918 0.920625 0.764754 0.928687 0.788408 0.920297 0.800468 0.899828 0.799461 0.889437 0.790913 0.893453 0.775831 0.909219 0.774309 0.914922 0.768782 0.914594 0.705925 0.907547 0.695878 0.898484 0.674262 0.889766 0.664192 0.901516 0.593302
40 0.880922 0.578712 0.890781 0.572927 0.904078 0.571639 0.914781 0.575504 0.921641 0.583864 0.902359 0.591569 0.896781 0.601194 0.892500 0.630749 0.890781 0.661592 0.901500 0.682787 0.905359 0.694356 0.902359 0.722623 0.904922 0.747026 0.912219 0.759883 0.913937 0.770796 0.908359 0.774660 0.892922 0.773372 0.875359 0.765667 0.875359 0.758595 0.882219 0.751522 0.889922 0.750890 0.892500 0.743817 0.896781 0.685363 0.879219 0.666721 0.873641 0.643607 0.879641 0.580000
40 0.953047 0.594286 0.955469 0.587752 0.959828 0.585222 0.962734 0.584496 0.970000 0.584496 0.980406 0.585222 0.986703 0.586300 0.993484 0.589204 0.995672 0.589930 0.998328 0.593934 1.000000 0.604450 1.000000 0.608454 0.997844 0.604098 0.994703 0.603372 0.987922 0.603372 0.985500 0.603372 0.981375 0.603372 0.974109 0.604098 0.971203 0.621148 0.970484 0.629860 0.970234 0.629860 0.970000 0.631663 0.968297 0.634567 0.965875 0.633115 0.959344 0.595386 0.956188 0.595012
40 0.990344 0.836815 1.000000 0.832810 1.000000 0.791429 0.966297 0.633864 0.973422 0.607166 0.995687 0.605831 1.000000 0.632529 0.997469 0.779415 0.986781 0.783419 0.976984 0.792763 0.977875 0.832810 0.966297 0.823466 0.963625 0.807447 0.968078 0.795433 0.976094 0.792763
0 0.000000 0.789321 0.004281 0.789883 0.007234 0.790984 0.008703 0.792084 0.014625 0.797635 0.017203 0.799836 0.019750 0.842904 0.006359 0.860468 0.021422 0.862365 0.028969 0.866112 0.031469 0.879930 0.025609 0.899368 0.024359 0.905644 0.028969 0.911920 0.033156 0.917564 0.033563 0.926347 0.033563 0.937658 0.020172 0.965246 0.003016 0.969016 0.018078 0.976557 0.018922 0.997260 0.013469 1.000000 0.000078 1.000000
0 0.970438 0.581991 0.964594 0.534731 0.957578 0.466440 0.956422 0.427916 0.956422 0.394637 0.969266 0.377143 1.000000 0.361382 1.000000 0.602998 0.997297 0.588993 0.987953 0.581991
44 0.243234 0.157283 0.257281 0.132951 0.266641 0.125012 0.269453 0.125480 0.266953 0.134356 0.264141 0.143255 0.260094 0.150281 0.257594 0.151194 0.253844 0.153536 0.246359 0.167588 0.244172 0.170843
