0 0.173453 0.290937 0.196031 0.281312 0.210469 0.299375 0.210469 0.322250 0.203250 0.336688 0.220406 0.363187 0.231250 0.395708 0.225828 0.422208 0.222219 0.433042 0.228547 0.481208 0.233953 0.520938 0.222219 0.523354 0.223125 0.554667 0.228547 0.589583 0.219500 0.605250 0.177062 0.606438 0.194219 0.571521 0.159891 0.540208 0.148156 0.526958 0.149969 0.510104 0.175250 0.471563 0.177969 0.399312 0.173453 0.387271 0.168922 0.372833 0.146344 0.389688 0.136422 0.383667 0.133703 0.361979 0.135516 0.357167 0.136422 0.355958 0.216797 0.359583 0.203250 0.337896 0.186094 0.349937 0.173453 0.339104 0.167125 0.329479 0.162609 0.330667 0.151766 0.328271 0.138219 0.337896 0.146344 0.352354 0.152672 0.358375 0.160797 0.341521 0.162609 0.334292
0 0.749266 0.714375 0.751016 0.736333 0.756516 0.776146 0.751234 0.789021 0.741359 0.797813 0.721375 0.810687 0.711281 0.815958 0.711281 0.815958 0.727531 0.840542 0.745531 0.861625 0.746625 0.869229 0.730156 0.887083 0.711062 0.905250 0.701406 0.901729 0.694156 0.897042 0.689328 0.888563 0.688234 0.883875 0.692172 0.866021 0.645187 0.858104 0.629391 0.852542 0.612703 0.837333 0.605234 0.821813 0.608312 0.809812 0.633781 0.783750 0.648703 0.770875 0.642344 0.754771 0.641906 0.743646 0.647172 0.732521 0.657703 0.722854 0.675938 0.714375 0.670000 0.699146 0.667812 0.676604 0.662094 0.634167 0.661875 0.626542 0.645641 0.617771 0.642344 0.612500 0.641469 0.599042 0.604141 0.568292 0.592938 0.555417 0.573625 0.525563 0.567469 0.524979 0.561547 0.516771 0.564625 0.506229 0.570984 0.494229 0.572297 0.488375 0.573187 0.473458 0.575375 0.469354 0.579984 0.482229 0.579766 0.500083 0.585031 0.513854 0.622359 0.546042 0.644313 0.566542 0.659688 0.571229 0.664516 0.574729 0.669781 0.576792 0.675047 0.572104 0.675938 0.564187 0.663422 0.555125 0.662766 0.548104 0.671109 0.524375 0.680547 0.518229 0.703812 0.516479 0.725766 0.523208 0.734328 0.535792 0.736750 0.556292 0.734766 0.573271 0.739391 0.585854 0.739391 0.590250 0.735875 0.588500 0.725109 0.580583 0.723359 0.592896 0.742016 0.606646 0.748828 0.624208 0.748828 0.634167 0.754313 0.650562 0.750141 0.648500 0.738937 0.640021 0.734109 0.633583 0.736313 0.652312 0.742672 0.672813 0.745750 0.686271 0.750141 0.695937 0.752125 0.702958 0.746406 0.698854 0.747500 0.706479
56 0.532672 0.067750 0.543172 0.051333 0.595375 0.050250 0.599969 0.053958 0.602266 0.055938 0.602594 0.058333 0.602594 0.063167 0.603078 0.069292 0.603578 0.072563 0.603578 0.075417 0.595703 0.078250 0.590438 0.078917 0.587000 0.080000 0.582891 0.079354 0.576828 0.075187 0.571891 0.071917 0.565172 0.069729 0.560078 0.069063 0.554984 0.068854 0.549906 0.069500 0.540547 0.068417 0.535781 0.068625 0.532672 0.069292 0.532172 0.067979
0 0.241547 0.941458 0.280312 0.945437 0.298203 0.943438 0.298203 0.927542 0.298203 0.897729 0.305656 0.852000 0.311625 0.822167 0.344422 0.776438 0.362312 0.760542 0.377234 0.762521 0.402578 0.812229 0.424937 0.832104 0.442844 0.877833 0.460734 0.903687 0.472656 0.925563 0.475641 0.927542 0.490547 0.927542 0.499500 0.917604 0.496516 0.905667 0.454766 0.828146 0.436875 0.786396 0.424937 0.772479 0.423453 0.728729 0.414500 0.683000 0.410031 0.621375 0.426438 0.627333 0.447313 0.629333 0.454766 0.629333 0.456250 0.611437 0.453281 0.601500 0.445813 0.574458 0.414500 0.556562 0.404063 0.542646 0.375734 0.532708 0.372750 0.518792 0.380219 0.506854 0.366797 0.484979 0.341438 0.477042 0.329516 0.479021 0.323547 0.490958 0.314609 0.504875 0.308641 0.512812 0.317594 0.522771 0.326531 0.524750 0.328031 0.546625 0.328031 0.562521 0.314609 0.572458 0.316094 0.596313 0.326531 0.640063 0.329516 0.667896 0.338469 0.701688 0.316094 0.737479 0.284781 0.793146 0.284781 0.793146 0.275844 0.872667 0.260922 0.930312 0.243031 0.930312
0 0.290453 0.443625 0.291625 0.530563 0.295109 0.577125 0.296281 0.606625 0.319562 0.606625 0.312578 0.583333 0.316063 0.566271 0.325375 0.555396 0.328875 0.529000 0.305594 0.516583 0.307922 0.490208 0.317234 0.482438 0.345172 0.488646 0.370781 0.487104 0.357984 0.470021 0.356813 0.460708 0.367297 0.437417 0.366125 0.390854 0.364969 0.379979 0.375453 0.358250 0.349828 0.364458 0.316063 0.367562 0.284641 0.361354 0.277641 0.355146 0.267172 0.345833 0.267172 0.330313 0.277641 0.316333 0.278812 0.314792 0.281141 0.305479 0.289297 0.288396 0.278812 0.279083 0.277641 0.279083 0.292781 0.275979 0.310250 0.257354 0.327703 0.265104 0.333531 0.285292 0.335859 0.313229 0.366125 0.325646 0.387094 0.338062 0.387094 0.352042 0.347500 0.348938 0.330047 0.338062 0.299766 0.344271
0 0.632016 0.157312 0.625281 0.155062 0.653937 0.083146 0.667422 0.078646 0.667422 0.040458 0.691016 0.029208 0.699437 0.033708 0.709547 0.074167 0.733141 0.089896 0.741578 0.170792 0.741578 0.173042 0.632016 0.166292
0 0.515859 0.074708 0.522609 0.076667 0.531719 0.082562 0.540250 0.085688 0.546422 0.095479 0.549062 0.108417 0.549937 0.144854 0.550531 0.165229 0.517922 0.164438 0.464141 0.165229 0.462375 0.160125 0.460906 0.146812 0.459734 0.138583 0.459734 0.131125 0.465906 0.121729 0.467672 0.100958 0.469719 0.094313 0.475891 0.086479 0.484719 0.080979 0.491172 0.076667 0.488531 0.067271 0.486766 0.055125 0.487938 0.053167 0.488531 0.050042 0.487938 0.042979 0.490297 0.037104 0.497344 0.030437 0.511750 0.032021 0.517922 0.040625 0.519672 0.048083 0.517625 0.055917 0.518203 0.056313 0.521141 0.059042 0.519672 0.067271 0.515562 0.070021 0.515859 0.074708 0.516453 0.075104
56 0.042016 0.116417 0.061672 0.117958 0.106781 0.119500 0.104469 0.153438 0.030453 0.150354
0 0.841047 0.001542 0.875016 0.000208 0.877000 0.022854 0.896984 0.028188 0.900984 0.036167 0.903969 0.045500 0.903969 0.062812 0.902969 0.094771 0.895984 0.102771 0.881000 0.104083 0.874016 0.113417 0.876000 0.134729 0.831062 0.142708 0.799094 0.134729 0.808094 0.124063 0.822078 0.114750 0.825062 0.062812 0.830063 0.040167 0.840047 0.033500 0.846047 0.029521 0.845047 0.017521 0.837047 0.012208 0.842047 0.001542
0 0.529203 0.383292 0.532141 0.395042 0.544609 0.406771 0.560016 0.446875 0.553406 0.458625 0.535797 0.465458 0.532859 0.477208 0.537266 0.491875 0.538734 0.511438 0.529938 0.520250 0.529203 0.558396 0.529938 0.572083 0.529938 0.609250 0.527734 0.613167 0.491047 0.613167 0.491047 0.594583 0.478578 0.545667 0.485187 0.509479 0.481516 0.496771 0.477109 0.481125 0.467578 0.489917 0.452906 0.520250 0.462437 0.541750 0.451438 0.541750 0.440437 0.544688 0.443359 0.552521 0.433094 0.552521 0.432359 0.546646 0.446297 0.513396 0.463906 0.471333 0.460234 0.470354 0.482984 0.411667 0.493250 0.400917 0.501328 0.397000 0.500594 0.382312 0.494719 0.378417 0.495453 0.371563 0.529938 0.368625 0.529844 0.354396 0.497906 0.350521 0.501297 0.340208 0.507578 0.335042 0.513875 0.334396 0.522594 0.336979 0.528391 0.345375
0 0.808609 0.316896 0.808609 0.300771 0.810547 0.292375 0.814422 0.290438 0.820219 0.289146 0.830391 0.287229 0.818781 0.265271 0.821187 0.243333 0.823609 0.223333 0.830875 0.200750 0.836687 0.189771 0.844906 0.182667 0.853141 0.176875 0.854594 0.167833 0.856047 0.161375 0.857016 0.151063 0.859437 0.128688 0.877828 0.126771 0.885078 0.126771 0.888953 0.137083 0.892344 0.146771 0.895250 0.151292 0.897188 0.161604 0.897188 0.170000 0.895250 0.177750 0.902016 0.182250 0.913156 0.192583 0.918000 0.206146 0.924281 0.224854 0.927672 0.236458 0.927672 0.242917 0.922344 0.250667 0.911219 0.275833 0.914125 0.286167 0.917516 0.294542 0.919937 0.308750 0.919937 0.313917 0.915094 0.320354 0.910734 0.324229 0.888469 0.325521 0.850234 0.320354 0.824578 0.325521 0.815875 0.327458 0.812000 0.326812
56 0.179734 0.155375 0.179734 0.148271 0.185500 0.138229 0.189047 0.124042 0.184609 0.123438 0.155797 0.113979 0.133625 0.116938 0.115000 0.122271 0.108797 0.128771 0.110563 0.154188 0.166437 0.155375 0.177969 0.156563
56 0.223078 0.118229 0.225797 0.068854 0.249281 0.060417 0.292625 0.065250 0.302563 0.072458 0.295344 0.145938 0.288109 0.151958 0.266438 0.153146 0.265531 0.124250 0.235734 0.118229
56 0.742234 0.157896 0.742234 0.137167 0.833547 0.132000 0.833547 0.176042
0 0.000000 0.489271 0.010516 0.505500 0.011031 0.525771 0.006969 0.536583 0.026734 0.552125 0.049547 0.569688 0.060688 0.598063 0.001406 0.598750
35 0.570234 0.501833 0.565672 0.507917 0.558062 0.516688 0.546406 0.517375 0.539312 0.511292 0.535766 0.502500 0.535766 0.486292 0.537297 0.477500 0.526656 0.474125 0.521578 0.467375 0.521578 0.463313 0.538813 0.462646 0.548437 0.461958 0.552500 0.453187 0.559594 0.455875 0.570234 0.461958 0.576813 0.473458 0.579859 0.478854 0.577828 0.486292 0.573781 0.491687 0.571750 0.497771 0.568203 0.503187
56 0.136937 0.114250 0.133031 0.091125 0.149250 0.085896 0.148688 0.068750 0.180578 0.061292 0.206312 0.063521 0.226453 0.073208 0.221422 0.115729 0.191766 0.125437 0.161000 0.114250 0.138063 0.114250
56 0.256187 0.062917 0.257859 0.017979 0.337078 0.015729 0.335391 0.087646 0.326969 0.087646 0.310109 0.065167
56 0.173781 0.059708 0.173516 0.041042 0.179312 0.036479 0.184063 0.036833 0.185656 0.021688 0.195156 0.011125 0.229203 0.010792 0.249266 0.014646 0.255328 0.020979 0.255594 0.031542 0.251375 0.044562 0.252953 0.062167 0.235016 0.067437 0.228406 0.072729 0.226031 0.072729 0.195688 0.061458 0.180906 0.062167
56 0.188844 0.128542 0.212906 0.117854 0.247844 0.117083 0.270766 0.130083 0.269625 0.158333 0.250141 0.157583 0.184266 0.156812 0.180828 0.156812 0.181391 0.146875 0.185984 0.142292
13 0.392000 0.484417 0.415031 0.484417 0.422484 0.534104 0.422156 0.549917 0.416047 0.552167 0.408266 0.543146 0.396750 0.537271 0.396062 0.537271 0.394375 0.535917
56 0.000922 0.109917 0.006625 0.110771 0.011484 0.110771 0.016125 0.113021 0.021406 0.114708 0.024578 0.116396 0.028172 0.118646 0.029641 0.119771 0.031328 0.120625 0.034297 0.120896 0.035563 0.129625 0.035563 0.131604 0.034297 0.136104 0.033453 0.140896 0.031750 0.145104 0.029641 0.148479 0.027953 0.152146 0.000000 0.151875
41 0.936797 0.243375 0.938422 0.243625 0.939219 0.246063 0.939422 0.247146 0.937203 0.250646 0.940031 0.250917 0.942453 0.250917 0.943266 0.253333 0.941453 0.255771 0.942250 0.258188 0.941250 0.259271 0.941656 0.261958 0.946094 0.262229 0.950344 0.260875 0.950344 0.258729 0.950547 0.257917 0.953375 0.237979 0.936391 0.239063
34 0.417844 0.417583 0.427078 0.413479 0.431172 0.562521 0.416828 0.547479 0.412719 0.417583
41 0.619406 0.154979 0.616516 0.171062 0.599125 0.166562 0.598641 0.148542 0.618437 0.149188
32 0.547609 0.464771 0.553891 0.469146 0.560766 0.485896 0.543422 0.485896 0.541031 0.477521 0.543125 0.467562 0.546109 0.466354
41 0.507047 0.150792 0.508281 0.163667 0.522391 0.163667 0.523891 0.148813 0.507047 0.148813
32 0.437469 0.546729 0.436594 0.553375 0.437953 0.560042 0.441078 0.560875 0.444578 0.559708 0.446078 0.556042 0.441578 0.553375 0.440328 0.548542 0.439078 0.545396
32 0.449297 0.554188 0.444625 0.554458 0.443359 0.551354 0.443250 0.546271 0.442938 0.542729 0.443359 0.541187 0.445375 0.539771 0.447703 0.539771 0.451516 0.539062 0.454594 0.543167 0.455016 0.547958 0.451625 0.553750 0.448656 0.554188
56 0.573391 0.125729 0.581391 0.096021 0.586531 0.080771 0.597391 0.073146 0.634547 0.067062 0.663703 0.080771 0.648266 0.099062 0.640844 0.119646 0.636266 0.128021 0.585391 0.129542 0.573391 0.130313
0 0.590078 0.451250 0.576594 0.484958 0.561422 0.509687 0.554688 0.545646 0.539516 0.561375 0.526031 0.541146 0.539516 0.489458 0.541203 0.451250 0.556375 0.410812 0.569859 0.399562 0.591766 0.388333 0.613672 0.370354 0.628844 0.354625 0.635594 0.336646 0.655813 0.327667 0.662547 0.374854 0.655813 0.388333 0.664234 0.413063 0.676031 0.426542 0.686141 0.462500 0.686141 0.475979 0.696266 0.505188 0.687828 0.518667 0.669297 0.505188 0.660875 0.480458 0.649063 0.498437 0.645703 0.529917 0.645703 0.554625 0.645703 0.574854 0.642328 0.588333 0.637266 0.606313 0.618734 0.606313 0.610313 0.586083 0.598500 0.586083 0.596828 0.608562 0.576594 0.608562 0.566484 0.583833 0.569859 0.547875
