0 0.699906 0.759146 0.715281 0.764125 0.733719 0.779042 0.754359 0.798083 0.761156 0.818854 0.767969 0.834375 0.763797 0.842292 0.762484 0.854583 0.756328 0.864812 0.745141 0.870687 0.736344 0.870979 0.730203 0.871271 0.736547 0.883667 0.734219 0.888500 0.731625 0.892750 0.736391 0.903562 0.736250 0.909938 0.739000 0.920750 0.737406 0.924229 0.729016 0.925771 0.718141 0.925583 0.716125 0.927521 0.714531 0.936979 0.709750 0.944312 0.683234 0.943729 0.676859 0.942583 0.670062 0.940271 0.666578 0.933500 0.667453 0.930604 0.675422 0.923271 0.681641 0.916312 0.689609 0.912646 0.681781 0.887917 0.677156 0.868229 0.675844 0.859333 0.671219 0.851417 0.669469 0.846979 0.668891 0.831521 0.667734 0.829792 0.660344 0.835771 0.650063 0.835771 0.641078 0.832875 0.633406 0.838479 0.631672 0.838479 0.631531 0.836167 0.633125 0.831708 0.634719 0.826500 0.635578 0.822250 0.633125 0.821104 0.624422 0.817042 0.624141 0.813375 0.626891 0.809125 0.633406 0.811063 0.635000 0.807771 0.638625 0.810854 0.641234 0.813375 0.647172 0.813958 0.649922 0.808146 0.650641 0.806229 0.658172 0.801979 0.661656 0.801000 0.667297 0.790188 0.670641 0.777646 0.669047 0.776292 0.664547 0.773583 0.661656 0.774167 0.657313 0.777833 0.655281 0.783813 0.653828 0.785375 0.653547 0.784583 0.652531 0.775521 0.647453 0.767979 0.644422 0.758333 0.648469 0.749062 0.652094 0.748292 0.645281 0.746938 0.642531 0.744813 0.642531 0.739979 0.650500 0.727625 0.660062 0.723750 0.666141 0.722021 0.673672 0.720479 0.691641 0.733417 0.693375 0.738813 0.693234 0.742104 0.691781 0.745771 0.695266 0.753104
0 0.288266 0.314958 0.286375 0.297354 0.295813 0.283771 0.299953 0.254604 0.308625 0.250583 0.315422 0.258125 0.321453 0.272208 0.335781 0.285292 0.331641 0.302375 0.329750 0.308917 0.325984 0.295833 0.316922 0.288292 0.306750 0.290312 0.305234 0.307917 0.290531 0.313938
0 0.735141 0.163875 0.750172 0.174875 0.756484 0.188458 0.757937 0.211750 0.751625 0.214979 0.752594 0.223396 0.754063 0.229854 0.750172 0.236958 0.745813 0.239562 0.735141 0.232438 0.720578 0.232438 0.707484 0.227271 0.700219 0.220792 0.692937 0.217562 0.690516 0.213042 0.691969 0.202688 0.695359 0.184583 0.707484 0.172292 0.713797 0.170354 0.715250 0.150292 0.708938 0.149000 0.708938 0.144479 0.714281 0.143188 0.717188 0.140604 0.719125 0.133479 0.730766 0.132188 0.735625 0.141250 0.740953 0.152229 0.738531 0.158063
0 0.434000 0.283375 0.432406 0.270187 0.432406 0.256979 0.434000 0.252729 0.440703 0.249750 0.446781 0.249750 0.449016 0.256979 0.448687 0.264646 0.451250 0.270604 0.452844 0.277833 0.455406 0.282104 0.465938 0.291042 0.467531 0.296146 0.461469 0.310208 0.461469 0.327229 0.460500 0.335750 0.453484 0.340438 0.438156 0.338729 0.435922 0.331917 0.433047 0.314458 0.429859 0.312333 0.426016 0.312333 0.422516 0.311479 0.421547 0.311479 0.423469 0.299979 0.426656 0.289771 0.430484 0.287625
0 0.458094 0.276292 0.458969 0.271208 0.458969 0.265729 0.462781 0.254000 0.472453 0.251271 0.479203 0.259479 0.483594 0.270417 0.480672 0.273938 0.483016 0.277458 0.497375 0.285667 0.501188 0.292708 0.499438 0.304438 0.497672 0.313813 0.495906 0.319667 0.492094 0.327104 0.487703 0.336479 0.483313 0.341167 0.459844 0.340396 0.459844 0.320063 0.462484 0.307167 0.464828 0.297396 0.466891 0.292708 0.466016 0.290354 0.462781 0.290354 0.462484 0.286833 0.461609 0.285271 0.461609 0.281750 0.459562 0.280583 0.459562 0.279021 0.456328 0.278625
0 0.693547 0.266458 0.702016 0.271396 0.707297 0.271396 0.713922 0.275292 0.716031 0.286229 0.717625 0.293292 0.725828 0.299625 0.727938 0.284458 0.728203 0.276000 0.726359 0.272104 0.723969 0.270354 0.721859 0.256583 0.720266 0.252708 0.719469 0.250229 0.719203 0.247417 0.717891 0.228000 0.715234 0.225542 0.698563 0.230125 0.694594 0.239292 0.694594 0.244937 0.695391 0.256229 0.697516 0.260812 0.699094 0.262229
0 0.338625 0.568542 0.339984 0.548729 0.346734 0.533437 0.346734 0.519938 0.354828 0.507333 0.369000 0.516333 0.370359 0.535229 0.379125 0.541542 0.370359 0.568542
0 0.606938 0.208979 0.620969 0.220604 0.618062 0.230271 0.626781 0.238667 0.634047 0.248354 0.636953 0.261250 0.637906 0.279333 0.618062 0.284479 0.611781 0.268354 0.605000 0.266417 0.596297 0.272875 0.594359 0.282542 0.585641 0.290937 0.581281 0.289646 0.578859 0.283187 0.581766 0.274167 0.583219 0.263833 0.590000 0.243833 0.600641 0.232208 0.602578 0.214146 0.604031 0.208333
0 0.489625 0.279458 0.493016 0.258833 0.506969 0.245250 0.504328 0.228167 0.508094 0.222625 0.520172 0.220125 0.525828 0.226646 0.523562 0.232187 0.522812 0.245250 0.533359 0.255812 0.538266 0.262854 0.527328 0.284979 0.522047 0.294042 0.503578 0.302083 0.502813 0.290521 0.491500 0.281958
56 0.487344 0.256646 0.483359 0.260917 0.478578 0.257708 0.471406 0.249208 0.463437 0.257708 0.461031 0.264104 0.453859 0.269417 0.452266 0.260917 0.450672 0.248146 0.456250 0.238583 0.459438 0.233271 0.463437 0.220521 0.468219 0.214146 0.479375 0.216271 0.486547 0.222646 0.485750 0.244958
34 0.561891 0.647396 0.587234 0.522563 0.579516 0.521083 0.558031 0.648146
56 0.195672 0.115667 0.200438 0.146000 0.209437 0.146708 0.210500 0.107896 0.221344 0.106500 0.222406 0.091667 0.217375 0.085313 0.210766 0.082146 0.207312 0.082146 0.202828 0.087083 0.192500 0.088146 0.191969 0.105083 0.180328 0.105792 0.179531 0.110729
0 0.591250 0.348563 0.592438 0.339146 0.596844 0.330500 0.601562 0.324625 0.601562 0.320292 0.601562 0.314417 0.605094 0.312833 0.608328 0.311271 0.612156 0.311271 0.613937 0.310875 0.616875 0.308917 0.615109 0.303021 0.618344 0.298708 0.621297 0.296354 0.618937 0.290458 0.618937 0.284958 0.622766 0.284562 0.629250 0.282208 0.633656 0.281813 0.640734 0.286521 0.643969 0.290458 0.644562 0.298708 0.644562 0.304583 0.643672 0.312042 0.635719 0.307729 0.628062 0.306938 0.622469 0.308125 0.623359 0.310083 0.630719 0.313229 0.631891 0.325792 0.634547 0.329333 0.635141 0.330500 0.640734 0.333646 0.645141 0.336000 0.641312 0.345042 0.636609 0.345437 0.634844 0.350146 0.634250 0.352896 0.634250 0.353271
56 1.000000 0.341312 0.992297 0.348125 0.986547 0.357062 0.985594 0.362583 0.968344 0.361312 0.969625 0.371542 0.979203 0.374938 0.982719 0.374083 0.999641 0.377500 1.000000 0.377500
56 0.780688 0.351667 0.792781 0.351667 0.794672 0.331000 0.805641 0.331000 0.816219 0.326458 0.825297 0.327979 0.826812 0.334021 0.828313 0.338562 0.827188 0.351167 0.818109 0.352667 0.814328 0.353687 0.812438 0.362250 0.780688 0.364271
0 0.778297 0.355521 0.771156 0.364458 0.727859 0.362667 0.722062 0.347792 0.728312 0.316854 0.733656 0.303167 0.733656 0.287104 0.737687 0.273417 0.748844 0.265667 0.757766 0.278167 0.759109 0.295417 0.774281 0.307333 0.780516 0.321021 0.783641 0.350167 0.780516 0.356125
56 0.186125 0.078000 0.189031 0.061875 0.201125 0.058646 0.211297 0.056708 0.217578 0.063813 0.216625 0.079937
56 0.165141 0.118688 0.164000 0.133646 0.155078 0.134792 0.155656 0.169292 0.147312 0.167375 0.144438 0.157021 0.140125 0.152437 0.134953 0.127896 0.137250 0.112937 0.165437 0.114479
56 0.857375 0.138917 0.860734 0.118792 0.869125 0.118792 0.875844 0.118792 0.879187 0.118792 0.890938 0.121021 0.890938 0.141146 0.882547 0.141146 0.855703 0.141146
56 0.127719 0.060104 0.127094 0.056521 0.118828 0.052396 0.107047 0.053500 0.102281 0.058729 0.101047 0.072521 0.101047 0.074437 0.116969 0.074167 0.120687 0.069479
56 0.218438 0.079625 0.220547 0.063604 0.226859 0.063042 0.229391 0.061917 0.234453 0.058563 0.242672 0.058833 0.246672 0.063896 0.245406 0.080750 0.242672 0.078771 0.242875 0.076521 0.229187 0.075125 0.225391 0.075417 0.223922 0.079625 0.220547 0.079625
56 0.185328 0.049521 0.188969 0.038167 0.198906 0.033583 0.205172 0.031958 0.212266 0.034125 0.213687 0.041417 0.213484 0.050583 0.211453 0.050854 0.211047 0.049521 0.191203 0.047625 0.190594 0.051125
56 0.422813 0.235125 0.424500 0.221688 0.431203 0.221688 0.453016 0.221688 0.456375 0.239583 0.449672 0.246292 0.444625 0.244062 0.431203 0.237354
56 0.215906 0.053896 0.218469 0.038521 0.239406 0.040229 0.242828 0.048771 0.242391 0.053896
56 0.270922 0.058979 0.244688 0.056813 0.246578 0.042750 0.250906 0.035542 0.261719 0.035917 0.265516 0.037354 0.267672 0.043833 0.269563 0.049250
0 0.475844 0.845771 0.444938 0.916917 0.439328 0.926292 0.433703 0.924417 0.429484 0.916917 0.428094 0.911312 0.433703 0.892583 0.439328 0.873875 0.440734 0.857021 0.447766 0.838271 0.453375 0.819542 0.460406 0.798937 0.470219 0.776479 0.481469 0.750271 0.495500 0.720292 0.491297 0.680958 0.482859 0.656625 0.481469 0.647250 0.487078 0.632292 0.494109 0.626667 0.498313 0.619167 0.499719 0.602312 0.502531 0.587354 0.509547 0.577979 0.520781 0.570500 0.526406 0.570500 0.534828 0.591083 0.537641 0.602312 0.539047 0.615438 0.543250 0.636021 0.561516 0.637917 0.576953 0.641646 0.585391 0.651021 0.592422 0.654771 0.595234 0.658500 0.588203 0.673479 0.582594 0.677229 0.574156 0.680958 0.567141 0.686583 0.561516 0.690333 0.558703 0.690333 0.551687 0.699708 0.546063 0.716563 0.546063 0.729667 0.547469 0.742771 0.551687 0.755896 0.555891 0.770854 0.579781 0.907583 0.575562 0.920667 0.568531 0.920667 0.564313 0.918813 0.558703 0.915063 0.548875 0.877604 0.555891 0.858875 0.523594 0.780229 0.503937 0.776479 0.503937 0.783979 0.498313 0.793333 0.492688 0.804563 0.488484 0.817687 0.482859 0.836396 0.477250 0.855125 0.468828 0.870104
