0 0.169047 0.687066 0.164516 0.657606 0.172063 0.639460 0.159984 0.623592 0.156969 0.612254 0.146406 0.587300 0.134328 0.596362 0.132828 0.616784 0.132828 0.625845 0.123766 0.643991 0.129797 0.668944 0.129797 0.687066
0 0.239156 0.677019 0.251312 0.679977 0.267984 0.683803 0.281000 0.685516 0.290609 0.686784 0.291453 0.680399 0.288922 0.673193 0.284953 0.673193 0.275625 0.656620 0.271672 0.645563 0.273078 0.639202 0.268266 0.627723 0.262906 0.622207 0.257531 0.617958 0.257250 0.613709 0.257250 0.603099 0.253563 0.597136 0.249328 0.595869 0.245656 0.598427 0.245094 0.605211 0.244797 0.615423 0.240844 0.618380 0.236328 0.620516 0.230953 0.634530 0.228406 0.645141 0.225297 0.654061 0.223312 0.662559 0.223031 0.667230 0.221906 0.674883 0.215391 0.675305 0.212859 0.676596 0.211719 0.680822 0.218500 0.681268 0.223875 0.679977 0.228687 0.679977 0.229813 0.668944 0.232078 0.662136 0.235469 0.652793 0.233203 0.663850 0.232359 0.671056 0.232078 0.676150 0.235469 0.676150
0 0.852719 0.660329 0.852531 0.646854 0.851219 0.645446 0.851406 0.639554 0.848797 0.632817 0.852906 0.623545 0.855141 0.623545 0.854406 0.622418 0.855516 0.620164 0.859078 0.621009 0.859078 0.623545 0.862625 0.631127 0.861313 0.634225 0.860578 0.641526 0.861125 0.647136 0.861500 0.659765 0.859641 0.674671 0.855516 0.674390 0.850094 0.672136 0.852531 0.668474 0.852531 0.661174
0 0.904781 0.741103 0.911312 0.731315 0.911594 0.722793 0.914984 0.709601 0.919234 0.696831 0.923203 0.693850 0.926047 0.686620 0.926609 0.679812 0.927453 0.672136 0.930016 0.663615 0.934828 0.662347 0.938516 0.662347 0.941906 0.666174 0.943328 0.672981 0.943328 0.678944 0.942766 0.682770 0.941344 0.687042 0.940781 0.690869 0.937953 0.696831 0.938234 0.705775 0.940500 0.714296 0.943328 0.722371 0.953531 0.725775 0.955234 0.726221 0.955234 0.728756 0.954953 0.733451 0.954375 0.739413 0.954672 0.750470 0.954094 0.757723 0.938797 0.758146 0.923484 0.750470 0.919234 0.750470 0.917828 0.749624 0.918672 0.729624 0.916125 0.739413 0.910172 0.746643 0.907344 0.747066
0 0.655484 0.750399 0.662969 0.749272 0.669125 0.750117 0.669688 0.751808 0.676047 0.750399 0.678672 0.748991 0.682219 0.754038 0.682969 0.757981 0.692500 0.762746 0.697734 0.759671 0.697922 0.758826 0.697547 0.757136 0.689703 0.739718 0.686328 0.736620 0.685031 0.734390 0.682969 0.724836 0.681469 0.720610 0.682781 0.709108 0.682406 0.707981 0.679047 0.703192 0.678859 0.702089 0.674547 0.699272 0.671750 0.699836 0.670625 0.703474 0.670250 0.706291 0.666891 0.713028 0.662219 0.715282 0.657547 0.718662 0.656609 0.719225 0.654172 0.720610 0.651750 0.722300 0.649500 0.731009 0.648938 0.734671 0.648188 0.735798 0.651375 0.742535 0.656797 0.743944 0.657172 0.745892 0.656609 0.747301
0 0.609391 0.684085 0.608156 0.674202 0.610625 0.668028 0.620500 0.662488 0.625016 0.669883 0.624609 0.681620 0.624203 0.693967 0.628312 0.703850 0.634469 0.710023 0.635703 0.713732 0.635703 0.722394 0.634469 0.729178 0.639406 0.745845 0.636531 0.750164 0.620906 0.744624 0.611859 0.753263 0.608984 0.750164 0.604469 0.740282 0.601594 0.735352 0.592547 0.734108 0.597469 0.710657 0.597891 0.699531 0.606109 0.688427
0 0.049812 0.616432 0.044234 0.622864 0.045516 0.637723 0.042078 0.644812 0.042516 0.659648 0.042078 0.669343 0.073875 0.673850 0.079453 0.673850 0.079453 0.662887 0.071297 0.649343 0.071719 0.639648 0.073437 0.627394 0.072578 0.618357 0.070000 0.613192 0.069141 0.606103 0.067000 0.602230 0.067000 0.597066 0.061406 0.593192 0.058828 0.592535 0.057109 0.592535 0.055391 0.594484 0.054109 0.596408 0.051094 0.601573 0.049812 0.605446 0.048953 0.610610 0.048953 0.615141
0 0.718000 0.626854 0.715828 0.631408 0.714531 0.637582 0.712578 0.652559 0.713234 0.658427 0.712578 0.666878 0.715406 0.661361 0.717359 0.660047 0.719516 0.655164 0.719953 0.648005 0.720391 0.645399 0.721906 0.640845 0.721687 0.633685 0.720391 0.627817 0.719297 0.626854
0 0.167125 0.593286 0.163109 0.596808 0.163438 0.603357 0.158406 0.606643 0.156391 0.612700 0.160578 0.625822 0.166797 0.634390 0.170328 0.637160 0.170656 0.627582 0.171328 0.620023 0.171328 0.611690 0.168641 0.606643 0.169656 0.601362 0.168313 0.594038 0.167469 0.593779
27 0.147219 0.635563 0.144672 0.638826 0.143172 0.634859 0.142516 0.632441 0.142891 0.630329 0.143828 0.628333 0.144016 0.626502 0.144484 0.624225 0.146469 0.624507 0.146469 0.628333 0.146563 0.631878 0.147219 0.634014
27 0.616484 0.694296 0.616672 0.697488 0.616750 0.699624 0.618172 0.702277 0.618969 0.704671 0.619047 0.705469 0.622672 0.704789 0.622328 0.702535 0.621266 0.701878 0.620562 0.701221 0.619938 0.699343 0.619047 0.695094 0.618703 0.691901
27 0.250266 0.631878 0.249781 0.623850 0.252219 0.623850 0.252219 0.634812 0.251234 0.637723 0.249297 0.631878
0 0.017359 0.714836 0.010953 0.711643 0.040859 0.730892 0.051531 0.759765 0.051531 0.790235 0.053656 0.854390 0.052594 0.855986 0.000000 0.883263 0.000000 0.676338
4 0.084531 0.520023 0.265641 0.603920 0.430172 0.606197 0.526766 0.588052 0.492047 0.658357 0.575063 0.669695 0.561484 0.594859 0.679203 0.601667 0.677703 0.624343 0.872406 0.628873 0.943344 0.576714 0.905609 0.540446 0.842219 0.513216 0.827125 0.486009 0.689781 0.492817 0.688266 0.438404 0.552422 0.456549 0.478469 0.465610 0.365266 0.483756 0.256594 0.474671 0.230938 0.447465 0.208297 0.356761 0.182625 0.313685 0.150937 0.306878 0.122250 0.411197 0.117734 0.422535 0.098109 0.424789 0.114703 0.497347 0.080000 0.515493
0 0.954234 0.791995 0.953094 0.783052 0.953672 0.770282 0.954797 0.756667 0.955656 0.743028 0.957625 0.727700 0.962734 0.722183 0.963297 0.711526 0.962172 0.695352 0.971516 0.684272 0.977750 0.682582 0.982000 0.686408 0.983984 0.696620 0.985125 0.708967 0.985125 0.725587 0.986828 0.735376 0.987672 0.751972 0.992781 0.763052 1.000000 0.766455 0.999297 0.780939 0.999578 0.793709 0.999297 0.802230 0.993906 0.803920 0.983984 0.795399 0.974641 0.790728 0.961031 0.791995 0.955359 0.793286
