25 0.602500 0.636928 0.588391 0.663995 0.557172 0.724342 0.522344 0.792679 0.499266 0.843534 0.499656 0.850254 0.498672 0.852610 0.492922 0.848222 0.449359 0.878060 0.403016 0.908222 0.393313 0.919631 0.366375 0.899145 0.323984 0.872517 0.275078 0.845058 0.236062 0.822887 0.219250 0.812679 0.216547 0.757667 0.218953 0.746998 0.239063 0.684434 0.248062 0.671570 0.279891 0.625427 0.301500 0.583279 0.309906 0.561986 0.321016 0.554434 0.374750 0.518499 0.398609 0.493649 0.413656 0.474342 0.425734 0.468776 0.474656 0.469954 0.493281 0.472587 0.515453 0.473464 0.546078 0.475081 0.578188 0.475958 0.580297 0.487506 0.589297 0.565589 0.601609 0.635242
25 0.551141 0.200416 0.614828 0.219723 0.646672 0.261963 0.664641 0.248684 0.653219 0.280069 0.685063 0.321109 0.695672 0.379030 0.698938 0.395935 0.647500 0.395935 0.634438 0.403187 0.603406 0.354896 0.584625 0.317483 0.576453 0.286097 0.567469 0.267991 0.532359 0.253510
0 0.517078 0.395104 0.515641 0.408868 0.527094 0.418383 0.538547 0.407806 0.552875 0.445912 0.561469 0.471293 0.578641 0.466005 0.587953 0.458591 0.580797 0.443788 0.583656 0.437436 0.591531 0.437436 0.587953 0.426859 0.560750 0.384527 0.550000 0.352771 0.542125 0.336905 0.536406 0.311501 0.533547 0.280808 0.539984 0.236374 0.557875 0.196166 0.566469 0.196166 0.569344 0.184527 0.577922 0.164411 0.585109 0.163649 0.593328 0.150762 0.592812 0.143926 0.601547 0.142402 0.603594 0.135589 0.610266 0.137852 0.614375 0.124203 0.623109 0.101432 0.630281 0.102194 0.632859 0.071848 0.628234 0.046813 0.609750 0.014942 0.593844 0.002055 0.567656 0.000531 0.560469 0.011917 0.543531 0.057436 0.528141 0.069561 0.521469 0.079446 0.512219 0.071848 0.459344 0.103718 0.386453 0.178060 0.368500 0.208430 0.353094 0.242564 0.343859 0.271386 0.341281 0.307044 0.360281 0.357898 0.386453 0.393557 0.413156 0.435289 0.432141 0.467898 0.496828 0.473210 0.513766 0.473210 0.492719 0.425404 0.459344 0.351062 0.459859 0.341963 0.466531 0.344226 0.479375 0.287321 0.481937 0.317667 0.502984 0.362448
25 0.815531 0.329861 0.830938 0.375381 0.822641 0.410393 0.829750 0.406905 0.838047 0.364873 0.852266 0.426166 0.903203 0.483949 0.942297 0.564480 0.997969 0.601247 1.000000 0.410393 0.964797 0.352610 0.902016 0.301848 0.855812 0.301848
25 0.544297 0.465727 0.574703 0.445497 0.634000 0.476975 0.731297 0.555612 0.757141 0.573603 0.825562 0.769099 0.793625 0.874711 0.632469 0.836513 0.585344 0.888199 0.559500 0.921917 0.504766 0.838753 0.600547 0.654503 0.589906 0.499446 0.579266 0.476975 0.536687 0.472471
25 0.004562 0.653926 0.047125 0.577529 0.010641 0.501132 0.001516 0.485404 0.003047 0.361801 0.041047 0.368545 0.085141 0.400000 0.117062 0.453926 0.130750 0.444942 0.162672 0.424711 0.164203 0.449446 0.147469 0.487644 0.197641 0.593256 0.203734 0.656189 0.209812 0.723603 0.208297 0.802240 0.179406 0.784272 0.127703 0.759561 0.107953 0.719099 0.098828 0.671917 0.057781 0.600000 0.024328 0.676397
25 0.218438 0.721963 0.254844 0.659192 0.285188 0.609861 0.310969 0.560531 0.341312 0.544850 0.361031 0.526905 0.350422 0.482055 0.326141 0.441709 0.306422 0.401340 0.245750 0.331848 0.194172 0.309423 0.157766 0.293718 0.103156 0.309423 0.080406 0.354249 0.068266 0.376674 0.107703 0.432725 0.115281 0.452910 0.135016 0.426005 0.163828 0.417044 0.168375 0.461894 0.159281 0.484296 0.182031 0.517945 0.200234 0.594180 0.212375 0.647991 0.218438 0.692818
25 0.592938 0.427113 0.638547 0.391155 0.775391 0.393418 0.881812 0.487783 0.901578 0.658568 0.825562 0.770947 0.764750 0.584411 0.614234 0.458568 0.576219 0.458568
25 0.165719 0.285012 0.226531 0.280531 0.269109 0.296259 0.322313 0.325473 0.340563 0.350185 0.352719 0.334457 0.345125 0.354688 0.384656 0.419861 0.407453 0.480531 0.374016 0.505243 0.323844 0.428845 0.287344 0.370416 0.237172 0.327714 0.182438 0.300739 0.168766 0.289515
25 0.000000 0.364042 0.059359 0.381363 0.099219 0.308591 0.175031 0.283164 0.200047 0.232356 0.069516 0.268152 0.014031 0.333995
