3 0.286672 0.943396 0.289297 0.938501 0.282109 0.922857 0.289937 0.890562 0.291250 0.878829 0.304953 0.861218 0.306906 0.803513 0.299734 0.798618 0.304297 0.730141 0.334312 0.745808 0.338234 0.753630 0.352594 0.770258 0.358469 0.748735 0.372828 0.732108 0.393703 0.731124 0.364344 0.689063 0.336281 0.675363 0.337578 0.654824 0.357812 0.669508 0.376094 0.692014 0.376734 0.698852 0.412625 0.732108 0.411984 0.713513 0.415891 0.702763 0.406109 0.684169 0.411984 0.671452 0.429594 0.694941 0.451781 0.657775 0.453750 0.668525 0.445922 0.678314 0.443312 0.680258 0.431563 0.693958 0.446562 0.707658 0.466141 0.702763 0.466141 0.728197 0.451781 0.728197 0.451141 0.736019 0.457656 0.745808 0.452437 0.761452 0.462891 0.790796 0.473984 0.847518 0.490938 0.898384 0.492906 0.947307 0.485078 0.982506 0.475938 0.998173 0.430906 1.000000 0.419813 0.968829 0.408719 0.917963 0.408063 0.891546 0.403500 0.888712 0.396969 0.903396 0.390438 0.907307 0.377391 0.921967 0.370859 0.932740 0.339547 0.927845 0.336281 0.925878 0.325188 0.949368 0.310828 0.960117 0.301688 0.960117 0.288641 0.951311
0 0.915750 0.820820 0.911375 0.811265 0.907391 0.801124 0.905797 0.785012 0.903813 0.767119 0.903813 0.754567 0.902609 0.743232 0.905797 0.729508 0.906984 0.715785 0.907781 0.703864 0.908578 0.696089 0.908578 0.691335 0.908984 0.686557 0.910578 0.678197 0.912562 0.670445 0.917734 0.664473 0.923719 0.657307 0.926500 0.654333 0.930484 0.651335 0.931672 0.646581 0.934469 0.640000 0.935656 0.637611 0.935266 0.634028 0.932875 0.629274 0.932875 0.623888 0.934062 0.619110 0.935656 0.608384 0.936453 0.603607 0.938437 0.600632 0.940828 0.597049 0.949594 0.595246 0.954375 0.596440 0.960344 0.600632 0.961141 0.611358 0.961141 0.617916 0.962734 0.624497 0.960734 0.631663 0.959937 0.637026 0.961938 0.642998 0.967906 0.648946 0.970688 0.653138 0.978250 0.659110 0.985828 0.666253 0.989797 0.671030 0.990203 0.681171 0.991391 0.686557 0.991391 0.699766 0.983438 0.712904 0.981844 0.717073 0.979047 0.724239 0.977063 0.734988 0.967906 0.757073 0.963922 0.773185 0.965125 0.786909 0.967906 0.800023 0.972688 0.810164 0.980250 0.817939 0.984234 0.825691 0.982641 0.868712 0.981438 0.886628 0.982234 0.896159 0.981438 0.908689 0.981844 0.921218 0.979844 0.935550 0.979844 0.941522 0.980641 0.951054 0.979047 0.954637 0.973875 0.964215 0.973875 0.968993 0.975078 0.973185 0.975078 0.976768 0.976266 0.981522 0.976266 0.986300 0.973078 0.991686 0.973875 0.996440 0.972688 0.998829 0.966719 1.000000 0.957156 0.995246 0.957547 0.988103 0.958750 0.982717 0.956766 0.973185 0.955562 0.964215 0.955562 0.961241 0.955172 0.958852 0.954766 0.949906 0.956766 0.946932 0.957547 0.940960 0.958344 0.931405 0.961141 0.916487 0.961938 0.907541 0.961531 0.895597 0.959937 0.890234 0.959141 0.886651 0.957156 0.876511 0.955562 0.866956 0.955562 0.860398 0.955562 0.847260 0.954766 0.846066 0.951984 0.859789 0.949984 0.872927 0.947594 0.884871 0.946406 0.890820 0.950391 0.893817 0.948000 0.900375 0.946016 0.905738 0.946813 0.912904 0.948000 0.917682 0.946016 0.926042 0.945609 0.933794 0.947594 0.946932 0.945609 0.955269 0.948000 0.961850 0.950391 0.967799 0.948797 0.974965 0.946813 0.979742 0.944812 0.989883 0.941625 0.993466 0.938047 0.994052 0.932875 0.991686 0.930875 0.989883 0.926891 0.982717 0.926500 0.974379 0.927687 0.967799 0.926500 0.956464 0.924516 0.950492 0.923312 0.944543 0.924906 0.935574 0.923719 0.928431 0.922516 0.917096 0.922922 0.907541 0.922125 0.907541 0.921328 0.897986 0.922125 0.891429 0.922125 0.881288 0.921719 0.872927 0.921719 0.863372 0.922516 0.841311 0.922516 0.830562 0.920922 0.828173 0.915750 0.821616 0.914563 0.819227
0 0.220984 0.659555 0.227812 0.643372 0.234906 0.636136 0.239734 0.631452 0.241438 0.622927 0.240875 0.599508 0.243719 0.585480 0.250531 0.569719 0.257625 0.567588 0.267578 0.569297 0.274391 0.579930 0.274953 0.590585 0.275531 0.605058 0.276094 0.616112 0.280078 0.625059 0.282344 0.629742 0.289453 0.644215 0.299391 0.657845 0.305359 0.710937 0.301375 0.761171 0.294844 0.815480 0.293141 0.815059 0.293422 0.792482 0.293703 0.773770 0.293703 0.757588 0.292578 0.743115 0.290016 0.728197 0.288031 0.720117 0.284328 0.707775 0.273547 0.693724 0.266719 0.688618 0.259047 0.678384 0.242859 0.676253 0.233484 0.676253 0.230359 0.674988 0.225250 0.666042 0.221266 0.660937
0 0.706625 0.967986 0.695828 0.973747 0.688125 0.996862 0.670406 1.000000 0.668094 0.984145 0.665000 0.978384 0.670406 0.948337 0.661156 0.885948 0.652672 0.870937 0.652672 0.792389 0.649594 0.780843 0.645734 0.721920 0.650359 0.696511 0.646500 0.675714 0.650359 0.658384 0.666547 0.638759 0.670406 0.635293 0.663469 0.632974 0.661922 0.624895 0.661922 0.612178 0.661922 0.609859 0.664234 0.592553 0.675016 0.576370 0.688891 0.578689 0.699687 0.590234 0.698141 0.615644 0.697375 0.634122 0.709703 0.645691 0.715094 0.683794 0.718953 0.758899 0.710469 0.800468 0.702766 0.825878 0.697375 0.825878 0.704313 0.867471 0.707391 0.892881 0.710469 0.950656 0.699687 0.934473 0.696609 0.942553
24 0.217031 0.669391 0.212281 0.665527 0.196359 0.662951 0.189906 0.666815 0.176547 0.679087 0.165781 0.695222 0.154594 0.694567 0.153297 0.694567 0.149422 0.673279 0.148141 0.670703 0.145547 0.671335 0.138656 0.674567 0.136937 0.683607 0.137797 0.693934 0.139953 0.702319 0.142109 0.708759 0.132641 0.737799 0.120578 0.774590 0.119719 0.806206 0.120578 0.848806 0.121016 0.870094 0.145547 0.867518 0.174828 0.859133 0.196359 0.838478 0.211859 0.824918 0.212719 0.793958 0.209281 0.766838 0.199375 0.739087 0.186891 0.723607 0.180422 0.711358 0.188609 0.690047 0.203250 0.673279 0.209281 0.670047 0.213578 0.670703
0 0.015828 0.681452 0.030719 0.632553 0.047750 0.616604 0.059094 0.610234 0.059797 0.574098 0.069734 0.562389 0.084625 0.557096 0.093844 0.591101 0.100938 0.614497 0.132141 0.647447 0.130719 0.686768 0.110859 0.728220 0.082500 0.746300 0.063344 0.734614 0.062641 0.703771 0.048453 0.708033 0.046328 0.719719 0.044203 0.734614 0.017953 0.732482 0.018672 0.699532
0 0.371984 0.613279 0.377703 0.623536 0.391406 0.631546 0.395594 0.676651 0.384547 0.677775 0.376547 0.683490 0.375797 0.690351 0.376172 0.703466 0.373500 0.696042 0.369703 0.685199 0.367031 0.681218 0.363609 0.676651 0.360938 0.672084 0.358656 0.667518 0.355219 0.662951 0.344563 0.656651 0.343031 0.656651 0.339219 0.658384 0.337328 0.660656 0.336172 0.666370 0.339219 0.673794 0.345703 0.677775 0.350656 0.678923 0.356359 0.681780 0.363219 0.686347 0.366656 0.689766 0.369703 0.694333 0.369703 0.698899 0.370078 0.700632 0.351797 0.701756 0.346844 0.705761 0.340750 0.702904 0.339219 0.707471 0.341516 0.714895 0.343797 0.730304 0.354078 0.733162 0.361313 0.733724 0.366266 0.736019 0.363219 0.740023 0.358266 0.752014 0.351797 0.768220 0.335422 0.754520 0.332750 0.746534 0.328172 0.738525 0.322469 0.654215 0.325125 0.639368 0.330078 0.631944 0.333891 0.626815 0.340750 0.621663 0.343797 0.618806 0.347984 0.611382 0.348750 0.607400 0.348750 0.598829 0.349125 0.591405 0.349516 0.585129 0.351797 0.575995 0.354844 0.569719 0.358266 0.566300 0.364359 0.565152 0.369312 0.567424 0.371984 0.570281 0.376547 0.575995 0.376172 0.580562 0.374266 0.597119 0.372750 0.601124 0.372359 0.603958
0 0.553469 0.979672 0.557172 0.986089 0.568844 0.986932 0.587062 0.981803 0.588781 0.977119 0.589625 0.969016 0.591344 0.955363 0.593047 0.901171 0.590203 0.865316 0.586781 0.832412 0.600172 0.823021 0.601594 0.779508 0.598734 0.690679 0.599031 0.684473 0.603859 0.675503 0.607281 0.673794 0.610984 0.670398 0.612406 0.661429 0.612969 0.652459 0.600453 0.648197 0.588484 0.632600 0.584797 0.627049 0.583938 0.624918 0.585922 0.615105 0.585922 0.604871 0.583938 0.594614 0.577625 0.587377 0.563906 0.586253 0.559969 0.586253 0.557344 0.585972 0.556219 0.586253 0.555828 0.592998 0.554328 0.599485 0.552078 0.609063 0.552266 0.612436 0.552453 0.614965 0.551703 0.618056 0.551516 0.620304 0.553391 0.622576 0.552828 0.626792 0.552828 0.630164 0.552641 0.637213 0.556781 0.638899 0.557719 0.645925 0.550203 0.652131 0.545125 0.664801 0.541750 0.677190 0.536297 0.699977 0.536297 0.703372 0.530484 0.734333 0.528969 0.759391 0.520703 0.792623 0.519203 0.801054 0.527281 0.813443 0.536109 0.799649 0.538562 0.817658 0.555266 0.819930 0.556781 0.816815 0.559219 0.826112 0.565984 0.827518 0.567859 0.825269 0.577250 0.830890 0.585641 0.840094 0.585359 0.839227 0.577953 0.852459 0.579953 0.862717 0.576250 0.874660 0.574547 0.897705 0.574547 0.913489 0.576813 0.920749 0.567703 0.933607 0.569125 0.948103 0.570562 0.951944 0.568563 0.957073 0.567703 0.961756 0.567703 0.966885 0.558594 0.974567 0.557719 0.974473 0.556406 0.948571 0.559219 0.944356 0.558281 0.929157 0.536109 0.925223 0.531984 0.919859 0.531422 0.944356 0.534422 0.947166 0.532734 0.951686 0.532547 0.955059 0.531422 0.959836 0.516391 0.962646 0.513578 0.966604 0.513578 0.971101 0.518078 0.975878 0.546812 0.975597 0.556031 0.977307
26 0.791406 0.791616 0.776359 0.794824 0.774750 0.822201 0.773141 0.849578 0.774750 0.872951 0.775297 0.892272 0.775297 0.897916 0.782812 0.904356 0.815047 0.907564 0.831172 0.901124 0.831703 0.893068 0.830094 0.885012 0.829016 0.860866 0.829016 0.825433 0.815047 0.796440 0.809141 0.800468 0.805922 0.809321 0.789266 0.803677 0.788719 0.802881
0 0.846969 0.624215 0.857391 0.600187 0.867813 0.596581 0.875828 0.612201 0.872625 0.633817 0.882234 0.684286 0.880641 0.721522 0.879031 0.739555 0.886250 0.782810 0.896672 0.814052 0.909500 0.824871 0.884641 0.839274 0.879031 0.835667 0.877422 0.780398 0.867813 0.747963 0.852578 0.759977 0.848563 0.816464 0.850172 0.826066 0.852578 0.836885 0.826125 0.828478 0.842156 0.752763 0.837344 0.696300 0.839750 0.650632 0.848563 0.621803
26 0.556641 0.823864 0.538813 0.816300 0.535703 0.879063 0.529500 0.909859 0.528719 0.918009 0.538813 0.924988 0.567500 0.928478 0.569828 0.929040 0.575250 0.920913 0.574484 0.895925 0.583016 0.850000 0.584562 0.838384 0.569828 0.823864 0.565562 0.836066 0.560125 0.835480 0.557031 0.829087
0 0.471141 0.820515 0.475969 0.769813 0.480797 0.722740 0.481609 0.670843 0.480797 0.651522 0.464687 0.624988 0.462281 0.618946 0.459859 0.606885 0.454219 0.585152 0.445359 0.576698 0.434094 0.588782 0.428453 0.610492 0.430062 0.634637 0.434891 0.635855 0.430062 0.649110 0.429266 0.662389 0.426844 0.701030 0.437313 0.704637 0.449391 0.711874 0.459859 0.703443 0.466297 0.713091 0.464687 0.723958 0.455031 0.723958 0.455031 0.746885 0.454219 0.769813 0.457438 0.787916 0.468719 0.821710
26 0.688484 0.821780 0.683563 0.871054 0.685203 0.906792 0.709859 0.951124 0.727938 0.896932 0.732047 0.871054 0.717250 0.823021 0.709859 0.814403 0.686844 0.821780
0 0.634953 0.611522 0.634531 0.628337 0.631078 0.634169 0.622437 0.641920 0.620719 0.651639 0.616828 0.720843 0.614672 0.744778 0.619422 0.766112 0.619000 0.779040 0.614672 0.795222 0.613813 0.803630 0.616828 0.810094 0.618563 0.823677 0.617266 0.832084 0.616406 0.843724 0.616828 0.852787 0.627625 0.859251 0.644016 0.855363 0.644891 0.845667 0.640141 0.832740 0.636688 0.821077 0.640562 0.809438 0.642734 0.802974 0.643156 0.794567 0.641437 0.782927 0.637547 0.770632 0.637547 0.756417 0.629781 0.747354 0.628484 0.741522 0.627625 0.729251 0.637547 0.704660 0.639703 0.700796 0.643156 0.685269 0.646609 0.670375 0.649203 0.661335 0.653078 0.654215 0.652656 0.642576 0.654812 0.632225 0.655234 0.621874 0.654812 0.616698 0.651781 0.603770 0.640562 0.602482
0 0.512078 0.703138 0.516062 0.698033 0.520312 0.696768 0.519172 0.689087 0.523156 0.684426 0.528266 0.683981 0.533094 0.674192 0.535094 0.671218 0.535656 0.662693 0.533672 0.658876 0.528844 0.651639 0.524859 0.646955 0.525422 0.646089 0.526844 0.634169 0.525141 0.626932 0.519172 0.622670 0.513781 0.625667 0.512641 0.631616 0.510938 0.638852 0.512359 0.645246 0.511516 0.650351 0.510375 0.665691 0.502984 0.663138 0.504125 0.658876 0.505266 0.678033 0.502141 0.669508
0 0.760359 0.984239 0.766359 0.972974 0.773875 0.952693 0.773875 0.921171 0.758844 0.849110 0.751344 0.799555 0.745328 0.799555 0.739313 0.799555 0.737813 0.736487 0.743828 0.684684 0.751344 0.639649 0.760359 0.601358 0.766359 0.596838 0.763359 0.556300 0.769375 0.545035 0.787406 0.542787 0.799422 0.601358 0.820453 0.621616 0.832484 0.713958 0.811437 0.797307 0.788906 0.806300 0.775375 0.824333 0.770875 0.871616 0.779891 0.907658 0.806938 0.909906 0.803938 0.970726 0.788906 0.979719
3 0.001797 0.755785 0.033453 0.773583 0.063125 0.758759 0.049281 0.748361 0.013672 0.748361 0.001797 0.737986 0.027516 0.733536 0.038391 0.720211 0.025531 0.708337 0.001797 0.684614 0.004766 0.674239 0.026531 0.677213 0.050266 0.711312 0.054219 0.706862 0.065109 0.703888 0.070047 0.718712 0.069063 0.737986 0.083906 0.745410 0.099719 0.737986 0.118516 0.723162 0.112578 0.743911 0.093797 0.772084 0.089828 0.792857 0.080937 0.806183 0.085875 0.825457 0.098734 0.828431 0.108625 0.832881 0.108625 0.852155 0.115547 0.874379 0.119516 0.908501 0.121484 0.868454 0.139297 0.893653 0.149188 0.908501 0.143250 1.000000 0.084891 1.000000 0.085875 0.973724 0.080937 0.938150 0.075000 0.929251 0.080937 0.970749 0.079938 0.981148 0.062141 0.984098 0.038391 0.988548 0.020594 0.984098 0.008719 0.995972 0.006750 0.995972
0 0.231078 0.988290 0.238031 0.946604 0.260625 0.928384 0.269313 0.850258 0.250203 0.733068 0.227609 0.680984 0.205016 0.662763 0.194594 0.657541 0.189391 0.621101 0.173750 0.587237 0.154641 0.589836 0.145953 0.631499 0.145953 0.662763 0.128578 0.678384 0.088609 0.790375 0.088609 0.803396 0.092078 0.821616 0.102516 0.819016 0.116406 0.803396 0.121625 0.868501 0.137266 0.873700 0.137266 0.886721 0.140734 0.930984 0.140734 0.988290 0.175484 0.988290 0.177219 0.988290 0.189391 0.925785 0.196328 0.988290
