56 0.242547 0.666000 0.263734 0.694250 0.264656 0.713917 0.274797 0.709000 0.281250 0.688104 0.267422 0.672146 0.260969 0.657396 0.300594 0.654938 0.305203 0.659854 0.310734 0.659854 0.317187 0.646333 0.314422 0.637729 0.245312 0.625458 0.237016 0.580000 0.281250 0.555417 0.298750 0.533312 0.291391 0.512417 0.221344 0.522250 0.201078 0.460813 0.181719 0.433792 0.139344 0.438708 0.123672 0.460813 0.109844 0.481708 0.131969 0.525937 0.155922 0.568937 0.165141 0.584917 0.188172 0.584917 0.203844 0.584917 0.217672 0.586146 0.230562 0.638958 0.183563 0.652479 0.178969 0.685667 0.193703 0.686875 0.195547 0.662313 0.239781 0.664771
73 0.789437 0.855542 0.767063 0.727229 0.828609 0.694417 0.824687 0.862250
62 0.274203 0.391250 0.262500 0.287208 0.344438 0.274729 0.348328 0.374604
73 0.827734 0.615063 0.808719 0.616438 0.801922 0.617333 0.796156 0.614625 0.792078 0.614625 0.790375 0.623667 0.786984 0.626854 0.779516 0.628667 0.775437 0.624125 0.809391 0.554396 0.813813 0.556646 0.817203 0.557104 0.822297 0.561188 0.822641 0.561646
73 0.755984 0.610979 0.781391 0.551812 0.821703 0.526062 0.824406 0.527875 0.784781 0.555417 0.760047 0.617750
73 0.818578 0.530083 0.786578 0.550813 0.760266 0.615812 0.768344 0.620188 0.771937 0.619396 0.802125 0.556792 0.825750 0.536062
73 0.810859 0.367604 0.817469 0.254833 0.825406 0.253958 0.827375 0.372000
73 0.803594 0.255646 0.816844 0.248396 0.812422 0.369312 0.801219 0.370208
73 0.781219 0.391271 0.781984 0.490542 0.782750 0.493625 0.788156 0.496708 0.792781 0.492083 0.795094 0.392292 0.793938 0.389729 0.790078 0.389729 0.783906 0.389729
73 0.817656 0.403812 0.816656 0.509854 0.827594 0.512500 0.828594 0.386583
73 0.808469 0.401271 0.806219 0.479271 0.807344 0.506250 0.815219 0.508500 0.815219 0.401271 0.812406 0.396042
73 0.799625 0.392146 0.798891 0.454500 0.798891 0.501896 0.804000 0.503187 0.805953 0.474937 0.805953 0.455792 0.805953 0.447021 0.807656 0.392146 0.799375 0.391500
59 0.335063 0.000000 0.348703 0.701292 0.411031 0.800000 0.494812 0.015583 0.488969 0.005187
59 0.521953 0.005625 0.755062 0.003375 0.809125 0.005625 0.673984 0.985354 0.619938 0.985354 0.483109 0.987604 0.407094 0.838958 0.457766 0.325458 0.493250 0.001125 0.518578 0.003375
