33 0.120781 0.502587 0.132484 0.479406 0.138437 0.471993 0.147031 0.469021 0.158500 0.474441 0.163797 0.470000 0.156297 0.463601 0.138437 0.454231 0.122109 0.453741 0.107781 0.478881 0.101594 0.508496 0.095859 0.544545 0.095859 0.568217 0.108219 0.607727 0.117484 0.625000 0.121891 0.628951 0.132484 0.640804 0.132250 0.637832 0.124984 0.623007 0.116156 0.600315 0.114391 0.550944 0.118359 0.522832
14 0.244344 0.916259 0.245000 0.915175 0.244516 0.914371 0.242609 0.913811 0.241281 0.912902 0.240391 0.911014 0.241281 0.908322 0.243078 0.908182 0.245125 0.908462 0.247047 0.909266 0.247641 0.911538 0.247641 0.911678 0.248656 0.910210 0.249672 0.908986 0.251297 0.908741 0.253344 0.908741 0.254531 0.909790 0.254359 0.912622 0.252734 0.913706 0.251844 0.914510 0.251719 0.915559 0.253031 0.916364 0.253578 0.917168 0.252562 0.918671 0.251125 0.918671 0.249500 0.918532 0.247937 0.918392 0.246859 0.918252 0.245969 0.918392 0.245000 0.918532 0.244516 0.918916 0.244156 0.918916 0.243625 0.918252 0.243859 0.917063 0.244109 0.916643
14 0.306094 0.933147 0.305469 0.940000 0.307625 0.941364 0.309766 0.942063 0.311000 0.937273 0.311000 0.936573 0.308547 0.933811 0.308234 0.931084 0.306391 0.928322 0.305172 0.931084 0.305172 0.935210
37 0.406281 0.845280 0.406797 0.848741 0.409219 0.850210 0.409000 0.857937 0.405766 0.859231 0.400406 0.857587 0.399453 0.855944 0.399516 0.846084 0.394750 0.843636 0.394313 0.842483 0.392687 0.841678 0.389234 0.842308 0.387703 0.841154 0.387250 0.846434 0.389391 0.851364 0.392172 0.852832 0.392766 0.853007 0.393500 0.851364
14 0.859719 0.946434 0.862141 0.945594 0.863531 0.942482 0.866906 0.939545 0.867047 0.935455 0.868953 0.933147 0.870484 0.932657 0.870266 0.933811 0.870203 0.938217 0.870422 0.943951 0.870203 0.947727 0.868437 0.951014 0.865000 0.951993 0.864406 0.950699 0.862500 0.950350 0.861031 0.950525 0.858844 0.950699 0.858625 0.949546 0.859797 0.948566 0.860078 0.948077
14 0.829641 0.838916 0.831516 0.833951 0.831859 0.825175 0.835953 0.824021 0.836125 0.833951 0.834750 0.841189 0.830500 0.842343
14 0.529797 0.930454 0.526109 0.924091 0.528937 0.920245 0.532641 0.920245 0.536078 0.917762 0.535594 0.923811 0.533750 0.931259 0.532391 0.931818
14 0.572000 0.936853 0.571656 0.946189 0.572875 0.948531 0.574453 0.949720 0.577578 0.951259 0.580547 0.950105 0.584031 0.946993 0.583859 0.944650 0.579500 0.943461 0.576359 0.942308 0.575672 0.939580 0.575500 0.935664 0.575500 0.933706 0.573406 0.932552 0.572188 0.933706 0.571656 0.935280
14 0.049906 0.922413 0.050563 0.928252 0.053172 0.930944 0.053172 0.935804 0.054703 0.930944 0.059266 0.928986 0.059703 0.926818 0.055125 0.923392 0.053719 0.920979 0.051328 0.917063 0.049812 0.919511
0 0.397609 0.813986 0.396672 0.816084 0.396344 0.821678 0.396031 0.825210 0.394156 0.828007 0.394156 0.834301 0.395406 0.840629 0.394781 0.845524 0.394156 0.856049 0.392906 0.875699 0.395406 0.870769 0.396031 0.858846 0.401047 0.869371 0.400422 0.863077 0.397922 0.853951 0.400422 0.841329 0.400422 0.830804 0.400734 0.820280 0.400734 0.816783
14 0.259766 0.946329 0.257859 0.944196 0.257500 0.941643 0.257594 0.938916 0.257500 0.937762 0.256281 0.935979 0.256891 0.933846 0.258297 0.932867 0.259156 0.933077 0.259516 0.935804 0.259687 0.936399 0.260375 0.936783 0.261344 0.937762 0.261516 0.939301 0.262297 0.939685 0.265969 0.939895 0.267703 0.939685 0.268844 0.939685 0.267875 0.942238 0.266750 0.942622 0.265438 0.943601 0.264484 0.944196 0.263875 0.944965 0.263266 0.945559 0.263078 0.946538 0.260906 0.947098 0.259859 0.946923
14 0.190563 0.926259 0.190250 0.923881 0.190359 0.921154 0.190672 0.919126 0.190672 0.917378 0.190406 0.915699 0.190141 0.914510 0.190187 0.911434 0.190516 0.909790 0.191047 0.908601 0.192359 0.908951 0.192687 0.910489 0.192687 0.912168 0.192844 0.914406 0.193422 0.915350 0.194219 0.916399 0.194953 0.918322 0.195328 0.920210 0.195594 0.922343 0.195641 0.924580 0.195641 0.926608 0.195641 0.927063 0.195219 0.927448 0.194109 0.927552 0.192891 0.927797 0.191578 0.927552 0.190875 0.927203 0.190406 0.926259
14 0.539266 0.959266 0.538844 0.954965 0.539172 0.950699 0.539906 0.949510 0.540766 0.946643 0.542359 0.949021 0.543531 0.953322 0.544266 0.956154 0.542250 0.957832 0.540016 0.958531 0.539703 0.958531
14 0.512437 0.923671 0.512719 0.914790 0.511547 0.912063 0.509922 0.920944
