2 0.693969 0.765938 0.696484 0.755875 0.681391 0.737958 0.657891 0.724542 0.646141 0.707750 0.633547 0.698812 0.626000 0.695437 0.625156 0.690979 0.617609 0.692083 0.599984 0.688729 0.585719 0.688729 0.569766 0.707750
2 0.826750 0.222021 0.861063 0.227042 0.866344 0.231063 0.872000 0.222521 0.880297 0.222521 0.886719 0.219500 0.889734 0.204417 0.886719 0.186833 0.881437 0.176771 0.873891 0.172750 0.838437 0.168729 0.821094 0.191854 0.817328 0.214979 0.822609 0.225542
2 0.999187 0.640896 0.999859 0.644979 1.000000 0.654479 0.999187 0.660375 0.997828 0.661292 0.992047 0.661292 0.987969 0.658104 0.929219 0.637271 0.922766 0.637729 0.917328 0.625958 0.917328 0.621875 0.911891 0.615083 0.910531 0.603771 0.909516 0.598333 0.910875 0.599250 0.923109 0.588833 0.933969 0.588833 0.948578 0.582042 0.948234 0.595167 0.947891 0.608292 0.947563 0.620083 0.985937 0.645437 0.989328 0.645437 0.992047 0.640000 0.994094 0.611021 0.984234 0.604667 0.979141 0.596521 0.979484 0.592000 0.988656 0.592000 0.994094 0.593813 0.994766 0.595625 0.994766 0.601958 0.995438 0.607396 0.997141 0.611021
2 0.755875 0.542917 0.752484 0.535792 0.770906 0.515750 0.784016 0.520917 0.797594 0.511229 0.830094 0.520271 0.848047 0.528688 0.850469 0.539042 0.848047 0.548083 0.850953 0.557146 0.833969 0.549375 0.827672 0.555208 0.805359 0.563604 0.775766 0.551979 0.761688 0.552625 0.757328 0.542271
2 0.999453 0.562688 0.995953 0.560208 0.983609 0.558646 0.981969 0.550271 0.987094 0.546542 0.990359 0.545604 0.994547 0.541562 1.000000 0.541562
7 0.851672 0.859042 0.832984 0.995604 0.812500 1.000000 0.675141 1.000000 0.434781 0.849396 0.513703 0.768271 0.577250 0.703229 0.857406 0.849438
7 0.915969 0.899875 0.902766 0.917479 0.880766 0.905750 0.853625 0.888146 0.853625 0.853917 0.858016 0.849021 0.753109 0.794229 0.761187 0.782500 0.825000 0.813812 0.833813 0.800104 0.860953 0.815750 0.871953 0.837271 0.912313 0.864667 0.917437 0.898896
7 0.790219 0.123167 0.836938 0.123708 0.876688 0.129729 0.885703 0.136292 0.892266 0.148313 0.885297 0.176729 0.866844 0.169063 0.844719 0.171250 0.825047 0.191479 0.802094 0.192563 0.777500 0.189292 0.774234 0.174000 0.779563 0.171250 0.786109 0.124812
7 0.716297 0.244937 0.709547 0.280896 0.696063 0.289896 0.662359 0.283146 0.632016 0.265167 0.588203 0.280896 0.556188 0.294375 0.527531 0.305625 0.519094 0.316854 0.497188 0.328083 0.476969 0.321354 0.458422 0.316854 0.431453 0.321354 0.417984 0.301125 0.392703 0.312354 0.350563 0.312354 0.274719 0.283146 0.273031 0.271917 0.274719 0.251687 0.308422 0.253938 0.313484 0.119104 0.318547 0.078646 0.335391 0.067417 0.338766 0.044937 0.487078 0.042687 0.583141 0.042687 0.594938 0.044937 0.586516 0.060667 0.584828 0.067417 0.618547 0.069667 0.625281 0.065167 0.640453 0.058417 0.640453 0.069667 0.660672 0.069667 0.669094 0.056187 0.679219 0.065167 0.677531 0.074167 0.677531 0.074167 0.753375 0.078646 0.763484 0.067417 0.768547 0.065167 0.773594 0.080896 0.763484 0.089896 0.758422 0.103375 0.766859 0.112354 0.765172 0.233708 0.768547 0.242687
2 0.001688 0.528083 0.040453 0.516854 0.050563 0.483146 0.087641 0.465167 0.109547 0.426958 0.102813 0.382021 0.099437 0.377521 0.085953 0.330333 0.053938 0.321354 0.010109 0.312354 0.005063 0.307875
2 0.797391 0.587417 0.787797 0.570354 0.829391 0.551875 0.831516 0.550458 0.843250 0.553292 0.883781 0.574625 0.893375 0.588854 0.885906 0.611604 0.854984 0.604479 0.795266 0.587417
