0 0.757688 0.517640 0.780180 0.521100 0.813063 0.509580 0.847658 0.513040 0.868438 0.526860 0.870150 0.547620 0.868438 0.554520 0.854595 0.563760 0.854595 0.572980 0.835556 0.575280 0.830360 0.590260 0.845946 0.615620 0.859790 0.637520 0.844204 0.651340 0.840751 0.707820 0.811321 0.707820 0.799219 0.712440 0.762853 0.794260 0.783634 0.840380 0.800931 0.850740 0.783634 0.857660 0.752492 0.851900 0.679790 0.821940 0.723063 0.789660 0.742102 0.735480 0.674595 0.749320 0.646907 0.755080 0.631351 0.760840 0.627868 0.742400 0.631351 0.734340 0.655556 0.725120 0.655556 0.710140 0.678078 0.725120 0.728258 0.722800 0.754204 0.698600 0.704024 0.700900 0.671141 0.689380 0.629610 0.712440 0.605375 0.742400 0.582883 0.743560 0.596727 0.763140 0.598468 0.773520 0.626156 0.785040 0.603634 0.801180 0.596727 0.819620 0.565586 0.836920 0.558649 0.821940 0.569039 0.793120 0.555195 0.775820 0.527508 0.752780 0.575946 0.677860 0.617477 0.632900 0.686727 0.561440 0.705766 0.549920 0.686727 0.510740 0.693634 0.506120 0.704024 0.502660 0.672883 0.469240 0.662493 0.454260 0.643453 0.442720 0.624414 0.425440 0.638258 0.419680 0.659039 0.420820 0.665946 0.443880 0.705766 0.466940 0.742102 0.504960
0 0.589490 0.889200 0.577718 0.897820 0.577718 0.908020 0.583604 0.911540 0.588318 0.914280 0.589490 0.916640 0.551832 0.928320 0.543604 0.924400 0.533604 0.918140 0.530661 0.912260 0.537718 0.907160 0.538318 0.902460 0.534775 0.893840 0.534775 0.887180 0.543033 0.884060 0.545946 0.890320 0.546547 0.893840 0.557718 0.891100 0.559489 0.887580 0.565375 0.881700 0.571261 0.879740 0.576547 0.882100 0.578889 0.884060 0.580661 0.886400
0 0.655826 0.872640 0.668078 0.880280 0.667297 0.881560 0.658498 0.882960 0.655435 0.888040 0.652763 0.891100 0.633063 0.890480 0.624054 0.890080 0.624444 0.886520 0.627508 0.880780 0.630360 0.876080 0.637658 0.873780 0.639760 0.872880 0.640330 0.864860 0.643393 0.861300 0.652553 0.861800 0.657357 0.864340 0.657357 0.870720
29 0.516336 0.656840 0.535586 0.665400 0.563063 0.668440 0.586907 0.660200 0.594234 0.649820 0.589670 0.634260 0.567658 0.618080 0.542913 0.609840 0.526396 0.607400 0.502102 0.613500 0.491562 0.626620 0.498919 0.644940
0 0.788889 0.836620 0.794955 0.821220 0.801051 0.816360 0.814444 0.806620 0.814444 0.802580 0.807147 0.796080 0.808348 0.787180 0.822943 0.782300 0.830270 0.779880 0.830270 0.783120 0.832703 0.792040 0.826607 0.798520 0.842432 0.805000 0.854595 0.810680 0.870420 0.835800 0.867988 0.838240 0.871652 0.860940 0.865556 0.873900 0.863123 0.882820 0.895976 0.914440 0.908168 0.931460 0.922763 0.951720 0.923964 0.959020 0.910601 0.962260 0.909369 0.954160 0.895976 0.936320 0.871652 0.913620 0.853393 0.894980 0.832703 0.895800 0.825405 0.899840 0.829039 0.916860 0.826607 0.938760 0.821742 0.956580 0.803483 0.959820 0.792523 0.958200 0.785225 0.954960 0.790090 0.946860 0.802252 0.940380 0.809580 0.925780 0.809580 0.904700 0.807147 0.899840 0.809580 0.877140 0.807147 0.859320 0.803483 0.840680 0.793754 0.843920 0.791321 0.841480
0 0.945435 0.879660 0.946216 0.875260 0.962913 0.875260 0.959790 0.866980 0.960571 0.861820 0.967958 0.858460 0.979219 0.865180 0.976877 0.876040 0.991231 0.883020 0.990841 0.892320 0.998228 0.899820 0.986186 0.916360 0.970661 0.901360 0.959790 0.896720 0.959429 0.887400 0.954745 0.879920 0.946607 0.879920
0 0.934084 0.925060 0.930240 0.930840 0.927658 0.938340 0.929910 0.947980 0.929249 0.953120 0.928288 0.963200 0.927988 0.968540 0.945676 0.970260 0.960150 0.973480 0.983634 0.976680 0.992613 0.970900 0.981682 0.956120 0.981051 0.944980 0.982643 0.935560 0.989399 0.927840 0.934745 0.919920 0.936667 0.919820 0.932162 0.920660 0.925736 0.924320 0.914805 0.920880 0.913514 0.918520 0.912853 0.914240 0.915766 0.908240 0.919610 0.902900 0.922823 0.903100 0.924775 0.903960 0.926697 0.901400 0.934084 0.898400 0.938258 0.897320 0.938589 0.890900 0.936667 0.887260 0.939550 0.882760 0.948559 0.881260 0.954685 0.884900 0.957568 0.889600 0.959490 0.894760 0.964655 0.898180 0.974294 0.901400 0.981381 0.904180 0.984264 0.909740 0.985556 0.917020 0.985556 0.919600 0.985556 0.919600 0.985556 0.919820 0.971411 0.920020 0.954354 0.920020 0.945015 0.919820 0.940210 0.919820
0 0.459580 0.925440 0.486637 0.919140 0.490691 0.884040 0.496096 0.884040 0.501502 0.922740 0.525826 0.933540 0.521772 0.894840 0.536637 0.848040 0.536637 0.813840 0.528529 0.793140 0.524474 0.792240 0.519069 0.775140 0.506907 0.771540 0.494745 0.788640 0.462282 0.815640 0.448769 0.842640 0.456877 0.882240 0.460931 0.917340
0 0.878438 0.870920 0.898288 0.849440 0.913183 0.852740 0.913183 0.873400 0.899549 0.880840
0 0.660721 0.870220 0.671802 0.863160 0.667778 0.859400 0.667327 0.854380 0.671321 0.851540 0.680751 0.850140 0.685706 0.854060 0.685706 0.857660 0.692763 0.870700 0.692282 0.877900 0.690420 0.883400 0.670150 0.881980 0.667087 0.878540 0.661652 0.876340 0.657177 0.873980
0 0.727117 0.900660 0.695165 0.897680 0.702823 0.888320 0.710511 0.883640 0.720751 0.882780 0.729039 0.883200 0.724565 0.875540 0.733513 0.874700 0.743123 0.875120 0.749520 0.878100 0.745676 0.884920 0.755886 0.890880 0.739910 0.892140 0.736727 0.900240
0 0.532222 0.892740 0.537508 0.883180 0.541261 0.876140 0.546547 0.871120 0.552583 0.868600 0.557868 0.865080 0.564685 0.863580 0.573724 0.867100 0.573724 0.872620 0.580541 0.878160 0.571471 0.878660 0.564685 0.879660 0.559399 0.898780 0.535976 0.893740
0 0.896276 0.883880 0.912883 0.874320 0.912132 0.874320 0.915916 0.861260 0.927237 0.860240 0.935526 0.874320 0.945345 0.880860 0.936306 0.885380 0.940060 0.895440 0.942342 0.904500 0.925736 0.909020 0.924204 0.902980 0.918168 0.893440 0.925736 0.884880 0.916667 0.879860 0.895526 0.884880
0 0.622643 0.888060 0.620511 0.890860 0.615135 0.889840 0.605646 0.890700 0.602823 0.889680 0.590240 0.886420 0.590751 0.881820 0.601021 0.872080 0.602042 0.866100 0.611532 0.863020 0.611021 0.858740 0.617688 0.855840 0.623604 0.856700 0.624114 0.864380 0.631802 0.866260 0.632823 0.873260 0.632072 0.873780 0.626667 0.879760 0.623844 0.885920 0.622312 0.888480
