0 0.074406 0.597646 0.076219 0.792960 0.063516 0.813812 0.050813 0.811188 0.036297 0.576816 0.038109 0.376300 0.061703 0.378901 0.072594 0.444013 0.107078 0.545583 0.117953 0.589843 0.094375 0.592444 0.072594 0.545583 0.068969 0.582040
56 0.110703 0.886502 0.098906 0.889596 0.092484 0.808027 0.087828 0.773655 0.078172 0.765964 0.077813 0.740292 0.089609 0.743901 0.085688 0.706951 0.078891 0.604865 0.084609 0.599215 0.131438 0.596659 0.127516 0.616659 0.127516 0.662332 0.130375 0.690538 0.132516 0.761345 0.125719 0.761839 0.127156 0.792108 0.129656 0.855740 0.127516 0.860852 0.126078 0.857780 0.117141 0.764933 0.106062 0.769552
0 0.089469 0.582444 0.087234 0.569641 0.088359 0.564843 0.079062 0.537108 0.077578 0.534439 0.064562 0.549372 0.069406 0.566435 0.069031 0.574439 0.072000 0.579776 0.074609 0.586166 0.076469 0.640045 0.073859 0.691256 0.074234 0.707803 0.077578 0.794215 0.064188 0.813565 0.055281 0.813565 0.060484 0.899978 0.099141 0.901031 0.105078 0.896233 0.096156 0.784215 0.093562 0.727152 0.085750 0.601726 0.088734 0.597915 0.104344 0.596300 0.104344 0.592578 0.103594 0.589910 0.114750 0.584955 0.115859 0.566300 0.104719 0.549215 0.096531 0.533229 0.093562 0.517220 0.092453 0.501749 0.084266 0.483072 0.077953 0.458005 0.077953 0.457489 0.083531 0.449484 0.087984 0.446816 0.110656 0.456951 0.113641 0.465471 0.115859 0.472937 0.117719 0.482556 0.119203 0.490561 0.116984 0.502287 0.113266 0.517220 0.119203 0.519888 0.127391 0.520964 0.128500 0.521480 0.135563 0.574821
40 0.849750 0.727332 0.849750 0.754529 0.846594 0.761099 0.829031 0.762601 0.824813 0.768139 0.833594 0.776211 0.849750 0.782758 0.868359 0.780740 0.872578 0.772691 0.869063 0.768139 0.856422 0.759574 0.857125 0.728341 0.873984 0.713206 0.879609 0.693049 0.877844 0.667848 0.873984 0.665336 0.839563 0.663834 0.836406 0.665852 0.835000 0.679955 0.834656 0.704641 0.845531 0.722287
45 0.983891 0.833341 0.931656 0.833341 0.912813 0.844395 0.917094 0.913184 0.929937 0.943901 0.925656 0.963565 0.947062 0.991839 0.999297 1.000000 1.000000 0.821054 1.000000 0.807534
56 0.403766 0.766121 0.409641 0.679058 0.450734 0.670628 0.444203 0.698722 0.423328 0.700583 0.419422 0.752085 0.418109 0.768924 0.408984 0.771726 0.404422 0.764238
39 0.907844 0.556592 0.922906 0.561413 0.925422 0.628677 0.933797 0.656323 0.922906 0.824507 0.906172 0.826906 0.873516 0.810090 0.883562 0.651502 0.899469 0.615471
76 0.812531 0.869888 0.815672 0.876816 0.814453 0.881995 0.806984 0.884081 0.800000 0.880964 0.799516 0.873004 0.804344 0.870247 0.811813 0.861256 0.813016 0.859170 0.808672 0.852937 0.798313 0.837040 0.799281 0.836009 0.814937 0.850179 0.820250 0.856054 0.825422 0.865987 0.827750 0.871211 0.832219 0.872646 0.836703 0.873834 0.839016 0.878834 0.839844 0.885964 0.834375 0.886211 0.827578 0.885493 0.825422 0.882623 0.824766 0.881435 0.818797 0.881682 0.816141 0.881682 0.815984 0.877870 0.820953 0.876457 0.823938 0.875740 0.824766 0.872399 0.820953 0.863610 0.820125 0.862175 0.815641 0.865740 0.813156 0.868117
39 0.999547 0.607040 0.973906 0.606166 0.969016 0.635964 0.954359 0.671883 0.953750 0.694686 0.939703 0.718341 0.928703 0.836637 0.984281 0.838408 1.000000 0.801592
76 0.483266 0.862578 0.496688 0.867825 0.504016 0.853812 0.510109 0.846816 0.534516 0.857309 0.561359 0.857309 0.566234 0.846816 0.540625 0.846816 0.566234 0.841547 0.567469 0.832803 0.521094 0.839798 0.502797 0.845067 0.485703 0.845067 0.475953 0.841547 0.468625 0.857309 0.480828 0.860807 0.484484 0.867825
71 0.523156 0.533206 0.436609 0.533700 0.410328 0.531188 0.367578 0.528677 0.350062 0.527668 0.396313 0.517601 0.399109 0.516099 0.459734 0.516614 0.503531 0.516614 0.520359 0.525650
76 0.785625 0.927018 0.809813 0.958924 0.822891 0.961726 0.825453 0.966816 0.824719 0.974776 0.821344 0.975135 0.816531 0.977197 0.809781 0.975471 0.807266 0.975090 0.804813 0.972354 0.804813 0.968431 0.805078 0.962937 0.806719 0.960987 0.793344 0.949238 0.783516 0.954327 0.789250 0.959798 0.787609 0.964910 0.784875 0.970381 0.778047 0.971166 0.771766 0.968431 0.768500 0.964126 0.767406 0.957848 0.769047 0.952354 0.775313 0.951592 0.781594 0.951973 0.787609 0.946883 0.784609 0.939036 0.777781 0.926502 0.784609 0.926502
41 0.851578 0.535000 0.851391 0.512354 0.849500 0.504821 0.851391 0.502937 0.854766 0.497803 0.878422 0.499417 0.878234 0.519372 0.873734 0.520987 0.874672 0.525292 0.872797 0.530135 0.874484 0.531502 0.875047 0.532848 0.875609 0.541726 0.852703 0.537960
76 0.722062 0.862960 0.723297 0.860179 0.726656 0.860179 0.730172 0.861188 0.735813 0.864731 0.738813 0.867758 0.738813 0.868274 0.738813 0.869283 0.734406 0.869283 0.733875 0.871570 0.734062 0.875852 0.737938 0.882444 0.745687 0.880919 0.749750 0.879148 0.751328 0.876121 0.749047 0.870561 0.743750 0.869798 0.742344 0.867758 0.741281 0.865247 0.732828 0.856121 0.730000 0.851076 0.730000 0.846525 0.725422 0.844484 0.715375 0.829821 0.715359 0.828857 0.712438 0.830247 0.714391 0.835381 0.716828 0.839327 0.717141 0.841883 0.722172 0.850964 0.723312 0.856099 0.721203 0.858408 0.719250 0.861906 0.715516 0.863072 0.713250 0.865404 0.711312 0.869350 0.714063 0.876345 0.719578 0.880762 0.724766 0.880538 0.729313 0.876816 0.731266 0.873789 0.730609 0.870516 0.728344 0.866794 0.724609 0.864709
76 0.774297 0.877489 0.768344 0.884529 0.757484 0.881009 0.756437 0.874484 0.756781 0.864933 0.763438 0.860897 0.768687 0.854372 0.763094 0.848341 0.757125 0.838274 0.757484 0.835269 0.762391 0.836771 0.768687 0.845314 0.771500 0.851861 0.784469 0.858386 0.790063 0.866928 0.796375 0.882018 0.795672 0.885045 0.794281 0.891076 0.782703 0.874305 0.775000 0.879507
76 0.773609 0.979776 0.765781 0.966300 0.781438 0.946076 0.734453 0.916861
76 0.792453 0.833879 0.795719 0.833161 0.795719 0.829193 0.789437 0.827377 0.783922 0.828117 0.783156 0.830269 0.787437 0.834238 0.787938 0.837130 0.786672 0.841457 0.783406 0.842175 0.780656 0.837848 0.780906 0.834955 0.781906 0.830987 0.781406 0.828117 0.777125 0.823789 0.770344 0.823072 0.766078 0.825224 0.765078 0.828834 0.769344 0.833161 0.776625 0.835673 0.779141 0.842892 0.776875 0.846143 0.781156 0.850471 0.784672 0.855874 0.791703 0.864888 0.795219 0.873543 0.798234 0.874619 0.798984 0.870650 0.790203 0.849731 0.791453 0.846502 0.790953 0.842892 0.791703 0.837130
41 0.737891 0.400785 0.753172 0.400381 0.755969 0.452063 0.754828 0.457646 0.742562 0.458475 0.742703 0.451794 0.736859 0.448610
39 0.499766 0.476704 0.497359 0.507220 0.483641 0.514596 0.470609 0.511659 0.464437 0.507220 0.464781 0.486054 0.484328 0.480157 0.486047 0.473274 0.486391 0.460964 0.490156 0.456525 0.490500 0.444238 0.492562 0.444238 0.493937 0.444238
39 0.950375 0.367085 0.938500 0.368341 0.932141 0.357108 0.932719 0.348386 0.934750 0.341726 0.934453 0.334664 0.933875 0.322197 0.935328 0.310987 0.936187 0.302668 0.946625 0.297265 0.961969 0.301413 0.960234 0.311390 0.955313 0.324283 0.953281 0.345897 0.951250 0.366256
41 0.782531 0.412668 0.781891 0.424686 0.782531 0.432108 0.783828 0.458475 0.803813 0.459865 0.804781 0.412197 0.795437 0.408498 0.783500 0.412197
41 0.761703 0.304933 0.762203 0.269507 0.757062 0.267354 0.756563 0.265224 0.786078 0.264978 0.786234 0.272601 0.789891 0.276883 0.789891 0.296614 0.787562 0.298991 0.783578 0.300426 0.784078 0.306614 0.762031 0.306121
39 0.890016 0.404955 0.888344 0.448610 0.880437 0.456390 0.877516 0.478498 0.874609 0.517960 0.874609 0.539484 0.880016 0.544260 0.891688 0.545471 0.894594 0.543677 0.897516 0.544260 0.902094 0.516771 0.902094 0.489260 0.903344 0.465359 0.902094 0.453386 0.901266 0.449215 0.900844 0.446816 0.900844 0.425291 0.900844 0.412130 0.900016 0.405561 0.894188 0.403161 0.890437 0.407960
76 0.699859 0.820628 0.708672 0.821480 0.713766 0.822309 0.716688 0.824283 0.712578 0.830179 0.708078 0.829327 0.704750 0.831592 0.702594 0.834395 0.709844 0.860516 0.710437 0.862489 0.707297 0.868094 0.703781 0.867534 0.695359 0.847309 0.695156 0.839440 0.695156 0.835807 0.693203 0.831592 0.690266 0.829058 0.688312 0.826256 0.685375 0.824574 0.681453 0.818655 0.683219 0.816413 0.691437 0.815583 0.698094 0.819507 0.697906 0.821749 0.700844 0.821188
41 0.762969 0.399462 0.771531 0.398610 0.779812 0.399865 0.779516 0.420650 0.780703 0.437175 0.781281 0.448184 0.780703 0.460067 0.770359 0.460067 0.765047 0.460067 0.756469 0.457511 0.758250 0.445224 0.759422 0.430381 0.760016 0.416839 0.760906 0.410897 0.762094 0.399462
41 0.790703 0.268991 0.790703 0.268991 0.796172 0.268722 0.799688 0.268722 0.803000 0.268991 0.805156 0.268991 0.805937 0.272646 0.806125 0.279933 0.806516 0.290583 0.806328 0.301502 0.806328 0.306839 0.801250 0.307108 0.797922 0.307399 0.792063 0.307399 0.789141 0.306278 0.789328 0.297018 0.789531 0.290852 0.789922 0.282735 0.789922 0.278520 0.789922 0.276009 0.790109 0.271794 0.790500 0.269283
41 0.740703 0.269731 0.740078 0.308341 0.759266 0.308341 0.761734 0.305247 0.762359 0.269283
41 0.761562 0.381345 0.762547 0.340673 0.786484 0.341368 0.784047 0.379238
76 0.651297 0.774058 0.666828 0.789933 0.670234 0.796345 0.675766 0.803049 0.678953 0.804888 0.681500 0.806726 0.681500 0.808856 0.678094 0.807646 0.675766 0.808565 0.676828 0.811614 0.674688 0.812825 0.671297 0.811300 0.673203 0.807937 0.674266 0.806413 0.666828 0.798184 0.663844 0.798475 0.664266 0.801839 0.667469 0.804888 0.669797 0.807646 0.668953 0.810987 0.665125 0.810987 0.662781 0.808251 0.665125 0.807937 0.664484 0.805807 0.660437 0.804596 0.657469 0.803969 0.654703 0.805493 0.655766 0.806726 0.657672 0.807332 0.660234 0.809170 0.656609 0.810987 0.653000 0.808856 0.651500 0.805807 0.653422 0.803049 0.656609 0.800314 0.659375 0.798475 0.660234 0.796031 0.653422 0.782601
41 0.739203 0.335381 0.738125 0.379327 0.738125 0.381659 0.753969 0.380359 0.757750 0.379843 0.758297 0.374933 0.758828 0.373632 0.762078 0.368206 0.761531 0.359933 0.759734 0.355291 0.759016 0.353229 0.758297 0.334619 0.753609 0.334350 0.740281 0.333587
76 0.691750 0.810987 0.691281 0.815740 0.689859 0.816435 0.687969 0.817108 0.684641 0.817780 0.682281 0.815740 0.681328 0.812354 0.681812 0.810987 0.683016 0.807354 0.681250 0.804238 0.680031 0.801906 0.679219 0.800336 0.679078 0.800134 0.677719 0.796233 0.677578 0.795852 0.676906 0.792735 0.676766 0.791368 0.676625 0.788834 0.676625 0.787848 0.678406 0.787063 0.680438 0.788251 0.683016 0.791951 0.684516 0.794282 0.685875 0.796816 0.687641 0.801300 0.688453 0.803072 0.689547 0.805987 0.690641 0.809305 0.692125 0.807556 0.695125 0.806570 0.696609 0.806570 0.699469 0.806973 0.701375 0.806771 0.703000 0.807937 0.705859 0.809709 0.706000 0.810673 0.707766 0.812825 0.706813 0.813991 0.703281 0.814574 0.701781 0.814776 0.699875 0.814574 0.697156 0.812825 0.695391 0.812242 0.691859 0.811457
45 0.827172 0.532130 0.821922 0.532623 0.813156 0.517534 0.813156 0.513004 0.813516 0.508991 0.820516 0.508498 0.835594 0.512511 0.848906 0.510493 0.850656 0.515538 0.844344 0.526592 0.838047 0.532623
39 0.927063 0.392063 0.941312 0.394013 0.940641 0.399865 0.937703 0.433946 0.925703 0.430695 0.925250 0.407982 0.926844 0.403744
39 0.961031 0.369013 0.955875 0.368655 0.951703 0.365830 0.951953 0.342623 0.954406 0.339103 0.953422 0.330650 0.954641 0.324664 0.958578 0.323251 0.961266 0.326076 0.962500 0.328543 0.962734 0.339103 0.962250 0.343677 0.963234 0.348587 0.962000 0.367242
39 0.975234 0.318879 0.976266 0.330695 0.973516 0.340538 0.973859 0.358251 0.983813 0.349395 0.992375 0.347422 0.991687 0.330202 0.989984 0.323789 0.989984 0.317892 0.986547 0.316906
41 0.787703 0.379776 0.789266 0.323587 0.806500 0.321345 0.804937 0.379776 0.792406 0.379776
41 0.801313 0.524888 0.793484 0.527691 0.792031 0.507354 0.798859 0.499641 0.794953 0.480695 0.802281 0.480000 0.803750 0.482803 0.804250 0.495426 0.801313 0.508049 0.801313 0.522780
40 0.619625 0.984103 0.594828 0.954439 0.588625 0.927758 0.595859 0.893655 0.601016 0.881794 0.625812 0.871413 0.658875 0.880314 0.669219 0.899596 0.672312 0.936659 0.656812 0.970762 0.636156 0.982623 0.627891 0.988543 0.629953 1.000000 0.618578 1.000000 0.620656 0.984103
0 0.188344 0.978610 0.174219 0.978610 0.160094 0.951569 0.131844 0.818700 0.124000 0.622758 0.156953 0.537152 0.166375 0.505628 0.178922 0.365987 0.191484 0.311928 0.197766 0.284910 0.222875 0.255628 0.235437 0.233117 0.249563 0.215090 0.240141 0.181300 0.237000 0.111480 0.262109 0.077713 0.304484 0.066435 0.350000 0.097982 0.356281 0.161031 0.357859 0.217332 0.339016 0.221839 0.334312 0.248879 0.312344 0.257892 0.295078 0.280404 0.291938 0.309686 0.298219 0.368251 0.302922 0.404283 0.337453 0.465090 0.384531 0.471839 0.408078 0.467332 0.430047 0.456076 0.448891 0.435807 0.463016 0.424552 0.480281 0.420045 0.497547 0.429058 0.495969 0.453834 0.492828 0.476345 0.472437 0.485359 0.448891 0.485359 0.400234 0.512377 0.373547 0.519148 0.331172 0.525897 0.312344 0.528161 0.282516 0.501121 0.288797 0.573206 0.279375 0.591211 0.277813 0.611480 0.277813 0.692578 0.295078 0.899776 0.293500 0.904283 0.287219 0.933565 0.288797 0.949327 0.235437 0.983117 0.237000 0.985359
60 0.850344 0.737646 0.671812 0.724148 0.411859 0.769103 0.347656 0.975852 0.991281 0.991569 0.952141 0.971345 0.914547 0.957870 0.917688 0.926413 0.920812 0.881457 0.909859 0.832018 0.925516 0.818543 0.931781 0.807309 0.903594 0.829776 0.872266 0.818543 0.873828 0.791570 0.873828 0.771345 0.873828 0.744372
