0 0.412844 0.646768 0.408828 0.627494 0.411234 0.619063 0.422484 0.619063 0.432922 0.619063 0.436938 0.622693 0.427297 0.653981 0.445781 0.691335 0.449000 0.705785 0.447391 0.715410 0.455422 0.725035 0.465859 0.729859 0.468281 0.734684 0.466672 0.746721 0.466672 0.764778 0.464266 0.791265 0.461047 0.808127 0.465859 0.822576 0.459438 0.824988 0.443375 0.823794 0.434531 0.817775 0.439359 0.790070 0.432922 0.784052 0.419266 0.791265 0.424094 0.808127 0.416859 0.824988 0.393562 0.817775 0.388734 0.797307 0.396766 0.762365 0.403203 0.728665 0.415250 0.708173 0.414437 0.650375
0 0.527812 0.625808 0.557422 0.627752 0.567344 0.630000 0.571094 0.630000 0.572594 0.625527 0.571281 0.619344 0.563422 0.602482 0.559297 0.600234 0.550297 0.594895 0.552359 0.585059 0.552922 0.582529 0.553859 0.572998 0.552547 0.565410 0.548609 0.561194 0.540172 0.561194 0.536609 0.565129 0.534734 0.571311 0.535672 0.581124 0.537172 0.589836 0.530062 0.598829 0.526875 0.605012 0.525187 0.611756 0.525000 0.619344 0.524063 0.623560
0 0.439156 0.592857 0.410437 0.597752 0.398688 0.600703 0.401297 0.588946 0.413703 0.580164 0.416953 0.565480 0.422828 0.551780 0.429359 0.552763 0.432625 0.562553 0.430672 0.578197 0.443719 0.590913
0 0.432516 0.668173 0.444516 0.649274 0.451125 0.643864 0.449922 0.627681 0.449922 0.614169 0.466141 0.614169 0.489563 0.603372 0.491359 0.617775 0.487766 0.637564 0.481156 0.649274 0.490156 0.686183 0.494969 0.703279 0.505781 0.711382 0.497969 0.758173 0.494359 0.787892 0.496172 0.799578 0.479953 0.804098 0.467344 0.803185 0.469750 0.766276 0.464344 0.728478 0.449922 0.723981 0.448719 0.706885 0.439109 0.688876
36 0.360328 0.606674 0.349109 0.604731 0.344797 0.606019 0.345656 0.613138 0.361625 0.625433 0.376297 0.632553 0.377594 0.642248 0.378453 0.653255 0.385359 0.654543 0.388375 0.650656 0.387516 0.644848 0.385781 0.642248 0.384484 0.639672 0.384484 0.633185 0.384484 0.629953 0.387078 0.627377 0.425484 0.620913 0.453531 0.617682 0.455266 0.622857 0.454828 0.631265 0.456563 0.636440 0.458719 0.639672 0.464328 0.638361 0.468641 0.633185 0.468641 0.627377 0.467781 0.624777 0.464750 0.620913 0.464750 0.615738 0.473812 0.615738 0.482453 0.609906 0.490219 0.598923 0.490641 0.591148 0.489359 0.587916 0.485469 0.587916 0.473391 0.589204 0.474250 0.595035 0.473391 0.600867 0.469938 0.602787 0.466484 0.603443 0.459578 0.600867 0.455266 0.598267 0.453109 0.593747 0.384484 0.603443 0.384062 0.608618 0.384062 0.618970 0.380172 0.622201 0.373703 0.623489 0.362922 0.619602 0.360328 0.614426
36 0.851594 0.912998 0.838844 0.916019 0.834484 0.918525 0.833484 0.943162 0.833484 0.943162 0.836844 0.938126 0.838516 0.952717 0.849594 0.953208 0.849594 0.941663 0.878438 0.941663 0.879438 0.951710 0.881797 0.954731 0.894203 0.952717 0.888172 0.919532 0.882797 0.917518 0.882125 0.907471 0.844891 0.916019
0 0.491141 0.623958 0.490875 0.615550 0.490078 0.606768 0.490875 0.599977 0.497000 0.594778 0.496734 0.587588 0.497547 0.573185 0.502609 0.569180 0.505813 0.567190 0.514609 0.571991 0.514344 0.586768 0.513000 0.593162 0.515406 0.597564 0.521281 0.601569 0.521547 0.613560 0.522609 0.626347 0.491672 0.627143
0 0.593578 0.625738 0.572281 0.622037 0.568563 0.612318 0.573203 0.602131 0.576594 0.598431 0.573203 0.591030 0.570734 0.582248 0.568563 0.568361 0.575047 0.560492 0.583391 0.559555 0.588328 0.566510 0.590484 0.576674 0.588016 0.585480 0.590484 0.595199 0.591406 0.610468
0 0.503844 0.962459 0.506984 1.000000 0.730344 1.000000 0.734109 0.954941 0.764859 0.924848 0.771766 0.916393 0.766109 0.896628 0.764234 0.880656 0.744781 0.854309 0.728469 0.845855 0.708391 0.837400 0.694578 0.816698 0.653797 0.782857 0.627453 0.779087 0.611141 0.767799 0.606109 0.759344 0.614906 0.748056 0.616781 0.730187 0.616781 0.715129 0.611766 0.694450 0.606750 0.666230 0.587922 0.635199 0.576625 0.629555 0.562828 0.630492 0.555297 0.638033 0.544625 0.649297 0.536469 0.655902 0.532703 0.666230 0.528313 0.689742 0.526438 0.703864 0.526438 0.723607 0.531453 0.755574 0.537719 0.777213 0.523297 0.787541 0.513891 0.788501 0.505094 0.797892 0.496313 0.808244 0.495063 0.813888 0.490672 0.840211 0.488156 0.852436 0.484391 0.866534 0.483766 0.867494 0.483766 0.881593 0.485656 0.898525 0.494438 0.926721 0.496938 0.943653 0.501328 0.957775
2 0.112453 0.853934 0.148438 0.847190 0.181422 0.849438 0.206906 0.817986 0.229391 0.755059 0.251875 0.741569 0.307359 0.741569 0.334344 0.743817 0.365828 0.748314 0.361328 0.777518 0.350828 0.811241 0.346344 0.838197 0.322344 0.869672 0.328344 0.889883 0.353828 0.887635 0.385312 0.883138 0.395813 0.842693 0.388313 0.786511 0.392812 0.759555 0.407813 0.728080 0.415312 0.712365 0.418297 0.696628 0.410813 0.649438 0.398813 0.622482 0.314859 0.620234 0.244391 0.608993 0.205406 0.570796 0.184406 0.557307 0.098953 0.559555 0.082469 0.552810 0.074969 0.548314 0.049484 0.505621 0.034484 0.498876 0.019484 0.492131 0.000000 0.492131 0.004500 0.833700 0.016500 0.887635 0.029984 0.928080 0.047984 0.939321 0.067469 0.939321 0.085453 0.919110 0.103453 0.883138
0 0.371828 0.298876 0.362828 0.352810 0.365828 0.382014 0.364328 0.444941 0.359828 0.487635 0.365828 0.534824 0.365828 0.584262 0.364328 0.604496 0.367328 0.629204 0.389812 0.588759 0.388313 0.519110 0.391313 0.444941 0.394313 0.420234 0.401812 0.424731 0.428797 0.478642 0.440797 0.525831 0.436297 0.566300 0.445297 0.591007 0.460281 0.604496 0.475281 0.593255 0.467781 0.566300 0.458781 0.514614 0.451281 0.433700 0.445297 0.400000 0.434797 0.364052 0.430297 0.337073 0.439297 0.296628 0.443797 0.287635 0.457281 0.289883 0.467781 0.296628 0.473781 0.303372 0.463281 0.314614 0.467781 0.341569 0.475281 0.343817 0.484266 0.328080 0.493266 0.307869 0.491766 0.287635 0.424297 0.226956 0.413812 0.213489 0.413812 0.202248 0.400313 0.179766 0.370328 0.186511 0.365828 0.215738 0.368828 0.235948 0.353828 0.262927 0.304359 0.323607 0.292359 0.328080 0.280375 0.341569 0.289359 0.357307 0.302859 0.348314 0.314859 0.328080 0.338844 0.307869 0.361328 0.276393
0 0.262375 0.620234 0.235391 0.600000 0.257875 0.537073 0.275875 0.525831 0.281875 0.496628 0.293859 0.496628 0.304359 0.516862 0.293859 0.539321 0.296859 0.595504 0.290859 0.615738
