71 0.595500 0.740900 0.543820 0.756620 0.550560 0.801580 0.588760 0.810560 0.696620 0.846520 0.795500 0.848760 1.000000 0.842020 0.995500 0.734160 0.858420 0.729660 0.665160 0.734160 0.611240 0.738660
39 0.168020 0.132820 0.173580 0.057860 0.202720 0.053680 0.195780 0.048140 0.218000 0.056460 0.219380 0.060640 0.240220 0.063400 0.240220 0.139760
39 0.091460 0.124780 0.086360 0.091220 0.088400 0.063740 0.107740 0.067820 0.118920 0.058660 0.132140 0.064760 0.139260 0.073920 0.150460 0.075960 0.152500 0.139020 0.085360 0.132920
39 0.386760 0.067920 0.384780 0.075800 0.377400 0.077280 0.369040 0.079740 0.366580 0.091540 0.363620 0.096460 0.365100 0.135340 0.387740 0.136320 0.411840 0.135840 0.419720 0.130920 0.421200 0.112220 0.418740 0.085140 0.418740 0.080220 0.399060 0.073340 0.397580 0.066940
71 0.139520 0.516620 0.152840 0.500500 0.356220 0.499800 0.358340 0.515920
39 0.721120 0.341920 0.722620 0.297900 0.749460 0.297900 0.749460 0.341920 0.734540 0.344140
39 0.754980 0.346200 0.755520 0.307340 0.761000 0.301860 0.758820 0.282700 0.769760 0.281060 0.770300 0.299680 0.759360 0.308440 0.759360 0.348400
79 0.197160 0.462660 0.197280 0.449360 0.197680 0.446880 0.198720 0.444400 0.199240 0.443100 0.198460 0.440880 0.198060 0.437360 0.198720 0.430320 0.200160 0.426280 0.203020 0.425620 0.204980 0.428240 0.205500 0.432920 0.205500 0.442440 0.204320 0.456140 0.202760 0.462660 0.200800 0.463820
79 0.191540 0.459900 0.190840 0.447460 0.192680 0.442660 0.192820 0.437580 0.190420 0.433760 0.185760 0.433620 0.185480 0.442800 0.188160 0.448040 0.188160 0.463440
79 0.192340 0.428960 0.196920 0.428960 0.194800 0.462840 0.191640 0.461060 0.193740 0.439540
39 0.270600 0.067960 0.270600 0.074660 0.268360 0.077640 0.267620 0.113460 0.269860 0.136580 0.336980 0.135080 0.337740 0.076900 0.334760 0.070940 0.327300 0.065720 0.311620 0.058260 0.307900 0.048560 0.295220 0.047060 0.293720 0.055280 0.276560 0.064960
