60 0.493250 0.677922 0.013516 0.675672 0.004500 0.986484 0.490984 0.988734
60 0.012344 0.663781 0.488891 0.658844 0.503703 0.340328 0.002469 0.332922
44 0.155594 0.075281 0.175156 0.064531 0.193750 0.064531 0.188859 0.072344 0.176141 0.083109 0.141906 0.120281 0.127234 0.184844 0.109625 0.236672 0.084188 0.280688 0.070500 0.274828 0.115484 0.173094 0.112562 0.113437 0.156578 0.075281
45 0.506750 0.253375 0.567562 0.212844 0.698203 0.210578 0.761266 0.239859 0.824328 0.316438 0.844594 0.390766 0.833328 0.492109 0.815313 0.498875 0.502250 0.492109
45 0.141562 0.174953 0.145578 0.132672 0.147594 0.126625 0.181828 0.102469 0.212016 0.092406 0.250281 0.084344 0.270406 0.074281 0.286516 0.050125 0.286516 0.044078 0.286516 0.019922 0.379125 0.062203 0.409328 0.110516 0.415375 0.132672 0.415375 0.160859 0.421406 0.207156 0.346922 0.303797 0.252281 0.334000 0.173766 0.315891 0.123438 0.285688 0.103297 0.265547 0.129469 0.201125 0.105313 0.205156 0.113375 0.138703 0.119406 0.114547 0.135516 0.088375 0.185844 0.060187 0.201953 0.058172 0.203969 0.058172 0.226109 0.036031 0.226109 0.019922 0.205984 0.011875 0.203969 0.017906 0.105313 0.064219 0.077125 0.114547 0.069078 0.185016 0.069078 0.209172 0.079141 0.235344 0.085188 0.241391
60 0.017984 0.013641 0.505625 0.011391 0.496625 0.312516 0.011234 0.328234
45 0.367578 0.665594 0.338391 0.630734 0.327047 0.601562 0.322984 0.569938 0.329469 0.531031 0.342438 0.509156 0.362703 0.492125 0.393516 0.476719 0.423500 0.474297 0.453500 0.478344 0.481875 0.490500 0.494844 0.505906 0.493219 0.664781
45 0.013906 0.423125 0.038094 0.416219 0.080422 0.417953 0.127937 0.460281 0.146078 0.504328 0.146078 0.539750 0.140031 0.579484 0.108938 0.621812 0.072656 0.652906 0.011312 0.669328
45 0.013484 0.420219 0.080906 0.400000 0.098875 0.368547 0.094375 0.339328 0.033703 0.330344 0.006734 0.337078 0.008984 0.404500
41 0.176719 0.363313 0.166906 0.370313 0.144469 0.371016 0.122719 0.378734 0.103094 0.401875 0.110094 0.440453 0.134641 0.454469 0.159187 0.455172 0.180234 0.446063 0.192156 0.430625 0.194953 0.412391 0.194250 0.399781 0.189344 0.389953 0.196359 0.378734
44 0.440266 0.779516 0.445703 0.801719 0.454313 0.813031 0.466531 0.820281 0.470609 0.827984 0.487813 0.853344 0.494609 0.860125 0.494609 0.811219 0.493250 0.805328 0.494609 0.800813 0.494609 0.777719 0.478766 0.765484 0.463813 0.762766 0.454313 0.762766 0.446609 0.765484 0.442078 0.770016 0.441172 0.774547 0.440719 0.779969
45 0.735062 0.010562 0.641563 0.166406 0.625969 0.202766 0.698703 0.207969 0.784422 0.262516 0.844156 0.337828 0.989609 0.402766 1.000000 0.065109 0.984422 0.026141 0.927266 0.013156
60 0.511688 0.027797 0.511688 0.490125 0.992203 0.492734 0.987016 0.004422 0.509094 0.009609 0.509094 0.009609 0.509094 0.009609 0.558437 0.009609 0.558437 0.009609
45 0.149891 0.532656 0.156594 0.593063 0.201344 0.626609 0.275172 0.619906 0.315437 0.559500 0.308719 0.501328 0.281875 0.467781 0.243844 0.454359 0.185687 0.458828 0.156594 0.490156
45 0.107391 0.712297 0.085109 0.762437 0.085109 0.812594 0.109250 0.859031 0.131531 0.892469 0.155687 0.916609 0.209547 0.925891 0.267125 0.933328 0.358141 0.901750 0.404578 0.844172 0.419437 0.803312 0.423156 0.762437 0.397156 0.725297 0.367438 0.680719 0.129688 0.678859
60 0.506844 0.517125 0.503422 0.976031 1.000000 0.969172 0.993156 0.503422 0.503422 0.503422
