0 0.069719 0.534346 0.098156 0.485444 0.112375 0.470561 0.121609 0.462056 0.136547 0.439743 0.150047 0.419533 0.156453 0.402547 0.169953 0.388715 0.175641 0.385537 0.187016 0.383411 0.182750 0.374907 0.182750 0.357897 0.186297 0.344065 0.187719 0.339813 0.196250 0.335561 0.209047 0.340888 0.214734 0.346192 0.219000 0.356822 0.213313 0.373832 0.209766 0.388715 0.205500 0.397220 0.206922 0.406799 0.208344 0.417407 0.206203 0.434416 0.206203 0.434416 0.211891 0.426986 0.219000 0.421659 0.224688 0.425911 0.228250 0.432290 0.204781 0.461005 0.206922 0.462056 0.214734 0.469509 0.218297 0.466308 0.228250 0.463131 0.232516 0.468435 0.234641 0.483318 0.234641 0.484393 0.233938 0.490771 0.219719 0.486519 0.201234 0.482266 0.192703 0.480140 0.187719 0.471636 0.177781 0.491822 0.164984 0.505654 0.162844 0.508832 0.162844 0.508832 0.164984 0.564112 0.159297 0.596005 0.123750 0.642780 0.102422 0.657664 0.098156 0.660841 0.098156 0.672523 0.105969 0.677850 0.106688 0.687407 0.105969 0.689533 0.101000 0.690607 0.081094 0.688481 0.068297 0.671472 0.079672 0.648084 0.083234 0.636402 0.091047 0.630023 0.132281 0.589626 0.127297 0.535421 0.078969 0.566238 0.049109 0.568365 0.019250 0.563037 0.000766 0.578995 0.000000 0.533294 0.000000 0.529042 0.014984 0.538598 0.020672 0.535421
0 0.768906 0.788061 0.712969 0.786402 0.710203 0.776215 0.738453 0.728995 0.737344 0.709953 0.729578 0.694206 0.721281 0.679299 0.715734 0.661916 0.710750 0.637056 0.708531 0.611379 0.704656 0.579907 0.709641 0.560654 0.727375 0.550701 0.740109 0.544907 0.739000 0.530607 0.729578 0.510724 0.727922 0.488364 0.735125 0.472640 0.741766 0.464346 0.747312 0.458551 0.765031 0.450280 0.777219 0.453575 0.785531 0.459393 0.793281 0.469322 0.795500 0.478435 0.797156 0.492500 0.797156 0.502453 0.794391 0.509907 0.787750 0.519019 0.784969 0.528131 0.786641 0.536402 0.810453 0.543037 0.824859 0.548061 0.838703 0.580350 0.849219 0.641635 0.849219 0.680561 0.842016 0.700444 0.841469 0.706238 0.844234 0.754930 0.848109 0.789720 0.865281 0.808598 0.696906 0.812734 0.695250 0.810047 0.683062 0.843178 0.683062 0.876308 0.681391 0.898668 0.718500 0.895350 0.718500 0.872150 0.730687 0.852290 0.745094 0.851449 0.763922 0.849790 0.773344 0.843995 0.780547 0.837383 0.782203 0.836542 0.809344 0.826612 0.814328 0.826612 0.820422 0.826612 0.823188 0.834065 0.832609 0.877126 0.842016 0.892874 0.848672 0.916051 0.869719 0.968458 0.871375 0.992477 0.873594 0.996612 0.900187 0.998271 0.900734 0.991636 0.896859 0.975070 0.890219 0.945257 0.887438 0.930350 0.879687 0.901355 0.873047 0.872383 0.868609 0.840911 0.868609 0.826005
34 0.850000 0.519626 0.892891 0.443014 0.948484 0.365210 0.933391 0.342664 0.892891 0.417477 0.859922 0.482196 0.844844 0.513668
0 0.348344 0.319486 0.352250 0.310000 0.360563 0.307056 0.366422 0.315841 0.367891 0.326075 0.367891 0.331192 0.365453 0.336308 0.366922 0.344346 0.376687 0.348715 0.384516 0.368458 0.391844 0.399159 0.387438 0.402804 0.391359 0.425467 0.393797 0.438621 0.393313 0.453972 0.388422 0.466402 0.385984 0.472967 0.391359 0.485397 0.396250 0.502220 0.396734 0.510257 0.399672 0.516822 0.399172 0.524860 0.400156 0.529252 0.398203 0.536565 0.401625 0.543878 0.397219 0.544603 0.392828 0.543878 0.390859 0.539486 0.389406 0.534369 0.387937 0.530724 0.385984 0.521939 0.377672 0.495631 0.369359 0.472967 0.363000 0.451051 0.360563 0.449579 0.353234 0.478084 0.342484 0.508061 0.335141 0.531449 0.333188 0.538014 0.334172 0.548995 0.325859 0.549720 0.315109 0.548248 0.317062 0.541682 0.318531 0.529977 0.325859 0.527780 0.325859 0.516822 0.337094 0.472967 0.336609 0.456893 0.332703 0.452500 0.331234 0.444463 0.333687 0.413785 0.330750 0.414509 0.331234 0.397687 0.337094 0.364065 0.343453 0.353107 0.348828 0.345794 0.350297 0.338505 0.347859 0.331192 0.345906 0.331192 0.346875 0.327523 0.347859 0.320958
2 0.555141 0.088505 0.549547 0.089650 0.525156 0.114720 0.523875 0.127640 0.550047 0.128785 0.550563 0.089650 0.554625 0.089276 0.555141 0.128014 0.555141 0.130678 0.561734 0.130304 0.562250 0.085841 0.587156 0.085093 0.591734 0.084322 0.595031 0.093832 0.591734 0.104463 0.590203 0.116636 0.594781 0.123084 0.591984 0.126121 0.587656 0.126893 0.586141 0.113972 0.586391 0.107500 0.587406 0.100654 0.587656 0.090023 0.587922 0.085467
2 0.481656 0.089112 0.490125 0.073364 0.501469 0.068107 0.549156 0.068107 0.550094 0.086869 0.531641 0.107921 0.524125 0.114930 0.522875 0.128037 0.500969 0.133178 0.494094 0.131308 0.492219 0.126636 0.486266 0.132710 0.479703 0.135047 0.475641 0.133178 0.474641 0.090327 0.474063 0.092477 0.472500 0.096682 0.468750 0.125234 0.472188 0.132243 0.472813 0.130374
2 0.234125 0.132804 0.239078 0.115537 0.249000 0.110584 0.268812 0.093294 0.288625 0.093294 0.291922 0.120467 0.298531 0.140210 0.278719 0.145164 0.235781 0.137757
2 0.463797 0.085350 0.458500 0.083551 0.449578 0.082103 0.441625 0.086799 0.418469 0.108061 0.418719 0.137640 0.416297 0.134019 0.415578 0.115280 0.415344 0.112407 0.412922 0.115631 0.410766 0.119603 0.410516 0.122126 0.410516 0.127547 0.411969 0.131495 0.413406 0.133668 0.440172 0.135117 0.443312 0.137640 0.449094 0.138341 0.451016 0.138341 0.453438 0.136192 0.458016 0.134393 0.461875 0.131145 0.461391 0.122850 0.460672 0.110958 0.460672 0.105187 0.460672 0.099766 0.460906 0.093645 0.463797 0.087150 0.470313 0.088972 0.471031 0.085724 0.472234 0.084276 0.477781 0.083551 0.481156 0.083551 0.483563 0.086449 0.481875 0.090397 0.475375 0.092921
2 0.608141 0.112874 0.605719 0.100491 0.608484 0.094813 0.616406 0.082944 0.624687 0.080888 0.642984 0.078808 0.652641 0.080888 0.660219 0.085000 0.662297 0.088621 0.662297 0.095327 0.656781 0.099439 0.648500 0.103575 0.642984 0.109766 0.640906 0.116986 0.640906 0.125748 0.638484 0.128341 0.631594 0.129883 0.626422 0.129369 0.618828 0.131425 0.613312 0.131939 0.605375 0.130397
0 0.922828 0.177523 0.920422 0.163107 0.925250 0.158318 0.930062 0.165514 0.933281 0.169112 0.939703 0.170327 0.942125 0.182336 0.938094 0.190748 0.939703 0.219579 0.939703 0.237617 0.942125 0.249626 0.933281 0.244813 0.927656 0.226799 0.922031 0.252033 0.915594 0.252033 0.914797 0.230397 0.914797 0.209977 0.915594 0.201565 0.918016 0.181145
2 0.878391 0.120491 0.873594 0.107804 0.878750 0.092383 0.887594 0.087967 0.902344 0.083575 0.908969 0.072547 0.913766 0.062617 0.925187 0.057664 0.933672 0.056005 0.965000 0.051589 0.978641 0.053808 0.980844 0.067570 0.962781 0.070888 0.950984 0.089626 0.943250 0.103949 0.938828 0.111682 0.941047 0.119930 0.882812 0.123248
2 0.319844 0.078154 0.312656 0.078715 0.297516 0.083248 0.294500 0.084930 0.292984 0.088902 0.293734 0.097383 0.293359 0.107570 0.289953 0.114346 0.292984 0.124533 0.297906 0.133575 0.306594 0.138107 0.334594 0.138107 0.338750 0.133575 0.339500 0.125654 0.347453 0.121145 0.343281 0.110397 0.344047 0.108692 0.343672 0.083808 0.347062 0.083248 0.351609 0.091168 0.350094 0.114907 0.334594 0.113224 0.320969 0.080421 0.328922 0.080981 0.333828 0.094556 0.334969 0.079276 0.332312 0.079276
2 0.769469 0.076542 0.764516 0.076542 0.738109 0.083949 0.721594 0.079019 0.696828 0.096285 0.680313 0.125935 0.706734 0.125935 0.728188 0.125935 0.757922 0.106168 0.781031 0.101238 0.774422 0.071612
2 0.645391 0.130561 0.638297 0.122593 0.640828 0.111215 0.649203 0.101752 0.658328 0.094159 0.668969 0.083925 0.689750 0.080888 0.715859 0.080888 0.711297 0.086589 0.698125 0.096051 0.688734 0.109696 0.683672 0.119556 0.680625 0.126005 0.677328 0.128645 0.672766 0.129790 0.661359 0.130164 0.649703 0.129042
2 0.181625 0.139790 0.225266 0.139136 0.233984 0.139136 0.240531 0.122173 0.260172 0.105210 0.268016 0.090210 0.217844 0.081729 0.204750 0.087593 0.196469 0.100631 0.188609 0.103248 0.176391 0.115000 0.175516 0.125444
2 0.429500 0.094743 0.417453 0.089322 0.403391 0.088738 0.389750 0.086332 0.384125 0.089322 0.370469 0.103738 0.368062 0.110935 0.369672 0.116355 0.369672 0.131355 0.372875 0.134953 0.393750 0.136168 0.408219 0.136168 0.411422 0.127757 0.413031 0.116355 0.429891 0.094743
0 0.212453 0.206893 0.210156 0.209393 0.204125 0.214065 0.207656 0.221238 0.212250 0.225911 0.214953 0.229626 0.215578 0.239603 0.217031 0.240841 0.224531 0.240841 0.227453 0.247383 0.232031 0.254556 0.239531 0.251449 0.240359 0.246145 0.240156 0.242103 0.235984 0.242407 0.229953 0.233692 0.223078 0.231192 0.220781 0.223715 0.220781 0.217500 0.218281 0.207220 0.216625 0.203154 0.213906 0.202547 0.212656 0.205958
35 0.710703 0.638107 0.694312 0.633925 0.677109 0.641706 0.666719 0.670397 0.669125 0.692523 0.673125 0.693715 0.687516 0.670981 0.699906 0.667406 0.711906 0.666799
2 0.937453 0.106215 0.947750 0.094673 0.951609 0.083131 0.961906 0.069673 0.990203 0.065818 1.000000 0.075444 1.000000 0.104299 0.963188 0.111986 0.943891 0.117757
2 0.869312 0.122617 0.878828 0.106706 0.882750 0.095818 0.889469 0.079065 0.892828 0.069019 0.882187 0.061472 0.877141 0.061472 0.866500 0.058972 0.853625 0.069019 0.836828 0.086612 0.832906 0.103364 0.831219 0.117593 0.844109 0.120935 0.848578 0.119276 0.861469 0.124299
35 0.374969 0.437266 0.382375 0.427897 0.387500 0.424065 0.395187 0.432150 0.394906 0.448762 0.393484 0.457687 0.387219 0.469182 0.383234 0.471308 0.376969 0.469182 0.371844 0.460257 0.370703 0.444486 0.372125 0.437687
0 0.637422 0.245000 0.644484 0.235444 0.644484 0.229907 0.640797 0.212804 0.639109 0.202266 0.639781 0.193715 0.640109 0.186659 0.640109 0.181145 0.640797 0.172079 0.641797 0.167056 0.643813 0.163037 0.645500 0.159509 0.649531 0.156005 0.653562 0.154486 0.657266 0.157500 0.659625 0.162523 0.660969 0.164042 0.661297 0.168575 0.659625 0.172079 0.655922 0.177617 0.655250 0.183154 0.655578 0.196729 0.655922 0.209790 0.657609 0.228411 0.656250 0.233925 0.652219 0.238972 0.651219 0.241986 0.651891 0.249019 0.652562 0.258061 0.654234 0.259065 0.654578 0.261075 0.651547 0.263107 0.648531 0.263598 0.645828 0.263107 0.646172 0.254556 0.645828 0.248014 0.644828 0.247500 0.642141 0.251028 0.641797 0.257056 0.639437 0.260584 0.636750 0.261075 0.635406 0.250537 0.634734 0.247500
35 0.213469 0.419650 0.230203 0.438411 0.238156 0.435280 0.241922 0.385841 0.224344 0.362687 0.220156 0.358294 0.213047 0.377079 0.209703 0.404626
32 0.295859 0.421565 0.300078 0.416192 0.302188 0.410093 0.300453 0.405070 0.296484 0.401939 0.292891 0.399696 0.290297 0.398411 0.287687 0.397103 0.284469 0.402103 0.282109 0.406565 0.281125 0.410631 0.280625 0.413598 0.284953 0.416939 0.295375 0.423061 0.296484 0.421028 0.296484 0.421028
0 0.744141 0.182477 0.748703 0.186729 0.751828 0.196519 0.747281 0.205888 0.745859 0.219953 0.744438 0.229743 0.745000 0.245491 0.745859 0.250607 0.748984 0.254860 0.745859 0.259112 0.742156 0.258692 0.741578 0.248037 0.737594 0.244206 0.734187 0.253575 0.735313 0.259533 0.730484 0.258271 0.729625 0.251449 0.733891 0.234836 0.733609 0.222500 0.732469 0.216542 0.731906 0.208458 0.732188 0.196098 0.734750 0.186308 0.736453 0.181192 0.735609 0.175654 0.737031 0.170561 0.742156 0.168855 0.746141 0.172687 0.746422 0.178224 0.746141 0.182056
0 0.504375 0.244112 0.501078 0.245397 0.497797 0.247220 0.491234 0.246963 0.486391 0.243598 0.482594 0.232477 0.482766 0.221893 0.486047 0.219556 0.487781 0.212313 0.489844 0.210771 0.494000 0.210000 0.495031 0.215421 0.494344 0.226799 0.499359 0.234299 0.502813 0.238178
0 0.438531 0.187547 0.438531 0.198645 0.438766 0.208341 0.440391 0.215607 0.440391 0.221168 0.439453 0.227757 0.438531 0.235023 0.436906 0.245771 0.436453 0.249229 0.433891 0.249229 0.429266 0.247850 0.430422 0.233995 0.430188 0.221168 0.428328 0.211799 0.428109 0.209042 0.428109 0.202804 0.427875 0.201051 0.426937 0.197243 0.426937 0.192407 0.427641 0.188248 0.431109 0.182687 0.431812 0.180607 0.432734 0.173668 0.436219 0.172290 0.439234 0.173341 0.440625 0.176449 0.440391 0.180257 0.438766 0.183738 0.438766 0.184089
0 0.389781 0.254416 0.390891 0.241822 0.391563 0.237173 0.391781 0.226215 0.389344 0.220911 0.388016 0.214603 0.387344 0.210304 0.387344 0.205000 0.387562 0.198014 0.387562 0.192383 0.387562 0.188061 0.387781 0.184416 0.388672 0.181776 0.390234 0.178458 0.391781 0.176121 0.389563 0.172150 0.390672 0.165841 0.393562 0.165514 0.395547 0.165514 0.398656 0.166846 0.399547 0.169486 0.399547 0.173481 0.398000 0.177126 0.398000 0.182757 0.399328 0.185093 0.399547 0.194696 0.398656 0.202991 0.398656 0.206636 0.399984 0.212944 0.401094 0.217921 0.401547 0.229860 0.398219 0.240491 0.397109 0.245794 0.397766 0.251425 0.399547 0.255070 0.399328 0.256402 0.393562 0.257079
0 0.271313 0.242430 0.272906 0.234813 0.273203 0.226542 0.272328 0.217383 0.270438 0.208668 0.269844 0.206495 0.274656 0.205187 0.278891 0.204977 0.283844 0.204533 0.284859 0.204322 0.285875 0.209112 0.286453 0.220864 0.284719 0.221098 0.283547 0.230023 0.280781 0.232430 0.280344 0.235467 0.279328 0.241355 0.279172 0.243084 0.272469 0.243972 0.271453 0.243528 0.272188 0.241355
