5 0.254063 0.804042 0.236078 0.808178 0.231937 0.795771 0.216719 0.793692 0.207047 0.756472 0.209812 0.700654 0.204281 0.655140 0.204281 0.642734 0.215344 0.630327 0.218109 0.396659 0.233313 0.336706 0.498828 0.152664 0.731156 0.181612 0.762953 0.402874 0.760188 0.611729 0.758813 0.863995 0.540312 0.878481 0.480844 0.878481 0.422766 0.859860 0.407562 0.899159 0.371609 0.853668
0 0.642938 0.655864 0.633813 0.616285 0.633813 0.579463 0.641109 0.557640 0.649328 0.531706 0.656625 0.524883 0.673047 0.519439 0.673953 0.557640 0.674875 0.593107 0.678516 0.632664 0.676687 0.651752 0.663922 0.661308 0.650234 0.654486
0 0.984703 0.720818 0.981391 0.740958 0.975203 0.750210 0.973672 0.725771 0.975875 0.697360 0.978516 0.681519 0.983828 0.644533 0.994641 0.629673 0.992219 0.620421 0.987687 0.603248 0.993234 0.589065 1.000000 0.588481 1.000000 0.828481 0.997187 0.868107 0.991250 0.862196 0.998766 0.845631 0.988875 0.816075 0.999156 0.749276
0 0.130000 0.752383 0.136078 0.752874 0.136750 0.750350 0.135734 0.745327 0.136406 0.729696 0.139109 0.723154 0.140109 0.711565 0.140109 0.701986 0.145172 0.711051 0.149219 0.711051 0.150562 0.708037 0.148875 0.700467 0.146859 0.692407 0.146187 0.688878 0.142469 0.680818 0.138766 0.675771 0.141125 0.670234 0.139109 0.665187 0.135063 0.663668 0.131687 0.674766 0.130000 0.677290 0.126297 0.684836 0.122594 0.699463 0.123609 0.717103 0.129000 0.727687 0.130000 0.738271
0 0.179406 0.753949 0.175391 0.745421 0.178062 0.737430 0.177406 0.727407 0.171047 0.727407 0.171703 0.715397 0.166688 0.712383 0.168703 0.693879 0.168703 0.682850 0.168703 0.676355 0.170031 0.670841 0.176062 0.667336 0.177406 0.660327 0.179078 0.658832 0.180078 0.657827 0.184094 0.658832 0.186438 0.662827 0.186438 0.666846 0.186438 0.669836 0.186109 0.674346 0.188109 0.679860 0.191453 0.685350 0.193469 0.689860 0.194469 0.692360 0.193797 0.697383 0.192125 0.700888 0.189781 0.703388 0.187781 0.708388 0.187109 0.713902 0.187109 0.720888 0.186766 0.722897 0.186109 0.726916 0.185766 0.727407 0.182422 0.728411 0.182422 0.737921 0.185094 0.747921 0.183422 0.751425
2 0.207656 0.699322 0.187234 0.707220 0.186531 0.717220 0.187234 0.733014 0.191109 0.735654 0.201312 0.746192 0.207297 0.739346 0.207656 0.737757 0.209063 0.703528
26 0.909844 0.763131 0.915172 0.731822 0.917078 0.725537 0.922422 0.709603 0.930422 0.732944 0.936891 0.734650 0.936516 0.769416 0.940313 0.778528 0.939172 0.793902 0.906422 0.795607 0.908328 0.763715
0 0.103750 0.729416 0.097984 0.747453 0.101141 0.750187 0.099297 0.752150 0.094062 0.752150 0.093531 0.749019 0.095375 0.740397 0.095891 0.728645 0.097734 0.702780 0.098516 0.687897 0.096672 0.680047 0.099031 0.676542 0.097984 0.672617 0.099031 0.668294 0.101922 0.663598 0.103750 0.661262 0.110828 0.660864 0.113703 0.665164 0.111875 0.667523 0.109781 0.666729 0.109516 0.672617 0.107953 0.676916 0.110563 0.682009 0.111094 0.690631 0.111875 0.698481 0.113703 0.701215 0.116062 0.709439 0.113188 0.715701 0.113969 0.724322 0.117109 0.736075 0.117109 0.743528 0.122875 0.746262 0.122094 0.750187 0.114500 0.752547 0.112406 0.749790 0.112406 0.742360 0.109781 0.732173
0 0.978250 0.676916 0.977453 0.673107 0.976969 0.671682 0.976969 0.665491 0.976969 0.660023 0.976500 0.657407 0.974578 0.656939 0.973312 0.655748 0.973469 0.653598 0.975859 0.653365 0.978563 0.646238 0.979359 0.643855 0.980469 0.641706 0.980953 0.640748 0.980313 0.638855 0.979672 0.638388 0.979984 0.634813 0.980953 0.631729 0.981266 0.630771 0.982375 0.629813 0.983484 0.629346 0.985078 0.628621 0.986203 0.629813 0.987312 0.631005 0.988266 0.633855 0.987781 0.637196 0.986672 0.639089 0.985078 0.642196 0.983328 0.644790 0.982703 0.647407 0.980781 0.660491
0 0.925703 0.631145 0.927859 0.616425 0.927625 0.610678 0.934094 0.609953 0.938422 0.612103 0.937453 0.618224 0.935297 0.623598 0.935531 0.627196 0.940812 0.656612 0.940578 0.663785 0.929531 0.636168
0 0.952906 0.697150 0.949484 0.696308 0.949781 0.677570 0.946359 0.663528 0.943797 0.658411 0.943516 0.640958 0.944656 0.635421 0.947500 0.623505 0.950062 0.621379 0.950344 0.643084 0.953766 0.676729 0.954906 0.694603 0.952625 0.696729
0 0.971016 0.696706 0.969469 0.688832 0.967297 0.690234 0.966688 0.697173 0.962969 0.695771 0.961422 0.685140 0.963594 0.662009 0.959562 0.642103 0.961734 0.634696 0.964516 0.630070 0.970703 0.633785 0.969156 0.642103 0.973797 0.663388 0.972875 0.667103 0.973188 0.687453 0.975969 0.693925
26 0.181891 0.714626 0.179141 0.709136 0.176391 0.702944 0.176844 0.700888 0.180516 0.699533 0.186484 0.703645 0.186937 0.696098 0.185563 0.695397 0.181438 0.694720 0.179594 0.691285 0.184188 0.689907 0.191984 0.698832
0 0.015078 0.710608 0.015875 0.701565 0.015078 0.697523 0.013969 0.693972 0.015719 0.689930 0.020969 0.691822 0.024141 0.695631 0.027328 0.700631 0.027016 0.704439 0.025422 0.708224 0.021281 0.709182
0 0.956250 0.643575 0.956250 0.637617 0.954734 0.629953 0.957969 0.628528 0.963094 0.629650 0.960047 0.641308
0 0.010094 0.710514 0.014953 0.709883 0.015391 0.707734 0.015672 0.700234 0.014094 0.696589 0.014812 0.690374 0.013531 0.688458 0.008797 0.688248 0.008219 0.688668 0.009078 0.692523 0.010094 0.695514 0.010234 0.696589 0.007500 0.699813 0.007656 0.706449 0.006797 0.710514 0.007938 0.711589
0 0.932063 0.896355 0.941031 0.844883 0.961984 0.820280 0.963484 0.775537 0.954500 0.703949 0.930562 0.652500 0.915609 0.634603 0.894656 0.643551 0.891672 0.708435 0.872219 0.768832 0.908125 0.786729 0.905125 0.829229 0.920094 0.833715 0.920094 0.878458 0.921594 0.903061
