0 0.657844 0.762389 0.653953 0.800398 0.654922 0.809906 0.658828 0.807728 0.668094 0.805527 0.677844 0.805527 0.677844 0.796019 0.675891 0.779930 0.676875 0.769696 0.677844 0.762389 0.679313 0.750703 0.681266 0.738993 0.681750 0.727307 0.686625 0.712670 0.692484 0.705363 0.693937 0.681967 0.693937 0.665152 0.690047 0.649063 0.687609 0.638829 0.681266 0.622014 0.681266 0.606674 0.684188 0.578899 0.700766 0.594965 0.707594 0.605948 0.704672 0.623489 0.701266 0.646885 0.703203 0.646885 0.708094 0.634450 0.713453 0.646885 0.719312 0.644684 0.721750 0.636651 0.723203 0.632998 0.722234 0.614707 0.720281 0.596440 0.719797 0.582553 0.718328 0.575222 0.689062 0.553302 0.684672 0.548923 0.670047 0.535012 0.670531 0.523326 0.666141 0.497002 0.652969 0.486768 0.638828 0.494075 0.629562 0.504309 0.631516 0.515293 0.633953 0.530632 0.634922 0.545995 0.616391 0.562810 0.604688 0.592037 0.592969 0.615433 0.611016 0.638103 0.623703 0.641756 0.628094 0.649063 0.623703 0.676112 0.627125 0.689274 0.632969 0.699508 0.642734 0.700258 0.649562 0.702436 0.652000 0.702436 0.658828 0.734614 0.658328 0.756534
56 0.321500 0.637939 0.338062 0.628806 0.350250 0.665363 0.385094 0.658829 0.406875 0.666651 0.385094 0.729321 0.416453 0.786768 0.409484 0.794614 0.377250 0.744988 0.358094 0.795902 0.350250 0.795902 0.348516 0.771101 0.362453 0.728033 0.336313 0.694075 0.316281 0.630094 0.316281 0.618361 0.304078 0.597471 0.301469 0.588314 0.328469 0.584403 0.335437 0.617049 0.324125 0.618361
56 0.249859 0.593138 0.260312 0.684145 0.266781 0.696089 0.272250 0.754262 0.280703 0.796792 0.283203 0.796792 0.286187 0.760984 0.319531 0.762459 0.325000 0.782600 0.327984 0.782600 0.320031 0.713981 0.324000 0.689368 0.316047 0.661030 0.311063 0.581967 0.256328 0.581967
60 0.825547 0.616792 0.822641 0.627260 0.810438 0.623771 0.799391 0.676042 0.787766 0.680398 0.773234 0.628993 0.766250 0.619415 0.734281 0.620281 0.732531 0.612436 0.754625 0.607213 0.761609 0.609836 0.769156 0.608080 0.772062 0.606347 0.797641 0.605480 0.825547 0.611569
56 0.186312 0.604215 0.191297 0.608899 0.222531 0.610773 0.229406 0.602342 0.230031 0.609836 0.243766 0.687541 0.251406 0.686792 0.277672 0.688923 0.276500 0.695995 0.273547 0.704403 0.269016 0.706253 0.259953 0.737752 0.271891 0.768009 0.277250 0.798899 0.271078 0.800141 0.271078 0.790867 0.242641 0.789016 0.237703 0.812482 0.231516 0.809391 0.238109 0.789625 0.231516 0.789016 0.219156 0.754426 0.202266 0.808150 0.199375 0.807541 0.215859 0.746393 0.198141 0.695808 0.189484 0.651944 0.184953 0.620445 0.182891 0.605644 0.182891 0.605644
0 0.681687 0.796955 0.684906 0.788267 0.686453 0.783630 0.688141 0.769930 0.686453 0.764707 0.682719 0.755433 0.682844 0.750234 0.681687 0.729766 0.682328 0.722810 0.684906 0.711803 0.694828 0.703489 0.709781 0.703677 0.715062 0.713138 0.720219 0.726464 0.718938 0.736511 0.712609 0.754098 0.722406 0.784801 0.722016 0.811639 0.720344 0.833091 0.719187 0.837330 0.728078 0.860117 0.716219 0.862623 0.691094 0.861475 0.665453 0.861663 0.657469 0.854707 0.653469 0.845644 0.653344 0.837728 0.654500 0.824005 0.659906 0.821686 0.665063 0.819766 0.667391 0.818009 0.662750 0.808548 0.664422 0.804895 0.669703 0.803138 0.674609 0.803138 0.679109 0.806815
56 0.772094 0.704215 0.778578 0.709532 0.760875 0.806838 0.785078 0.728993 0.789203 0.736955 0.770906 0.805948 0.776812 0.808618 0.784484 0.795340 0.813406 0.794450 0.830516 0.813045 0.829922 0.801522 0.849406 0.800632 0.852359 0.798009 0.867703 0.806838 0.861203 0.775878 0.842328 0.735199 0.857078 0.683888 0.874187 0.593653 0.865922 0.586581 0.842906 0.589227 0.835828 0.588361 0.829922 0.583045 0.819312 0.647611 0.812219 0.682998 0.802188 0.675035 0.775047 0.686534 0.770312 0.689180 0.773859 0.703349
56 0.928203 0.773091 0.922828 0.732834 0.921937 0.720749 0.925969 0.676464 0.925969 0.620070 0.927312 0.585855 0.926406 0.569063 0.921047 0.568408 0.920141 0.574450 0.870891 0.578478 0.870438 0.571077 0.866859 0.575785 0.870438 0.586511 0.873125 0.599953 0.869094 0.626792 0.863281 0.666393 0.860594 0.679813 0.865516 0.685855 0.864172 0.718056 0.862375 0.746253 0.863281 0.769742 0.867750 0.776464 0.868656 0.722763 0.872688 0.754309 0.876266 0.783162 0.883422 0.783841 0.873578 0.720070 0.871344 0.704637 0.873125 0.699953 0.912531 0.700609 0.914766 0.719415 0.917453 0.739532 0.916109 0.757002 0.919703 0.759016 0.922828 0.759672 0.923281 0.779813 0.924172 0.783841 0.930437 0.781827 0.928203 0.769063
60 0.804828 0.599110 0.799031 0.599110 0.789703 0.595691 0.780891 0.594567 0.778125 0.590047 0.778125 0.589274 0.796766 0.590796 0.811375 0.589274 0.812125 0.599110 0.805578 0.600234
60 0.578219 0.636792 0.599406 0.636792 0.607516 0.636792 0.607969 0.631382 0.604359 0.625972 0.598500 0.623934 0.586328 0.617869 0.575063 0.617869 0.574609 0.623279 0.577313 0.635433
60 0.682219 0.527424 0.688531 0.532295 0.691781 0.537166 0.691781 0.537424 0.669391 0.537705 0.666859 0.530117 0.666687 0.528220 0.636344 0.533372 0.635984 0.538244 0.620813 0.540679 0.619734 0.541756 0.615047 0.539602 0.615047 0.535527 0.615047 0.531475 0.632547 0.530398 0.635437 0.531756
58 0.770187 0.612717 0.749937 0.609204 0.751109 0.587682 0.749234 0.577447 0.749469 0.567213 0.756297 0.560140 0.763828 0.564731 0.766891 0.575667 0.768531 0.585199 0.770422 0.596487
58 0.854094 0.566066 0.853766 0.577963 0.836375 0.576698 0.836031 0.569860 0.833672 0.567330 0.830297 0.568337 0.828781 0.566066 0.829625 0.561265 0.829453 0.558993 0.828266 0.556464 0.827594 0.553162 0.829797 0.551663 0.834016 0.548361 0.837047 0.546089 0.840094 0.544824 0.844813 0.543045 0.848531 0.543560 0.852234 0.546581 0.854609 0.548876 0.856297 0.553419 0.857469 0.556721 0.857984 0.561780 0.857641 0.566838 0.858141 0.570867 0.856125 0.573419
58 0.855031 0.011546 0.856422 0.011967 0.856141 0.002389 0.857813 0.000726 0.868375 0.000726 0.864766 0.011546 0.863375 0.027799 0.857250 0.029461 0.855313 0.014052
58 0.951406 0.023841 0.951078 0.007611 0.945500 0.001218 0.974719 0.000726 0.971437 0.023349 0.951078 0.025831
56 0.614891 0.536393 0.612422 0.512787 0.616750 0.507237 0.628781 0.506792 0.630953 0.527143 0.629406 0.538244 0.626625 0.543326 0.625703 0.552131 0.624156 0.553981 0.624469 0.546581 0.617047 0.544262 0.619531 0.555363 0.616437 0.557213 0.614578 0.533630
25 0.611969 0.575152 0.607484 0.588571 0.604500 0.521475 0.600016 0.521475 0.598531 0.501335 0.601516 0.492389 0.594875 0.255269 0.569156 0.259789 0.553797 0.260796 0.538766 0.265785 0.521062 0.270796 0.515719 0.272295 0.484500 0.264262 0.307328 0.204567 0.568281 0.114005 0.598500 0.109883 0.623219 0.105761 0.686406 0.120164 0.819625 0.175761 0.873188 0.214871 0.727609 0.233396 0.599875 0.256042 0.605359 0.484543 0.614984 0.492763 0.613609 0.517471 0.609484 0.523653
58 0.874328 0.655105 0.874031 0.661429 0.918328 0.707049 0.915312 0.696675 0.912609 0.701194 0.888797 0.701194 0.887297 0.702529 0.889406 0.726932 0.914719 0.726932 0.915625 0.727377 0.914719 0.693513 0.868000 0.691241 0.874031 0.673185 0.874031 0.674988 0.926172 0.617166 0.927969 0.583302 0.923453 0.575176 0.921953 0.569297 0.899047 0.577424 0.887891 0.574262 0.874031 0.539485 0.871625 0.508782 0.877656 0.494778 0.908984 0.478056 0.927078 0.482576 0.940938 0.459555 0.952687 0.455480 0.959313 0.467681 0.962625 0.489813 0.981312 0.514192 0.971375 0.567049 0.960828 0.589625 0.955391 0.626651 0.949969 0.645621 0.953594 0.656019 0.948172 0.660094 0.948172 0.662342 0.951172 0.717892 0.933406 0.727377 0.923156 0.726932 0.927969 0.660984 0.919531 0.673185 0.921047 0.663700 0.921047 0.651054 0.876750 0.651499 0.873125 0.644286 0.876437 0.635246 0.885484 0.635691 0.886391 0.638408 0.886984 0.643817
60 0.426000 0.619157 0.403188 0.623513 0.401937 0.614801 0.391563 0.620398 0.386172 0.642155 0.393219 0.647143 0.424750 0.608595 0.445078 0.611686 0.462500 0.617916 0.463328 0.634075 0.450891 0.642155 0.425734 0.638923 0.420609 0.645269 0.416875 0.624754 0.416047 0.617916 0.407750 0.648384
