0 0.150307 0.253453 0.170425 0.287109 0.217005 0.337609 0.235000 0.373375 0.163019 0.388797 0.150307 0.384594 0.150307 0.378281 0.168302 0.376172 0.186297 0.368469 0.186297 0.362859 0.136557 0.320781 0.129151 0.317969 0.117500 0.369172 0.122783 0.378984 0.119623 0.381094 0.100566 0.381797 0.070920 0.376875 0.057170 0.368469 0.061392 0.364250 0.081509 0.365656 0.074104 0.322172 0.076226 0.282906 0.075165 0.263969 0.048703 0.216984 0.027524 0.185422 0.000000 0.188234 0.000000 0.128609 0.001061 0.120203 0.013750 0.117391 0.001061 0.108984 0.002123 0.080922 0.004222 0.045859 0.034929 0.075313 0.034929 0.082328 0.096321 0.102672 0.119623 0.123703 0.128090 0.144750 0.140778 0.162281 0.141840 0.162281 0.150873 0.198391 0.177736 0.219141 0.177736 0.228047 0.157594 0.242875 0.146415 0.247313
39 0.662193 0.819359 0.623255 0.797844 0.607028 0.763438 0.613514 0.748391 0.603774 0.698922 0.577807 0.675266 0.600519 0.625812 0.639481 0.604297 0.642736 0.576344 0.671934 0.569891 0.704410 0.572047 0.730377 0.608609 0.775826 0.647313 0.775826 0.709672 0.769316 0.776344 0.769316 0.806453 0.759575 0.817203 0.723868 0.817203 0.704410 0.817203 0.652476 0.836563 0.649222 0.825813
0 0.955212 0.000547 0.947264 0.005047 0.968255 0.014437 0.968821 0.058406 0.972217 0.075313 0.963703 0.078688 0.958609 0.082438 0.945000 0.083203 0.958042 0.090703 0.958042 0.105734 0.952382 0.112125 0.958042 0.124531 0.955778 0.127156 0.942736 0.124531 0.934788 0.100109 0.918349 0.079813 0.915519 0.067797 0.919481 0.040734 0.918349 0.033219 0.927429 0.022328 0.930826 0.011812 0.922311 0.007672 0.915519 0.000922 0.917783 0.000000 0.958609 0.000000
0 0.229458 0.032063 0.237264 0.035281 0.249929 0.043672 0.249929 0.050781 0.249929 0.055937 0.249929 0.059812 0.244080 0.066906 0.254788 0.077234 0.259670 0.081750 0.271344 0.090781 0.275236 0.093359 0.279151 0.104984 0.279151 0.114016 0.279151 0.116594 0.279151 0.124984 0.279151 0.134016 0.289858 0.146281 0.298632 0.155313 0.298632 0.155313 0.314198 0.168219 0.312264 0.174672 0.300566 0.188234 0.296675 0.198563 0.287901 0.214047 0.301557 0.223078 0.305448 0.226953 0.297642 0.234047 0.283042 0.235344 0.276226 0.235344 0.264528 0.234703 0.258679 0.232109 0.257712 0.221781 0.255755 0.211469 0.258679 0.201781 0.259670 0.187594 0.255755 0.178547 0.254788 0.166938 0.240189 0.156609 0.235307 0.149516 0.227524 0.141766 0.221675 0.129500 0.230425 0.112734 0.229458 0.099828 0.230425 0.084328 0.226533 0.072719 0.217783 0.063031 0.215825 0.055937 0.215825 0.051422 0.227524 0.037219 0.235307 0.035281
39 0.570000 0.447109 0.570000 0.459359 0.554788 0.466563 0.538467 0.472328 0.528679 0.482422 0.549340 0.568172 0.561321 0.622203 0.580896 0.630125 0.615684 0.630125 0.627665 0.620766 0.645071 0.609953 0.643962 0.584016 0.652665 0.573922 0.645071 0.491781 0.638538 0.473766 0.630920 0.467281 0.621132 0.464406 0.605896 0.462234 0.589575 0.460078 0.584151 0.448547 0.581981 0.444234 0.570000 0.444234
52 0.259316 0.761203 0.242712 0.755703 0.259316 0.728203 0.248231 0.702531 0.350637 0.724531 0.453019 0.772203 0.458561 0.781359 0.464080 0.814359 0.433656 0.830859 0.383844 0.823531 0.278679 0.775859
39 0.706533 0.445125 0.702642 0.368297 0.714363 0.360531 0.726085 0.352766 0.746934 0.345859 0.746934 0.330312 0.753443 0.330312 0.757358 0.331188 0.762571 0.329453 0.762571 0.343266 0.800354 0.355344 0.806863 0.363125 0.809481 0.546969 0.804269 0.555609 0.731297 0.560781 0.723491 0.552156 0.759953 0.535750 0.766486 0.515031 0.745637 0.505547 0.731297 0.483094 0.710448 0.456344
39 0.030236 0.553656 0.034528 0.540891 0.053797 0.532375 0.081627 0.532375 0.088066 0.553656 0.113750 0.557906 0.137311 0.577781 0.160873 0.607578 0.175873 0.651563 0.197288 0.671422 0.218703 0.695547 0.222972 0.708313 0.229410 0.718234 0.180142 0.685609 0.133042 0.664328 0.090189 0.652969 0.058066 0.626016 0.030236 0.613250 0.021675 0.601891 0.040943 0.574937 0.028090 0.556500 0.030236 0.550812
39 0.045448 0.791391 0.012995 0.733328 0.009741 0.625812 0.009741 0.608609 0.064929 0.634406 0.094127 0.658063 0.126604 0.688172 0.172052 0.769891 0.181792 0.784953 0.155802 0.797844 0.123349 0.810750 0.064929 0.804297
0 0.148656 0.069797 0.146108 0.056594 0.148231 0.050422 0.162642 0.048453 0.172830 0.052953 0.173679 0.063063 0.174104 0.068672 0.170708 0.070641 0.178750 0.078516 0.188939 0.074859 0.194009 0.078516 0.194434 0.081312 0.187665 0.088344 0.185967 0.092547 0.185118 0.100141 0.188090 0.108281 0.191061 0.119516 0.196132 0.125703 0.198255 0.127953 0.198679 0.135250 0.195708 0.140031 0.195708 0.140031 0.209292 0.147047 0.210991 0.155469 0.209717 0.158844 0.203774 0.160250 0.198679 0.147609 0.192759 0.134687 0.192759 0.127672 0.189363 0.125703 0.185967 0.125703 0.185967 0.129625 0.179175 0.139750 0.169434 0.151266 0.169858 0.162781 0.169009 0.166437 0.157972 0.157719 0.155873 0.154344 0.162642 0.146484 0.169009 0.137781 0.174528 0.131875 0.174953 0.127953 0.167311 0.127953 0.164764 0.123734 0.164764 0.123734 0.149505 0.121484 0.147382 0.109969 0.136792 0.105469 0.134245 0.091719 0.142288 0.083281 0.144410 0.083000
0 0.870825 0.059359 0.867665 0.042516 0.856014 0.037609 0.865542 0.020078 0.877193 0.009562 0.874009 0.000438 0.908939 0.003250 0.906816 0.003953 0.930118 0.013062 0.919528 0.028500 0.919528 0.057250 0.914222 0.077594 0.920590 0.084609 0.926934 0.097922 0.871887 0.072672 0.869764 0.060062
0 0.258066 0.198906 0.253632 0.193047 0.245896 0.174000 0.247005 0.163734 0.227075 0.141766 0.222665 0.131500 0.229292 0.114641 0.229292 0.089734 0.228184 0.075813 0.217123 0.061156 0.224882 0.045031 0.230401 0.037703 0.237052 0.036250 0.250307 0.042109 0.244788 0.032578 0.222665 0.028922 0.211604 0.034781 0.206061 0.042844 0.200542 0.042844 0.195024 0.050172 0.202759 0.065547 0.209387 0.069953 0.198325 0.083875 0.199434 0.111719 0.199434 0.127828 0.197217 0.141031 0.211604 0.146891 0.211604 0.164469 0.213821 0.174734 0.220448 0.190844 0.218231 0.200375 0.224882 0.204047 0.227075 0.209172 0.259151 0.203312
0 0.966297 0.019453 0.977358 0.009938 0.986203 0.000406 0.998373 0.000406 0.996156 0.083938 0.989528 0.078078 0.988420 0.068547 0.976250 0.083938 0.966297 0.097859 0.961863 0.102250 0.955236 0.092000 0.955236 0.083938 0.960755 0.072953 0.962972 0.064891 0.964080 0.060484 0.969623 0.053172 0.970708 0.050234 0.969623 0.046563 0.961863 0.036312 0.960755 0.028250
0 0.001226 0.247047 0.064528 0.293250 0.078467 0.281875 0.077406 0.306047 0.059151 0.321688 0.000000 0.282594
0 0.040024 0.076219 0.035307 0.062031 0.049410 0.053047 0.061415 0.055469 0.059858 0.063422 0.060896 0.070328 0.075519 0.080359 0.084387 0.090734 0.095873 0.102500 0.093774 0.104219 0.073939 0.096969 0.055684 0.092469 0.039505 0.083828
39 0.392547 0.030891 0.399245 0.016453 0.400920 0.007563 0.400920 0.002016 0.410991 0.013125 0.416014 0.027562
0 0.200000 0.059078 0.190259 0.063000 0.191958 0.071156 0.197877 0.078172 0.191108 0.085484 0.186439 0.095312 0.185590 0.101484 0.189410 0.112156 0.190259 0.119469 0.197877 0.126203 0.197877 0.102609 0.196203 0.093063 0.196627 0.083516 0.202547 0.073406 0.207217 0.067781 0.206368 0.063281
39 0.377830 0.017953 0.376816 0.030125 0.378656 0.039891 0.388538 0.040688 0.390354 0.023844 0.385519 0.016484 0.383090 0.014469 0.384505 0.008859 0.378656 0.011937 0.377429 0.018750
39 0.362146 0.025094 0.362500 0.039469 0.366274 0.048813 0.361108 0.050422 0.355943 0.050422 0.353208 0.032844 0.353538 0.026469 0.354575 0.025328 0.361108 0.024641
39 0.309599 0.028547 0.307075 0.031125 0.308443 0.034312 0.308679 0.034766 0.309363 0.039625 0.309363 0.039766 0.310047 0.040828 0.310283 0.041437 0.317146 0.041281 0.317146 0.034609 0.315307 0.031891 0.313491 0.030531 0.313019 0.030063 0.312099 0.028703 0.311415 0.028094 0.310283 0.028094
39 0.323467 0.026875 0.323467 0.033328 0.324528 0.037969 0.325802 0.040359 0.329953 0.040359 0.332099 0.036906 0.332288 0.032969 0.331203 0.027469 0.329222 0.025438 0.325071 0.026516
0 0.500519 0.113031 0.445778 0.274094 0.483019 0.281359 0.483019 0.349547 0.616604 0.462734 0.662618 0.506266 0.708609 0.554141 0.728302 0.545437 0.745825 0.548344 0.743656 0.528031 0.769929 0.522219 0.732689 0.504812 0.743656 0.493203 0.712972 0.464187 0.702028 0.407594 0.697641 0.362609 0.723939 0.353906 0.748019 0.343750 0.749741 0.329047 0.761675 0.333578 0.761675 0.340359 0.787264 0.351656 0.800920 0.367484 0.814575 0.442109 0.814575 0.534734 0.845519 0.539453 0.895495 0.526844 0.921698 0.518953 0.888373 0.503188 0.869316 0.481109 0.905024 0.137359 0.940731 0.126312 0.935967 0.102656 0.793160 0.045891 0.797925 0.026969 0.816958 0.012781 0.819340 0.001750 0.619410 0.003328 0.638443 0.038016 0.638443 0.050625 0.502783 0.112125
