0 0.615100 0.938280 0.611620 0.944472 0.607760 0.951995 0.608140 0.955986 0.613160 0.957317 0.613160 0.960413 0.609300 0.979450 0.607760 0.993624 0.610460 0.999839 0.617420 0.998945 0.622040 0.996720 0.624360 0.990528 0.629000 0.994954 0.632860 0.993624 0.630940 0.981239 0.625140 0.967064 0.623200 0.960413 0.623200 0.944037 0.626680 0.932064 0.632080 0.916583 0.631320 0.912592 0.626680 0.906835 0.625520 0.896193 0.613560 0.901514 0.613160 0.913027 0.613160 0.922339 0.611620 0.935619 0.611240 0.938716
0 0.022940 1.000000 0.028820 0.957661 0.030780 0.919473 0.050380 0.894748 0.089840 0.896789 0.095800 0.909495 0.100920 0.931009 0.106040 0.952546 0.100920 0.978945 0.097520 0.990688 0.094960 0.999495
9 0.359760 0.500183 0.347000 0.494335 0.337440 0.493601 0.332340 0.487752 0.325960 0.477523 0.328520 0.449725 0.334260 0.447546 0.341260 0.375894 0.347000 0.339335 0.355920 0.337156 0.357200 0.337156 0.359120 0.337156 0.380160 0.348119 0.390360 0.351032 0.394180 0.365665 0.390360 0.362729 0.389080 0.371514 0.389080 0.454839 0.376960 0.491399
0 0.593480 0.960505 0.590740 0.964817 0.589360 0.971491 0.584220 0.981307 0.577380 0.990344 0.567100 0.999381 0.564380 0.998578 0.561640 0.991904 0.568480 0.980528 0.567460 0.966399 0.562660 0.970711 0.562320 0.970711 0.558200 0.964817 0.559240 0.960115 0.559000 0.960206 0.558540 0.944564 0.560420 0.938601 0.564420 0.936193 0.571480 0.934564 0.571480 0.934289 0.570780 0.931055 0.568420 0.927546 0.567960 0.924037 0.569140 0.920528 0.571020 0.914312 0.573840 0.909977 0.577840 0.909977 0.581860 0.911330 0.584440 0.917271 0.585620 0.920780 0.584440 0.926720 0.584440 0.930505 0.587740 0.932133 0.590560 0.932936 0.593380 0.944289 0.595880 0.947156 0.596560 0.935367 0.598620 0.934977 0.605460 0.953830 0.607520 0.964427 0.608200 0.973853 0.608540 0.982890 0.607520 0.991514 0.604780 0.992706 0.603400 0.982890 0.599980 0.974633 0.596900 0.964037
2 0.393440 0.901078 0.365860 0.900115 0.367720 0.889656 0.389500 0.890138 0.395500 0.893693 0.397580 0.895138 0.396340 0.900826
0 0.263320 0.933417 0.255500 0.932087 0.256660 0.923784 0.249720 0.927110 0.248560 0.935413 0.242480 0.930436 0.245380 0.924128 0.249440 0.918486 0.253200 0.906881 0.253780 0.898257 0.254640 0.894610 0.257820 0.893945 0.261580 0.894610 0.261880 0.905206 0.266500 0.912844 0.265640 0.917500 0.261580 0.922133 0.262160 0.926445 0.265340 0.932752
0 0.199260 0.896353 0.202600 0.894656 0.206680 0.899335 0.207420 0.908280 0.207420 0.909977 0.205940 0.919335 0.209660 0.935092 0.200740 0.919771 0.197780 0.931697 0.193680 0.928716 0.196280 0.918486 0.196280 0.909128 0.194800 0.904862 0.200740 0.896353
0 0.624380 0.967890 0.622460 0.956881 0.626300 0.931330 0.632820 0.912821 0.643200 0.908853 0.643580 0.895642 0.652040 0.889472 0.653580 0.898716 0.649740 0.922064 0.655880 0.932638 0.646660 0.954679 0.632820 0.978486
0 0.771920 0.967477 0.774300 0.956537 0.774040 0.947408 0.774580 0.939518 0.768740 0.941330 0.769800 0.934954 0.774580 0.928876 0.775360 0.926743 0.775360 0.922179 0.779340 0.917317 0.783840 0.917018 0.788080 0.918532 0.791540 0.923716 0.791540 0.926743 0.797900 0.929174 0.799220 0.933738 0.793660 0.934656 0.790480 0.938303 0.790740 0.948326 0.791540 0.952569 0.780400 0.961078 0.774840 0.967156
0 0.222800 0.936743 0.228480 0.934014 0.227940 0.926239 0.227760 0.918028 0.227200 0.913188 0.225000 0.909610 0.224080 0.905826 0.221140 0.905596 0.220960 0.912339 0.218580 0.916124 0.215460 0.923486 0.218760 0.927500 0.221140 0.928119 0.222440 0.932959
2 0.141660 0.896399 0.163940 0.895550 0.172100 0.895550 0.176940 0.898096 0.180280 0.903647 0.181380 0.907477 0.182500 0.910872 0.182880 0.913853 0.182880 0.914702 0.183980 0.916422 0.187320 0.918968 0.188820 0.921950 0.190300 0.926628 0.189560 0.930894 0.187700 0.933440 0.185480 0.936009 0.168020 0.935573 0.156520 0.936009 0.150580 0.937706 0.145740 0.937706 0.143140 0.937706 0.139440 0.937706 0.136460 0.937706 0.140920 0.931307 0.142780 0.929610 0.140920 0.925780 0.139060 0.925344 0.137200 0.921101 0.139440 0.918968 0.139440 0.915986 0.140540 0.910872 0.142400 0.907041 0.143140 0.903211 0.143140 0.901078 0.140180 0.898096 0.142400 0.896399
2 0.335960 0.902156 0.315280 0.901835 0.316960 0.914335 0.317800 0.924587 0.339300 0.925229
2 0.287500 0.934105 0.279880 0.934105 0.280340 0.911697 0.277960 0.906789 0.281780 0.905688 0.285120 0.900780 0.307500 0.896399 0.315140 0.899128 0.315600 0.906789 0.318000 0.905138 0.319420 0.907339 0.318940 0.913349 0.318460 0.934656 0.311800 0.934656 0.309420 0.929725 0.289400 0.928647
2 0.512220 0.860895 0.513680 0.851651 0.512220 0.845757 0.512960 0.841560 0.511740 0.837638 0.505940 0.836904 0.500200 0.837867 0.497320 0.839335 0.496160 0.840803 0.496160 0.849702 0.496360 0.852271 0.496680 0.853968 0.496680 0.856904 0.501900 0.857156 0.501900 0.860917
9 0.386220 0.731124 0.449220 0.726422 0.450860 0.797729 0.393600 0.800550 0.384600 0.793991 0.385400 0.731124
0 0.336460 0.998761 0.334440 0.992959 0.334440 0.985390 0.335960 0.981904 0.336980 0.978991 0.333420 0.976101 0.328860 0.967385 0.326840 0.958073 0.319740 0.956330 0.304040 0.957500 0.301500 0.966789 0.297960 0.980161 0.293380 0.995275 0.284780 0.999335
