19 0.909000 0.560313 0.917031 0.551750 0.934687 0.551750 0.957172 0.566729 0.966812 0.581729 0.986078 0.611708 1.000000 0.618125 0.998922 0.665229 0.994109 0.686646 0.982875 0.693083 0.970016 0.665229 0.955562 0.690937 0.955562 0.733771 0.945938 0.738042 0.944328 0.682375 0.931484 0.673813 0.921844 0.660958 0.915422 0.705917 0.909000 0.705917 0.902562 0.703792 0.902562 0.658813 0.902562 0.650250 0.897750 0.624563 0.899359 0.596708 0.900969 0.579583 0.902562 0.564604
19 0.426828 0.543583 0.447563 0.547833 0.458719 0.555271 0.474672 0.569104 0.478656 0.571229 0.493797 0.575479 0.498594 0.572292 0.508953 0.574417 0.522500 0.572292 0.518516 0.582917 0.516922 0.592479 0.520906 0.604167 0.520906 0.620125 0.520906 0.632875 0.511344 0.641375 0.497797 0.638187 0.496188 0.646688 0.494594 0.653063 0.489016 0.667958 0.486625 0.677521 0.473078 0.684958 0.471484 0.677521 0.466703 0.663708 0.459516 0.658375 0.453937 0.666896 0.449953 0.682833 0.441187 0.697708 0.434812 0.703021 0.430828 0.690271 0.437203 0.669021 0.434016 0.649875 0.432422 0.646688 0.422047 0.658375 0.414875 0.653063 0.413281 0.624375 0.399734 0.608417 0.399734 0.582917 0.395750 0.562708 0.408500 0.551021 0.419656 0.541458 0.423641 0.539333
19 0.000000 0.947375 0.007656 0.914354 0.010047 0.954833 0.010047 0.955896 0.014047 0.985729 0.018844 0.974021 0.015641 0.942042 0.026031 0.933521 0.026031 0.933521 0.033219 0.863208 0.032422 0.938854 0.042016 0.937792 0.042813 0.917542 0.047609 0.903687 0.052406 0.886646 0.072375 0.876000 0.070781 0.867479 0.069187 0.852563 0.073172 0.832313 0.073172 0.814208 0.070781 0.799292 0.065187 0.786500 0.065187 0.769458 0.065187 0.769458 0.062781 0.760938 0.052406 0.755604 0.044406 0.752417 0.039609 0.740687 0.034828 0.737500 0.028422 0.741750 0.022828 0.742833 0.011656 0.747083 0.006859 0.753479 0.006063 0.769458 0.000000 0.784375
19 0.242109 0.531000 0.250781 0.540917 0.260703 0.542562 0.266891 0.561562 0.278047 0.563229 0.296031 0.556604 0.281766 0.574792 0.276187 0.595458 0.278047 0.612812 0.270609 0.616104 0.267516 0.630167 0.263172 0.624375 0.246438 0.642563 0.243969 0.660729 0.242109 0.686354 0.230328 0.683042 0.227844 0.659917 0.231562 0.642563 0.229094 0.620250 0.225984 0.620250 0.220406 0.664875 0.216078 0.661563 0.218547 0.621896 0.199969 0.638417 0.216078 0.616104 0.209875 0.597104 0.208641 0.574792 0.218547 0.545875 0.222266 0.537604 0.240250 0.540917
19 0.839312 0.628104 0.845328 0.606000 0.859906 0.581896 0.864422 0.588583 0.873469 0.589271 0.882000 0.556437 0.887531 0.545729 0.883000 0.528979 0.891547 0.514250 0.876984 0.528979 0.874469 0.524979 0.856891 0.523625 0.848344 0.513583 0.832281 0.510229 0.796109 0.491479 0.787078 0.489479 0.784562 0.489479 0.724781 0.555104 0.723781 0.562479 0.723781 0.570521 0.732328 0.562479 0.740859 0.546396 0.748891 0.537021 0.771500 0.514250 0.766984 0.549083 0.768984 0.579208 0.771000 0.618729 0.776016 0.616042 0.794109 0.598646 0.805656 0.599979 0.805156 0.636146 0.809672 0.638146 0.818719 0.599313 0.825250 0.600646 0.832781 0.615375 0.833281 0.637479
19 0.381266 0.778833 0.377062 0.756375 0.384078 0.733896 0.396719 0.703938 0.414969 0.682417 0.414969 0.639354 0.411453 0.620625 0.396016 0.602854 0.394609 0.600042 0.381266 0.591625 0.366531 0.600979 0.357406 0.605667 0.353188 0.631875 0.345469 0.647771 0.349672 0.672125 0.356000 0.693646 0.353188 0.741396 0.346172 0.774146 0.352484 0.776021 0.359500 0.751687 0.363016 0.726417 0.368641 0.713313 0.368641 0.736708 0.370734 0.741396 0.363016 0.761979 0.361609 0.777896
19 0.101312 0.614875 0.118594 0.624750 0.124531 0.647792 0.122547 0.683354 0.108719 0.707063 0.090953 0.756437 0.083047 0.784083 0.079094 0.779479 0.076125 0.741292 0.073172 0.705729 0.065266 0.693875 0.049953 0.699813 0.040578 0.691250 0.041563 0.685333 0.052422 0.686646 0.059344 0.685333 0.067250 0.651750 0.075641 0.621458 0.086016 0.615542 0.097859 0.614875
19 0.209234 0.696563 0.204406 0.687979 0.196359 0.685833 0.168984 0.679396 0.154500 0.690125 0.151281 0.715875 0.143234 0.735188 0.143234 0.763083 0.148062 0.788833 0.154500 0.814583 0.156109 0.816729 0.162547 0.806000 0.164156 0.833896 0.164156 0.842479 0.170594 0.833896 0.177031 0.810292 0.177031 0.806000 0.180250 0.803854 0.183469 0.812437 0.185078 0.816729 0.189922 0.816729 0.185078 0.853229 0.185078 0.870396 0.197969 0.823167 0.209234 0.793125 0.214062 0.769521 0.225328 0.758792 0.228547 0.741625 0.230156 0.724458 0.249469 0.715875 0.234984 0.709437 0.228547 0.707292 0.222109 0.698708 0.209234 0.694417
19 0.564484 0.738771 0.565500 0.751375 0.562688 0.758187 0.562187 0.774521 0.557578 0.773167 0.554516 0.769083 0.548141 0.763625 0.546094 0.758187 0.545828 0.749667 0.545328 0.742854 0.545328 0.736042 0.544047 0.729229 0.543281 0.710833 0.535109 0.688021 0.533312 0.678479 0.526422 0.680187 0.523359 0.678479 0.519781 0.670646 0.519266 0.666562 0.519266 0.658375 0.523359 0.647833 0.533578 0.639646 0.543531 0.634542 0.548906 0.618188 0.555281 0.610708 0.560656 0.610021 0.564484 0.606604 0.568313 0.602187 0.573172 0.605583 0.580063 0.612396 0.591812 0.617521 0.606625 0.633854 0.617875 0.647146 0.622719 0.645437 0.625797 0.642042 0.630391 0.638625 0.632438 0.633854 0.636781 0.635229 0.636781 0.642708 0.631406 0.649187 0.625281 0.654292 0.635750 0.660438 0.637031 0.666208 0.629875 0.671667 0.625531 0.672688 0.620687 0.672688 0.618641 0.673708 0.614547 0.699250 0.614812 0.711521 0.606375 0.713896 0.601266 0.719354 0.594875 0.738771 0.594109 0.749333 0.592844 0.758521 0.586187 0.777250 0.581594 0.778625 0.579297 0.770437 0.583891 0.755458 0.586453 0.734000 0.586453 0.725479 0.580578 0.732292 0.576234 0.738417 0.569078 0.735708
19 0.781484 0.492396 0.786797 0.486208 0.791438 0.486208 0.798078 0.491063 0.805062 0.494167 0.808375 0.494167 0.817672 0.497271 0.820328 0.494167 0.820672 0.488854 0.826641 0.483104 0.831297 0.472042 0.833953 0.460521 0.834937 0.454771 0.833953 0.449896 0.830297 0.456083 0.827969 0.459188 0.823328 0.456979 0.819344 0.455646 0.815687 0.452104 0.809047 0.452542 0.804719 0.452542 0.798422 0.451229 0.794422 0.445021 0.795750 0.451229 0.792437 0.450771 0.776172 0.446792 0.770187 0.445917 0.766531 0.444583 0.765875 0.445021 0.756234 0.467167 0.756234 0.495500 0.756234 0.510563 0.754906 0.520729 0.757906 0.528271 0.754906 0.533583 0.754578 0.534917 0.752922 0.548187 0.757234 0.547312 0.758563 0.517646 0.760219 0.508792 0.764547 0.514979 0.767531 0.522062 0.769188 0.523396 0.764547 0.539771 0.767859 0.541542 0.770844 0.517187
19 0.589969 0.528854 0.590750 0.514271 0.590750 0.507521 0.588797 0.502833 0.585281 0.489812 0.584891 0.486688 0.586453 0.468979 0.597000 0.448146 0.609500 0.442417 0.619656 0.448146 0.625125 0.450750 0.629812 0.452833 0.635281 0.453354 0.638000 0.452833 0.640344 0.452312 0.644250 0.451792 0.638391 0.460125 0.638781 0.473667 0.639953 0.481479 0.641125 0.486167 0.639172 0.495542 0.637219 0.504917 0.635281 0.514271 0.633719 0.521563 0.632937 0.527292 0.626687 0.531458 0.625125 0.531458 0.626297 0.524167 0.624344 0.521042 0.620828 0.526250 0.618484 0.526771 0.610672 0.523646 0.606766 0.527813 0.605594 0.528854 0.602469 0.534583 0.600906 0.533021 0.602469 0.523125 0.602469 0.517396 0.602078 0.510625 0.600516 0.508042 0.597391 0.512708 0.597781 0.519479 0.597781 0.526250 0.597391 0.534063 0.594656 0.538750 0.589578 0.537188
19 0.473188 0.559208 0.462922 0.557250 0.454859 0.545500 0.454125 0.525937 0.454859 0.499542 0.468797 0.479979 0.477594 0.477042 0.489328 0.477042 0.504000 0.487792 0.513547 0.516167 0.511344 0.528875 0.507672 0.533771 0.503266 0.535729 0.521609 0.536708 0.527484 0.535729 0.516484 0.548437 0.503266 0.551375 0.504000 0.568979 0.490797 0.575833 0.482734 0.568000
19 0.294141 0.484063 0.309594 0.486542 0.315172 0.493146 0.318875 0.498917 0.321969 0.498083 0.323203 0.499729 0.322578 0.507979 0.326297 0.520354 0.325062 0.536021 0.321344 0.545083 0.302797 0.564042 0.302172 0.577250 0.296609 0.575604 0.294750 0.567354 0.295375 0.559104 0.286719 0.559104 0.284250 0.560750 0.279922 0.556625 0.277438 0.544271 0.273109 0.531062 0.274344 0.516229 0.276203 0.507167 0.280531 0.497271 0.283016 0.491500 0.279297 0.488187 0.273734 0.486542 0.283625 0.479125
