63 0.186234 0.402729 0.140797 0.298562 0.137609 0.289000 0.147969 0.200771 0.154344 0.191208 0.276328 0.136979 0.279516 0.144438 0.274734 0.230542 0.319375 0.350646 0.315391 0.362333 0.254797 0.384667 0.244438 0.382542 0.225297 0.346396 0.214937 0.340021 0.210156 0.336833 0.202984 0.340021 0.193406 0.348521 0.192609 0.353833 0.190219 0.365521 0.189422 0.371917 0.191813 0.380417 0.195797 0.384667 0.196594 0.385729 0.193406 0.393167 0.197391 0.400604 0.191016 0.405917
62 0.078766 0.888250 0.069437 0.669917 0.156500 0.625708 0.169969 0.773562 0.158563 0.798437 0.164781 0.803958 0.164781 0.823313 0.082906 0.891021
0 0.558078 0.769896 0.559969 0.751042 0.559969 0.733417 0.562797 0.719583 0.573187 0.714542 0.588281 0.707000 0.582625 0.698188 0.579781 0.674292 0.584500 0.647854 0.593000 0.641563 0.604328 0.642833 0.616594 0.652896 0.621312 0.686875 0.622250 0.708250 0.629797 0.712021 0.640188 0.742229 0.643953 0.769896 0.647734 0.813937 0.637344 0.816458 0.637344 0.829042 0.637344 0.865521 0.632625 0.876854 0.622250 0.891958 0.622250 0.918375 0.640188 0.938500 0.640188 0.946062 0.623203 0.947312 0.614703 0.943542 0.604328 0.937250 0.602437 0.922146 0.602437 0.908312 0.599609 0.894458 0.586391 0.898250 0.587344 0.913333 0.585453 0.920896 0.572234 0.937250 0.565641 0.941021 0.564687 0.927188 0.564687 0.912083 0.566578 0.889437 0.564687 0.883146 0.555250 0.864271 0.541094 0.841625 0.546766 0.818979 0.553359 0.811417 0.569406 0.822750 0.565641 0.788771 0.564687 0.779979 0.559031 0.772417 0.556203 0.769896
56 0.810266 0.941312 0.814344 0.938896 0.846078 0.963187 0.878484 0.989292 0.887250 0.999187 0.878484 1.000000 0.858234 0.998292 0.841344 0.998292 0.826500 0.999187 0.820422 0.999187 0.818406 0.976687 0.814344 0.956896 0.810969 0.945188
64 0.938266 0.917354 0.915922 0.917792 0.905375 0.908833 0.906328 0.899042 0.920063 0.896062 0.935391 0.898625 0.944016 0.903313 0.948172 0.906708 0.949125 0.910125
0 0.299922 0.493771 0.305312 0.479417 0.309344 0.471333 0.313391 0.461438 0.318781 0.456958 0.324844 0.455167 0.338984 0.455167 0.353797 0.474021 0.352453 0.495562 0.351109 0.510833 0.346391 0.523417 0.343031 0.527896 0.340328 0.536875 0.351109 0.563833 0.357844 0.583583 0.361891 0.597958 0.365250 0.621292 0.365922 0.634771 0.365922 0.641958 0.382094 0.642854 0.384781 0.647354 0.384109 0.652729 0.371984 0.664417 0.366594 0.669792 0.363906 0.686854 0.374687 0.741646 0.365922 0.791938 0.367266 0.826063 0.374000 0.852104 0.370641 0.908688 0.373328 0.920354 0.368625 0.935625 0.341672 0.941021 0.326187 0.933833 0.318781 0.896104 0.315406 0.851208 0.322812 0.793729 0.317437 0.744333 0.316750 0.704812 0.325516 0.683271 0.317437 0.648250 0.320125 0.619500 0.322812 0.590771 0.312719 0.529708 0.303953 0.509042 0.298578 0.498271
0 0.666734 0.752000 0.657344 0.741979 0.666734 0.711917 0.672375 0.688125 0.669547 0.622979 0.678937 0.581646 0.683641 0.561604 0.693031 0.541562 0.684578 0.539062 0.674250 0.506500 0.674250 0.482688 0.688344 0.465167 0.698672 0.463917 0.711828 0.470167 0.716516 0.486458 0.715578 0.507750 0.717469 0.530292 0.740000 0.555354 0.743766 0.585396 0.738125 0.645521 0.741891 0.698146 0.738125 0.723188 0.724031 0.778292 0.724031 0.813375 0.731547 0.858458 0.731547 0.883521 0.724969 0.931104 0.724969 0.946146 0.707125 0.951146 0.679891 0.952417 0.670484 0.947396 0.704313 0.923604 0.700547 0.842188 0.702438 0.825896 0.693969 0.807104 0.691156 0.800854 0.694922 0.845937 0.691156 0.874750 0.689281 0.926104 0.668609 0.923604 0.652641 0.914833 0.647937 0.904813 0.665797 0.896042 0.673313 0.858458 0.667672 0.809625 0.667672 0.787063
66 0.805953 0.826688 0.868531 0.885438 0.903219 0.877229 0.835328 0.822375
0 0.846125 0.495333 0.863000 0.460229 0.889328 0.468333 0.900125 0.520542 0.897422 0.527750 0.901469 0.541250 0.918344 0.566438 0.916328 0.631250 0.870422 0.618646 0.861641 0.614146 0.864344 0.571854 0.844766 0.496229
64 0.124422 0.983208 0.099047 0.980229 0.093703 0.977271 0.090141 0.970146 0.092359 0.964208 0.110172 0.954708 0.128891 0.953521 0.136906 0.957667 0.139125 0.966583 0.136016 0.973708
0 0.211547 0.339500 0.249484 0.384625 0.261797 0.427021 0.305891 0.507688 0.322297 0.573313 0.325375 0.606146 0.321266 0.660833 0.307938 0.708688 0.303844 0.768854 0.313062 0.823542 0.318188 0.879604 0.318188 0.999937 0.175656 0.995833 0.179750 0.972583 0.164375 0.931562 0.165391 0.874146 0.175656 0.835854 0.178719 0.820812 0.178719 0.820812 0.151031 0.793458 0.184875 0.721000 0.184875 0.666292 0.184875 0.632125 0.166422 0.577417 0.160266 0.550083 0.160266 0.550083 0.159234 0.550083 0.155141 0.514979 0.170516 0.445250 0.203344 0.428854 0.213594 0.413813 0.213594 0.413813 0.208469 0.409708 0.201281 0.402875 0.195141 0.390563 0.187953 0.387833 0.187953 0.372792 0.200266 0.368688 0.214625 0.375521 0.191031 0.361854 0.193078 0.344062 0.200266 0.339979 0.207437 0.341333
0 0.770219 0.797750 0.770219 0.773042 0.755062 0.757313 0.760109 0.719104 0.746625 0.649438 0.780344 0.559542 0.776969 0.498875 0.805625 0.453938 0.846062 0.476396 0.867984 0.561792 0.861234 0.615729 0.846062 0.644938 0.849438 0.764042 0.819094 0.766292 0.797188 0.784271 0.770219 0.797750 0.776969 0.851687 0.783703 0.921354 0.812359 0.941583 0.814047 0.883146 0.814047 0.883146
56 0.818328 0.985854 0.787187 0.901333 0.724922 0.852417 0.724922 0.852417 0.762719 0.990292 0.812766 0.996229 0.812766 0.996229
62 0.853172 0.613229 0.979359 0.651937 0.975344 0.858896 0.841156 0.765437 0.852172 0.618563
