67 0.530813 0.427771 0.513891 0.428187 0.512937 0.386042 0.514219 0.383062 0.529547 0.383500 0.530813 0.426062
63 0.605359 0.236792 0.602609 0.236792 0.602063 0.363562 0.603156 0.398000 0.605906 0.428771 0.763625 0.427312 0.765266 0.425854 0.756484 0.390667 0.750984 0.362833 0.752641 0.236792 0.603703 0.233875
73 0.905062 0.138083 0.895359 0.236042 0.889781 0.236042 0.889188 0.235250 0.895953 0.134562
62 0.806328 0.227417 0.794266 0.404354 0.931891 0.429208 0.932984 0.423354 0.934641 0.421167 0.938469 0.416771 0.939016 0.413854 0.941219 0.409458 0.943406 0.405812 0.945047 0.404354 0.947250 0.403625 0.949437 0.400688 0.951078 0.399958 0.952188 0.399229 0.964250 0.246438 0.807422 0.227417
73 0.758359 0.236500 0.743688 0.232583 0.748094 0.126937 0.768641 0.125958 0.757625 0.216937
39 0.445625 0.391125 0.441281 0.357229 0.441281 0.324187 0.452437 0.297729 0.456156 0.267979 0.467312 0.268813 0.467312 0.289479 0.476609 0.307646 0.482812 0.334104 0.480328 0.362188 0.451203 0.364667 0.448109 0.387812 0.448719 0.398562
73 0.698172 0.124458 0.708828 0.125750 0.703500 0.231583 0.693828 0.231583 0.688500 0.210938 0.693344 0.123167
66 0.587609 0.456104 0.768141 0.460604 0.771531 0.498687 0.586641 0.496750 0.583734 0.489646 0.585187 0.457396
73 0.828891 0.130979 0.839766 0.132542 0.839766 0.136458 0.833875 0.230875 0.827125 0.230104 0.826531 0.229708 0.825656 0.209729 0.832125 0.204250 0.831234 0.194458 0.825062 0.191313
41 0.332531 0.480458 0.331437 0.541646 0.326828 0.543417 0.304437 0.541062 0.297406 0.477833 0.304875 0.472854 0.318484 0.469938 0.333859 0.475500
39 0.425484 0.346021 0.423953 0.396812 0.416219 0.413271 0.419828 0.498396 0.428062 0.501813 0.443516 0.498396 0.447109 0.494271 0.445047 0.409854 0.438359 0.395438 0.434750 0.345333 0.432187 0.343271
39 0.627406 0.009042 0.627625 0.044146 0.631297 0.050542 0.637469 0.053292 0.638844 0.070083 0.639531 0.080458 0.646625 0.080167 0.646172 0.071604 0.644109 0.046896 0.653500 0.027354 0.651672 0.010250 0.648687 0.003542 0.648922 0.001104 0.631516 0.000000 0.626484 0.008125
73 0.654172 0.119063 0.675250 0.120250 0.677000 0.122875 0.676125 0.182604 0.675031 0.232646 0.674375 0.234125 0.651094 0.234417 0.650000 0.210125 0.649562 0.184354 0.648687 0.121417 0.651312 0.118188
64 0.825031 0.500958 0.822328 0.507937 0.819797 0.513354 0.819609 0.521625 0.824266 0.527063 0.832203 0.528604 0.836859 0.528875 0.842484 0.527063 0.845391 0.522417 0.845578 0.514396 0.845391 0.506125 0.837828 0.500188 0.830266 0.498625 0.825031 0.501479
39 0.378781 0.494500 0.388797 0.499729 0.398828 0.499146 0.404922 0.490438 0.403188 0.471833 0.395781 0.463688 0.395344 0.449750 0.390547 0.446271 0.383141 0.447417 0.382266 0.452063 0.383563 0.461375 0.385312 0.466021 0.380516 0.473583 0.378344 0.486354
73 0.576172 0.122750 0.592406 0.122750 0.591250 0.235583 0.573859 0.227854
73 0.839500 0.130771 0.863219 0.131854 0.856266 0.234354 0.833781 0.229458
73 0.611344 0.124625 0.619375 0.125229 0.616687 0.230333 0.607781 0.232708 0.609125 0.121063
39 0.605453 0.001813 0.601797 0.013333 0.600797 0.075479 0.602125 0.079917 0.614437 0.081687 0.617437 0.052854 0.626094 0.051063 0.626422 0.016458 0.620766 0.006250 0.619766 0.001813
73 0.593266 0.127708 0.608422 0.120979 0.610109 0.228833 0.591578 0.199625
73 0.728000 0.109208 0.746594 0.107563 0.749062 0.129875 0.741625 0.234000 0.723656 0.229854 0.728609 0.126563
73 0.679109 0.120292 0.692250 0.120292 0.690938 0.230604 0.673859 0.221833
73 0.799375 0.126771 0.810500 0.128562 0.805156 0.248521 0.793141 0.244958
73 0.920219 0.134458 0.937078 0.136708 0.923594 0.233333 0.911797 0.235583
73 0.811687 0.124646 0.826609 0.127083 0.823000 0.192521 0.807922 0.200562 0.806594 0.214208 0.816297 0.216562 0.816297 0.216562 0.823344 0.210687 0.823344 0.210687 0.825109 0.211875 0.825109 0.211875 0.823938 0.227938 0.806594 0.227146
59 0.008422 0.687646 0.060672 0.752813 0.080906 0.811229 0.168547 0.844938 0.412922 0.856188 0.460109 0.869667 0.475281 0.916854 0.488766 0.982021 0.490453 0.986521 0.005063 0.988771 0.001688 0.692125
60 0.417781 0.852563 0.399328 0.510292 0.385906 0.483438 0.417781 0.508042 0.441281 0.503563 0.491609 0.490146 0.518453 0.476729 0.540266 0.461062 0.565437 0.470021 0.708047 0.503563 0.736578 0.505812 0.771812 0.499104 0.788594 0.476729 0.859062 0.490146 0.947984 0.530417 0.991609 0.539375 0.988250 0.557271 0.971469 0.635563 0.936234 0.924146 0.926172 0.908500 0.934563 0.617667 0.441281 0.584104 0.444625 0.848083
