68 0.490656 0.798898 0.489875 0.754649 0.533000 0.755150 0.591406 0.754649 0.610625 0.763707 0.609844 0.822024 0.609438 0.838617 0.553375 0.848176 0.547500 0.811463 0.544359 0.801924
39 0.202828 0.841804 0.205344 0.743727 0.217922 0.720481 0.217422 0.682405 0.227984 0.684349 0.230500 0.685631 0.230500 0.717255 0.242078 0.745010 0.240578 0.792124 0.238047 0.848257 0.226484 0.857936 0.207859 0.855371 0.203844 0.846333 0.203844 0.841804
45 0.610797 0.873186 0.569047 0.871884 0.562000 0.828657 0.568531 0.822846 0.592188 0.822846 0.614328 0.826072 0.618859 0.828657 0.614828 0.868657
39 0.414187 0.665150 0.424047 0.674890 0.432406 0.674890 0.435438 0.698256 0.443031 0.709940 0.446078 0.742084 0.445312 0.772264 0.442281 0.771283 0.442281 0.759599 0.440000 0.752786 0.437719 0.752786 0.437719 0.733307 0.437719 0.717735 0.436203 0.711884 0.434688 0.707014 0.427094 0.704108
73 0.140859 0.313727 0.271703 0.309619 0.294031 0.330080 0.290844 0.293247 0.269563 0.282345 0.144047 0.282345 0.139797 0.308257
73 0.254125 0.367595 0.126000 0.372485 0.132109 0.345090 0.260984 0.341182 0.291500 0.360741 0.290734 0.364669 0.255656 0.368577
39 0.240313 0.830140 0.244312 0.746613 0.235172 0.730481 0.239734 0.718758 0.247734 0.709960 0.254594 0.673327 0.260297 0.671864 0.263734 0.707776 0.275734 0.715090 0.280875 0.725351 0.280297 0.827214 0.272875 0.833066 0.261453 0.830862 0.250016 0.830862 0.248313 0.830862
45 0.488125 0.718677 0.489187 0.727856 0.493172 0.741323 0.500109 0.750741 0.508937 0.760441 0.530781 0.762064 0.533297 0.762064 0.543172 0.749138 0.551156 0.733768 0.554094 0.719218 0.544859 0.722465 0.529734 0.723808 0.513344 0.723527 0.499062 0.720561 0.492547 0.718677
39 0.407828 0.721142 0.409109 0.707074 0.412344 0.697956 0.412344 0.668136 0.423969 0.668136 0.422031 0.701263 0.423969 0.712866 0.427844 0.721142 0.425906 0.776633 0.414281 0.779118 0.409109 0.779118 0.408469 0.760080
45 0.361687 0.803126 0.339281 0.802285 0.332781 0.781463 0.338625 0.776874 0.349344 0.773948 0.357469 0.773948 0.364937 0.774790 0.371109 0.778116 0.371437 0.778958 0.364625 0.803968
73 0.139156 0.330281 0.139156 0.313166 0.269688 0.310481 0.296359 0.332084 0.292844 0.340180 0.265484 0.324870
39 0.301797 0.157174 0.303141 0.171964 0.299766 0.176313 0.299766 0.230200 0.290266 0.243246 0.291625 0.338858 0.290266 0.366673 0.314672 0.362325 0.315344 0.238898 0.312641 0.231944 0.310609 0.192826 0.312641 0.174569 0.310609 0.157174 0.304500 0.154569
73 0.142859 0.330401 0.268375 0.326313 0.292844 0.341323 0.293906 0.356333 0.253484 0.339960 0.140734 0.341323
39 0.436344 0.710621 0.438766 0.738156 0.438078 0.755451 0.429766 0.769659 0.427000 0.771002 0.428391 0.721283 0.423547 0.709299 0.422844 0.696874 0.422500 0.692425 0.425625 0.699980 0.432187 0.705752
39 0.455250 0.680762 0.454969 0.703247 0.459297 0.722946 0.459828 0.770681 0.458484 0.773106 0.451469 0.769980 0.450391 0.760641 0.450391 0.748898 0.450656 0.712926 0.447156 0.701503 0.447687 0.694589 0.447422 0.679379 0.447422 0.676273 0.449047 0.674188 0.454437 0.674188 0.456047 0.675571
39 0.188078 0.635090 0.192453 0.635311 0.196156 0.637555 0.195469 0.659319 0.195391 0.711363 0.201797 0.726994 0.201312 0.849279 0.196500 0.856072 0.175781 0.855451 0.174828 0.846192 0.176266 0.723908 0.182641 0.710802 0.184031 0.657395 0.186266 0.637134
39 0.441516 0.697996 0.440188 0.683948 0.439531 0.676914 0.444359 0.676072 0.445891 0.691523 0.446766 0.703046 0.450703 0.710621 0.450703 0.723267 0.450047 0.746573 0.449391 0.753607 0.450484 0.771303 0.446109 0.771303 0.446328 0.738156 0.443484 0.710902 0.439969 0.703046 0.441063 0.697715
39 0.469469 0.762345 0.476469 0.748898 0.474719 0.701804 0.471219 0.683868 0.465969 0.652485 0.462484 0.665932 0.460734 0.697335 0.455484 0.701804 0.460734 0.717515 0.462484 0.764589
67 0.636031 0.856132 0.636172 0.866874 0.637906 0.868737 0.685016 0.868918 0.686016 0.865391 0.685297 0.857615 0.681828 0.854649 0.637047 0.855772
