19 0.318797 0.680981 0.305531 0.653591 0.309141 0.603653 0.313969 0.581086 0.313969 0.558539 0.322406 0.519875 0.322406 0.495699 0.333266 0.466701 0.346531 0.445741 0.350141 0.439311 0.353766 0.423194 0.374266 0.418351 0.371859 0.402255 0.357375 0.389353 0.344125 0.368413 0.332063 0.360355 0.315172 0.360355 0.300703 0.361962 0.294672 0.381294 0.277797 0.379687 0.262125 0.379687 0.264531 0.392589 0.271766 0.402255 0.272969 0.411921 0.210266 0.468309 0.141531 0.502150 0.099328 0.534363 0.090891 0.535971 0.070391 0.548873 0.058328 0.553695 0.051094 0.564969 0.051094 0.598810 0.051094 0.616534 0.059531 0.651983 0.065563 0.697098 0.066766 0.722881 0.080031 0.734155 0.093297 0.719645 0.095703 0.721273 0.093297 0.742213 0.086063 0.755094 0.107766 0.814718 0.118625 0.834050 0.140328 0.827599 0.146359 0.817933 0.145156 0.805052 0.139125 0.793758 0.127062 0.769603 0.133094 0.758330 0.151172 0.758330 0.156000 0.748664 0.149969 0.734155 0.140328 0.711587 0.151172 0.672923 0.169266 0.656806 0.176500 0.650376 0.187359 0.666493 0.192172 0.669708 0.205437 0.655198 0.234391 0.650376 0.247641 0.642317 0.244031 0.669708 0.248859 0.680981 0.268141 0.676159 0.265734 0.666493 0.257297 0.626200 0.268141 0.603653 0.283828 0.602046 0.275391 0.627808 0.279000 0.651983 0.289859 0.680981 0.294672 0.690647 0.311562 0.690647 0.321203 0.682589
19 0.394250 0.703779 0.399062 0.699499 0.413484 0.703779 0.432719 0.703779 0.450344 0.699499 0.463172 0.714489 0.471172 0.729478 0.472781 0.742317 0.456750 0.744468 0.450344 0.755177 0.458359 0.780877 0.471172 0.823695 0.475984 0.875094 0.485609 0.892213 0.475984 0.902923 0.487203 0.973591 0.472781 0.977871 0.459953 0.962881 0.461562 0.928622 0.442328 0.862234 0.423094 0.913633 0.424703 0.941461 0.405469 0.947891 0.400656 0.928622 0.410281 0.905073 0.410281 0.879374 0.405469 0.853674 0.391047 0.851545 0.383031 0.840835 0.389437 0.793716 0.391047 0.772296 0.394250 0.742317 0.399062 0.727328
0 0.671641 0.417641 0.671641 0.396514 0.673906 0.384447 0.679922 0.373382 0.685203 0.366347 0.689719 0.364342 0.688203 0.355783 0.692344 0.349248 0.698750 0.351775 0.700250 0.364342 0.699125 0.367349 0.705516 0.370877 0.705891 0.393006 0.706266 0.407578 0.704016 0.421670 0.701375 0.424676 0.702125 0.419144 0.702500 0.401545 0.701750 0.393006 0.699500 0.394509 0.697984 0.412610 0.693469 0.420146 0.690094 0.430710 0.692344 0.451837 0.693094 0.463403 0.689719 0.473445 0.684438 0.469937 0.684062 0.460376 0.675781 0.457871 0.671641 0.445804 0.679172 0.436242 0.680672 0.427203 0.680672 0.416138 0.678047 0.397537 0.676156 0.405073 0.675781 0.421169 0.672406 0.419144
0 0.772859 0.443006 0.772859 0.417077 0.773438 0.401086 0.775719 0.391169 0.775719 0.388121 0.775141 0.376701 0.772859 0.369833 0.769437 0.356117 0.776281 0.352296 0.783703 0.346200 0.786547 0.334008 0.794531 0.330960 0.797391 0.333257 0.799094 0.335532 0.796219 0.346952 0.793453 0.352046 0.797609 0.355282 0.801062 0.364071 0.801406 0.371482 0.801062 0.375177 0.795875 0.376555 0.793453 0.375637 0.792750 0.386743 0.793453 0.394614 0.791016 0.402463 0.789297 0.408497 0.786172 0.420522 0.784438 0.426994 0.781328 0.439019 0.777859 0.450585 0.772672 0.443194
26 0.902328 0.397578 0.900062 0.406597 0.898312 0.413967 0.897812 0.421336 0.904578 0.431023 0.911844 0.429687 0.915344 0.422004 0.915844 0.412630 0.915594 0.404593 0.914844 0.399582 0.914844 0.397912 0.912094 0.399248 0.908328 0.396576 0.903828 0.395240 0.905328 0.387203 0.909078 0.382526 0.908828 0.378497 0.906078 0.384530 0.904078 0.388539 0.903828 0.393883
0 0.431797 0.442902 0.426000 0.440981 0.424062 0.433883 0.434203 0.407411 0.430344 0.399019 0.431313 0.382902 0.431797 0.364175 0.425516 0.360960 0.428406 0.350626 0.431313 0.341587 0.438078 0.340292 0.439031 0.333841 0.442422 0.326743 0.449656 0.330626 0.452563 0.337724 0.448703 0.344175 0.453531 0.350626 0.453531 0.370626 0.453531 0.397098 0.450625 0.402902 0.450141 0.425491 0.456422 0.429353 0.453531 0.433236 0.442906 0.435804 0.444828 0.404196 0.441453 0.406117 0.429859 0.430647 0.432281 0.440981
60 0.124047 0.245344 0.124359 0.258977 0.125953 0.260251 0.128500 0.258977 0.130734 0.253006 0.132328 0.241942 0.133609 0.236409 0.124688 0.232568 0.121813 0.236827
60 0.037047 0.218225 0.037047 0.224823 0.060984 0.215407 0.046906 0.204134 0.032828 0.214468
0 0.655563 0.348747 0.654922 0.338518 0.654609 0.330000 0.655875 0.324468 0.656516 0.315532 0.654922 0.312129 0.653328 0.309582 0.652375 0.305324 0.654609 0.299770 0.656844 0.296806 0.655875 0.288706 0.658750 0.271670 0.660031 0.259332 0.666719 0.259332 0.668625 0.268267 0.672766 0.272526 0.675328 0.281482 0.675328 0.294238 0.675641 0.302338 0.671172 0.316388 0.668953 0.318518 0.667672 0.324468 0.667359 0.338100 0.668625 0.347474 0.668953 0.352568 0.663844 0.355971 0.661297 0.354280 0.657797 0.357265 0.654922 0.355553
0 0.405438 0.256785 0.409172 0.257724 0.409625 0.240898 0.410328 0.232798 0.413828 0.236534 0.414766 0.245574 0.414297 0.254301 0.415922 0.256785 0.419422 0.250251 0.418031 0.234363 0.421516 0.230626 0.424078 0.224405 0.426188 0.218476 0.427578 0.204154 0.423859 0.198539 0.422687 0.196994 0.422219 0.193883 0.419422 0.191691 0.418250 0.191378 0.417328 0.187328 0.413359 0.185783 0.410328 0.186701 0.409625 0.192630 0.409406 0.199791 0.408234 0.207891 0.408234 0.213800 0.408234 0.218789 0.408234 0.222526 0.403578 0.225010 0.401703 0.227516 0.401703 0.234676 0.401234 0.243090 0.402172 0.253361 0.403109 0.256472
0 0.727406 0.569541 0.735953 0.562672 0.739797 0.534697 0.741078 0.522150 0.743219 0.512443 0.745344 0.504447 0.744500 0.496451 0.743641 0.486180 0.744500 0.480459 0.745781 0.467328 0.743641 0.451921 0.739797 0.444489 0.730828 0.442777 0.728266 0.444489 0.724406 0.458205 0.720141 0.464489 0.708172 0.467328 0.710312 0.474760 0.723562 0.477035 0.723562 0.490167 0.718859 0.487891 0.715016 0.487891 0.715016 0.490752 0.715016 0.491315 0.716297 0.500459 0.723984 0.505595 0.722703 0.525574 0.718437 0.550125 0.718000 0.558121 0.714156 0.567808 0.722281 0.572965 0.727828 0.555825 0.729547 0.542693
24 0.813937 0.721628 0.818016 0.714363 0.817328 0.694843 0.815625 0.683027 0.809859 0.680313 0.803391 0.684843 0.797953 0.697557 0.793547 0.706200 0.798641 0.717996 0.813594 0.721169
0 0.521688 0.338622 0.521203 0.335386 0.521203 0.330230 0.521688 0.321190 0.522656 0.319248 0.523625 0.319248 0.527000 0.325073 0.527484 0.330230 0.528937 0.343132 0.530391 0.350230 0.535219 0.351524 0.536172 0.351524 0.540531 0.348935 0.541016 0.347015 0.540047 0.345073 0.538109 0.343779 0.536656 0.339916 0.535703 0.332818 0.534250 0.325073 0.533766 0.318601 0.533766 0.310877 0.533766 0.306994 0.534250 0.301837 0.535219 0.295386 0.536172 0.288288 0.535219 0.283111 0.533281 0.271503 0.531344 0.265699 0.532313 0.261816 0.533766 0.259896 0.534734 0.254071 0.533766 0.248914 0.531828 0.246326 0.530391 0.246326 0.527969 0.246973 0.525547 0.248267 0.524594 0.248267 0.522656 0.249562 0.522172 0.257307 0.522172 0.257954 0.519281 0.264405 0.518313 0.267620 0.517828 0.273445 0.516859 0.280543 0.515891 0.288935 0.515406 0.293445 0.515406 0.296660 0.517828 0.306347 0.515891 0.313445 0.514437 0.319248 0.513000 0.326347 0.512031 0.330877 0.512031 0.336033 0.512031 0.340543 0.514922 0.342484 0.516859 0.342484 0.518797 0.342484 0.520234 0.341837 0.523141 0.341837
56 0.230687 0.220084 0.223547 0.221086 0.222031 0.217077 0.219406 0.211044 0.213000 0.210543 0.208484 0.208017 0.206609 0.202484 0.214891 0.201482 0.220156 0.202985 0.227312 0.215574 0.234828 0.216576
26 0.975078 0.497683 0.961453 0.511962 0.956297 0.521315 0.950406 0.535574 0.945625 0.531649 0.951141 0.513445 0.955938 0.516388 0.964031 0.503111 0.974344 0.495720
0 0.729688 0.345720 0.732094 0.331294 0.730484 0.315240 0.734891 0.290104 0.739297 0.281545 0.734484 0.261775 0.734891 0.245177 0.724891 0.245177 0.719281 0.267119 0.718875 0.286367 0.718875 0.309896 0.721281 0.319520 0.717672 0.331294 0.724078 0.335031 0.725688 0.346263
60 0.055437 0.202004 0.094812 0.182777 0.098344 0.196117 0.064828 0.213779 0.052203 0.206326
60 0.215281 0.137537 0.215719 0.135783 0.238953 0.138706 0.239828 0.149541 0.239391 0.149541 0.221203 0.147787 0.218141 0.144864 0.217031 0.143987 0.215281 0.140459 0.209156 0.141942 0.208937 0.141942 0.208719 0.136075 0.208719 0.135491 0.199953 0.134614 0.187234 0.142818 0.207172 0.144864 0.208719 0.145157 0.209375 0.143695
26 0.718375 0.310355 0.703125 0.311712 0.704484 0.301294 0.710922 0.299937 0.712609 0.290418 0.714641 0.292234 0.717687 0.300835 0.719391 0.300835 0.719391 0.310793
60 0.129578 0.160647 0.134703 0.156743 0.138031 0.155073 0.143297 0.155637 0.147047 0.157307 0.147188 0.159541 0.141500 0.162860 0.141500 0.167307 0.140109 0.172129 0.138312 0.172129 0.137891 0.164342 0.134563 0.164530 0.132062 0.162860
26 0.777047 0.377390 0.782203 0.371921 0.786297 0.366451 0.792000 0.357182 0.794484 0.354092 0.794672 0.352422 0.795203 0.355741 0.791281 0.361691 0.787016 0.368601 0.782922 0.374301 0.779000 0.378580 0.776328 0.381670 0.777406 0.377161
24 0.714578 0.452046 0.713469 0.444301 0.709906 0.438372 0.699453 0.448476 0.696781 0.457390 0.697672 0.463340 0.701672 0.473737 0.705234 0.481461 0.711016 0.475219 0.709234 0.467495 0.711906 0.463633
26 0.070031 0.326660 0.072516 0.324322 0.069531 0.300772 0.070281 0.299457 0.073750 0.321002 0.075500 0.321670 0.082938 0.336597 0.080703 0.341587 0.077484 0.345887 0.074750 0.345887
26 0.451859 0.401691 0.443078 0.405324 0.442031 0.401983 0.440766 0.393299 0.443078 0.384927 0.448313 0.385198 0.451859 0.384927 0.454375 0.389102 0.454172 0.396388
26 0.833984 0.335031 0.828812 0.330167 0.824594 0.332735 0.824594 0.340146 0.824984 0.347578 0.821531 0.348100 0.818469 0.347056 0.817313 0.339645 0.820187 0.335031 0.823063 0.330939 0.826891 0.326326 0.829766 0.327098 0.832641 0.330438
60 0.188875 0.156660 0.187953 0.159102 0.185906 0.162443 0.186125 0.164593 0.185672 0.164885 0.174703 0.163361 0.175391 0.159395 0.175844 0.156660 0.178359 0.152985 0.183391 0.152985 0.184766 0.152985 0.187953 0.153904 0.188188 0.155136 0.191844 0.155136 0.197328 0.156660 0.199609 0.161545 0.204641 0.163674 0.205547 0.161545 0.207375 0.161837 0.208297 0.162756 0.209437 0.165511 0.210125 0.167328 0.216516 0.162756 0.214469 0.160313 0.198922 0.154823
26 0.888406 0.364238 0.893937 0.359478 0.899734 0.357537 0.900391 0.355616 0.899344 0.347850 0.897750 0.343278 0.898438 0.339896 0.897641 0.336973 0.896250 0.337766 0.896437 0.342568 0.894453 0.345511 0.892844 0.346827 0.890453 0.346033 0.887062 0.345762 0.886656 0.342296 0.885656 0.342025 0.884469 0.342839 0.884656 0.347641 0.882469 0.348163 0.882063 0.360188 0.883656 0.363653 0.888453 0.364718
19 0.622891 0.556639 0.632547 0.584593 0.682453 0.644802 0.738781 0.666305 0.761312 0.696409 0.788672 0.720063 0.804766 0.763090 0.796719 0.784593 0.801547 0.894259 0.774188 0.902860 0.756484 0.926514 0.753266 0.956639 0.724297 0.950188 0.703375 0.926514 0.714641 0.907161 0.737172 0.902860 0.738781 0.896409 0.724297 0.902860 0.703375 0.907161 0.690500 0.896409 0.688891 0.920063 0.674406 0.945887 0.663125 0.969541 0.653469 0.975992 0.642203 0.973841 0.616453 0.952338 0.638984 0.928664 0.659906 0.922213 0.655078 0.881357 0.651859 0.823299 0.637375 0.810397 0.595531 0.786743 0.576219 0.752338 0.566563 0.763090 0.558516 0.743737 0.548859 0.763090 0.550469 0.810397 0.534375 0.827599 0.519875 0.803946 0.531156 0.775992 0.526328 0.717912 0.518266 0.612547 0.532766 0.597495 0.532766 0.548038 0.534375 0.489958 0.515047 0.492109 0.498953 0.479207 0.498953 0.466305 0.526328 0.470605 0.550469 0.440501 0.564953 0.449102 0.576219 0.462004 0.585875 0.472756 0.611625 0.474906 0.606797 0.502860 0.579437 0.496409 0.576219 0.517912 0.597141 0.550188
0 0.068000 0.394635 0.059328 0.389666 0.063656 0.379729 0.059937 0.345762 0.054359 0.332505 0.051266 0.306013 0.059937 0.299374 0.058703 0.287787 0.060562 0.279499 0.066141 0.279499 0.073578 0.291106 0.073578 0.299374 0.077922 0.308497 0.081641 0.324217 0.083500 0.334175 0.079156 0.349081 0.085359 0.379729 0.090938 0.386347 0.090312 0.392150 0.077297 0.393800 0.074813 0.386347 0.074203 0.373090 0.071094 0.350731 0.069859 0.359833
0 0.669672 0.269624 0.673187 0.276889 0.681484 0.252129 0.679563 0.296075 0.684359 0.296931 0.688516 0.239749 0.702891 0.228246 0.690422 0.206472 0.685641 0.201775 0.679250 0.206054 0.669031 0.217578 0.670313 0.226952 0.673813 0.233779
0 0.835328 0.693841 0.840719 0.677641 0.851500 0.661440 0.848141 0.640731 0.856891 0.626326 0.872391 0.630835 0.872391 0.655136 0.879797 0.664134 0.884516 0.672234 0.883844 0.700146 0.882484 0.720835 0.877781 0.742443 0.870359 0.755052 0.854203 0.753257 0.844766 0.750543 0.840719 0.738852 0.839375 0.716347 0.834656 0.717244 0.827922 0.713653 0.827250 0.704635
