25 0.669134 0.350049 0.631029 0.356389 0.575997 0.362745 0.530507 0.362745 0.514624 0.364853 0.507222 0.362745 0.506160 0.356389 0.513562 0.351111 0.661716 0.272794 0.660670 0.262206 0.673366 0.260098 0.675474 0.271732 0.841618 0.323595 0.842680 0.329935 0.783415 0.339461 0.706160 0.350049 0.674428 0.353219 0.683938 0.487614 0.683938 0.533121 0.678660 0.535229 0.676536 0.555343 0.678660 0.557451 0.680768 0.577565 0.686062 0.577565 0.682892 0.558513
0 0.455180 0.768072 0.480752 0.697761 0.483954 0.670065 0.480752 0.664739 0.481814 0.640229 0.483954 0.621046 0.509510 0.576307 0.491405 0.521977 0.538284 0.482549 0.545735 0.482549 0.557467 0.488938 0.572369 0.553938 0.578775 0.590147 0.562794 0.591225 0.578775 0.617859 0.568121 0.688170 0.562794 0.724395 0.580899 0.789379 0.563856 0.803235 0.568121 0.818154 0.550000 0.822402 0.554265 0.830931 0.516977 0.840523 0.503121 0.835196 0.500997 0.831993 0.503121 0.824542 0.498856 0.820278 0.490343 0.812810 0.491405 0.800033 0.458382 0.777663 0.454118 0.770196
0 0.485392 0.788758 0.453938 0.815735 0.413480 0.817974 0.397745 0.815735 0.393252 0.795507 0.400000 0.689886 0.375278 0.683154 0.400000 0.561797 0.408987 0.548317 0.406748 0.498873 0.444951 0.487647 0.462925 0.514608 0.458431 0.534837 0.476405 0.568546 0.480899 0.644951 0.478644 0.696634 0.456176 0.766291 0.485392 0.786520
0 0.643954 0.796667 0.652042 0.744690 0.640490 0.729673 0.638170 0.668448 0.641634 0.602598 0.655507 0.576029 0.657810 0.556389 0.670523 0.547141 0.673987 0.528660 0.678611 0.484771 0.691307 0.470899 0.710948 0.510180 0.717892 0.534444 0.744461 0.548301 0.749069 0.574869 0.752533 0.639559 0.757157 0.662663 0.745605 0.682304 0.745605 0.721585 0.738676 0.731977 0.736373 0.804755 0.735212 0.811683 0.734052 0.824395 0.707484 0.817467 0.700556 0.808219 0.680915 0.793203 0.657810 0.797827 0.646258 0.797827
0 0.784412 0.771454 0.813137 0.772810 0.825441 0.771454 0.840474 0.761879 0.841846 0.731797 0.841846 0.701716 0.841846 0.679837 0.835016 0.645654 0.847320 0.642925 0.855523 0.610098 0.856879 0.566340 0.856879 0.554036 0.847320 0.541732 0.832271 0.533529 0.829542 0.525327 0.832271 0.506176 0.832271 0.492516 0.826797 0.484314 0.819967 0.478840 0.806291 0.478840 0.787157 0.485670 0.785784 0.502075 0.787157 0.513023 0.792614 0.525327 0.781683 0.544461 0.776209 0.552680 0.773480 0.582761 0.773480 0.605997 0.766650 0.630605 0.774853 0.645654 0.788513 0.644281 0.793987 0.666160 0.793987 0.718121 0.798088 0.746830 0.798088 0.759134 0.781683 0.756405
0 0.082565 0.598154 0.080735 0.581961 0.077990 0.559379 0.071275 0.559379 0.066078 0.554493 0.067304 0.546552 0.071275 0.530376 0.075539 0.524886 0.081340 0.521520 0.090196 0.516029 0.092337 0.514199 0.088971 0.509918 0.085310 0.506879 0.085931 0.502598 0.086225 0.497712 0.089281 0.490392 0.096618 0.487647 0.103627 0.490392 0.106993 0.494363 0.109428 0.499248 0.108824 0.502598 0.107598 0.509003 0.107598 0.511765 0.115539 0.513889 0.119199 0.517255 0.127435 0.525490 0.133235 0.534951 0.132320 0.541373 0.129886 0.543203 0.131111 0.546863 0.131111 0.553268 0.129265 0.560605 0.128350 0.563350 0.116454 0.563644 0.113709 0.566095 0.113709 0.570359 0.106078 0.573415 0.097222 0.581961 0.085016 0.594788
0 0.845327 0.542271 0.846307 0.533464 0.841405 0.513905 0.849232 0.503137 0.864886 0.497271 0.875637 0.504118 0.877598 0.519771 0.872712 0.531503 0.875637 0.537386 0.896193 0.565752 0.898137 0.617582 0.892271 0.641062 0.881520 0.644003 0.878578 0.642042 0.859020 0.660621 0.847271 0.684101 0.860000 0.706601 0.886405 0.716373 0.878578 0.748660 0.860000 0.755507 0.846307 0.754526 0.840425 0.737892 0.837500 0.644003 0.846307 0.643023 0.849232 0.635196 0.858039 0.563791 0.850212 0.546176
0 0.739248 0.540425 0.745768 0.535082 0.742206 0.519641 0.745180 0.505392 0.754690 0.497680 0.769526 0.499461 0.774869 0.516078 0.767745 0.530931 0.774869 0.539248 0.779624 0.544592 0.774869 0.552908 0.773088 0.612288 0.765376 0.630703 0.777843 0.647320 0.776650 0.687696 0.762990 0.678203 0.756471 0.665735 0.756471 0.653268 0.749935 0.646127 0.745180 0.546373 0.739837 0.541029
0 0.329984 0.581013 0.333301 0.602549 0.336618 0.648105 0.333301 0.648105 0.325850 0.684542 0.328333 0.692010 0.338268 0.696977 0.339101 0.702778 0.330817 0.703595 0.318399 0.703595 0.314248 0.701111 0.307631 0.708562 0.302663 0.702778 0.298513 0.681242 0.290229 0.666324 0.291895 0.644788 0.291895 0.632369 0.285261 0.607516 0.280294 0.577712 0.279461 0.560310 0.270359 0.545408 0.271193 0.532157 0.276160 0.523039 0.284444 0.518072 0.276977 0.497369 0.284444 0.483284 0.295196 0.482451 0.305147 0.489085 0.305964 0.499853 0.305964 0.514755 0.311765 0.518905 0.317565 0.513105 0.326683 0.514755 0.329984 0.520556 0.331650 0.525523 0.335784 0.528007 0.334967 0.536291 0.336618 0.542925 0.330817 0.547892 0.324199 0.547892 0.327500 0.561144 0.327500 0.575229
26 0.863987 0.663611 0.852386 0.667745 0.848252 0.687631 0.854052 0.709167 0.876405 0.711650 0.912859 0.710817 0.916160 0.699216 0.916160 0.686797 0.910376 0.671895 0.901258 0.666928 0.893807 0.644559 0.887173 0.646209 0.892974 0.665261 0.878889 0.666928 0.873922 0.666095 0.878072 0.655327 0.883039 0.647042 0.879722 0.643725 0.875588 0.642908 0.864820 0.661944
27 0.802941 0.540261 0.809706 0.540458 0.810703 0.544248 0.808105 0.545441 0.807124 0.559167 0.801552 0.574477 0.799363 0.574886 0.797565 0.569510 0.802337 0.546225 0.801144 0.541650
26 0.632876 0.494657 0.637271 0.503039 0.638464 0.510245 0.638464 0.519428 0.638464 0.526225 0.640866 0.529820 0.648464 0.527435 0.648856 0.522239 0.643660 0.508235 0.637271 0.495850
27 0.927304 0.562778 0.934755 0.535343 0.938284 0.528301 0.937500 0.523987 0.942190 0.523203 0.944542 0.527124 0.945719 0.530654 0.942582 0.545539 0.933578 0.576095 0.928873 0.576487 0.927304 0.575703 0.927304 0.563170
26 0.304804 0.574477 0.306144 0.579575 0.309020 0.583121 0.316340 0.585327 0.323873 0.585784 0.327190 0.584232 0.327647 0.579788 0.327647 0.568268 0.324755 0.563382 0.323644 0.557402 0.323644 0.553627 0.322761 0.553415 0.322810 0.552941 0.322190 0.542745 0.316307 0.543676 0.317239 0.553252 0.316307 0.553873 0.314657 0.553578 0.314052 0.560719 0.310572 0.564183 0.308742 0.566846 0.306699 0.568464 0.305686 0.571732 0.305065 0.574379
26 0.586863 0.563856 0.587402 0.540327 0.593824 0.534444 0.602908 0.561176 0.593284 0.564918 0.586863 0.564395
0 0.924657 0.743775 0.943137 0.748399 0.953529 0.741471 0.955850 0.733382 0.968546 0.729918 0.966242 0.710278 0.963938 0.713742 0.963938 0.683709 0.972026 0.637500 0.978954 0.616716 0.973170 0.600539 0.973170 0.588987 0.990507 0.569346 0.990507 0.548546 0.982418 0.530065 0.974330 0.521977 0.960474 0.512745 0.966242 0.496569 0.965082 0.481552 0.961618 0.475768 0.945458 0.472304 0.930425 0.478088 0.929281 0.495409 0.926961 0.512745 0.918873 0.519673 0.923497 0.523137 0.907337 0.525441 0.903856 0.554330 0.899248 0.575114 0.911944 0.599379 0.905016 0.613235 0.905016 0.624788 0.917729 0.624788 0.931585 0.687173 0.937369 0.701029 0.936209 0.716046 0.929281 0.729918 0.925817 0.742631
0 0.020882 0.882712 0.041814 0.764739 0.020882 0.736209 0.057042 0.629641 0.106503 0.568758 0.142663 0.555441 0.167402 0.528791 0.201650 0.519281 0.214967 0.553529 0.171209 0.583971 0.186422 0.637255 0.155980 0.673415 0.140752 0.709559 0.127435 0.768546 0.119820 0.814216 0.136944 0.854183 0.163595 0.880817 0.163595 0.901748 0.096993 0.909363 0.049428 0.878905
0 0.134837 0.761797 0.150556 0.698873 0.184265 0.649444 0.197745 0.624722 0.195507 0.595507 0.213480 0.566291 0.242696 0.550556 0.280899 0.588758 0.267418 0.611242 0.269657 0.629216 0.292141 0.667418 0.312353 0.698873 0.314608 0.764052 0.319101 0.842696 0.319101 0.858431 0.319101 0.887647 0.294379 0.957304 0.292141 0.968546 0.235948 0.982026 0.170784 0.970784 0.166291 0.930343 0.170784 0.898873 0.148317 0.862925 0.134837 0.826961 0.116846 0.806748 0.125850 0.770784 0.130343 0.764052
