60 0.729563 0.273969 0.730583 0.268609 0.777542 0.183641 0.808167 0.184406 0.809167 0.166797 0.787750 0.166031 0.793875 0.157609 0.792854 0.158375 0.817333 0.110906 0.933688 0.123922 0.928604 0.129281 0.889812 0.140000 0.878583 0.163734 0.834687 0.163734 0.848979 0.180578 0.882667 0.182109 0.928604 0.215016 0.955125 0.221141 0.886750 0.229562 0.841833 0.247937 0.828562 0.266313 0.779583 0.271672 0.765292 0.278562 0.665271 0.376547 0.642812 0.410984 0.618313 0.450797 0.624438 0.476047 0.684667 0.487531 0.766312 0.499781 0.885729 0.517391 0.839792 0.615375 0.822437 0.667422 0.795917 0.749328 0.764271 0.828953 0.739771 0.904734 0.741813 0.900141 0.739771 0.925406 0.749979 0.935344 0.785708 0.936875 0.791833 0.936109 0.818354 0.825891 0.843875 0.751625 0.878583 0.658234 0.890833 0.622266 0.901042 0.597766 1.000000 0.613078 0.996979 0.508969 0.939812 0.489828 0.883688 0.453859 0.867354 0.426297 0.867354 0.401797 0.886750 0.383422 0.909208 0.373484 0.941854 0.368891 0.888792 0.348984 0.856125 0.404859 0.826521 0.418641 0.787750 0.413281 0.772437 0.401797 0.769375 0.382656 0.760188 0.339797 0.754063 0.321422 0.712208 0.299984 0.722417 0.296922 0.721396 0.290031 0.727521 0.285453 0.728542 0.284687 0.756104 0.291562 0.756104 0.303047 0.747938 0.306109 0.729563 0.302281
16 0.693542 0.358063 0.725813 0.255234 0.491938 0.289516 0.451604 0.275406 0.405917 0.277422 0.397854 0.281453 0.446229 0.341937 0.400542 0.392344 0.446229 0.392344 0.521500 0.418547 0.551083 0.438703 0.443542 0.495156 0.427417 0.515328 0.500000 0.519359 0.618271 0.410484 0.766125 0.499188 0.755375 0.517344 0.798396 0.525406 0.801083 0.507266 0.768812 0.505234
55 0.990458 0.234719 0.974187 0.232391 0.947062 0.237625 0.875771 0.229484 0.874979 0.253312 0.876542 0.275984 0.895917 0.287609 0.902104 0.299234 0.950146 0.298641 0.998208 0.307359 0.998979 0.235297
41 0.765854 0.278109 0.785833 0.268250 0.815812 0.267078 0.858938 0.269828 0.881021 0.278109 0.903125 0.289547 0.904688 0.302969 0.899958 0.322688 0.883667 0.356219 0.876292 0.369234 0.848958 0.410250 0.833688 0.417750 0.795833 0.416172 0.771646 0.401969 0.764271 0.380281 0.756396 0.330578 0.757438 0.321891 0.735875 0.314406 0.720104 0.306125 0.711687 0.287578 0.720625 0.275359 0.744813 0.272203
55 0.999042 0.080437 0.962812 0.086234 0.943687 0.096016 0.931875 0.141188 0.942458 0.149125 0.924958 0.187281 0.946938 0.196438 0.999854 0.211094
43 0.908208 0.161953 0.886542 0.162641 0.874083 0.161250 0.865333 0.159875 0.833979 0.162297 0.823375 0.162984 0.814146 0.159531 0.806771 0.159531 0.789250 0.162641 0.776792 0.162641 0.765271 0.166094 0.752813 0.166797 0.731146 0.165063 0.721458 0.178203 0.729771 0.185469 0.757438 0.181656 0.771729 0.180281 0.794312 0.181313 0.808146 0.182703 0.836750 0.178547 0.849187 0.178891 0.865792 0.183047 0.877771 0.182000 0.881000 0.178203 0.886083 0.175781 0.911896 0.175781 0.919271 0.173359 0.910062 0.168172 0.907750 0.162641
0 0.381292 0.007859 0.383896 0.070453 0.383896 0.081219 0.383896 0.083172 0.263917 0.180984 0.253479 0.186859 0.230000 0.221094 0.283479 0.263156 0.290000 0.273906 0.305646 0.286625 0.313458 0.289563 0.334333 0.293484 0.378688 0.284672 0.402146 0.283688 0.411292 0.283688 0.404771 0.235766 0.404771 0.227938 0.408667 0.221094 0.412583 0.215219 0.420417 0.205437 0.406063 0.233812 0.411292 0.243594 0.456937 0.248484 0.505188 0.246531 0.533875 0.245547 0.536479 0.242609 0.543000 0.229891 0.519521 0.226969 0.510396 0.225000 0.447792 0.201531 0.451708 0.195656 0.464750 0.177078 0.475187 0.164359 0.476500 0.141859 0.492146 0.067531 0.515625 0.050891 0.539083 0.039156 0.539083 0.005906 0.532562 0.000000
0 0.472438 0.173844 0.576771 0.203187 0.636771 0.200266 0.632854 0.189500 0.592417 0.169938 0.595021 0.167984 0.638062 0.167984 0.656333 0.157219 0.640688 0.145484 0.608063 0.143531 0.673292 0.000000 0.540250 0.000000 0.536333 0.033969 0.486792 0.077016 0.485479 0.104406
0 0.151083 0.421828 0.109167 0.377234 0.060438 0.367000 0.018521 0.276344 0.000979 0.219313 0.000000 0.410125 0.046792 0.434250
16 0.083167 0.631984 0.107312 0.579672 0.050979 0.567594 0.072438 0.505219 0.107312 0.418703 0.150229 0.412672 0.158292 0.428766 0.268271 0.358344 0.265583 0.342250 0.265583 0.342250 0.203896 0.328156 0.230708 0.308047 0.391687 0.281891 0.429250 0.318109 0.407771 0.376453 0.380958 0.396578 0.380958 0.396578 0.375583 0.406641 0.437292 0.380469 0.445333 0.442844 0.372896 0.493156 0.448021 0.553516 0.402417 0.571625 0.354125 0.555531 0.319250 0.515281 0.244125 0.559547 0.241458 0.638016 0.214625 0.654125 0.241458 0.700391 0.195833 0.710453 0.139500 0.650094 0.131458 0.634000 0.126083 0.678266 0.093896 0.684297 0.088521 0.629969 0.088521 0.629969
