0 0.841203 0.507827 0.840734 0.488201 0.844484 0.477664 0.846359 0.465047 0.842609 0.455234 0.850109 0.446122 0.859969 0.448224 0.859500 0.465748 0.859031 0.468551 0.868875 0.474860 0.886234 0.510631 0.886703 0.516939 0.893734 0.534486 0.925156 0.577967 0.927500 0.584276 0.923750 0.581472 0.892328 0.533785 0.883875 0.533084 0.881531 0.545000 0.888109 0.554813 0.900766 0.584276 0.899828 0.587079 0.905453 0.600397 0.913422 0.608808 0.908266 0.615818 0.895609 0.604603 0.886234 0.586379 0.883406 0.590584 0.888109 0.610210 0.886234 0.613014 0.881063 0.606706 0.871219 0.588481 0.860906 0.563224 0.855734 0.542196 0.841203 0.508528
0 0.097297 0.311075 0.090172 0.333178 0.085062 0.337757 0.080484 0.334696 0.083547 0.320210 0.087109 0.314883 0.087109 0.305748 0.088641 0.296589 0.083031 0.298107 0.079469 0.299650 0.077937 0.295070 0.087625 0.282874 0.091703 0.282874 0.093734 0.278294 0.099344 0.275257 0.100359 0.287453 0.104953 0.292009 0.110047 0.305748 0.107500 0.309556 0.100359 0.301916 0.098328 0.312593
0 0.808141 0.492780 0.808937 0.478528 0.812906 0.469042 0.819266 0.466075 0.831563 0.466075 0.837125 0.481519 0.835141 0.483879 0.833562 0.490421 0.831969 0.495164 0.837531 0.500514 0.838719 0.502290 0.840703 0.506449 0.844281 0.507640 0.851422 0.523084 0.854203 0.553949 0.853813 0.559883 0.850625 0.561075 0.850234 0.561682 0.849844 0.562266 0.866125 0.601472 0.860156 0.609182 0.855000 0.607407 0.852219 0.609182 0.849047 0.609766 0.849844 0.610958 0.860156 0.635911 0.861359 0.644206 0.863734 0.648972 0.866906 0.650748 0.868500 0.657290 0.844281 0.659065 0.847859 0.648972 0.849844 0.643037 0.840703 0.623435 0.840703 0.620467 0.833156 0.610958 0.828000 0.615117 0.833156 0.634112 0.839906 0.644813 0.840312 0.648364 0.841500 0.655491 0.842297 0.656682 0.839906 0.657874 0.842687 0.659065 0.822031 0.663808 0.817672 0.658458 0.821641 0.653715 0.823625 0.650164 0.824813 0.647780 0.819656 0.631752 0.815281 0.629953 0.815687 0.627593 0.811719 0.618692 0.810922 0.609182 0.810922 0.601472 0.812516 0.593154 0.816078 0.558715 0.814500 0.545047 0.801391 0.561075 0.799797 0.570584 0.785109 0.559299 0.786297 0.546822 0.782719 0.546822 0.779156 0.548014 0.777156 0.545047 0.776766 0.542664 0.776375 0.536145 0.777953 0.531986 0.781531 0.531379 0.785500 0.533762 0.787484 0.534369 0.789469 0.535537 0.790672 0.536729 0.804172 0.532570 0.807344 0.524860 0.809734 0.512383 0.810922 0.510000 0.810922 0.500514 0.812109 0.498131 0.816875 0.499322 0.817281 0.496355 0.816484 0.494579 0.812906 0.492196 0.811719 0.493972 0.808531 0.494579 0.808531 0.494579
0 0.185969 0.560117 0.190000 0.524930 0.187312 0.518388 0.192687 0.471612 0.202109 0.450491 0.201094 0.444463 0.204797 0.438435 0.208828 0.429883 0.221266 0.435421 0.208828 0.457033 0.199078 0.524930 0.209500 0.538505 0.202781 0.558107 0.198063 0.564135
30 0.277156 0.675210 0.294344 0.670935 0.297828 0.664509 0.295375 0.661752 0.294750 0.663271 0.291891 0.667874 0.241156 0.672150 0.201859 0.674299 0.192250 0.669393 0.192250 0.669393 0.190609 0.670023 0.189391 0.670327 0.176906 0.670327 0.170563 0.662360 0.162781 0.663598 0.164625 0.671542 0.170156 0.676752 0.191016 0.677664 0.189594 0.674299 0.193062 0.680421 0.211484 0.680421 0.214547 0.671542 0.230297 0.661145 0.225594 0.655631 0.219875 0.655631 0.214750 0.662056 0.214750 0.663271
30 0.167766 0.573248 0.170437 0.566565 0.208844 0.565234 0.211516 0.571916 0.254375 0.577243 0.260625 0.569229 0.273125 0.573248 0.265984 0.578575
30 0.702703 0.698294 0.701875 0.699953 0.701047 0.698715 0.724828 0.702430 0.724828 0.700771 0.748062 0.702430 0.786484 0.702009 0.789813 0.698715 0.792844 0.694977 0.778750 0.695818 0.770453 0.695818 0.769906 0.698715 0.754969 0.701192 0.747219 0.700771 0.743078 0.697477 0.740031 0.694579 0.722609 0.694977 0.698828 0.694977 0.692750 0.697056 0.694406 0.695818 0.676156 0.693341 0.672844 0.688785 0.671469 0.686308 0.673953 0.682173 0.678094 0.683411 0.683625 0.687547 0.696078 0.690023 0.696906 0.690865 0.698000 0.684650 0.701328 0.688364 0.705469 0.690023 0.710453 0.695818 0.710594 0.696051 0.712297 0.696051 0.718781 0.696051 0.716313 0.690958 0.707203 0.691192
30 0.907234 0.614463 0.913313 0.607313 0.901812 0.599860 0.897250 0.606682 0.887484 0.603108 0.887484 0.613481 0.882266 0.614136 0.880750 0.605701
0 0.713219 0.688528 0.704797 0.668715 0.699984 0.594907 0.690344 0.605724 0.684328 0.589509 0.699984 0.553505 0.698781 0.531916 0.702984 0.517500 0.699984 0.498598 0.702984 0.477009 0.710813 0.475210 0.729469 0.477897 0.738500 0.495911 0.745734 0.518411 0.748141 0.538201 0.757172 0.567921 0.751141 0.593107 0.769812 0.643528 0.759578 0.657009 0.769812 0.700234
0 0.599578 0.570864 0.599219 0.553925 0.599937 0.544089 0.600672 0.536425 0.601031 0.528785 0.601031 0.522780 0.595563 0.515678 0.589703 0.508575 0.586062 0.496005 0.585328 0.488341 0.584953 0.476332 0.584594 0.470864 0.583859 0.480140 0.581672 0.485607 0.578016 0.483435 0.578750 0.477430 0.580938 0.469766 0.582766 0.452290 0.586422 0.448458 0.586422 0.441355 0.583125 0.429883 0.584953 0.422220 0.590438 0.417313 0.602859 0.412944 0.608344 0.414042 0.612734 0.423878 0.612359 0.432617 0.606891 0.440257 0.605062 0.441355 0.610547 0.454463 0.610547 0.464860 0.607250 0.471402 0.606516 0.478505 0.613828 0.492710 0.616391 0.502547 0.613469 0.506378 0.613828 0.510748 0.617484 0.529322 0.617125 0.539720 0.620766 0.556659 0.619672 0.559930 0.618578 0.563762 0.628453 0.565397 0.632094 0.569229 0.632828 0.575234 0.628078 0.577967 0.612734 0.577967 0.600313 0.576332 0.599937 0.568131
0 0.265188 0.372196 0.270875 0.388154 0.273016 0.399836 0.280828 0.409416 0.285094 0.421098 0.280828 0.434930 0.294328 0.491262 0.294328 0.529533 0.290062 0.542290 0.280828 0.530584 0.273719 0.527407 0.260219 0.563551 0.261641 0.607126 0.269453 0.658154 0.267328 0.668785 0.241016 0.668785 0.238172 0.663458 0.243156 0.645397 0.236047 0.590117 0.233203 0.569907 0.230359 0.600748 0.220406 0.624136 0.216141 0.650701 0.210453 0.661332 0.196953 0.669836 0.200500 0.627313 0.209734 0.597547 0.216844 0.570981 0.216141 0.549720 0.206188 0.532710 0.198375 0.523154 0.209031 0.457243 0.226094 0.425350 0.234625 0.411542 0.227516 0.411542 0.223953 0.408341 0.226094 0.401963 0.241734 0.391332 0.248844 0.389206 0.256656 0.379650 0.263063 0.378575
