60 0.121580 0.068800 0.211660 0.088080 0.248340 0.108827 0.255020 0.125147 0.243900 0.138480 0.243900 0.169627 0.177180 0.165173 0.169400 0.174080 0.168280 0.150347 0.024840 0.172587 0.000380 0.177040 0.000380 0.067333 0.037080 0.065840 0.054860 0.071760 0.091560 0.067333
65 0.105120 0.705760 0.096840 0.699947 0.108600 0.675520 0.116880 0.675520 0.136940 0.677280 0.139120 0.695280 0.133880 0.697600 0.126040 0.712720 0.115580 0.708667 0.106420 0.754000 0.079840 0.752827 0.080280 0.754560 0.110340 0.772000 0.113840 0.757467
65 0.595680 0.355920 0.592640 0.343707 0.593940 0.335573 0.592640 0.328587 0.595240 0.323947 0.598740 0.324533 0.604840 0.316400 0.622280 0.333253 0.620100 0.339627 0.602660 0.357653 0.602660 0.360560 0.597420 0.366960
0 0.470220 0.217973 0.453380 0.177520 0.453380 0.146080 0.460120 0.123600 0.465160 0.094373 0.493820 0.080907 0.517420 0.078640 0.542700 0.078640 0.567980 0.132587 0.579780 0.222480 0.606740 0.247200 0.605060 0.285387 0.598320 0.307867 0.594940 0.319093 0.616860 0.321360 0.637080 0.350560 0.625280 0.384267 0.600000 0.417973 0.584840 0.417973 0.561240 0.391013 0.556180 0.523600 0.559560 0.640453 0.559560 0.701120 0.559560 0.746080 0.559560 0.757307 0.578080 0.786507 0.584840 0.804507 0.583140 0.826960 0.532580 0.822480 0.492140 0.797760 0.476960 0.829227 0.468540 0.892133 0.470220 0.941573 0.455060 0.957307 0.424720 0.930347 0.434840 0.905627 0.428080 0.856187 0.436520 0.815733 0.453380 0.766293 0.428080 0.638213 0.411240 0.525840 0.434840 0.444933 0.446620 0.391013 0.446620 0.366293 0.456740 0.352800 0.458420 0.321360 0.456740 0.307867 0.455060 0.285387 0.451680 0.253920 0.453380 0.235947
0 0.178240 0.652693 0.201920 0.633387 0.194020 0.619360 0.166380 0.540400 0.157180 0.498267 0.147960 0.461413 0.134800 0.443867 0.141380 0.443867 0.153220 0.443867 0.142700 0.398240 0.137440 0.380693 0.153220 0.377200 0.149280 0.333307 0.121640 0.296453 0.099260 0.270133 0.055820 0.268373 0.018980 0.289440 0.001860 0.328053 0.000540 0.828187 0.020300 0.935227 0.032140 1.000000 0.159800 1.000000 0.158480 0.963307 0.158480 0.949280 0.149280 0.933493 0.138740 0.859787 0.125580 0.851013 0.124260 0.833467 0.126900 0.810640 0.133480 0.791333 0.134800 0.724640 0.129540 0.726400 0.124260 0.742213 0.103220 0.768533 0.083460 0.761493 0.105840 0.759760 0.109800 0.731680 0.099260 0.693067 0.086100 0.691307 0.079520 0.675520 0.083460 0.668507 0.094000 0.668507 0.111100 0.675520 0.122960 0.668507 0.122960 0.603573 0.122960 0.584267 0.141380 0.628133 0.175600 0.673760 0.178360 0.676533 0.182080 0.689813 0.181460 0.693120 0.188940 0.698933 0.202020 0.698933 0.222560 0.673200 0.214460 0.669040 0.200760 0.670720 0.196400 0.675680 0.192680 0.679840 0.192040 0.670720
60 0.215660 0.045653 0.224180 0.046987 0.227440 0.045307 0.251540 0.043973 0.255560 0.045307 0.260580 0.049333 0.264340 0.050320 0.273380 0.050320 0.271360 0.039947 0.284420 0.039280 0.282900 0.050320 0.288940 0.050987 0.288180 0.030933 0.288180 0.023547 0.300480 0.022213 0.300980 0.034267 0.315780 0.033253 0.318040 0.047973 0.360440 0.046320 0.380020 0.050320 0.382780 0.058347 0.384780 0.091813 0.388060 0.116240 0.373000 0.118907 0.372240 0.160080 0.372240 0.165093 0.367480 0.164427 0.366480 0.130640 0.353680 0.126267 0.341380 0.127280 0.337120 0.123253 0.334100 0.123253 0.334100 0.132640 0.329080 0.132960 0.328320 0.085120 0.260080 0.086800 0.260820 0.152053 0.260820 0.153387 0.253040 0.152053 0.254300 0.142347 0.251280 0.140000 0.250040 0.137653 0.247020 0.136640 0.255300 0.125600 0.249280 0.109547 0.212640 0.087120 0.205360 0.085787 0.205120 0.064053 0.211640 0.050320 0.213640 0.047973
65 0.213840 0.638320 0.198520 0.632293 0.193100 0.644320 0.186340 0.649733 0.174160 0.676187 0.176400 0.683413 0.181360 0.685227 0.181360 0.679813 0.184520 0.676800 0.191740 0.671387 0.199420 0.672587 0.201660 0.670773 0.216100 0.673200 0.223320 0.661760 0.215660 0.641307
65 0.424240 0.543280 0.435980 0.524747 0.445100 0.522427 0.455980 0.513733 0.466840 0.509093 0.474240 0.509093 0.479880 0.525307 0.479020 0.538080 0.474240 0.540960 0.460320 0.536907 0.454680 0.539227 0.446420 0.541547 0.441620 0.538080 0.434240 0.545600 0.424680 0.553707
65 0.798400 0.491707 0.803820 0.482667 0.825920 0.491093 0.815540 0.507333 0.797500 0.495920
65 0.502620 0.416293 0.517100 0.397840 0.530280 0.404000 0.523040 0.433867 0.521720 0.436507 0.501300 0.418053
65 0.375140 0.582667 0.388440 0.574800 0.391880 0.568213 0.414040 0.560987 0.418480 0.567573 0.418960 0.577413 0.411080 0.588587 0.404680 0.596453 0.389420 0.598427 0.379560 0.594480 0.374640 0.591200 0.374640 0.587253
65 0.884520 0.480373 0.887840 0.468107 0.895000 0.460960 0.904700 0.460960 0.909560 0.461653 0.909820 0.464720 0.907000 0.477307 0.904700 0.484800 0.909040 0.482080 0.913640 0.475600 0.914660 0.477653 0.915940 0.482080 0.913640 0.490587 0.911340 0.496373 0.903680 0.497733 0.890920 0.493307
0 0.729720 0.777040 0.717900 0.831093 0.706080 0.887387 0.689180 0.950453 0.684120 0.977467 0.685820 1.000000 0.640200 1.000000 0.638520 0.977467 0.640200 0.921173 0.640200 0.880640 0.652020 0.772533 0.662160 0.729733 0.663860 0.682427 0.668920 0.617120 0.672300 0.590080 0.663860 0.572080 0.658780 0.556293 0.668920 0.443707 0.690880 0.398640 0.726360 0.364853 0.734800 0.342347 0.734800 0.301813 0.746620 0.254507 0.765200 0.247760 0.778720 0.240987 0.809120 0.243253 0.851360 0.265760 0.856420 0.297307 0.856420 0.319813 0.853040 0.351360 0.858100 0.371627 0.866560 0.387387 0.885140 0.405413 0.905400 0.430187 0.920600 0.452693 0.923980 0.488747 0.923980 0.502240 0.903720 0.509013 0.883440 0.502240 0.869940 0.484240 0.866560 0.477467 0.851360 0.466213 0.836140 0.477467 0.836140 0.493253 0.826020 0.506747 0.819260 0.527040 0.804060 0.549547 0.798980 0.567573 0.800680 0.590080 0.810820 0.644133 0.814180 0.675680 0.798980 0.786027 0.787160 0.826587 0.783780 0.864853 0.805740 0.903147 0.809120 0.932427 0.802360 0.943707 0.775340 0.934693 0.746620 0.900907 0.726360 0.882880 0.726360 0.876133
57 0.443260 0.237893 0.420780 0.218613 0.391860 0.205787 0.375800 0.199360 0.342080 0.222907 0.327620 0.252880 0.330840 0.304267 0.337260 0.321413 0.342080 0.347093 0.342080 0.372800 0.322800 0.385653 0.306740 0.400640 0.290680 0.428480 0.266600 0.458453 0.242500 0.492720 0.239300 0.535547 0.240900 0.567653 0.237680 0.578373 0.197540 0.584800 0.183080 0.584800 0.163820 0.539813 0.150960 0.484160 0.139720 0.445600 0.144540 0.411333 0.141320 0.370667 0.141320 0.329973 0.122060 0.310693 0.094760 0.282853 0.067460 0.280720 0.017660 0.289280 0.000000 0.319253 0.001600 0.265733 0.003220 0.272160 0.043360 0.270027 0.114020 0.257173 0.097960 0.216480 0.089940 0.190773 0.112420 0.184373 0.160600 0.177947 0.199140 0.165093 0.221620 0.171520 0.264980 0.169360 0.321200 0.158667 0.343680 0.152240 0.351720 0.158667 0.385440 0.162960 0.427200 0.152240 0.440040 0.145813 0.460920 0.150107 0.465740 0.182213 0.475380 0.201493 0.472160 0.216480 0.557280 0.383493 0.560500 0.381360 0.571740 0.402773 0.610280 0.398507 0.603860 0.462747 0.544440 0.464880
0 0.347980 0.212827 0.395280 0.201573 0.427360 0.228613 0.442560 0.248880 0.451020 0.287173 0.451020 0.329947 0.456080 0.354720 0.444260 0.388507 0.437500 0.406533 0.434120 0.451573 0.405400 0.514640 0.403720 0.577707 0.417220 0.591227 0.449320 0.773653 0.408780 0.863733 0.432440 0.929067 0.435820 0.985360 0.400340 0.971840 0.390200 0.917787 0.368240 0.888507 0.346280 0.906533 0.329400 0.953840 0.332780 0.985360 0.275340 0.974107 0.290540 0.922293 0.290540 0.902027 0.292220 0.825440 0.300680 0.780400 0.287160 0.643013 0.277020 0.606987 0.238180 0.568693 0.243240 0.487600 0.271960 0.438053 0.347980 0.361493 0.344600 0.329947 0.334460 0.287173 0.331080 0.239867
