0 0.064453 0.467045 0.067609 0.464066 0.063922 0.441061 0.066031 0.417222 0.067875 0.435530 0.068656 0.442778 0.071297 0.445758 0.072609 0.457677 0.073141 0.465758 0.081312 0.466616 0.078672 0.458965 0.078141 0.454697 0.075781 0.435960 0.076297 0.417652 0.077359 0.401465 0.078672 0.390404 0.075250 0.370404 0.072609 0.366566 0.069453 0.352096 0.066297 0.348687 0.059969 0.353359 0.062078 0.365278 0.055219 0.373384 0.049687 0.384874 0.056547 0.396793 0.058656 0.431692 0.062609 0.457247 0.059703 0.464924
19 0.422125 0.483586 0.426391 0.469798 0.430656 0.457727 0.432250 0.455152 0.437578 0.462045 0.490875 0.454293 0.534047 0.452576 0.552703 0.455152 0.563891 0.493056 0.551109 0.543864 0.547906 0.529217 0.551641 0.511995 0.553234 0.499091 0.551641 0.483586 0.545766 0.525783 0.547375 0.561086 0.535641 0.604167 0.530844 0.598131 0.529781 0.586944 0.530312 0.570581 0.530312 0.558510 0.529250 0.536111 0.526578 0.526641 0.518594 0.536111 0.521250 0.505101 0.521781 0.499949 0.516453 0.482702 0.486078 0.474950 0.466359 0.477551
19 0.600656 0.440682 0.613875 0.435581 0.688141 0.441692 0.725281 0.474242 0.733469 0.471187 0.737250 0.471187 0.732203 0.480354 0.729062 0.483409 0.734094 0.525101 0.727172 0.528157 0.722766 0.528157 0.717109 0.513914 0.712703 0.509848 0.705766 0.504748 0.700734 0.504748 0.698844 0.507803 0.690031 0.523081 0.684375 0.532222 0.680594 0.532222 0.682484 0.551566 0.681859 0.569874 0.679969 0.587146 0.671781 0.582071 0.671156 0.564773 0.671156 0.548510 0.669891 0.525101 0.637156 0.524091 0.619547 0.512904 0.616391 0.517980 0.615766 0.528157 0.613250 0.525101 0.611359 0.503737 0.605687 0.503737 0.601922 0.508838 0.599391 0.503737 0.593109 0.463056 0.584297 0.513914 0.567922 0.543409 0.568563 0.536288 0.579891 0.507803 0.593734 0.447803
8 0.615891 0.279495 0.652172 0.251667 0.654188 0.236843 0.647594 0.226490 0.632203 0.227677 0.610766 0.248409 0.602703 0.258182 0.601969 0.274444 0.603438 0.278889 0.616078 0.280076
0 0.110625 0.406111 0.109734 0.382323 0.109281 0.374394 0.108391 0.365732 0.106609 0.360682 0.105719 0.357803 0.099922 0.352045 0.098125 0.350581 0.099016 0.345556 0.098578 0.338333 0.095906 0.335455 0.090547 0.339066 0.089656 0.345556 0.090547 0.352045 0.090984 0.354924 0.086531 0.359242 0.084297 0.362854 0.084750 0.370050 0.082969 0.375101 0.082516 0.375833 0.087422 0.379444 0.089203 0.380884 0.092781 0.373662 0.095453 0.372955 0.098578 0.375101 0.100812 0.382323 0.102141 0.392399 0.103031 0.398182 0.105266 0.401061 0.109281 0.406843 0.107547 0.425581 0.104875 0.429899 0.103984 0.436389 0.105313 0.440732 0.108891 0.459470 0.116469 0.459470 0.114234 0.453712 0.110672 0.452980
0 0.888578 0.677045 0.892672 0.674848 0.897219 0.674848 0.902219 0.677803 0.903578 0.690278 0.902219 0.696894 0.901313 0.704242 0.899031 0.711566 0.898578 0.715253 0.900859 0.725530 0.905859 0.729924 0.908578 0.736540 0.909938 0.747550 0.910391 0.754899 0.912219 0.763712 0.914484 0.771061 0.921750 0.780606 0.924031 0.785025 0.922219 0.788687 0.915844 0.788687 0.913125 0.785758 0.910391 0.781338 0.907672 0.776944 0.905859 0.772525 0.904484 0.769596 0.904031 0.766641 0.903578 0.751237 0.903125 0.746818 0.899938 0.750505 0.899031 0.754167 0.898578 0.760051 0.900859 0.770328 0.899938 0.773990 0.899938 0.780606 0.899484 0.787222 0.899484 0.795303 0.899938 0.802626 0.901766 0.809242 0.904484 0.821742 0.904484 0.826136 0.901313 0.840101 0.903578 0.868005 0.899031 0.869470 0.896766 0.869470 0.893125 0.866540 0.890406 0.861389 0.890406 0.853308 0.889953 0.845960 0.888578 0.843763 0.888125 0.843763 0.886312 0.850379 0.885859 0.854773 0.881312 0.860657 0.877219 0.865050 0.875859 0.858460 0.869500 0.851111 0.869500 0.840101 0.869500 0.826136 0.870406 0.807778 0.869047 0.792348 0.868141 0.784268 0.864500 0.769596 0.864500 0.762248 0.864500 0.750505 0.865406 0.734343 0.864953 0.723333 0.870406 0.718182 0.875859 0.715985 0.884047 0.712298 0.886312 0.707172 0.883594 0.696894 0.883125 0.691742 0.886469 0.678409 0.887672 0.676465
0 0.875172 0.974091 0.875172 0.938056 0.889109 0.922298 0.905828 0.924545 0.898859 0.949318 0.901641 0.971843 0.879344 0.976364
0 0.443266 0.462702 0.443266 0.427475 0.439016 0.422601 0.436594 0.418687 0.437813 0.408889 0.440234 0.400101 0.440234 0.387374 0.440234 0.382500 0.441437 0.373687 0.445078 0.358030 0.446281 0.352172 0.448703 0.344343 0.455359 0.346288 0.455969 0.351187 0.459594 0.360000 0.461422 0.367828 0.461422 0.385429 0.461422 0.387374 0.455969 0.386414 0.457172 0.408889 0.458391 0.420631 0.459594 0.433359 0.453547 0.448030 0.453547 0.467601
0 0.246844 0.281768 0.245125 0.277677 0.243969 0.272677 0.243516 0.267475 0.243516 0.261717 0.243969 0.255758 0.244312 0.252980 0.245234 0.250202 0.246953 0.248333 0.248109 0.248333 0.248453 0.247045 0.248453 0.245732 0.248562 0.242576 0.249250 0.238308 0.249828 0.235707 0.250516 0.234217 0.252016 0.233662 0.254203 0.233662 0.255234 0.234773 0.256719 0.237197 0.257531 0.239975 0.257531 0.243889 0.257531 0.246667 0.257531 0.249091 0.257984 0.250934 0.258219 0.251313 0.257984 0.253535 0.257422 0.255202 0.256031 0.258561 0.254656 0.260960 0.255000 0.265606 0.256375 0.269520 0.257422 0.273030 0.258687 0.276566 0.259031 0.279924 0.259594 0.283990 0.259594 0.292904 0.259828 0.297374 0.259375 0.298106 0.259375 0.302955 0.259250 0.306288 0.259250 0.319849 0.257766 0.322626 0.256375 0.324495 0.254203 0.324874 0.252703 0.324874 0.250516 0.324116 0.251672 0.320960 0.253516 0.317980 0.255344 0.311869 0.255922 0.303864 0.255234 0.298308 0.252250 0.296061 0.251094 0.312778 0.251094 0.318359 0.250516 0.321338 0.249594 0.322273 0.245578 0.323182 0.244422 0.322626 0.242937 0.318914 0.244203 0.317071 0.244547 0.317071 0.245469 0.315379 0.245688 0.308157 0.245688 0.302955 0.244656 0.298485 0.245125 0.289747 0.246266 0.283081
0 0.077766 0.408333 0.082906 0.398838 0.087313 0.396212 0.088344 0.385530 0.089656 0.376995 0.095828 0.372727 0.099797 0.377955 0.101844 0.389091 0.103469 0.397652 0.109187 0.404520 0.112562 0.411162 0.111688 0.419242 0.105516 0.427071 0.103609 0.435606 0.104781 0.456970 0.104344 0.463611 0.102578 0.492803 0.103172 0.497323 0.103313 0.502071 0.101406 0.505152 0.092891 0.505859 0.088922 0.509419 0.085547 0.510606 0.081734 0.504444 0.083203 0.484975 0.081297 0.478333 0.084078 0.464091 0.083344 0.458636 0.082766 0.443687 0.083500 0.431338 0.082469 0.427298 0.076453 0.418763 0.075562 0.414975 0.077766 0.411414
0 0.443031 0.673788 0.448313 0.681414 0.443031 0.683207 0.415359 0.683434 0.414813 0.678712 0.415500 0.674217 0.416609 0.671742 0.418703 0.669293 0.427188 0.665682 0.427328 0.664116 0.428297 0.647702 0.430375 0.642323 0.432047 0.638056 0.433578 0.638056 0.439828 0.640960 0.442063 0.647929 0.441359 0.656237 0.439703 0.660960 0.437891 0.668384
0 0.272328 0.260556 0.272922 0.271364 0.274000 0.287020 0.271844 0.290884 0.270766 0.295505 0.270406 0.317146 0.271000 0.317146 0.273391 0.321010 0.273281 0.323914 0.268969 0.325657 0.265875 0.326616 0.265156 0.327576 0.263484 0.328359 0.261797 0.329318 0.257375 0.324672 0.259656 0.320631 0.260375 0.316944 0.260016 0.305177 0.260125 0.281616 0.258344 0.281237 0.256312 0.274268 0.255000 0.268081 0.254641 0.260556 0.254875 0.258232 0.259766 0.249949 0.261922 0.247626 0.261922 0.242399 0.262281 0.234672 0.263594 0.233712 0.266828 0.233914 0.268375 0.235253 0.270531 0.240657 0.270766 0.244343 0.268500 0.249167 0.272203 0.253611
0 0.485734 0.457172 0.466266 0.458939 0.468469 0.443510 0.472141 0.439343 0.471047 0.423914 0.476547 0.420354 0.480969 0.422121 0.482438 0.431035 0.480969 0.438763 0.485734 0.445884
0 0.700641 0.669116 0.700641 0.642778 0.709953 0.633384 0.711688 0.628687 0.707625 0.612677 0.707625 0.602349 0.702969 0.577904 0.698313 0.569419 0.702391 0.556263 0.696562 0.545909 0.685516 0.549672 0.685516 0.568485 0.689578 0.579773 0.687844 0.588232 0.687250 0.610808 0.687250 0.636187 0.690172 0.661591 0.690172 0.677576
0 0.479109 0.420783 0.479844 0.400606 0.478734 0.395859 0.475422 0.395859 0.473219 0.394066 0.478734 0.378636 0.480578 0.374470 0.482406 0.369141 0.484609 0.367348 0.487922 0.367348 0.493437 0.370328 0.494531 0.375657 0.494172 0.381591 0.494906 0.385152 0.495641 0.387525 0.495641 0.381591 0.496375 0.376843 0.500047 0.377450 0.498578 0.383384 0.498203 0.386338 0.500406 0.398232 0.500406 0.401793 0.498578 0.403561 0.497844 0.402980 0.497469 0.402374 0.496375 0.402980 0.497844 0.416641 0.496734 0.430884 0.496375 0.440379 0.496734 0.443939 0.494906 0.446338 0.494172 0.449293 0.494172 0.452273 0.491594 0.454646 0.489391 0.457020 0.488281 0.458207 0.487187 0.458207 0.486813 0.452273 0.486813 0.446338 0.484609 0.443939 0.483141 0.443359 0.480937 0.440985 0.480937 0.440379 0.481672 0.436237 0.481672 0.430884 0.481672 0.427929 0.480937 0.425530 0.479844 0.423763
8 0.642156 0.204621 0.644375 0.212955 0.694375 0.214141 0.697563 0.203434 0.694375 0.195126 0.687016 0.193535 0.682844 0.201465 0.671578 0.202247 0.669375 0.199091 0.641422 0.200278
19 0.409219 0.489318 0.416984 0.489318 0.433484 0.478359 0.461969 0.475732 0.493344 0.475202 0.516328 0.478359 0.521828 0.496641 0.518266 0.537449 0.508875 0.569343 0.504031 0.581364 0.494641 0.596540 0.487531 0.597576 0.492703 0.574040 0.489141 0.550000 0.469734 0.563056 0.471031 0.587121 0.464234 0.588687 0.463906 0.562020 0.457438 0.556263 0.453547 0.545808 0.450969 0.537449 0.443516 0.542146 0.444172 0.557828 0.440938 0.559394 0.435438 0.609596 0.427016 0.607500 0.427016 0.568283 0.414719 0.554167 0.406641 0.538485 0.388516 0.550505 0.377844 0.545808 0.395641 0.495606 0.400156 0.483056
