0 0.701516 0.440937 0.703016 0.503583 0.776141 0.555035 0.791078 0.597541 0.837344 0.557260 0.892563 0.505808 0.883609 0.364871 0.835844 0.308946 0.811969 0.199321 0.771672 0.174707 0.747781 0.206042 0.735844 0.259719 0.753750 0.346979 0.776141 0.355925 0.767187 0.447635 0.749281 0.454356
0 0.600234 0.457939 0.587656 0.389742 0.578937 0.426019 0.560547 0.434731 0.543125 0.407143 0.547000 0.360726 0.545062 0.325902 0.565391 0.296885 0.589594 0.264941 0.626375 0.233021 0.618641 0.179344 0.628312 0.119859 0.673813 0.114052 0.694141 0.154684 0.702859 0.215621 0.691234 0.235925 0.736734 0.269297 0.754172 0.346206 0.770625 0.359274 0.767719 0.452131 0.742547 0.468103 0.701891 0.453583 0.684469 0.365082 0.644766 0.356370 0.648641 0.375222 0.631219 0.373771 0.628312 0.466651 0.600234 0.453583
40 0.119562 0.599297 0.126750 0.547213 0.118953 0.495129 0.104578 0.452014 0.047656 0.461007 0.028484 0.469087 0.025484 0.517588 0.071016 0.510398 0.072812 0.542717 0.026078 0.566066 0.101578 0.571452 0.106375 0.596604 0.046453 0.604684 0.105172 0.627143 0.102828 0.642108 0.085250 0.660632 0.096328 0.748478 0.094375 0.756276 0.076141 0.766042 0.072234 0.789461 0.082000 0.797283 0.117812 0.796300 0.133437 0.790445 0.145156 0.776792 0.150359 0.763115 0.151016 0.757260 0.145156 0.748478 0.118453 0.740679
40 0.248141 0.530820 0.251781 0.596300 0.233578 0.624941 0.250875 0.634496 0.270891 0.631780 0.292734 0.612670 0.279078 0.604496 0.263609 0.588126 0.259062 0.519906 0.274531 0.480328 0.280000 0.454426 0.268156 0.384848 0.212641 0.391663 0.209000 0.433958 0.223563 0.436674 0.222656 0.459883 0.225375 0.476253 0.237219 0.484426 0.233578 0.503536 0.252688 0.517166
40 0.661875 0.568454 0.678172 0.461171 0.691453 0.452178 0.748031 0.449602 0.769031 0.454098 0.778891 0.473372 0.789609 0.545340 0.787891 0.602506 0.783609 0.651967 0.741609 0.710445 0.733469 0.723934 0.727891 0.820937 0.746328 0.831874 0.761328 0.848571 0.768188 0.871686 0.760891 0.897400 0.734750 0.911522 0.711594 0.912178 0.681172 0.896112 0.666594 0.876838 0.665312 0.863349 0.665312 0.849204 0.671313 0.837002 0.681172 0.827354 0.705594 0.822225 0.706891 0.802951 0.713313 0.717518 0.701312 0.707237 0.689313 0.693091 0.669594 0.657752 0.660172 0.605714
56 0.286625 0.394192 0.280703 0.353817 0.273906 0.350703 0.268281 0.353817 0.257031 0.331616 0.259984 0.328970 0.274500 0.324965 0.279531 0.324965 0.295219 0.347588 0.301141 0.397283 0.305875 0.464731 0.297000 0.490023 0.293734 0.484262 0.285156 0.488689 0.287813 0.541944 0.285156 0.562787 0.270641 0.540609 0.264422 0.516651 0.266500 0.505995 0.273609 0.492248 0.276859 0.477166 0.275969 0.444778 0.277750 0.424801
40 0.652625 0.517892 0.633516 0.481077 0.625328 0.449157 0.632969 0.373888 0.685938 0.373068 0.699031 0.434426 0.699031 0.468782 0.689750 0.504801 0.677203 0.518712 0.658641 0.515433
42 0.679187 0.831452 0.656687 0.833700 0.647703 0.842693 0.632703 0.842693 0.601219 0.811241 0.595219 0.779766 0.605719 0.773044 0.646203 0.806745 0.673187 0.813489 0.692672 0.820234
43 0.403156 0.567892 0.400078 0.563279 0.418563 0.551710 0.437063 0.536698 0.444781 0.526300 0.453250 0.532084 0.420875 0.556347 0.404703 0.571358
58 0.532250 0.204496 0.517250 0.166300 0.517250 0.069672 0.559234 0.074169 0.575734 0.087635 0.556234 0.148314 0.554734 0.206745 0.532250 0.206745
75 0.980234 0.045340 0.971219 0.060632 0.959219 0.067822 0.950813 0.068735 0.948406 0.076838 0.946609 0.099344 0.947203 0.103841 0.962219 0.115527 0.956813 0.116440 0.926781 0.116440 0.921984 0.113747 0.934000 0.104731 0.937594 0.099344 0.935797 0.079532 0.929187 0.075925 0.913578 0.057939 0.909969 0.039040 0.911172 0.022834 0.911172 0.017424 0.924984 0.015621 0.942406 0.012037 0.965219 0.012927 0.977234 0.013817 0.982641 0.017424 0.983234 0.021920 0.979031 0.039930 0.979031 0.040820 0.979031 0.040820
43 0.210562 0.718408 0.305844 0.762412 0.330641 0.780023 0.228187 0.740890 0.196859 0.727190
73 0.501594 0.102529 0.427406 0.105199 0.429187 0.147026 0.443125 0.158571 0.449656 0.175035 0.452625 0.179930 0.501594 0.175480
75 0.437828 0.823888 0.437828 0.837494 0.431781 0.839508 0.431109 0.835480 0.430781 0.821358 0.427750 0.812810 0.428078 0.812295 0.433797 0.803232 0.434469 0.789110 0.430109 0.782553 0.426734 0.773489 0.426734 0.766440 0.427078 0.741733 0.431109 0.728642 0.431109 0.685808 0.428750 0.652553 0.423719 0.632881 0.434469 0.625831 0.444219 0.634403 0.444562 0.638946 0.442547 0.653560 0.442203 0.708478 0.445906 0.736698 0.451953 0.749297 0.447250 0.751311 0.443219 0.747283 0.438172 0.756347 0.437500 0.772998 0.437500 0.794660 0.458344 0.805738 0.465750 0.813817 0.465063 0.822365 0.462719 0.825410 0.461031 0.827916 0.459016 0.807260
42 0.392125 0.564169 0.401313 0.557283 0.411500 0.548431 0.421016 0.541054 0.430531 0.535152 0.434812 0.527752 0.436453 0.523817 0.433828 0.520375 0.430203 0.524801 0.424953 0.532201 0.418391 0.538595 0.404594 0.546464 0.392781 0.554333 0.388187 0.558267 0.388844 0.565644 0.392453 0.566628
73 0.564328 0.206206 0.561547 0.120703 0.583703 0.110749 0.587031 0.119063 0.578172 0.128173 0.576500 0.208712
42 0.231031 0.824497 0.237500 0.831194 0.246469 0.827471 0.259406 0.822248 0.265875 0.812553 0.272844 0.808080 0.275828 0.797635 0.276328 0.795410 0.265875 0.805105 0.247453 0.810328 0.241984 0.812553 0.227063 0.808829 0.216609 0.802857 0.200672 0.802857 0.196203 0.803607 0.198188 0.807330 0.209141 0.813302 0.218594 0.813302 0.225062 0.817775
43 0.498953 0.968993 0.541562 0.980023 0.596766 0.992974 0.600000 0.995667 0.600359 0.997283 0.603594 0.994052 0.624266 0.997822 0.626250 0.999977 0.549656 1.000000 0.506156 0.982998 0.496797 0.975457 0.496078 0.972225
75 0.597406 0.392810 0.597406 0.421546 0.589188 0.428197 0.588172 0.464122 0.581328 0.466674 0.584062 0.413841 0.588516 0.406651 0.590906 0.390749 0.595016 0.387166
73 0.612500 0.141593 0.610922 0.212061 0.619547 0.212061 0.620328 0.142763
73 0.479266 0.374426 0.493172 0.376557 0.491750 0.455176 0.476766 0.453583
42 0.377000 0.612857 0.390281 0.613677 0.394984 0.617002 0.399406 0.620726 0.401344 0.621967 0.402453 0.622810 0.404938 0.624052 0.408531 0.624473 0.418766 0.620726 0.425953 0.614520 0.431484 0.607049 0.433156 0.608290 0.433422 0.609953 0.427891 0.617822 0.418500 0.624871 0.415172 0.626112 0.410469 0.626956 0.406328 0.626956 0.405219 0.626956 0.389453 0.617002
73 0.597031 0.210445 0.595734 0.137518 0.606500 0.138150 0.603922 0.213021 0.596172 0.211077
75 0.812203 0.117283 0.796266 0.115714 0.796266 0.063607 0.790500 0.054590 0.792344 0.025995 0.814297 0.026370
73 0.578547 0.204567 0.578547 0.129227 0.591109 0.120445 0.591109 0.140539 0.587766 0.207073
43 0.667953 0.676792 0.646594 0.676042 0.575922 0.670703 0.576422 0.665363 0.669484 0.666885
73 0.523547 0.270984 0.523969 0.359789 0.534281 0.359789 0.539000 0.360422 0.538141 0.270984
73 0.596797 0.210375 0.587859 0.211101 0.588188 0.139578 0.595500 0.140304
0 0.871672 0.851593 0.907500 0.858314 0.953766 0.851593 0.988094 0.847119 1.000000 0.840421 1.000000 0.829227 1.000000 0.285597 0.971672 0.258759 0.934359 0.263232 0.903016 0.292318 0.894063 0.316932 0.888094 0.354965 0.883609 0.388525 0.886594 0.404169 0.886594 0.431030 0.889578 0.486955 0.892563 0.507073 0.892563 0.513794 0.797047 0.592084 0.788094 0.574192 0.820922 0.654731 0.852266 0.820281 0.797047 0.882927 0.820922 0.945574 0.844813 0.983583 0.811969 0.981358 0.764203 0.985831 0.765703 0.925433 0.744797 0.909766 0.729875 0.905293 0.744797 0.896347 0.761219 0.887401 0.764203 0.865035 0.746297 0.844895 0.734359 0.835949 0.731375 0.824754 0.729875 0.822529 0.782109 0.835949
0 0.314766 0.430585 0.314766 0.408009 0.314766 0.385433 0.320797 0.358361 0.325312 0.329016 0.337359 0.301920 0.346391 0.281592 0.352422 0.265808 0.361453 0.243232 0.370500 0.213888 0.378016 0.189063 0.391578 0.168735 0.400609 0.157447 0.420188 0.155199 0.430734 0.152927 0.438266 0.164215 0.444297 0.177775 0.451813 0.202600 0.457844 0.236464 0.459344 0.270304 0.441281 0.313208 0.442781 0.340304 0.457844 0.360609 0.459344 0.401241 0.463875 0.426066 0.460859 0.464450 0.448812 0.482506 0.415672 0.505082 0.391578 0.532178 0.375016 0.543443 0.365969 0.554731 0.362969 0.554731 0.359953 0.547963 0.343391 0.543443 0.314766 0.563770 0.301219 0.566019 0.293688 0.563770 0.287656 0.563770 0.283141 0.552482 0.284641 0.525386 0.295188 0.471218 0.310250 0.437354
0 0.783875 0.650234 0.789859 0.612108 0.804813 0.594169 0.807813 0.600890 0.816781 0.645738 0.830250 0.708525 0.843703 0.764567 0.855672 0.816136 0.879609 0.854262 0.899063 0.860984 0.940938 0.856511 0.984328 0.836323 1.000000 0.831850 0.999281 0.988782 0.843703 0.986557 0.807813 0.932740 0.764422 0.755597 0.737500 0.739906 0.736000 0.739906 0.715062 0.735433 0.712062 0.719742 0.698609 0.701803 0.676156 0.659204 0.665688 0.630047 0.659703 0.587447 0.658219 0.542600 0.668687 0.524660 0.668687 0.524660 0.665688 0.515691 0.653719 0.524660 0.652234 0.580726 0.652234 0.614356 0.652234 0.636768 0.661203 0.668150 0.673172 0.692834 0.688125 0.726464 0.704578 0.742155
40 0.412422 0.360539 0.412422 0.372576 0.413125 0.385902 0.414391 0.397518 0.416656 0.403232 0.419891 0.405550 0.428359 0.406393 0.432594 0.409368 0.428500 0.416112 0.414391 0.418876 0.404812 0.419508 0.398313 0.418876 0.394516 0.416112 0.396344 0.412318 0.402687 0.409789 0.407344 0.407447 0.408609 0.403653 0.408609 0.396464 0.408609 0.391593 0.408609 0.385902 0.408047 0.375738 0.408187 0.371101 0.406781 0.364965 0.405937 0.365176 0.422484 0.332248 0.424844 0.323185 0.425109 0.318056 0.425109 0.308595 0.424328 0.300703 0.422484 0.290843 0.421688 0.287283 0.420906 0.273489 0.419328 0.268735 0.408531 0.270726 0.396688 0.274262 0.387750 0.275855 0.387219 0.273489 0.386172 0.311335 0.403016 0.302670 0.405906 0.308595 0.406172 0.313326 0.399594 0.318454 0.390375 0.324356 0.390375 0.331077 0.398797 0.331077 0.406687 0.329883 0.411422 0.330281 0.416172 0.332248 0.420375 0.338173 0.418766 0.339180 0.416938 0.339602 0.410313 0.340867 0.403953 0.342131 0.399172 0.344052 0.399594 0.345948 0.407344 0.347213 0.411578 0.347213 0.417500 0.345527 0.418625 0.344262 0.418766 0.342763
56 0.115266 0.390984 0.054281 0.392436 0.004906 0.443232 0.003938 0.505621 0.020391 0.521569 0.029109 0.512881 0.031047 0.469344 0.074609 0.453372 0.086219 0.431616 0.099781 0.417096 0.117203 0.393888
