58 0.576750 0.579110 0.573984 0.567494 0.570125 0.555902 0.554094 0.558384 0.547469 0.556745 0.548016 0.545972 0.559078 0.548454 0.565703 0.548454 0.571781 0.545152 0.570125 0.538525 0.565156 0.528571 0.560734 0.512834 0.566813 0.508689 0.569578 0.519461 0.573984 0.524426 0.572328 0.516159 0.570125 0.509532 0.572891 0.505386 0.564594 0.490468 0.563484 0.473911 0.560172 0.463981 0.567906 0.473091 0.573438 0.481358 0.580063 0.483841 0.583391 0.494614 0.583391 0.485503 0.590562 0.486347 0.589469 0.497096 0.590562 0.510351 0.593891 0.512014 0.594437 0.522787 0.597203 0.525269 0.592234 0.530234 0.585047 0.533536 0.586703 0.546792 0.590562 0.568337 0.590562 0.573302 0.586141 0.573302
39 0.749750 0.595925 0.749625 0.566066 0.749234 0.563162 0.755156 0.562576 0.757344 0.561616 0.757078 0.544660 0.762234 0.545621 0.762234 0.561616 0.762234 0.562787 0.766594 0.562787 0.766469 0.595550 0.766859 0.599016 0.766859 0.600749 0.750266 0.600749 0.750016 0.594778
39 0.767891 0.595035 0.773625 0.593302 0.774078 0.565480 0.772250 0.545222 0.764672 0.546932 0.765828 0.561710 0.767438 0.592974
56 0.624125 0.518946 0.627828 0.509696 0.631219 0.502740 0.629984 0.498595 0.625359 0.495340 0.618875 0.493958 0.613937 0.499508 0.608375 0.507377 0.600656 0.517564 0.597578 0.523115 0.597578 0.526347
56 0.846328 0.529532 0.844891 0.511265 0.850813 0.506698 0.856016 0.500234 0.858703 0.491639 0.862641 0.491101 0.861750 0.497283 0.857437 0.506159 0.858156 0.513419 0.857437 0.513677 0.856906 0.506698 0.850266 0.512061 0.847047 0.515831 0.847047 0.530351
56 0.792797 0.537752 0.792469 0.527728 0.796141 0.516698 0.802500 0.510679 0.807859 0.511663 0.814547 0.519204 0.820250 0.533255 0.822250 0.541780 0.816562 0.541780 0.813219 0.541265 0.814891 0.531241 0.810875 0.529742 0.811547 0.540773 0.809531 0.540773 0.807531 0.533255 0.806516 0.538267 0.806516 0.539766 0.803172 0.539274 0.803172 0.519696 0.798484 0.529227 0.800828 0.536745 0.800828 0.538759 0.793125 0.538267
41 0.138031 0.355574 0.138828 0.356300 0.140266 0.358197 0.142797 0.362717 0.142953 0.373419 0.133906 0.375082 0.132953 0.354379 0.130734 0.355105 0.130578 0.373185 0.127562 0.373653 0.126609 0.356300 0.126609 0.354614
41 0.098109 0.447658 0.100531 0.461733 0.107750 0.463185 0.112344 0.462834 0.113781 0.446206 0.112094 0.440773 0.108969 0.440422 0.102937 0.440070 0.099078 0.440422
41 0.089938 0.468993 0.083109 0.469227 0.082000 0.467330 0.081203 0.464239 0.080891 0.459719 0.080266 0.447119 0.082484 0.446159 0.085500 0.446159 0.087563 0.446159 0.088672 0.446628 0.089781 0.449719
41 0.114313 0.355902 0.115750 0.377166 0.124063 0.375878 0.124063 0.362787 0.122484 0.354614 0.118328 0.354614
71 0.862562 0.656393 0.816359 0.672365 0.726094 0.641475 0.782250 0.622295 0.825609 0.628689 0.863281 0.641475 0.862562 0.652131
