57 0.867453 0.630099 0.859313 0.660223 0.857953 0.679579 0.852531 0.690322 0.849813 0.696782 0.849813 0.716139 0.844375 0.735495 0.844375 0.754827 0.844375 0.780644 0.841672 0.787104 0.836234 0.797846 0.844375 0.819356 0.844375 0.827946 0.851172 0.834406 0.857953 0.836559 0.872891 0.847302 0.890531 0.849455 0.898687 0.849455 0.898687 0.849455 1.000000 0.847302 0.999141 0.769901 0.993703 0.763441 0.977422 0.756980 0.966562 0.752698 0.950266 0.737624 0.938047 0.729035 0.935344 0.718267 0.932625 0.718267 0.914969 0.705371 0.913609 0.703218 0.908188 0.692475 0.909547 0.675272 0.912266 0.660223 0.920406 0.655916 0.938047 0.653762 0.961125 0.653762 0.981484 0.653762 0.996422 0.658069 0.999141 0.658069 1.000000 0.651609 1.000000 0.632252 1.000000 0.602153 1.000000 0.569901 1.000000 0.541931 1.000000 0.520421 0.986922 0.511832 0.974703 0.507525 0.970625 0.505371 0.961125 0.498936 0.950266 0.501064 0.947547 0.518267 0.959766 0.556980 0.959766 0.578490 0.957063 0.595693 0.936687 0.608614 0.920406 0.612896 0.904109 0.615049 0.889188 0.615049 0.874250 0.617203 0.852531 0.580644 0.849813 0.582797 0.837594 0.582797 0.829453 0.578490 0.817234 0.567748 0.807734 0.563441 0.796875 0.563441 0.791438 0.567748 0.792797 0.572054 0.802297 0.580644 0.805016 0.584951 0.805016 0.587104 0.792797 0.602153 0.777859 0.608614 0.765641 0.617203 0.757500 0.630099 0.753422 0.638713 0.753422 0.647302 0.753422 0.651609 0.752062 0.658069 0.750719 0.658069 0.745281 0.658069 0.748000 0.670965 0.745281 0.668812 0.737141 0.658069 0.738500 0.600000 0.738500 0.593540 0.738500 0.569901 0.742562 0.552698 0.746641 0.529035 0.745281 0.516139 0.741203 0.511832 0.728984 0.505371 0.735781 0.494629 0.761578 0.494629 0.776500 0.494629 0.795516 0.494629 0.806375 0.486015 0.814516 0.479579 0.819953 0.466658 0.821297 0.455916 0.824016 0.440866 0.879672 0.458069 0.879672 0.470965 0.879672 0.483861 0.881031 0.490322 0.887828 0.498936 0.883750 0.509678 0.875609 0.524728 0.871531 0.535495 0.862031 0.541931 0.855234 0.552698
0 0.726109 0.725619 0.762281 0.649703 0.771078 0.629579 0.769125 0.603243 0.777922 0.593936 0.808234 0.597030 0.801391 0.583094 0.803344 0.569158 0.815078 0.570693 0.837578 0.580000 0.858109 0.581559 0.866906 0.549010 0.872781 0.524233 0.885484 0.514950 0.895266 0.508738 0.888422 0.500990 0.883531 0.488614 0.884516 0.480866 0.883531 0.466931 0.880594 0.466931 0.889406 0.454530 0.892328 0.434381 0.896250 0.423540 0.915797 0.411163 0.941219 0.415792 0.953938 0.439035 0.952953 0.460718 0.947094 0.479307 0.953938 0.490149 0.948063 0.508738 0.940250 0.518045 0.954906 0.531980 0.953938 0.561411 0.951984 0.587748 0.921672 0.609431 0.914828 0.617178 0.883531 0.614084 0.866906 0.638861 0.847359 0.691535 0.836594 0.713218 0.825844 0.790668 0.822906 0.821658 0.798469 0.809257 0.767172 0.809257 0.728063 0.775173 0.727078 0.762772 0.732953 0.741089 0.728063 0.731807
57 0.169844 0.717376 0.202391 0.697203 0.225047 0.728589 0.171266 0.851906 0.120312 0.878812 0.114641 0.717376 0.116062 0.665817 0.002828 0.652351 0.001422 0.481955 0.021234 0.475223 0.025469 0.546980 0.062281 0.596312 0.104734 0.614233 0.148609 0.614233 0.216547 0.531287 0.216547 0.511089 0.239203 0.475223 0.273172 0.481955 0.267500 0.569406 0.257594 0.553688 0.244859 0.533515
0 0.253922 0.805049 0.238328 0.737624 0.222719 0.710668 0.188672 0.703936 0.170234 0.690446 0.165969 0.670223 0.160297 0.634257 0.126250 0.609554 0.078031 0.600545 0.031219 0.566856 0.024125 0.524158 0.034047 0.490446 0.032641 0.441015 0.032641 0.384827 0.042562 0.364604 0.056750 0.362351 0.083703 0.357847 0.097891 0.378069 0.102141 0.407302 0.103562 0.432005 0.106391 0.454480 0.110656 0.485941 0.120578 0.510668 0.139031 0.539876 0.154625 0.544381 0.174484 0.542129 0.194344 0.571337 0.175906 0.596064 0.164562 0.598317 0.205687 0.605049 0.234063 0.616287 0.252500 0.645495 0.310672 0.710668 0.340453 0.744381 0.378750 0.726386 0.385844 0.728639 0.373078 0.766856 0.360313 0.780322 0.357484 0.805049 0.344719 0.802797 0.319172 0.766856 0.314922 0.791559 0.303578 0.791559 0.324859 0.827525 0.256766 0.823020
0 0.385750 0.533342 0.378578 0.612797 0.378578 0.618465 0.392016 0.682327 0.376797 0.686584 0.367844 0.683738 0.365156 0.669554 0.361562 0.665297 0.361562 0.651114 0.361562 0.622723 0.353516 0.547525 0.335594 0.531931 0.325750 0.495050 0.306047 0.475173 0.310516 0.459579 0.318578 0.401386 0.334703 0.382946 0.340969 0.370173 0.340969 0.370173 0.337391 0.343218 0.345453 0.331881 0.356188 0.327624 0.366047 0.329035 0.372312 0.346064 0.375000 0.353144 0.375000 0.360248 0.375000 0.365916 0.373219 0.375866 0.370531 0.387203 0.382172 0.387203 0.413516 0.415594 0.422469 0.428342 0.434109 0.449629 0.448438 0.462401 0.435016 0.472327 0.428734 0.466658 0.421578 0.478020 0.421578 0.460990 0.420687 0.448218 0.408141 0.435446 0.399188 0.442549 0.391125 0.435446 0.390234 0.483688 0.402766 0.499282 0.423375 0.495050 0.432328 0.506386 0.436797 0.523416 0.430531 0.561733 0.423375 0.611386 0.419781 0.617054 0.412625 0.644010 0.423375 0.683738 0.400984 0.682327 0.397391 0.672401 0.393812 0.665297 0.392016 0.653936 0.401875 0.590099 0.403656 0.544703
0 0.139219 0.362847 0.133266 0.369431 0.131484 0.386411 0.130297 0.407129 0.134453 0.424109 0.113641 0.444827 0.105906 0.479703 0.138625 0.548515 0.146359 0.551337 0.171344 0.541906 0.185625 0.555124 0.183250 0.589035 0.174922 0.589975 0.165406 0.595644 0.161828 0.598465 0.191578 0.605074 0.223703 0.606955 0.243344 0.622970 0.258219 0.660668 0.274875 0.670099 0.257625 0.548515 0.252266 0.541906 0.249297 0.550396 0.236797 0.555124 0.195750 0.551337 0.201094 0.538144 0.219547 0.536262 0.213000 0.519307 0.212406 0.507995 0.221922 0.503267 0.225484 0.490074 0.226688 0.480644 0.230844 0.456139 0.213594 0.452376 0.204672 0.444827 0.192172 0.442946 0.173734 0.428812 0.173734 0.420322 0.174328 0.415619 0.179078 0.413738 0.177891 0.405248 0.176703 0.390173 0.173141 0.382624 0.168375 0.368490 0.152906 0.355297 0.140406 0.361881
27 0.106906 0.538342 0.090781 0.501856 0.084344 0.484356 0.081578 0.497500 0.083875 0.514257 0.123938 0.566782 0.127625 0.564604 0.149734 0.601807 0.145125 0.609084 0.150188 0.622228 0.163078 0.623688
39 0.205578 0.444010 0.207984 0.439134 0.207984 0.430446 0.207984 0.427673 0.214344 0.427673 0.214563 0.438441 0.217859 0.444356 0.217641 0.455817 0.215453 0.454431 0.215000 0.453366
75 0.754906 0.442376 0.755125 0.483193 0.754250 0.487327 0.755125 0.492525 0.771500 0.490792 0.774547 0.446188 0.774328 0.442723
39 0.783594 0.490941 0.785953 0.462054 0.784219 0.456559 0.784219 0.445099 0.778094 0.445099 0.777453 0.454084 0.773531 0.458069 0.771016 0.492178
39 0.493375 0.472822 0.493547 0.451980 0.494406 0.433861 0.496969 0.430891 0.496969 0.422772 0.503625 0.423045 0.503797 0.429802 0.505844 0.435495 0.505500 0.471757
0 0.645047 0.680148 0.659016 0.651683 0.672984 0.646931 0.672984 0.588441 0.679969 0.556832 0.672984 0.528366 0.661016 0.495173 0.691953 0.484084 0.710906 0.485668 0.715906 0.479356 0.698938 0.461955 0.669000 0.428762 0.644047 0.409802 0.641047 0.384505 0.636063 0.357624 0.623094 0.354455 0.609109 0.389233 0.604125 0.401881 0.581172 0.433515 0.573187 0.465124 0.581172 0.495173 0.585172 0.525198 0.588156 0.585272 0.601141 0.639035 0.615109 0.665916 0.619094 0.672228
56 0.365984 0.557302 0.394359 0.492129 0.385844 0.478663 0.383000 0.453936 0.398609 0.438193 0.408547 0.440446 0.414219 0.465173 0.418469 0.480891 0.436906 0.476411 0.445422 0.471906 0.442578 0.451683 0.438328 0.442698 0.422719 0.426955 0.444000 0.426955 0.463859 0.462921 0.456766 0.512352 0.451094 0.537079 0.444000 0.600000 0.439750 0.631460 0.421313 0.649431 0.428406 0.579777 0.424141 0.530347 0.421313 0.507871 0.414219 0.494381 0.343281 0.530347 0.331937 0.496634 0.316328 0.467426 0.300734 0.451683 0.268109 0.501114 0.275203 0.528094 0.283703 0.570792 0.292219 0.624728 0.299313 0.658416 0.316328 0.658416 0.324844 0.644951 0.363141 0.642698 0.367406 0.649431 0.380172 0.640446 0.384422 0.537079 0.404281 0.546064 0.401453 0.600000 0.398609 0.644951
