0 0.457760 0.647707 0.468620 0.607867 0.488540 0.566827 0.503020 0.537867 0.488540 0.483547 0.517500 0.452160 0.511160 0.414747 0.510260 0.394240 0.524740 0.373707 0.518420 0.339920 0.507540 0.333893 0.479480 0.366480 0.460480 0.388213 0.439660 0.430453 0.433320 0.482347 0.449620 0.519760 0.455960 0.564427 0.446900 0.639253
0 0.526640 0.876027 0.519200 0.822480 0.492420 0.762960 0.461180 0.715360 0.462660 0.667760 0.470100 0.614187 0.476060 0.586427 0.493900 0.568560 0.526640 0.556667 0.565320 0.503120 0.596560 0.479307 0.612920 0.473360 0.614400 0.437653 0.611440 0.409893 0.629280 0.368240 0.660520 0.356320 0.694740 0.370213 0.709620 0.399973 0.694740 0.453520 0.709620 0.499147 0.723020 0.518987 0.714080 0.834373 0.620360 0.868107 0.554900 0.846267 0.562340 0.911733 0.544480 0.921653 0.522180 0.919680 0.525140 0.870080
20 0.319260 0.474107 0.320940 0.480853 0.314180 0.498880 0.293920 0.501120 0.260140 0.496613 0.236480 0.474107 0.211140 0.444827 0.195940 0.435813 0.192560 0.435813 0.167220 0.435813 0.146960 0.438053 0.138520 0.440320 0.138520 0.462827 0.152020 0.496613 0.152020 0.532667 0.152020 0.573200 0.152020 0.634000 0.145280 0.643013 0.148640 0.663280 0.157100 0.681307 0.157100 0.694827 0.140200 0.694827 0.113180 0.699333 0.099660 0.699333 0.094600 0.685813 0.104720 0.656533 0.101360 0.631760 0.096280 0.575440 0.094600 0.528160 0.082780 0.478613 0.069260 0.478613 0.043920 0.498880 0.030400 0.514640 0.006760 0.516880 0.001680 0.519147 0.000000 0.161040 0.060820 0.185813 0.103040 0.203840 0.138520 0.206080 0.167220 0.206080 0.204400 0.224107 0.224660 0.248880 0.222980 0.280400 0.238180 0.318693 0.229720 0.352480 0.229720 0.370507 0.229720 0.386267 0.229720 0.411040 0.239860 0.433547 0.271960 0.471840 0.293920 0.474107 0.315880 0.474107 0.315880 0.474107
0 0.918820 0.340133 0.930240 0.335653 0.936960 0.353573 0.934280 0.366133 0.934960 0.373307 0.947040 0.379573 0.949060 0.387627 0.948400 0.404667 0.945040 0.422587 0.947040 0.449467 0.947720 0.477253 0.938320 0.513973 0.934280 0.562373 0.930920 0.584773 0.918160 0.587467 0.910080 0.579387 0.909420 0.551600 0.900680 0.522053 0.895980 0.488880 0.894620 0.462000 0.895980 0.431547 0.904700 0.392107 0.911420 0.379573 0.912100 0.376000
0 0.868240 0.501120 0.893580 0.512400 0.910480 0.555173 0.895280 0.611493 0.937500 0.672293 0.956080 0.735360 0.954400 0.854720 0.905400 0.904267 0.900340 0.980853 0.753380 0.976347 0.758440 0.606987 0.837840 0.593467 0.849660 0.568693 0.861480 0.503387
0 0.937240 0.546107 0.942680 0.529173 0.948140 0.512240 0.951160 0.494480 0.953580 0.468693 0.956000 0.446107 0.956000 0.424320 0.956000 0.404160 0.960220 0.390453 0.971720 0.380773 0.986240 0.383200 0.987440 0.405787 0.989260 0.435627 0.996520 0.462240 0.998940 0.513040 0.995920 0.543680 0.994700 0.545307 0.939060 0.546907
0 0.844440 0.565653 0.858000 0.556640 0.858000 0.527280 0.851220 0.493440 0.829220 0.439253 0.807200 0.443760 0.785200 0.493440 0.783500 0.534053 0.783500 0.547600 0.778420 0.592747 0.778420 0.597253 0.768260 0.604027 0.807200 0.604027 0.827520 0.597253 0.835980 0.597253 0.849520 0.567920
20 0.600000 0.465173 0.596620 0.402240 0.594940 0.341573 0.603380 0.307867 0.626960 0.289893 0.658980 0.269653 0.691020 0.269653 0.706180 0.271920 0.712920 0.292133 0.711240 0.312347 0.711240 0.334827 0.702800 0.359547 0.701120 0.386507 0.704500 0.424720 0.706180 0.438213 0.704500 0.447200 0.684260 0.440453 0.626960 0.460667 0.616860 0.476400
20 0.313900 0.467813 0.348700 0.380480 0.348700 0.380480 0.353800 0.338187 0.353800 0.338187 0.355860 0.301360 0.368140 0.274080 0.411100 0.237253 0.473520 0.224960 0.532860 0.239973 0.544120 0.242693 0.567660 0.245440 0.591200 0.280907 0.596300 0.331387 0.596300 0.391413 0.575840 0.384587 0.553340 0.424133 0.541060 0.508720 0.503200 0.542827 0.493980 0.467813 0.448960 0.486907 0.470460 0.568747 0.463300 0.605600 0.434640 0.602853 0.376320 0.623333 0.343580 0.605600 0.395760 0.516907 0.364040 0.410507
2 0.354940 0.320240 0.312840 0.320240 0.287560 0.352320 0.263500 0.353920 0.270720 0.386000 0.279140 0.406853 0.322460 0.408453 0.347720 0.403653 0.356140 0.397227 0.354940 0.386000 0.354940 0.358720 0.354940 0.321840
