0 0.679792 0.750656 0.687125 0.746703 0.687417 0.743406 0.688875 0.740109 0.690937 0.739672 0.689167 0.737031 0.688583 0.734828 0.690354 0.730875 0.695917 0.731313 0.697958 0.735047 0.698563 0.736594 0.703250 0.739000 0.707354 0.742516 0.710271 0.752641 0.710875 0.756594 0.710875 0.757688 0.706458 0.759453 0.697667 0.755719 0.695042 0.757031 0.697083 0.763188 0.700896 0.768250 0.702354 0.773078 0.695042 0.777469 0.688917 0.776031 0.690917 0.773297 0.688250 0.771797 0.686917 0.774297 0.684271 0.775531 0.682271 0.775047 0.681271 0.773297 0.679625 0.752875
0 0.558542 0.579563 0.594875 0.591906 0.615313 0.616609 0.636312 0.633641 0.640292 0.666000 0.615313 0.686000 0.593750 0.695797 0.571042 0.693672 0.578979 0.680469 0.563646 0.677484 0.557979 0.674937 0.564792 0.670250 0.573875 0.670250 0.592604 0.669406 0.605104 0.661734 0.606792 0.656203 0.596583 0.649391 0.600562 0.627250 0.594312 0.613625 0.575000 0.611922 0.557417 0.616172 0.547188 0.630656 0.536396 0.649813 0.524479 0.676219 0.520500 0.686859 0.502917 0.662156 0.495542 0.648531 0.499500 0.635766 0.514833 0.625547 0.505750 0.625125 0.498938 0.629797 0.487021 0.630656 0.471687 0.640875 0.459771 0.648109 0.412646 0.662594 0.392208 0.672813 0.380292 0.673656 0.376896 0.669828 0.380292 0.660891 0.384271 0.657047 0.393354 0.657047 0.399021 0.654922 0.446708 0.632359 0.467146 0.622563 0.504042 0.596172 0.513687 0.589359 0.506312 0.577859 0.503479 0.567641 0.507458 0.560828 0.520500 0.553594 0.535833 0.552312 0.547750 0.556578 0.550604 0.563391 0.553437 0.579563
0 0.043208 0.701500 0.038875 0.694984 0.049937 0.691375 0.053792 0.694984 0.055250 0.700047 0.055250 0.702219 0.065354 0.710531 0.065833 0.729672 0.065354 0.736172 0.058125 0.741234 0.058604 0.757484 0.059104 0.768687 0.050417 0.768328 0.034521 0.768687 0.032125 0.762906 0.036458 0.760016 0.036937 0.721719 0.028271 0.723172 0.027312 0.713781 0.035500 0.705109
0 0.948417 0.779500 0.949500 0.760594 0.949500 0.751406 0.947333 0.741687 0.950938 0.731703 0.949125 0.724672 0.946979 0.717109 0.940500 0.713328 0.936167 0.725750 0.936167 0.730344 0.931500 0.738187 0.925375 0.742234 0.931854 0.744391 0.933646 0.752766 0.937604 0.764641 0.940854 0.772203 0.937250 0.776531 0.938688 0.779500 0.944813 0.779500
0 0.629562 0.773438 0.637062 0.766656 0.638083 0.756563 0.641979 0.753844 0.647917 0.751312 0.658021 0.749766 0.659562 0.744141 0.653354 0.744141 0.650521 0.741234 0.649229 0.732688 0.653104 0.732891 0.658792 0.739484 0.660604 0.738703 0.657500 0.734828 0.657229 0.731922 0.662937 0.731922 0.668875 0.735609 0.674583 0.738125 0.675875 0.743172 0.674062 0.749188 0.675083 0.753844 0.677688 0.759281 0.673792 0.759469 0.671479 0.755984 0.665521 0.760437 0.657229 0.763938 0.654396 0.768203 0.653875 0.774031 0.647667 0.775578 0.646625 0.773250 0.632917 0.774219 0.629292 0.773641
0 0.648625 0.741437 0.649187 0.748812 0.643708 0.752094 0.639875 0.757016 0.637146 0.764406 0.632771 0.769328 0.625104 0.766453 0.626208 0.754562 0.635500 0.748406 0.638229 0.741844 0.638229 0.734875 0.638792 0.731594 0.647542 0.735281
0 0.798562 0.727500 0.803333 0.714813 0.801875 0.714813 0.801146 0.711234 0.797458 0.707922 0.792313 0.709859 0.790854 0.714813 0.786813 0.722813 0.786813 0.723922 0.810333 0.726672 0.809583 0.727500 0.807396 0.737141 0.804812 0.743484 0.804083 0.745422 0.796729 0.745422 0.793063 0.744859 0.792313 0.727500 0.785708 0.732734 0.782021 0.739906 0.782021 0.744859
0 0.279208 0.765547 0.278167 0.762641 0.278937 0.762062 0.291625 0.751391 0.300938 0.746734 0.299896 0.744016 0.299125 0.742656 0.299646 0.741687 0.308958 0.741297 0.308437 0.746531 0.311021 0.748281 0.322937 0.754875 0.327063 0.756812 0.329146 0.759141 0.327583 0.760109 0.321896 0.757594 0.312313 0.752937 0.308958 0.752937 0.306375 0.764391 0.307396 0.768844 0.288771 0.767297 0.291375 0.760891 0.290333 0.757594 0.284375 0.762641
0 0.401396 0.797297 0.402271 0.790422 0.404396 0.788703 0.404563 0.785391 0.406333 0.780766 0.408979 0.779437 0.409333 0.767938 0.408979 0.758937 0.407396 0.757875 0.408979 0.756828 0.410917 0.756422 0.410563 0.752328 0.408458 0.749156 0.404042 0.749016 0.399458 0.751141 0.397521 0.753641 0.393813 0.755625 0.389042 0.761312 0.383750 0.768859 0.381458 0.773219 0.381646 0.776797 0.386229 0.783813 0.392042 0.791344 0.397167 0.795453 0.399625 0.796766
0 0.732750 0.704313 0.738271 0.704313 0.738667 0.697500 0.743396 0.696328 0.746167 0.696625 0.745771 0.704016 0.745771 0.706391 0.750125 0.711719 0.752875 0.714078 0.754854 0.722375 0.751292 0.726516 0.746167 0.726219 0.749333 0.730375 0.748146 0.736891 0.749729 0.739547 0.752479 0.743984 0.746958 0.746656 0.742229 0.743984 0.738667 0.740141 0.737479 0.735703 0.735896 0.735703 0.734729 0.741625 0.732750 0.741922 0.732354 0.706984 0.725646 0.706984 0.724458 0.706391 0.721292 0.710234 0.722083 0.714672 0.720896 0.717344 0.719729 0.720594 0.719729 0.723266 0.726833 0.728594
