0 0.155047 0.066714 0.149062 0.066714 0.146812 0.055469 0.145313 0.044225 0.146812 0.035211 0.152797 0.035211 0.154297 0.032958 0.152797 0.027347 0.152797 0.021714 0.152797 0.016103 0.154297 0.011596 0.160297 0.014977 0.161781 0.016103 0.161781 0.020587 0.161781 0.029601 0.167781 0.032958 0.169281 0.037465 0.171516 0.047582 0.172266 0.061080 0.171516 0.061080 0.167031 0.059953 0.166281 0.067840 0.167031 0.074577 0.160297 0.074577
0 0.873391 0.273146 0.873328 0.244319 0.883125 0.233521 0.895094 0.195540 0.900250 0.186221 0.900250 0.180023 0.893016 0.176901 0.898188 0.169155 0.900250 0.170704 0.904391 0.161385 0.910594 0.169155 0.910594 0.180023 0.914719 0.187770 0.914719 0.192441 0.920922 0.203286 0.910594 0.235892 0.909547 0.249859 0.895094 0.251432 0.894469 0.269272 0.887281 0.269953 0.887281 0.244953 0.881875 0.252394 0.880984 0.270634
38 0.398594 0.579765 0.413031 0.603169 0.422844 0.611854 0.436688 0.621385 0.449969 0.623122 0.463250 0.627465 0.472484 0.631784 0.486344 0.655211 0.489219 0.683826 0.482875 0.708967 0.465562 0.723709 0.455172 0.723709 0.445937 0.721127 0.433234 0.710704 0.422844 0.693357 0.420531 0.676033 0.419375 0.664742 0.419375 0.659554 0.419375 0.650869 0.418219 0.643075 0.418219 0.633521 0.411875 0.622253 0.404953 0.617042 0.399750 0.607512 0.396281 0.600563 0.392828 0.593638 0.392250 0.587559 0.392250 0.580634 0.392828 0.577160
0 0.072719 0.150563 0.068547 0.160751 0.072203 0.169765 0.070641 0.176033 0.066984 0.182300 0.065422 0.194061 0.063328 0.203075 0.067766 0.216385 0.072984 0.221878 0.064375 0.235587 0.064375 0.248122 0.063328 0.272418 0.062812 0.281033 0.059156 0.295141 0.057594 0.306502 0.055250 0.312770 0.051594 0.317066 0.048203 0.321385 0.065422 0.320211 0.063078 0.312371 0.064109 0.301808 0.068813 0.287700 0.067766 0.275164 0.078984 0.251643 0.080797 0.251268 0.081328 0.270070 0.085500 0.281808 0.084453 0.293568 0.087844 0.305329 0.086797 0.309624 0.088109 0.317066 0.095141 0.315117 0.093578 0.306502 0.095406 0.296714 0.094891 0.278685 0.092016 0.272019 0.092797 0.259484 0.092797 0.247723 0.099578 0.243427 0.101406 0.235587 0.094359 0.223052 0.093063 0.215986 0.101953 0.214038 0.102906 0.207535 0.100281 0.189883 0.094750 0.180869 0.090922 0.174742 0.086109 0.169695 0.091391 0.161033 0.086828 0.154178 0.080844 0.148427 0.076281 0.148427
0 0.967828 0.253239 0.966469 0.214601 0.964094 0.192230 0.964437 0.180540 0.964437 0.172911 0.964437 0.162746 0.965109 0.158662 0.966125 0.151033 0.967484 0.144953 0.968844 0.138850 0.975609 0.130704 0.983734 0.136291 0.984062 0.138333 0.984062 0.142911 0.983391 0.153075 0.981016 0.157136 0.981359 0.162746 0.987453 0.180540 0.990156 0.186127 0.993203 0.192230 0.995234 0.203404 0.994219 0.210023 0.986094 0.211549 0.984750 0.216127 0.985078 0.231361 0.985766 0.251197 0.983734 0.258310 0.972219 0.260845
0 0.370922 0.304061 0.382719 0.297230 0.376359 0.250845 0.373641 0.222207 0.373641 0.199014 0.373641 0.170352 0.374547 0.145798 0.384531 0.123967 0.397250 0.118521 0.403609 0.129437 0.401797 0.140352 0.396344 0.149906 0.406328 0.151268 0.408141 0.163545 0.403609 0.173099 0.396344 0.193545 0.403609 0.244038 0.403609 0.253592 0.406328 0.304061 0.406328 0.308146 0.396344 0.313615 0.379094 0.316338 0.370000 0.313615
0 0.656203 0.067042 0.651766 0.052559 0.649547 0.050329 0.648063 0.039202 0.642875 0.041432 0.636953 0.060352 0.642125 0.061455
0 0.411422 0.206854 0.410234 0.191408 0.415766 0.185469 0.416547 0.180728 0.413781 0.176573 0.415766 0.174789 0.416547 0.166479 0.423266 0.158146 0.428406 0.168850 0.432359 0.169437 0.429203 0.176573 0.429203 0.184883 0.436312 0.189624 0.435922 0.223474 0.438297 0.230610 0.442250 0.262676 0.431172 0.262066 0.421297 0.263263 0.416953 0.231784 0.409047 0.229413 0.409828 0.209812
38 0.087984 0.199296 0.089437 0.191854 0.094547 0.176080 0.095703 0.169531 0.093813 0.168427 0.091625 0.170845 0.085797 0.185282 0.085359 0.195141 0.084484 0.199718 0.084047 0.203216 0.086531 0.207394
0 0.474031 0.050117 0.473844 0.038028 0.474219 0.036620 0.471969 0.033263 0.468797 0.030728 0.466359 0.030728 0.466359 0.026244 0.465250 0.024272 0.464687 0.022300 0.464687 0.018638 0.460016 0.016690 0.457953 0.017254 0.457578 0.022864 0.458328 0.028756 0.457578 0.032700 0.458516 0.034390 0.454031 0.034390 0.452531 0.037746 0.451594 0.039718 0.455891 0.040563 0.457578 0.042817 0.458516 0.048709 0.459266 0.053474 0.459078 0.060211 0.465625 0.062465 0.469359 0.062746 0.468797 0.056009 0.472156 0.052066 0.474406 0.050681
0 0.419453 0.068732 0.423313 0.061150 0.424203 0.060704 0.424203 0.055798 0.420937 0.054014 0.420937 0.050892 0.423906 0.050000 0.424797 0.043310 0.429844 0.043310 0.431906 0.044202 0.433391 0.050892 0.435469 0.054460 0.432797 0.057582 0.432797 0.061596 0.440812 0.068286
0 0.511266 0.154366 0.502875 0.175070 0.508875 0.209272 0.506469 0.264178 0.508266 0.273169 0.515453 0.269577 0.512469 0.255164 0.513656 0.233568 0.522047 0.230869 0.521453 0.262371 0.529234 0.270469 0.531641 0.269577 0.527438 0.250681 0.528641 0.196667 0.532828 0.166056 0.528047 0.153451 0.525047 0.139061 0.521453 0.134554 0.516062 0.135469
32 0.440562 0.584413 0.443203 0.581972 0.445437 0.581056 0.449297 0.582887 0.451328 0.585634 0.453156 0.594484 0.451734 0.600282 0.448687 0.605469 0.445437 0.605469 0.441578 0.605469 0.438328 0.601807 0.436906 0.596315 0.437313 0.591432 0.438125 0.587770 0.439141 0.585939 0.440359 0.583803
0 0.392969 0.067230 0.393953 0.063286 0.398859 0.061338 0.400156 0.055446 0.397219 0.053967 0.396234 0.046596 0.399500 0.044648 0.405391 0.047089 0.409953 0.050047 0.412250 0.056432 0.409312 0.058380 0.404734 0.057887 0.404734 0.062793 0.408656 0.063286 0.412250 0.065258 0.413234 0.069178 0.394281 0.067723
38 0.402547 0.157300 0.398781 0.150939 0.394078 0.146948 0.390938 0.150235 0.390469 0.153310 0.390156 0.159437 0.392344 0.162723 0.395953 0.162723 0.399094 0.166972 0.399094 0.170023 0.400187 0.172136 0.402859 0.171667 0.403484 0.159906
32 0.474875 0.162512 0.475922 0.160751 0.478062 0.160141 0.479375 0.160235 0.480688 0.160962 0.481234 0.162300 0.481719 0.163967 0.481781 0.165845 0.481984 0.168638 0.481375 0.170915 0.479781 0.172066 0.478125 0.172160 0.476813 0.172066 0.475437 0.171432 0.474609 0.169977 0.474266 0.166761 0.474531 0.165117 0.474531 0.163239
0 0.257656 0.072089 0.252172 0.065892 0.251484 0.056620 0.248734 0.051455 0.245984 0.050446 0.243937 0.054554 0.241875 0.060751 0.237750 0.064859 0.233641 0.067958 0.234328 0.071056
0 0.191031 0.941714 0.219391 0.943944 0.243266 0.926009 0.243266 0.923756 0.234313 0.910305 0.220875 0.896854 0.240281 0.845282 0.247750 0.816150 0.264156 0.784742 0.271625 0.739906 0.274609 0.713005 0.298484 0.717488 0.322359 0.771291 0.344750 0.802700 0.346250 0.829601 0.356687 0.854249 0.370125 0.883404 0.376094 0.921526 0.379078 0.957394 0.402953 0.941714 0.416391 0.928239 0.422359 0.910305 0.419375 0.894624 0.404453 0.892371 0.391016 0.883404 0.386547 0.869953 0.361172 0.757840 0.331312 0.695070 0.316391 0.641244 0.319375 0.596408 0.376094 0.585211 0.388031 0.598662 0.394000 0.576244 0.385047 0.562770 0.367141 0.560540 0.338781 0.567254 0.341766 0.533638 0.344750 0.502254 0.337297 0.488779 0.325344 0.464131 0.338781 0.452911 0.352219 0.401338 0.340281 0.376690 0.325344 0.372207 0.310422 0.381174 0.302969 0.396854 0.302969 0.426009 0.301469 0.443944 0.274609 0.426009 0.258188 0.423756 0.256703 0.446197 0.256703 0.452911 0.231328 0.515704 0.237297 0.526901 0.255203 0.515704 0.238797 0.627793 0.223859 0.668169 0.226844 0.690587 0.238797 0.704038 0.231328 0.795962 0.211922 0.847535 0.202969 0.887887 0.191031 0.926009 0.186547 0.941714
