0 0.475281 0.267417 0.417984 0.262917 0.401125 0.224729 0.402812 0.164042 0.431453 0.130333 0.428094 0.078646 0.444938 0.065167 0.460109 0.074167 0.461797 0.112354 0.492141 0.143812 0.498875 0.173042 0.485391 0.215729 0.480344 0.262917
0 0.525844 0.829208 0.530906 0.797750 0.465172 0.750562 0.468547 0.714604 0.483703 0.701125 0.493813 0.694375 0.503937 0.689896 0.510672 0.683146 0.515734 0.674167 0.525844 0.660667 0.546063 0.642687 0.519094 0.635958 0.507297 0.626958 0.485391 0.606750 0.471906 0.591021 0.466859 0.575271 0.470219 0.559542 0.471906 0.548312 0.482016 0.541583 0.498875 0.543813 0.510672 0.550563 0.529219 0.566292 0.530906 0.552813 0.519094 0.534833 0.507297 0.498875 0.507297 0.483146 0.520781 0.469667 0.537641 0.451687 0.562922 0.449437 0.576406 0.460667 0.588203 0.471917 0.593266 0.483146 0.598312 0.514604 0.623594 0.561792 0.647188 0.665167 0.630344 0.730333 0.620219 0.755062 0.628656 0.800000 0.606734 0.808979 0.600000 0.840458 0.578094 0.849438 0.527531 0.842687 0.532578 0.824729 0.541016 0.815729
0 0.252813 0.375438 0.252813 0.350708 0.252813 0.330479 0.269656 0.308021 0.294937 0.308021 0.305063 0.355208 0.310109 0.364188 0.311797 0.370937 0.342141 0.386667 0.369094 0.413625 0.385953 0.472062 0.391016 0.505771 0.372469 0.517000 0.365734 0.514750 0.365734 0.606896 0.367422 0.692292 0.379219 0.770938 0.392703 0.856333 0.387641 0.878792 0.353938 0.878792 0.352250 0.833854 0.342141 0.737229 0.318547 0.629354 0.303375 0.692292 0.298312 0.721500 0.311797 0.847333 0.310109 0.876562 0.289891 0.876562 0.257859 0.876562 0.256187 0.849583 0.276406 0.833854 0.261234 0.658583 0.257859 0.597896 0.259547 0.591167 0.271344 0.559708 0.269656 0.514750 0.259547 0.494542 0.249437 0.494542 0.249437 0.532729 0.262922 0.573188 0.251125 0.595646 0.234266 0.591167 0.217422 0.499021 0.242703 0.400146
35 0.511672 0.628750 0.498609 0.614562 0.483609 0.611979 0.466187 0.579063 0.469562 0.551313 0.480703 0.541000 0.489406 0.538417 0.502484 0.546792 0.519422 0.566813 0.522812 0.579708 0.517484 0.601000 0.518453 0.617146
56 0.911906 0.298625 0.919109 0.275271 0.934031 0.259500 0.971625 0.256750 0.993234 0.287625 0.989125 0.305479 0.991172 0.319896 0.909328 0.314396
34 0.869203 0.035667 0.886016 0.000000 0.895109 0.000667 0.866969 0.048917 0.865063 0.048625 0.861172 0.045250 0.838891 0.086500 0.837047 0.091000 0.841969 0.096750 0.844125 0.094292
34 0.393766 0.265958 0.361547 0.345104 0.345437 0.388063 0.352219 0.394854 0.392078 0.311187 0.407328 0.267104 0.403094 0.265958
0 0.399250 0.158208 0.381453 0.144875 0.381453 0.125583 0.399250 0.081104 0.419266 0.064813 0.423703 0.052938 0.423703 0.036646 0.422594 0.006979 0.443719 0.000000 0.453734 0.000000 0.463734 0.020333 0.457062 0.035146 0.467078 0.090000 0.467078 0.110771 0.450391 0.063313 0.424828 0.073708 0.428156 0.124104
0 0.254344 0.199208 0.266797 0.139167 0.270953 0.133208 0.277984 0.123854 0.285000 0.119583 0.293953 0.114917 0.293625 0.109792 0.291078 0.107250 0.291719 0.101708 0.287875 0.098729 0.287234 0.094042 0.286609 0.087667 0.288516 0.087667 0.288203 0.078292 0.288203 0.073188 0.291078 0.066375 0.293625 0.062958 0.299375 0.059563 0.303844 0.058271 0.309594 0.057854 0.314063 0.060417 0.316625 0.063813 0.319484 0.070208 0.320453 0.074896 0.321406 0.084250 0.320453 0.089792 0.323000 0.093625 0.324281 0.098312 0.321406 0.102979 0.317250 0.104687 0.316625 0.106396 0.317250 0.110646 0.324922 0.111500 0.331953 0.114063 0.341531 0.116604 0.349187 0.123854 0.351750 0.128104 0.354937 0.132354 0.359734 0.144708 0.364203 0.151521 0.369625 0.154938 0.374094 0.158333 0.373781 0.163021 0.375688 0.168563 0.376016 0.176208 0.377609 0.180479 0.376656 0.185167 0.374094 0.191542 0.368984 0.191542 0.362281 0.186438 0.353984 0.186438 0.348875 0.180479 0.347594 0.176208 0.347594 0.212833 0.347906 0.222208 0.347594 0.237958 0.340891 0.226458 0.337063 0.218792 0.336734 0.226042 0.333219 0.226042 0.334500 0.232417 0.334812 0.237104 0.332578 0.237521 0.330031 0.240083 0.326516 0.235833 0.325563 0.234125 0.324281 0.237521 0.321734 0.238812 0.321734 0.252854 0.324281 0.259667 0.288844 0.255833 0.294266 0.250729 0.292984 0.246458 0.285969 0.248167 0.283094 0.244333 0.279578 0.241792 0.277016 0.240083 0.276703 0.231563 0.276391 0.224750 0.269359 0.222625 0.267125 0.217937 0.265531 0.211562 0.262969 0.210271 0.256906 0.206021 0.254344 0.202625
0 0.563328 0.144208 0.568016 0.114667 0.571844 0.102729 0.591031 0.094771 0.598703 0.089083 0.596563 0.076021 0.592734 0.066354 0.593156 0.060104 0.598703 0.032250 0.610641 0.032250 0.623000 0.041917 0.628547 0.057833 0.626828 0.069771 0.622141 0.077708 0.621719 0.083979 0.626828 0.091917 0.646438 0.102167 0.651125 0.120917 0.646875 0.144792 0.642187 0.162396 0.635781 0.182292 0.636219 0.191958 0.636641 0.211854 0.638344 0.229479 0.642187 0.251063 0.647719 0.273229 0.646875 0.292000 0.619156 0.292562 0.613187 0.288583 0.613187 0.281188 0.611062 0.255625 0.606375 0.265854 0.604672 0.283458 0.604672 0.286312 0.600828 0.286312 0.587625 0.230042 0.580797 0.186833 0.578672 0.168646 0.575250 0.156146 0.570562 0.147625 0.565031 0.147625
56 0.168375 0.191667 0.170906 0.150979 0.187875 0.153229 0.190422 0.205229 0.198047 0.174708 0.198047 0.146458 0.224328 0.155500 0.233656 0.191667 0.237906 0.170188 0.226875 0.087667 0.226875 0.069563 0.223484 0.015292 0.219250 0.000000 0.163281 0.000000 0.160734 0.189417
56 0.092516 0.007563 0.087766 0.101417 0.071891 0.194542 0.083531 0.168437 0.093578 0.105646 0.105219 0.114813 0.114750 0.131042 0.113156 0.190312 0.120563 0.100708 0.122687 0.098583 0.125859 0.078833 0.126922 0.029438 0.120563 0.028021 0.122156 0.004750 0.098875 0.003333 0.096234 0.006146
41 0.686281 0.270125 0.676219 0.270500 0.670469 0.271667 0.673625 0.278167 0.673625 0.289688 0.674781 0.293521 0.681109 0.298104 0.686859 0.296187 0.686281 0.281250 0.689453 0.275500 0.689734 0.271271 0.688297 0.270500
0 0.788250 0.393583 0.801844 0.386125 0.810625 0.357354 0.809031 0.267875 0.814625 0.205021 0.828203 0.118708 0.825016 0.104875 0.818609 0.095271 0.809828 0.084625 0.810625 0.065458 0.810625 0.053729 0.809828 0.050542 0.808234 0.036688 0.822609 0.001521 0.920891 0.002583 0.935281 0.063313 0.930484 0.084625 0.924891 0.100604 0.910500 0.101667 0.908906 0.101667 0.900125 0.117646 0.905719 0.160271 0.896125 0.250833 0.896125 0.281729 0.898516 0.319000 0.893719 0.361625 0.890531 0.382937 0.888125 0.399979 0.889734 0.409562 0.885734 0.413833 0.857766 0.418083 0.839391 0.412771 0.839391 0.403167 0.849781 0.394646 0.854578 0.393583 0.860172 0.389333 0.860969 0.360563 0.864953 0.342437 0.868156 0.333917 0.858562 0.202875 0.840984 0.264667 0.838594 0.343521 0.837797 0.405313 0.833797 0.411687 0.817813 0.406375 0.815422 0.406375 0.787453 0.411687 0.778672 0.404250 0.781062 0.391458
0 0.671438 0.121104 0.673031 0.093479 0.681797 0.078604 0.701734 0.060521 0.709703 0.035021 0.701734 0.025438 0.702531 0.013750 0.708109 0.000000 0.729625 0.000000 0.741594 0.013750 0.743984 0.028625 0.732016 0.053083 0.753547 0.063708 0.750359 0.246542 0.745578 0.291187 0.717672 0.286938 0.725641 0.206146 0.700922 0.144500 0.696938 0.132812 0.691359 0.120042
0 0.675828 0.882688 0.738187 0.871938 0.733047 0.834771 0.747719 0.827917 0.732313 0.701729 0.727188 0.688042 0.756531 0.648917 0.774859 0.648917 0.769734 0.558937 0.760188 0.481646 0.757266 0.437646 0.748453 0.414167 0.726453 0.407312 0.719844 0.373083 0.712516 0.338854 0.687563 0.332000 0.665563 0.355479 0.658953 0.375042 0.671422 0.408292 0.649422 0.412208 0.659688 0.436667 0.660422 0.463062 0.655281 0.478729 0.649422 0.511000 0.656750 0.518833 0.658953 0.544250 0.673625 0.557958 0.688297 0.542292 0.700766 0.580458 0.689031 0.639146 0.663359 0.713479 0.674359 0.822042 0.691234 0.832812 0.685359 0.855312 0.670687 0.864104
0 0.702812 0.152812 0.711234 0.168542 0.724719 0.197750 0.726406 0.220229 0.719656 0.253938 0.714609 0.276396 0.711234 0.292125 0.648875 0.292125 0.647188 0.265167 0.640453 0.208979 0.657297 0.179771 0.660672 0.175271 0.660672 0.125833 0.660672 0.116854 0.697750 0.143812 0.697750 0.143812
0 0.479187 0.264688 0.487969 0.206188 0.503500 0.162083 0.513625 0.144979 0.525094 0.144083 0.522391 0.129688 0.523750 0.102667 0.533203 0.092771 0.548047 0.095479 0.554797 0.108083 0.558844 0.137771 0.558172 0.145875 0.573703 0.153979 0.581125 0.201687 0.600031 0.289000 0.537250 0.276396 0.527797 0.280000 0.502828 0.279083 0.512266 0.269188 0.525094 0.273687 0.532516 0.253896 0.526453 0.210687 0.519016 0.189083 0.511594 0.204375 0.497422 0.223292 0.495391 0.239479 0.495391 0.239479 0.495391 0.243979 0.485266 0.264688 0.476500 0.269188
