0 0.237359 0.352282 0.243281 0.393953 0.243781 0.403624 0.251188 0.430400 0.255641 0.440824 0.254656 0.446024 0.260578 0.478024 0.265516 0.505553 0.265516 0.512988 0.267500 0.524894 0.255141 0.526376 0.253172 0.517435 0.248719 0.514471 0.239828 0.471318 0.229953 0.430400 0.220062 0.411812 0.214141 0.411059 0.199312 0.442306 0.189437 0.478753 0.184500 0.504047 0.180547 0.518188 0.175109 0.523388 0.164734 0.521906 0.166703 0.498847 0.170656 0.493647 0.176594 0.452729 0.180547 0.431882 0.182516 0.425929 0.186469 0.370141 0.190422 0.352282 0.200312 0.341859 0.199813 0.329224 0.203266 0.324753 0.207219 0.318071 0.215125 0.316565 0.219578 0.322518 0.221062 0.329224 0.221547 0.336659 0.223531 0.343365
56 0.270422 0.116847 0.267656 0.060871 0.312516 0.059929 0.314359 0.118235 0.308828 0.127482
56 0.219172 0.116259 0.217750 0.058235 0.262234 0.059929 0.263094 0.094071 0.264219 0.098776 0.264500 0.124800 0.262531 0.125224 0.259406 0.121388 0.254594 0.121812 0.253453 0.123953 0.250344 0.123106 0.247781 0.122235 0.247219 0.122659 0.245234 0.121388 0.240422 0.120965 0.238719 0.123529 0.237297 0.124376 0.235031 0.121812 0.233906 0.121388 0.231359 0.121388 0.230781 0.122235 0.230219 0.123529 0.229375 0.122235 0.227391 0.122235 0.226531 0.122659 0.225406 0.124376 0.223984 0.122659 0.222000 0.120118 0.219734 0.120541 0.218891 0.116682
56 0.524156 0.130282 0.524875 0.110071 0.525609 0.093671 0.525250 0.089294 0.520891 0.091482 0.520891 0.071271 0.520891 0.066353 0.484609 0.064706 0.476984 0.065247 0.478078 0.087647 0.480969 0.125906 0.493313 0.129176 0.517625 0.129741
56 0.424438 0.126965 0.422719 0.089529 0.427875 0.090188 0.428719 0.072118 0.429156 0.066941 0.468156 0.068235 0.471156 0.072118 0.471578 0.091482 0.479297 0.092118 0.479719 0.128259 0.473297 0.128259 0.469438 0.128894 0.467297 0.129553 0.466859 0.132141 0.464297 0.130188 0.458297 0.128894 0.455719 0.130847 0.453156 0.128259 0.445016 0.129553 0.441156 0.128259 0.437719 0.129553 0.434719 0.130188 0.433875 0.127624 0.430016 0.128894 0.426156 0.129553
56 0.327891 0.066071 0.330016 0.085247 0.326469 0.090588 0.327891 0.112965 0.330719 0.117224 0.332125 0.131059 0.374578 0.133200 0.371656 0.126612 0.376031 0.124400 0.373125 0.102424 0.371172 0.064329 0.329812 0.064329
56 0.374750 0.088518 0.377875 0.088941 0.378156 0.088941 0.378437 0.068894 0.379281 0.065906 0.377875 0.065482 0.396859 0.064188 0.420656 0.065906 0.422641 0.067600 0.422641 0.074000 0.424906 0.128635 0.421516 0.126918 0.417547 0.126494 0.415844 0.126918 0.415281 0.129482 0.413016 0.127765 0.406781 0.127341 0.405922 0.129059 0.404219 0.126918 0.399969 0.126071 0.399687 0.129059 0.397422 0.128212 0.393734 0.127341 0.390063 0.127341 0.390063 0.129059 0.388641 0.127765 0.387500 0.127765 0.386094 0.127765 0.385234 0.128635 0.383531 0.126918 0.379859 0.124353 0.379281 0.120941 0.378437 0.114965 0.377016 0.114965 0.374469 0.115835 0.373344 0.091929 0.373625 0.088941 0.374469 0.088518
56 0.118313 0.116729 0.116797 0.108353 0.115781 0.075576 0.119328 0.056541 0.163359 0.058824 0.159313 0.118259
56 0.852000 0.137435 0.804578 0.139412 0.803281 0.104188 0.809781 0.077788 0.850703 0.074847 0.852000 0.074847 0.852656 0.097341 0.859141 0.100282 0.858500 0.120824
56 0.168375 0.058871 0.212313 0.058400 0.216312 0.124565 0.195422 0.121788 0.169297 0.117176 0.168078 0.060259
56 0.334437 0.062729 0.331281 0.050259 0.331281 0.025318 0.334437 0.019365 0.334828 0.003341 0.382937 0.005718 0.381359 0.025318 0.379781 0.033624 0.377031 0.043129 0.373469 0.057388 0.373078 0.062141 0.365594 0.062141
32 0.601844 0.442588 0.607437 0.439482 0.614484 0.438588 0.619187 0.441694 0.619484 0.450988 0.615953 0.460729 0.605078 0.462518 0.600672 0.458965 0.598312 0.452753 0.598016 0.448329
0 0.798516 0.000000 0.795766 0.017388 0.796313 0.038918 0.800719 0.048871 0.791906 0.065435 0.790812 0.101035 0.790812 0.132518 0.807859 0.133341 0.806219 0.099388 0.810063 0.097718 0.808969 0.072047 0.821062 0.071224 0.837016 0.073718 0.845266 0.038918 0.845812 0.002471
0 0.848172 0.000635 0.847281 0.032282 0.857359 0.032729 0.860312 0.029176 0.859719 0.034965 0.845219 0.056353 0.845219 0.068400 0.857063 0.078212 0.859719 0.069741 0.863562 0.060824 0.869484 0.062612 0.874531 0.069741 0.876594 0.077318 0.885484 0.077318 0.892875 0.074188 0.894359 0.061718 0.895250 0.046118 0.894656 0.029600 0.894359 0.011788 0.895547 0.004635 0.892578 0.002424
0 0.379078 0.000612 0.377375 0.022753 0.382469 0.030424 0.373422 0.037224 0.370031 0.065318 0.372844 0.067459 0.372844 0.088753 0.380484 0.088329 0.379641 0.065741 0.403391 0.055106 0.412156 0.066188 0.421484 0.066612 0.423172 0.087459 0.435625 0.054259 0.427141 0.036800 0.419219 0.028706 0.421766 0.022941 0.426000 0.019106 0.426281 0.001224
0 0.741750 0.000918 0.737906 0.032118 0.738672 0.043647 0.738672 0.076000 0.762453 0.072541 0.788547 0.071388 0.790844 0.057529 0.788547 0.043647 0.788547 0.005529
0 0.477750 0.400729 0.483781 0.387529 0.487609 0.380941 0.493094 0.379271 0.498562 0.380094 0.507328 0.390824 0.507875 0.409788 0.511156 0.425459 0.518828 0.425459 0.527031 0.426282 0.535797 0.433694 0.536891 0.447718 0.544000 0.448541 0.545656 0.456776 0.543453 0.469153 0.542906 0.487294 0.540172 0.493059 0.546750 0.515318 0.548937 0.542541 0.540172 0.570565 0.537984 0.575529 0.536344 0.592000 0.536344 0.622518 0.536891 0.625812 0.564266 0.630753 0.578500 0.636541 0.581234 0.635718 0.584531 0.629106 0.592188 0.624165 0.598766 0.634071 0.598766 0.663741 0.598766 0.686823 0.597672 0.695906 0.593828 0.683529 0.588906 0.669506 0.571938 0.649718 0.523750 0.644776 0.514984 0.624165 0.516078 0.610141 0.508422 0.635718 0.510063 0.655506 0.513344 0.686000 0.512250 0.695906 0.496922 0.696729 0.482688 0.697553 0.485969 0.690141 0.490344 0.683529 0.494188 0.667859 0.500203 0.632424 0.496922 0.587882 0.498016 0.562329 0.506781 0.553247 0.503484 0.534282 0.494734 0.516988 0.490891 0.495529 0.479937 0.474918 0.473375 0.455953 0.475562 0.445247 0.478297 0.440306 0.480500 0.436988 0.482141 0.432047 0.479937 0.420518 0.477750 0.409788 0.476656 0.401553
0 0.139672 0.005271 0.148891 0.019812 0.152187 0.026071 0.155687 0.032024 0.162266 0.042588 0.167750 0.039953 0.172797 0.030706 0.173453 0.023106 0.170375 0.016824 0.165781 0.010565 0.160516 0.003624 0.160078 0.001647 0.178281 0.002635 0.179594 0.014847 0.181562 0.022776 0.184422 0.027741 0.188812 0.028729 0.192531 0.027412 0.194953 0.021129 0.194719 0.014188 0.192531 0.002306 0.192313 0.000329 0.137922 0.001318 0.140125 0.005600
56 0.100359 0.115953 0.101375 0.078400 0.095922 0.077906 0.095578 0.054753 0.052875 0.051153 0.052188 0.072235 0.044688 0.072753 0.055266 0.116471
0 0.901719 0.005318 0.932141 0.003200 0.945594 0.006376 0.953375 0.070306 0.923656 0.064988 0.905266 0.073506 0.888281 0.062847 0.899609 0.043671
0 0.434031 0.004188 0.475797 0.000000 0.479281 0.025153 0.481594 0.058353 0.475797 0.082800 0.464203 0.070565 0.439844 0.068824 0.435203 0.058353 0.428234 0.030400
38 0.559250 0.365788 0.555703 0.387388 0.551984 0.403647 0.549094 0.414565 0.547797 0.420635 0.547156 0.424024 0.545875 0.429859 0.542641 0.447318 0.537656 0.447553 0.540391 0.425482 0.541187 0.411882 0.542328 0.394659 0.542641 0.390541 0.545391 0.371859 0.549578 0.356071 0.553766 0.346118 0.555375 0.344918 0.559250 0.346847 0.560375 0.350000 0.559734 0.360212 0.558594 0.366024
