24 0.001688 0.419854 0.016859 0.446813 0.033703 0.476021 0.064047 0.485021 0.074156 0.496250 0.092703 0.503000 0.089328 0.534458 0.102813 0.543438 0.107859 0.556937 0.096062 0.574917 0.106188 0.592875 0.116297 0.581646 0.121344 0.543438 0.151688 0.568167 0.136516 0.682771 0.075844 0.741208 0.016859 0.774917 0.000000 0.790646 0.001688 0.658063 0.005063 0.550187
0 0.849438 0.123750 0.866297 0.065312 0.879781 0.015875 0.803938 0.011396 0.706187 0.002396 0.682578 0.076563 0.696063 0.092292 0.723031 0.063063 0.773594 0.067562 0.785391 0.038354 0.785391 0.081042
0 0.925984 0.597792 0.929094 0.571229 0.934703 0.539687 0.918938 0.527000 0.906812 0.596854 0.895641 0.587812 0.880609 0.578104 0.874781 0.573583 0.874297 0.542542 0.874781 0.534125 0.882063 0.519250 0.891766 0.508250 0.899531 0.500500 0.907297 0.499208 0.912141 0.498542 0.912625 0.491437 0.915047 0.410583 0.922812 0.384062 0.918938 0.378250 0.907297 0.372438 0.899047 0.358187 0.900500 0.332979 0.903891 0.312271 0.907781 0.305812 0.963078 0.301271 0.933000 0.461688 0.991359 0.275875 0.991359 0.271729 0.910422 0.264917 0.931578 0.113000 0.915391 0.112187 0.915391 0.095583 0.929094 0.035813 0.940922 0.000000 1.000000 0.000000 0.998203 0.216771 0.998828 0.390271 1.000000 0.528896 1.000000 0.552146 0.994469 0.665021 0.993844 0.680813 0.983875 0.706542 0.975781 0.718167 0.960844 0.730604 0.944656 0.748042 0.928469 0.753021 0.892359 0.756333 0.872812 0.762958 0.851797 0.759854 0.839797 0.752292 0.834781 0.746062 0.834781 0.727375 0.843797 0.706021 0.892172 0.670875
28 0.129609 0.010917 0.187609 0.181708 0.190016 0.223583 0.208156 0.320271 0.258906 0.368604 0.269781 0.436271 0.319328 0.426604 0.347109 0.391146 0.361609 0.289646 0.310859 0.123687 0.284281 0.114021 0.244406 0.115646 0.215406 0.105979 0.206938 0.115646 0.165859 0.000000 0.136859 0.004458 0.133234 0.007688
24 0.209547 0.322500 0.189625 0.305500 0.176859 0.303375 0.160922 0.296979 0.154547 0.299104 0.143375 0.307625 0.137797 0.327813 0.117875 0.376708 0.105109 0.412854 0.100328 0.445813 0.095547 0.468125 0.097141 0.488333 0.098734 0.505333 0.109891 0.514896 0.138594 0.528708 0.156938 0.530854 0.174469 0.529792 0.195203 0.526583 0.219109 0.515958 0.223109 0.513833 0.244625 0.507458 0.249406 0.504271 0.237453 0.515958 0.221516 0.530854 0.209547 0.539354 0.188031 0.551042 0.173672 0.562729 0.181641 0.585062 0.192813 0.586125 0.204766 0.570167 0.216719 0.556354 0.231078 0.540417 0.238250 0.532979 0.248609 0.527646 0.255000 0.521271 0.259781 0.511708 0.260578 0.501083 0.253391 0.494708 0.258984 0.481937 0.266156 0.471312 0.270938 0.457500 0.274922 0.426667 0.274125 0.408604 0.265359 0.382021 0.258984 0.361833 0.248609 0.346958 0.235063 0.326750
28 0.589891 0.384271 0.608422 0.141583 0.687641 0.069667 0.721344 0.092125 0.721344 0.067417 0.743266 0.062917 0.787078 0.071917 0.805625 0.078646 0.810672 0.083146 0.825844 0.105625 0.854500 0.119104 0.923594 0.202250 0.920219 0.247188 0.866297 0.278646 0.841016 0.332583 0.827531 0.438208 0.827531 0.471917 0.797188 0.476396 0.756734 0.449437 0.788766 0.208979 0.788766 0.208979 0.785391 0.164042 0.697750 0.146063 0.660672 0.148313 0.664047 0.292125 0.650562 0.417979 0.601687 0.402250
0 0.069234 0.287917 0.062641 0.296708 0.042859 0.301104 0.011531 0.285708 0.001641 0.215375 0.001641 0.195604 0.001641 0.002188 0.128578 0.006583 0.128578 0.043958 0.136812 0.127479 0.140109 0.186812 0.140109 0.210979 0.140109 0.226375 0.141766 0.250542 0.140109 0.272521 0.138469 0.287917 0.138469 0.316479 0.138469 0.331875 0.113734 0.347250 0.102203 0.331875 0.092312 0.312083 0.077469 0.259333 0.065938 0.237354
28 0.662359 0.979771 0.692703 0.797750 0.770219 0.775271 0.844375 0.283146 0.962359 0.260667 0.991016 0.269667 1.000000 0.325833 0.965734 0.422479 0.894938 0.752813 0.975844 0.748313 0.999438 0.842687 0.991016 0.984271 0.665734 0.984271
28 0.408781 0.510125 0.457766 0.512396 0.488172 0.516896 0.486484 0.597979 0.486484 0.634000 0.472969 0.805187 0.464531 0.829958 0.403719 0.836708 0.388516 0.829958 0.375000 0.823208 0.366547 0.703833 0.366547 0.685813 0.371625 0.661042 0.378375 0.638521 0.396953 0.534917 0.396953 0.525896
28 0.310109 0.020229 0.313484 0.134833 0.364047 0.305625 0.417984 0.303375 0.421344 0.197750 0.488766 0.159542 0.500562 0.089896 0.502250 0.017979 0.453375 0.008979 0.316859 0.008979
