56 0.146063 0.544453 0.149042 0.504922 0.139104 0.498219 0.147062 0.483297 0.185854 0.474344 0.238563 0.472109 0.268396 0.474344 0.289271 0.486281 0.290271 0.498219 0.286292 0.503438 0.295250 0.569812 0.248500 0.570562 0.191813 0.563859
44 0.163604 0.730953 0.223833 0.753531 0.239333 0.765156 0.237604 0.767734 0.237604 0.772891 0.240187 0.776125 0.245354 0.779359 0.255688 0.779359 0.266875 0.780000 0.290104 0.774188 0.293542 0.766437 0.286646 0.762578 0.275479 0.762578 0.266875 0.761281 0.258271 0.761281 0.248792 0.760641 0.241042 0.753531 0.191146 0.730312 0.174792 0.726438 0.164479 0.724500 0.160167 0.730953
60 0.357438 0.431891 0.351396 0.444187 0.338458 0.441594 0.335021 0.432547 0.154771 0.426078 0.140104 0.426719 0.086646 0.426719 0.000000 0.426719 0.000000 0.374984 0.000417 0.337469 0.036625 0.338109 0.035771 0.346516 0.022833 0.360094 0.039208 0.367219 0.067667 0.365281 0.066813 0.340703 0.080604 0.341344 0.083187 0.365281 0.113375 0.361391 0.109063 0.338750 0.257396 0.341984 0.261708 0.358813 0.274646 0.364625 0.284125 0.362047 0.303104 0.363328 0.317771 0.363328 0.357438 0.356859 0.360875 0.340047 0.451438 0.344578 0.450583 0.349750 0.444542 0.367219 0.436771 0.377562 0.435917 0.389859 0.435917 0.401500 0.413500 0.413141 0.404875 0.422188 0.385896 0.442891 0.382438 0.455828 0.374688 0.468109 0.372958 0.457125 0.368646 0.447422 0.361750 0.441594
41 0.696563 0.702547 0.696563 0.610609 0.735417 0.594922 0.810167 0.603891 0.816146 0.619578 0.846042 0.637516 0.810167 0.671156 0.795208 0.713750 0.759333 0.722719 0.720479 0.716000 0.696563 0.704781
0 0.335896 0.214547 0.332646 0.205063 0.329375 0.202312 0.333854 0.193438 0.337125 0.188531 0.329375 0.180281 0.314271 0.176297 0.307750 0.186391 0.310208 0.190375 0.307354 0.199547 0.301625 0.211797 0.301625 0.213016
56 0.178167 0.449609 0.181000 0.444625 0.172479 0.436828 0.170583 0.436109 0.156375 0.434688 0.145958 0.433266 0.135542 0.431844 0.118500 0.431844 0.112813 0.432563 0.092917 0.433984 0.086292 0.434688 0.069250 0.436109 0.061667 0.436828 0.055021 0.441078 0.048396 0.450313 0.051250 0.461688 0.059771 0.461688 0.047458 0.514969 0.060708 0.549766 0.072083 0.546219 0.083437 0.544078 0.091958 0.541250 0.106188 0.538406 0.114708 0.537687 0.124187 0.540531 0.130812 0.542672 0.140292 0.542672 0.142167 0.542672 0.144063 0.498625 0.146896 0.485125 0.163958 0.477313 0.172479 0.475172 0.176271 0.475172 0.179104 0.471625 0.177229 0.468781 0.177229 0.468781 0.170583 0.460266 0.166792 0.456000
56 0.257250 0.443312 0.234771 0.452313 0.240771 0.470297 0.261750 0.472547 0.264750 0.464672 0.297750 0.473672 0.299250 0.562531 0.315750 0.562531 0.321750 0.527672 0.354729 0.514172 0.368229 0.496172 0.366729 0.461312 0.368229 0.460187 0.363729 0.460187 0.266250 0.443312 0.306750 0.439938 0.330750 0.441063 0.350229 0.445563 0.368229 0.448938
0 0.413875 0.225922 0.437354 0.233750 0.429521 0.251359 0.442562 0.257219 0.451708 0.272875 0.447792 0.283625 0.441271 0.286563 0.441271 0.310047 0.385188 0.314938 0.385188 0.289500 0.381271 0.282656 0.359104 0.283625 0.357792 0.271891 0.365625 0.263094 0.374750 0.258203 0.390396 0.255266 0.393000 0.249391 0.394313 0.244500
41 0.000000 0.910688 0.027521 0.906547 0.066167 0.891641 0.078313 0.868453 0.069479 0.793078 0.069479 0.775688 0.075000 0.759125 0.069479 0.753328 0.060646 0.741719 0.050708 0.738406 0.020896 0.731781 0.001021 0.732609
0 0.165667 0.278437 0.153792 0.263609 0.147875 0.248781 0.159729 0.247297 0.157750 0.235437 0.157750 0.232469 0.161708 0.219141 0.175542 0.214687 0.189375 0.214687 0.197292 0.231000 0.197292 0.242859 0.209146 0.247297 0.217063 0.265094 0.219042 0.281406
43 0.164375 0.736469 0.208604 0.764578 0.229271 0.773953 0.255229 0.785125 0.288396 0.805313 0.266292 0.811813 0.234562 0.793422 0.215812 0.782609 0.202833 0.772875 0.200438 0.769625 0.195625 0.764938 0.189375 0.760969 0.178813 0.755922 0.170625 0.753406 0.167271 0.751250 0.164375 0.747281 0.161021 0.740422 0.157167 0.736828
0 0.221583 0.313547 0.216063 0.309391 0.225542 0.299313 0.248437 0.290438 0.257125 0.286281 0.261875 0.277984 0.257812 0.271234 0.260688 0.264766 0.260208 0.255047 0.265000 0.246062 0.277000 0.244984 0.287062 0.246062 0.298104 0.250375 0.300021 0.261531 0.298104 0.278797 0.295708 0.282750 0.289937 0.287781 0.305292 0.287422 0.315375 0.285984 0.332625 0.295703 0.291375 0.297141 0.284667 0.297141 0.268833 0.300375 0.274125 0.315844 0.276521 0.324469 0.243896 0.322672 0.230000 0.312969
0 0.000646 0.276437 0.017750 0.280719 0.043396 0.299344 0.057229 0.308797 0.055604 0.315219 0.033208 0.318875 0.029542 0.322844 0.014896 0.308500 0.019792 0.333531 0.018146 0.340250 0.000000 0.337797 0.000000 0.278891 0.000000 0.275828
0 0.430333 0.243609 0.430333 0.233938 0.426521 0.227656 0.421979 0.223672 0.425000 0.223109 0.436396 0.223109 0.440958 0.223672 0.444000 0.229938 0.445521 0.234500 0.445521 0.237922 0.446271 0.241328 0.462979 0.248734 0.470583 0.253297 0.472104 0.259562 0.472854 0.265828 0.467542 0.285203 0.461458 0.287469 0.459188 0.286344 0.456146 0.276656 0.453875 0.269812 0.445521 0.262984 0.437917 0.255000 0.433354 0.248172 0.429563 0.244750 0.429563 0.242469
0 0.278333 0.235516 0.284083 0.231469 0.288771 0.229844 0.296688 0.228766 0.303542 0.229031 0.310021 0.233625 0.312167 0.237953 0.310021 0.248203 0.305687 0.256047 0.313979 0.256312 0.321187 0.257391 0.323333 0.258203 0.329812 0.260906 0.335938 0.269812 0.343500 0.283312 0.340271 0.289797 0.338104 0.290344 0.338813 0.293844 0.333417 0.296281 0.331979 0.296281 0.326937 0.293578 0.319375 0.289266 0.310375 0.288453 0.303542 0.287906 0.298854 0.287906 0.293083 0.287906 0.290937 0.287375 0.292729 0.282781 0.297417 0.279531 0.300646 0.274953 0.303542 0.268203 0.303542 0.260906 0.301021 0.252797 0.297771 0.250906 0.290937 0.249297 0.283375 0.246594 0.275083 0.244156 0.260688 0.256047 0.262125 0.260359 0.259958 0.267922 0.259250 0.274141 0.259604 0.279813 0.259604 0.283859 0.256354 0.287094 0.252396 0.290344 0.243396 0.294125 0.235833 0.295203 0.228271 0.297359 0.230083 0.285484 0.236188 0.273859 0.242687 0.265766 0.252042 0.259016 0.259250 0.256047
39 0.140042 0.239266 0.142375 0.226094 0.143563 0.221109 0.143563 0.216438 0.143563 0.207359 0.149417 0.207656 0.149417 0.217609 0.152917 0.232828 0.153312 0.243078 0.140042 0.242781
41 0.111688 0.330687 0.108417 0.337406 0.110875 0.362734 0.085229 0.363656 0.074229 0.329766 0.082792 0.326719 0.104354 0.325797
44 0.156792 0.618234 0.170729 0.616859 0.177687 0.616859 0.180250 0.622359 0.179521 0.627594 0.175500 0.630062 0.166333 0.631703 0.161187 0.631437 0.156792 0.630062 0.156437 0.617688
39 0.234000 0.205281 0.234000 0.206578 0.233313 0.208625 0.232979 0.208891 0.230917 0.210437 0.230917 0.210437 0.230229 0.216094 0.229896 0.218422 0.231271 0.241594 0.246375 0.242375 0.246375 0.209406 0.246375 0.209406 0.243271 0.208625 0.242938 0.208375 0.242583 0.206063
39 0.128187 0.208813 0.127375 0.213672 0.126375 0.217000 0.126167 0.219578 0.126167 0.229422 0.126375 0.241547 0.137271 0.241094 0.137271 0.233063 0.138500 0.222453 0.136479 0.219422 0.135667 0.217000 0.135667 0.216391 0.135458 0.212297 0.135063 0.209125 0.134854 0.207906 0.132229 0.206547 0.130208 0.206547 0.128187 0.209125
39 0.123687 0.215109 0.126771 0.235391 0.126771 0.241781 0.114396 0.241187 0.114396 0.218594 0.114396 0.210469 0.122125 0.207000
39 0.064521 0.236266 0.064521 0.224125 0.063771 0.220828 0.063771 0.220828 0.063042 0.218344 0.065250 0.214203 0.063042 0.211734 0.056437 0.212562 0.056437 0.215313 0.056437 0.218062 0.054583 0.219453 0.054229 0.234875
39 0.158250 0.211828 0.160500 0.225313 0.157125 0.238797 0.153750 0.239641 0.150375 0.216047 0.150375 0.207625 0.159375 0.208469
60 0.000000 0.727094 0.033437 0.709031 0.067146 0.703016 0.051104 0.683750 0.065542 0.677719 0.129771 0.686156 0.168313 0.668094 0.158688 0.644000 0.174729 0.650031 0.205250 0.680141 0.258229 0.676516 0.341729 0.665688 0.370625 0.642797 0.364208 0.624734 0.356167 0.612703 0.330479 0.585000 0.343333 0.591016 0.441271 0.600656 0.401125 0.617516 0.412375 0.644000 0.523167 0.671703 0.696563 0.664484 0.748292 0.719141 0.779250 0.710109 0.797333 0.679781 0.830021 0.646859 0.827438 0.628141 0.811958 0.622984 0.805083 0.606844 0.803000 0.601875 0.889896 0.619844 0.973792 0.786141 1.000000 0.891766 0.994750 0.986141 0.581271 0.990641 0.635208 0.965922 0.737083 0.911984 0.770042 0.869281 0.689146 0.826594 0.740083 0.783891 0.758062 0.763672 0.728083 0.727719 0.710417 0.711391 0.703000 0.709031 0.651604 0.701813 0.617896 0.712641 0.553667 0.716266 0.532792 0.736734 0.511917 0.765641 0.529583 0.780078 0.500687 0.788516 0.343333 0.792125 0.367417 0.766844 0.381854 0.722281 0.308000 0.716266 0.134583 0.697000 0.096063 0.690969 0.027021 0.737938 0.071917 0.806359 0.233708 0.824344 0.176771 0.858047 0.161792 0.905250 0.284646 0.968172 0.335583 0.988391 0.164792 0.988391 0.006000 0.983891 0.006000 0.909734 0.059917 0.882766 0.068917 0.817609
0 0.170396 0.553703 0.307917 0.567156 0.382667 0.439344 0.400604 0.405719 0.442458 0.336203 0.469354 0.208406 0.547083 0.177016 0.603896 0.177016 0.690583 0.199437 0.711500 0.251016 0.759333 0.381047 0.837063 0.448313 0.855000 0.567156 0.858000 0.618719 0.801188 0.609750 0.762333 0.598547 0.621833 0.598547 0.412562 0.596297 0.418542 0.582844 0.370708 0.598547
