3 0.324406 0.805312 0.330672 0.809500 0.345125 0.809500 0.357063 0.809500 0.358938 0.825417 0.355172 0.840500 0.350156 0.842167 0.338844 0.838813 0.323141 0.830437 0.314984 0.843000 0.313094 0.838813 0.303672 0.847187 0.286094 0.843000 0.285453 0.851375 0.276031 0.865625 0.265984 0.869813 0.259703 0.862271 0.254687 0.851375 0.242125 0.836312 0.247141 0.813688 0.242750 0.811188 0.244641 0.776021 0.247141 0.750063 0.238984 0.741688 0.264109 0.733312 0.308703 0.760938 0.333391 0.730792 0.334094 0.720917 0.336641 0.715979 0.341266 0.712271 0.344047 0.707333 0.346828 0.710417 0.347281 0.712583 0.347281 0.718146 0.347281 0.730479 0.351906 0.748688 0.356312 0.754875 0.354688 0.761042 0.352375 0.758562
0 0.634438 0.689333 0.640578 0.650521 0.643453 0.642875 0.646734 0.639604 0.650000 0.637958 0.647547 0.631958 0.648359 0.626479 0.653687 0.623208 0.656969 0.621021 0.661891 0.623208 0.665578 0.627042 0.666406 0.628667 0.666813 0.632500 0.664344 0.635229 0.663938 0.638500 0.661891 0.642875 0.659438 0.643979 0.658609 0.645604 0.659016 0.647792 0.660656 0.658188 0.662703 0.665292 0.659953 0.687354 0.660203 0.694312 0.661703 0.700958 0.662203 0.705917 0.661953 0.712563 0.662687 0.718208 0.662203 0.720854 0.658969 0.722833 0.652000 0.715208 0.646766 0.711562 0.643281 0.708250 0.635328 0.700625
25 0.679375 0.571750 0.744953 0.589687 0.886203 0.603146 0.911438 0.603146 0.934984 0.603146 0.968609 0.596417 0.995516 0.596417 1.000000 0.596417 0.997203 0.565021 0.940016 0.520187 0.894625 0.500000 0.867719 0.495521 0.849219 0.479813 0.835766 0.479813 0.822313 0.491042 0.818953 0.502250 0.793719 0.506729 0.773547 0.513458 0.748313 0.522417 0.719734 0.542604 0.696187 0.560542 0.686094 0.569500
3 0.012062 0.701417 0.025219 0.704917 0.036781 0.689500 0.040469 0.685979 0.043625 0.688083 0.043625 0.692292 0.030469 0.707021 0.034688 0.716146 0.034688 0.718250 0.035734 0.722458 0.032047 0.739979 0.032047 0.740687 0.034688 0.741396 0.022594 0.764521 0.027844 0.771542 0.045734 0.812917 0.031000 0.829750 0.046250 0.833958 0.063609 0.823438 0.055719 0.797500 0.047313 0.770833 0.077813 0.765229 0.085172 0.796083 0.086234 0.811521 0.102016 0.805917 0.098328 0.790479 0.092547 0.753312 0.104109 0.737875 0.102016 0.711229 0.110422 0.702104 0.113578 0.740687 0.115156 0.749104 0.109906 0.753312 0.119359 0.776458 0.116203 0.778562 0.123047 0.791875 0.114109 0.798187 0.110953 0.826937 0.102531 0.844479 0.088328 0.850792 0.077813 0.842375 0.074656 0.834667 0.011016 0.852187 0.003125 0.869021 0.001016 0.697917 0.000500 0.685979 0.001016 0.683875 0.006281 0.689500 0.009969 0.691604 0.013641 0.693708 0.012594 0.680375 0.017328 0.688792
3 0.589000 0.769542 0.569063 0.794729 0.572203 0.801729 0.577984 0.805917 0.556469 0.824813 0.541250 0.842313 0.541250 0.845812 0.529703 0.864708 0.524969 0.892687 0.530219 0.910875 0.546484 0.918583 0.562766 0.911583 0.573781 0.894792 0.580609 0.847917 0.587422 0.796125 0.705500 0.834604 0.710750 0.814313 0.711281 0.794021 0.719156 0.793333 0.728078 0.803833 0.748547 0.794021 0.762187 0.797521 0.736469 0.826208 0.759031 0.857708 0.762703 0.881500 0.761656 0.893396 0.737516 0.894083 0.746437 0.875188 0.741187 0.857000 0.717047 0.859812 0.712328 0.843000
0 0.149766 0.666271 0.157109 0.659292 0.160250 0.612500 0.163906 0.604125 0.164953 0.597146 0.171234 0.581792 0.176484 0.587375 0.180672 0.585979 0.180672 0.603437 0.193234 0.614604 0.199000 0.665563 0.196375 0.673958 0.190094 0.694896 0.195328 0.730500 0.194813 0.741667 0.186422 0.734000 0.184859 0.711646 0.180141 0.704667 0.182766 0.679542 0.186953 0.673250 0.174906 0.667667 0.160250 0.667667 0.158156 0.674646 0.152922 0.670458 0.150812 0.669062
0 0.263031 0.738167 0.261094 0.729125 0.264000 0.693625 0.273672 0.671042 0.282875 0.658792 0.285297 0.645229 0.292547 0.634271 0.299328 0.634271 0.307547 0.641354 0.310453 0.654271 0.313359 0.660729 0.308516 0.662021 0.304656 0.672979 0.305625 0.675563 0.319656 0.695562 0.325953 0.712354 0.339500 0.705896 0.343375 0.709125 0.342891 0.716229 0.320625 0.729125 0.304172 0.720083 0.313359 0.735583 0.336594 0.755583 0.340469 0.791729 0.345797 0.796896 0.358859 0.799458 0.357891 0.807854 0.335625 0.811729 0.326422 0.809146 0.313844 0.767208 0.295937 0.754937 0.285781 0.745250
0 0.683125 0.668146 0.692156 0.663146 0.702313 0.666146 0.707203 0.671167 0.707953 0.676188 0.708328 0.677188 0.712094 0.683708 0.713609 0.686708 0.712094 0.691229 0.711719 0.696250 0.709094 0.707792 0.708719 0.714812 0.706828 0.718333 0.697047 0.716812 0.697047 0.719333 0.700437 0.730875 0.704203 0.745417 0.705328 0.756958 0.707578 0.767000 0.709094 0.769500 0.718125 0.780542 0.718125 0.785563 0.714734 0.791062 0.695547 0.786563 0.691781 0.794583 0.685766 0.803604 0.685000 0.810146 0.696672 0.819667 0.705703 0.822688 0.706078 0.831708 0.719250 0.856792 0.711719 0.859292 0.687641 0.851271 0.681625 0.821167 0.677859 0.798604 0.672219 0.784542 0.672594 0.765979 0.678984 0.741896 0.663188 0.724354 0.670703 0.710292 0.673719 0.680708 0.675969 0.673667 0.683500 0.667146
0 0.606547 0.656854 0.600266 0.647833 0.602687 0.644604 0.604125 0.638812 0.604609 0.633021 0.604125 0.624646 0.601234 0.620146 0.598328 0.619500 0.596406 0.618854 0.593016 0.620792 0.591578 0.624000 0.590609 0.625938 0.588188 0.629167 0.588672 0.640104 0.590125 0.644604 0.589156 0.649125 0.583359 0.650417 0.579984 0.652333 0.578047 0.652979 0.577094 0.660708 0.575156 0.670375 0.571781 0.674229 0.575156 0.677458 0.577563 0.683896 0.575156 0.689687 0.573703 0.705792 0.571781 0.717375 0.572734 0.723167 0.570813 0.728958 0.571297 0.740562 0.571297 0.747646 0.569844 0.755354 0.571297 0.763083 0.575156 0.783042 0.575156 0.790771 0.574672 0.795292 0.580953 0.784979 0.582875 0.777896 0.577563 0.762438 0.577563 0.748271 0.578531 0.739917 0.582875 0.730896 0.584813 0.723812 0.588672 0.716083 0.593984 0.710938 0.601234 0.709000 0.606063 0.703854 0.607031 0.702563 0.609438 0.659417 0.610891 0.659417 0.606063 0.655563
0 0.491641 0.655979 0.494391 0.647479 0.495547 0.643604 0.497000 0.640521 0.499469 0.638021 0.500766 0.636854 0.500188 0.632604 0.500484 0.628167 0.502219 0.621021 0.506266 0.618125 0.511781 0.618125 0.515688 0.621604 0.517141 0.625083 0.518578 0.627000 0.516984 0.628542 0.514234 0.634917 0.514969 0.639938 0.524672 0.646125 0.528875 0.657333 0.533938 0.665833 0.535531 0.668917 0.535391 0.673167 0.533938 0.677792 0.531328 0.680500 0.528141 0.680500 0.521766 0.678771 0.520031 0.683583 0.523219 0.686292 0.531047 0.703875 0.529594 0.734583 0.530750 0.740375 0.533500 0.747708 0.533063 0.751771 0.530609 0.752542 0.526266 0.748104 0.522344 0.741333 0.524094 0.735750 0.524672 0.728604 0.520031 0.711604 0.514531 0.702125 0.504391 0.696917 0.496281 0.696917 0.494391 0.700396 0.493375 0.718750 0.492656 0.730729 0.495844 0.735354 0.495844 0.739021 0.493094 0.743271 0.488312 0.746750 0.486859 0.742896 0.487734 0.739021 0.487297 0.735167 0.485984 0.728979 0.485984 0.721062 0.486578 0.702125 0.486578 0.697104 0.486578 0.693646 0.487156 0.685333 0.488172 0.683021 0.488750 0.680896 0.488750 0.674333 0.488750 0.668521 0.488750 0.664083
0 0.062703 0.826375 0.041781 0.830875 0.031656 0.829063 0.043125 0.816458 0.029625 0.769667 0.030984 0.755271 0.033000 0.742667 0.034359 0.726458 0.035031 0.717458 0.034359 0.712063 0.033687 0.708458 0.035031 0.700354 0.041781 0.693146 0.043813 0.688646 0.045156 0.674250 0.045828 0.668854 0.046500 0.660750 0.049203 0.651750 0.054609 0.642750 0.065406 0.639146 0.071484 0.635542 0.070141 0.643646 0.068109 0.658958 0.067437 0.669750 0.069453 0.676063 0.071484 0.676958 0.075531 0.683250 0.080266 0.713854 0.080937 0.722854 0.071484 0.746250 0.074859 0.764271 0.050563 0.769667 0.062031 0.824562
0 0.455406 0.670354 0.454922 0.688396 0.454922 0.699333 0.453969 0.712854 0.453969 0.722521 0.458797 0.725083 0.461688 0.707063 0.462656 0.699333 0.464594 0.689021 0.465063 0.680667 0.467000 0.663917 0.470375 0.658771 0.471344 0.650396 0.468453 0.645250 0.465063 0.637521 0.459281 0.633021 0.459281 0.627854 0.458797 0.614333 0.453000 0.610479 0.447203 0.611771 0.445266 0.624646 0.442375 0.632375 0.434641 0.647187 0.433672 0.655542 0.439953 0.653625 0.446719 0.652979 0.453969 0.652979 0.456859 0.657479 0.458313 0.668417 0.455406 0.676146
0 0.546672 0.692000 0.546672 0.674875 0.554797 0.664021 0.560797 0.665167 0.562078 0.665167 0.567219 0.675438 0.572359 0.683437 0.574078 0.690854 0.574078 0.690854 0.573641 0.682854 0.573641 0.679438 0.574500 0.675438 0.572359 0.667437 0.572359 0.661729 0.572359 0.653750 0.571938 0.646313 0.571938 0.643458 0.568500 0.632042 0.567656 0.630333 0.567656 0.629188 0.569359 0.625188 0.572359 0.617208 0.571938 0.614354 0.567656 0.610354 0.562937 0.609771 0.562078 0.616625 0.560375 0.617208 0.556938 0.628042 0.551813 0.630333 0.550094 0.636604 0.547953 0.642312 0.547094 0.644042 0.546672 0.647458 0.554375 0.652604 0.554375 0.654875 0.543672 0.666292 0.543672 0.670292 0.543234 0.676583 0.541531 0.685708 0.541094 0.689708 0.541531 0.691417
0 0.081344 0.721708 0.072563 0.746000 0.087422 0.809021 0.099563 0.803604 0.090797 0.753208 0.097547 0.743313 0.102266 0.737917 0.103609 0.705500 0.111047 0.700104 0.086063 0.670396 0.085391 0.642500 0.081344 0.636187 0.073906 0.635292 0.067844 0.647896 0.066484 0.666792 0.077281 0.683000
2 0.568172 0.608271 0.573828 0.596708 0.602109 0.594708 0.608516 0.604750 0.610781 0.620854 0.610781 0.625875 0.610781 0.635438 0.608891 0.641458 0.605125 0.641958 0.604375 0.631917 0.604375 0.624875 0.601359 0.620354 0.596828 0.618833 0.593813 0.619333 0.591172 0.621854 0.588531 0.628396 0.588531 0.634937 0.588156 0.636437 0.578734 0.636937 0.576844 0.639958 0.573828 0.642479 0.572312 0.641958 0.572312 0.637937 0.571187 0.633417 0.567031 0.628396 0.566656 0.623354 0.570813 0.620854 0.571187 0.615313 0.571187 0.615313 0.569297 0.612812 0.568547 0.608271
0 0.462719 0.617188 0.466625 0.616792 0.467234 0.615687 0.466547 0.611042 0.466469 0.605708 0.469719 0.604604 0.473047 0.606000 0.473734 0.610250 0.473359 0.612063 0.473500 0.614979 0.472750 0.615979 0.472516 0.617396 0.476672 0.617104 0.479250 0.618604 0.480453 0.623958 0.481297 0.627083 0.482781 0.631021 0.482969 0.635125 0.481625 0.638104 0.481687 0.640167 0.478750 0.643229 0.480094 0.645104 0.480484 0.651604 0.479344 0.664125 0.479797 0.667646 0.479500 0.668187 0.477141 0.671250 0.475516 0.664875 0.476156 0.655500 0.475031 0.653167 0.474375 0.652083 0.474375 0.649167 0.473281 0.647646 0.471109 0.648146 0.470094 0.648229 0.468188 0.644542 0.468188 0.643000 0.475094 0.641208 0.475844 0.640813 0.475766 0.637083 0.471000 0.637375 0.469578 0.635062 0.466625 0.634667 0.465719 0.636875 0.463594 0.634854 0.463219 0.632146 0.461031 0.632333 0.459969 0.632854 0.457281 0.630938 0.459406 0.625500 0.460766 0.621312
3 0.432422 0.669708 0.423859 0.700958 0.423859 0.719250 0.426703 0.726875 0.426703 0.737542 0.427859 0.742125 0.430719 0.741354 0.433000 0.747458 0.437000 0.750500 0.444422 0.745937 0.445000 0.739062 0.450719 0.732979 0.457578 0.732208 0.459859 0.741354 0.464437 0.743646 0.471297 0.732208 0.475297 0.726104 0.475297 0.715438 0.476438 0.698687 0.470156 0.667437 0.466719 0.672000 0.466719 0.682667 0.465578 0.690292 0.463297 0.707063 0.461578 0.713167 0.459297 0.716958 0.455297 0.708583 0.454141 0.694104 0.455859 0.682667 0.455859 0.678104 0.455297 0.674292 0.451859 0.672000 0.449578 0.668958 0.449578 0.664375 0.456437 0.664375 0.459297 0.663625 0.460437 0.660563 0.459859 0.659042 0.453578 0.656750 0.446719 0.652958 0.443281 0.651417 0.431859 0.654479 0.430141 0.655229 0.428422 0.658292 0.426703 0.661333 0.428422 0.665146 0.433000 0.669708 0.430719 0.678854
0 0.334406 0.657438 0.341453 0.645708 0.345266 0.639854 0.345547 0.634771 0.347906 0.628125 0.351703 0.621083 0.356109 0.619917 0.361969 0.623042 0.363141 0.636729 0.361094 0.652750 0.360500 0.659396 0.360219 0.663688 0.359047 0.666438 0.343203 0.660188 0.341156 0.659792
2 0.629578 0.592542 0.639922 0.593042 0.642109 0.595208 0.645734 0.599813 0.645922 0.604167 0.645922 0.608042 0.644281 0.609500 0.643016 0.609000 0.641922 0.604646 0.641563 0.602958 0.640656 0.598604 0.635578 0.596667 0.636656 0.601500 0.635031 0.605625 0.634484 0.610708 0.635578 0.617729 0.635750 0.623292 0.633937 0.623542 0.632125 0.623292 0.630125 0.617729 0.626672 0.615313 0.627953 0.609729 0.627406 0.604896 0.628859 0.595937 0.629031 0.594000
1 0.548031 0.625188 0.540750 0.627542 0.540312 0.629313 0.542078 0.636354 0.542734 0.638125 0.540969 0.647542 0.540969 0.652542 0.543844 0.656958 0.547156 0.656958 0.549578 0.652542 0.549141 0.646667 0.549359 0.641062 0.546703 0.639313 0.548250 0.632250 0.549359 0.626958
0 0.559547 0.984271 0.559547 0.937083 0.567984 0.878646 0.573031 0.835958 0.578094 0.808979 0.583141 0.784271 0.578094 0.761792 0.578094 0.739333 0.583141 0.725833 0.593266 0.712354 0.606734 0.705625 0.616859 0.703375 0.628656 0.703375 0.650562 0.705625 0.664047 0.723604 0.680906 0.734833 0.670781 0.782021 0.670781 0.788771 0.680906 0.802250 0.682578 0.824729 0.692703 0.853938 0.699437 0.876396 0.704500 0.894375 0.707859 0.925833 0.707859 0.928083 0.717984 0.937083 0.728094 0.948313 0.736516 0.957313 0.721344 0.961792 0.712922 0.961792 0.687641 0.937083 0.682578 0.932583 0.685953 0.977521 0.684266 0.986521 0.669094 0.986521 0.653937 0.984271 0.628656 0.984271 0.618547 0.986521 0.618547 0.986521
