0 0.132844 0.872693 0.120906 0.933091 0.128359 0.957705 0.113437 0.966651 0.102984 0.937588 0.114922 0.861522 0.113437 0.796628 0.119406 0.738478 0.110453 0.727283 0.071641 0.758595 0.097016 0.716089 0.107469 0.680304 0.117922 0.660164 0.137313 0.657939 0.134328 0.628852 0.149266 0.619906 0.164188 0.637799 0.165672 0.664637 0.177625 0.687026 0.185078 0.713864 0.192547 0.678080 0.207469 0.695972 0.208969 0.722810 0.185078 0.745176 0.167172 0.738478 0.168656 0.827963 0.162688 0.877166 0.162688 0.926393 0.164188 0.944286 0.152250 0.962178 0.135828 0.964426 0.137313 0.836909
0 0.300062 0.710070 0.302328 0.747354 0.302891 0.757541 0.300062 0.768126 0.299781 0.806276 0.310250 0.809672 0.308266 0.815176 0.300641 0.823653 0.288750 0.827471 0.285922 0.807119 0.284516 0.786347 0.283391 0.792717 0.285359 0.825363 0.282813 0.832553 0.276031 0.832131 0.274047 0.829602 0.271500 0.820679 0.269812 0.785925 0.267828 0.763888 0.262172 0.764309 0.262172 0.756698 0.259344 0.758806 0.256797 0.755831 0.256516 0.748220 0.254547 0.728712 0.258219 0.699040 0.264437 0.663864 0.269250 0.654543 0.272922 0.649883 0.271797 0.633770 0.273203 0.626557 0.277156 0.620632 0.279984 0.618501 0.285641 0.618501 0.289047 0.620211 0.294125 0.626557 0.294125 0.635878 0.292437 0.649016 0.292437 0.654122 0.300062 0.665129 0.304312 0.687588 0.304875 0.693536 0.309687 0.685059 0.311656 0.682927 0.313641 0.676159 0.318734 0.676159 0.317891 0.680398 0.317891 0.681663 0.319297 0.682506 0.320719 0.686745 0.315062 0.694379 0.308828 0.707096 0.304594 0.710070
0 0.782641 0.667213 0.782641 0.644543 0.783719 0.630773 0.785344 0.612131 0.792375 0.607283 0.796156 0.621054 0.798313 0.637237 0.799937 0.662365 0.798859 0.675316 0.795078 0.686651 0.789672 0.693958 0.786422 0.694754 0.783719 0.690703 0.783719 0.668829
30 0.140922 0.965176 0.142312 0.968103 0.147031 0.971429 0.147031 0.975597 0.144531 0.979766 0.137016 0.980585 0.127844 0.977682 0.118953 0.968103 0.106719 0.950796 0.095891 0.932623 0.091703 0.906838 0.097266 0.902670 0.102266 0.902670 0.104766 0.911850 0.105047 0.928923 0.105328 0.938103 0.105609 0.945597 0.106719 0.946417 0.118672 0.949344 0.122016 0.950187 0.130344 0.958923 0.135906 0.958923 0.137047 0.959578 0.131625 0.959883 0.127937 0.954379 0.140078 0.956323 0.141375 0.959578 0.146359 0.959578 0.150250 0.958923 0.154156 0.955995 0.159141 0.955995 0.149172 0.962155 0.148094 0.969297 0.142234 0.966066 0.140719 0.962482 0.138984 0.961850
0 0.241859 0.688571 0.247328 0.689204 0.246641 0.682904 0.248875 0.675316 0.250000 0.670281 0.251266 0.664379 0.250703 0.657635 0.249437 0.653864 0.247891 0.652810 0.247891 0.647963 0.244531 0.644801 0.241156 0.647119 0.240172 0.652600 0.239188 0.658689 0.238625 0.663115 0.238484 0.673208 0.241156 0.677424 0.242422 0.679953
24 0.144609 0.680000 0.140672 0.671850 0.136141 0.661429 0.134328 0.655105 0.131609 0.653747 0.122250 0.657354 0.116500 0.674122 0.115594 0.687260 0.126781 0.685433 0.133125 0.685902 0.133125 0.686347 0.138563 0.693138 0.147922 0.688150 0.148234 0.687705 0.158203 0.671405 0.160922 0.660984 0.167859 0.671405 0.166359 0.680000
0 0.851156 0.636089 0.851156 0.672646 0.854719 0.691827 0.863359 0.692272 0.871984 0.687377 0.871984 0.645902 0.875547 0.641007 0.870187 0.622272 0.871984 0.616932 0.861859 0.605785 0.855625 0.616487 0.857406 0.619157 0.855625 0.626745
0 0.472828 0.650703 0.474188 0.647658 0.476813 0.648033 0.477328 0.651077 0.479625 0.655808 0.479875 0.672108 0.478937 0.676066 0.478172 0.678220 0.476469 0.678876 0.473422 0.678735 0.472828 0.674403 0.472656 0.670211 0.472562 0.667260 0.472391 0.665621 0.470687 0.662295 0.471797 0.659368 0.472734 0.658735 0.472984 0.656183
0 0.354844 0.651077 0.355484 0.653443 0.356422 0.655808 0.356422 0.659602 0.357219 0.660562 0.358000 0.658197 0.358172 0.656066 0.358484 0.653677 0.359266 0.651803 0.359422 0.648712 0.359422 0.646347 0.359422 0.643747 0.358484 0.641147 0.356906 0.642318 0.355797 0.644215 0.355484 0.648009
0 0.466547 0.658642 0.467328 0.657705 0.467328 0.654684 0.467797 0.652108 0.468266 0.652108 0.468875 0.649789 0.468875 0.647237 0.469187 0.643981 0.469187 0.641873 0.469031 0.640023 0.467953 0.640234 0.467016 0.641171 0.466078 0.642810 0.465156 0.646300 0.464844 0.648618 0.464844 0.650960 0.464687 0.653279 0.465156 0.655621 0.465625 0.658408 0.466234 0.658876
0 0.094141 0.718220 0.093875 0.709977 0.093344 0.704497 0.091781 0.697845 0.091781 0.699414 0.089953 0.700585 0.088906 0.702155 0.088125 0.703724 0.086031 0.702927 0.086297 0.700585 0.086547 0.698244 0.086297 0.694707 0.086297 0.687658 0.086813 0.681007 0.088375 0.673560 0.088125 0.666511 0.088375 0.658665 0.089953 0.651218 0.090734 0.650047 0.091516 0.643396 0.093609 0.639461 0.095969 0.635550 0.098578 0.635152 0.101969 0.637119 0.102766 0.637119 0.105641 0.644942 0.107203 0.647307 0.111641 0.652787 0.112438 0.658267 0.112688 0.664145 0.114266 0.666511 0.113734 0.668454 0.112172 0.673934 0.109812 0.679040 0.106688 0.684122 0.104594 0.690398 0.103016 0.697447 0.102234 0.702155 0.099625 0.707237 0.098844 0.711171 0.097531 0.715480 0.095969 0.717049
