6 0.904922 0.634023 0.911359 0.659581 0.912078 0.627628 0.911359 0.634023 0.950016 0.517884 0.945719 0.522140 0.988672 0.517884 0.990109 0.699000 0.985812 0.701140 0.980078 0.656395 0.963625 0.640395 0.946437 0.663837 0.946437 0.679814 0.940719 0.679814 0.810438 0.664907 0.836203 0.663837 0.836203 0.541326 0.840500 0.541326 0.838359 0.542395 0.856969 0.542395 0.857687 0.541326 0.833344 0.541326 0.831188 0.665977 0.824750 0.669163 0.826187 0.529605 0.824750 0.528535 0.856250 0.527465 0.858391 0.664907 0.854813 0.629744 0.853391 0.616977 0.846234 0.613767 0.839063 0.662767 0.792547 0.665977 0.787531 0.567953 0.781094 0.550907 0.781094 0.524279 0.782516 0.523209 0.782516 0.526419 0.809719 0.526419 0.940719 0.524279 0.910656 0.524279 0.897047 0.529605 0.895625 0.637209 0.890609 0.637209 0.885594 0.620163 0.886312 0.593535 0.881297 0.592465 0.880578 0.526419 0.882016 0.527465 0.889172 0.529605
9 0.849078 0.269116 0.848594 0.399116 0.900891 0.399116 0.899562 0.267837
9 0.574188 0.469930 0.556609 0.470930 0.556609 0.422628 0.577563 0.421953 0.577109 0.468581
9 0.431453 0.570977 0.428906 0.569512 0.427922 0.565093 0.426781 0.563419 0.425938 0.560884 0.425375 0.560674 0.425234 0.558791 0.426641 0.558163 0.426781 0.537744 0.434703 0.537535 0.434703 0.557930 0.436688 0.558581 0.436547 0.559837 0.435406 0.560674 0.434281 0.564465 0.433000 0.565721 0.431875 0.570140
74 0.068453 0.489744 0.071453 0.488465 0.076500 0.486721 0.079703 0.487302 0.083391 0.490628 0.085031 0.493651 0.086391 0.500163 0.085625 0.507372 0.083781 0.513000 0.077281 0.517907 0.073875 0.517907 0.073109 0.514163 0.071359 0.513140 0.069031 0.513442 0.066703 0.510116 0.065047 0.503047 0.065156 0.496977 0.066609 0.492209
9 0.546625 0.568140 0.542047 0.559349 0.539906 0.549349 0.540172 0.534977 0.551188 0.534163 0.548500 0.566140
9 0.471266 0.549628 0.471656 0.584884 0.480984 0.584884 0.480594 0.544419 0.472437 0.545581
9 0.360437 0.553651 0.371859 0.553651 0.372141 0.575744 0.369578 0.576581 0.360437 0.575744
13 0.898594 0.653744 0.919094 0.653744 0.915531 0.691233 0.911516 0.691233 0.909516 0.686930 0.882984 0.680605 0.880766 0.697209 0.878531 0.693884 0.879203 0.677302 0.892797 0.673326
9 0.485938 0.551721 0.484453 0.546535 0.481953 0.540023 0.481453 0.539093 0.481078 0.531860 0.480828 0.529070 0.482703 0.527581 0.482328 0.525535 0.481703 0.523860 0.481828 0.522744 0.481578 0.515698 0.482578 0.513837 0.483078 0.511977 0.491187 0.511977 0.491813 0.515140 0.491937 0.516814 0.491687 0.519233 0.491687 0.522558 0.491313 0.524419 0.491937 0.527023 0.492938 0.532046 0.491813 0.534279 0.492063 0.543000 0.487063 0.551907
0 0.844969 0.699395 0.844969 0.686093 0.841984 0.684605 0.842984 0.659465 0.841000 0.659465 0.840000 0.629884 0.843969 0.622488 0.844969 0.612140 0.850937 0.612140 0.848953 0.619535 0.856891 0.632837 0.861859 0.659465 0.853922 0.683140 0.856891 0.693488 0.850937 0.694977 0.847953 0.694977
