5 0.108359 0.745791 0.112609 0.510153 0.127469 0.505510 0.196094 0.476633 0.228641 0.468546 0.219438 0.617577 0.236422 0.783929 0.213078 0.775842 0.180531 0.783929 0.169922 0.763138 0.163547 0.753878 0.136656 0.761964 0.127469 0.767755 0.114016 0.752730
0 0.813375 0.736225 0.812641 0.689898 0.808641 0.684566 0.815922 0.676250 0.818828 0.675051 0.818828 0.669719 0.816281 0.666148 0.816281 0.653673 0.818094 0.641199 0.827188 0.636454 0.833734 0.642985 0.835188 0.657832 0.832641 0.668520 0.839563 0.673291 0.846828 0.676250 0.853016 0.748112 0.838469 0.738597 0.824641 0.729107 0.819547 0.724337 0.819547 0.729694
0 0.847656 0.680842 0.852500 0.748673 0.869125 0.796148 0.870500 0.746403 0.879500 0.719286 0.878125 0.693265 0.868422 0.675179 0.861500 0.648061 0.858031 0.648061 0.847656 0.667270
2 0.027328 0.717347 0.027328 0.720995 0.024266 0.721760 0.022500 0.712321 0.019187 0.702883 0.015766 0.699031 0.014938 0.695179 0.016828 0.692475 0.023328 0.679745 0.029938 0.677628 0.039734 0.676862 0.049531 0.680714 0.053781 0.684949 0.056844 0.690740 0.056844 0.716173 0.055547 0.717908 0.053422 0.719464 0.052250 0.720230 0.051422 0.719464 0.051187 0.717143 0.047281 0.716173 0.046938 0.719082 0.045984 0.720230 0.041969 0.720995 0.039734 0.721199 0.039266 0.717730 0.027812 0.717143
0 0.296187 0.644184 0.297328 0.625459 0.304781 0.616097 0.314531 0.607679 0.315687 0.602985 0.323703 0.600179 0.326000 0.621709 0.325422 0.644184 0.321422 0.649796 0.325422 0.701301 0.327156 0.734056 0.313391 0.735000 0.308219 0.692857 0.303062 0.673214 0.293891 0.650740
0 0.514797 0.404566 0.497391 0.409745 0.499125 0.398878 0.503234 0.384923 0.506250 0.377423 0.508156 0.359337 0.510844 0.350026 0.515750 0.349770 0.516375 0.352092
2 0.007453 0.697168 0.018719 0.703163 0.022625 0.712908 0.022625 0.713265 0.023531 0.716658 0.023531 0.721913 0.022391 0.726786 0.022391 0.729388 0.020547 0.733138 0.016422 0.735026 0.012516 0.733138 0.011359 0.730893 0.000000 0.730536 0.000000 0.685918 0.006766 0.694898
0 0.551609 0.381939 0.551375 0.356301 0.545828 0.339362 0.535437 0.343699 0.528672 0.354337 0.528203 0.375230 0.523609 0.394541 0.521922 0.399668 0.545828 0.389031 0.551125 0.385077
0 0.460234 0.427296 0.459062 0.415434 0.461391 0.412577 0.469250 0.407347 0.470422 0.400230 0.468953 0.393571 0.469250 0.384056 0.471875 0.375995 0.476531 0.373622 0.481766 0.379311 0.483219 0.393571 0.481766 0.419694 0.461391 0.427781
5 0.232609 0.751122 0.220219 0.609541 0.228484 0.465740 0.339969 0.384821 0.417047 0.382577 0.411547 0.432015 0.408797 0.719668 0.403281 0.798316 0.378516 0.807296 0.357859 0.825281 0.344094 0.834260 0.327578 0.827526 0.312438 0.814056 0.291797 0.791582 0.272531 0.796071 0.261516 0.805051 0.246375 0.800561 0.236734 0.780332
5 0.422563 0.336709 0.634516 0.201862 0.706094 0.188393 0.814828 0.215357 0.850625 0.383903 0.857500 0.541199 0.799688 0.574898 0.812078 0.653546 0.860250 0.696250 0.872641 0.840077 0.860250 0.934464 0.843734 0.950179 0.801062 0.945689 0.792812 0.907500 0.704719 0.907500 0.671687 0.916480 0.648281 0.968163 0.613875 0.952424 0.597359 0.909745 0.462469 0.853546 0.447328 0.876020 0.428062 0.833342 0.403281 0.817602 0.411547 0.642321 0.414297 0.469286
