0 0.057437 0.935234 0.067417 0.922609 0.055562 0.914188 0.051813 0.902969 0.059937 0.897344 0.065542 0.892672 0.071167 0.886594 0.074896 0.882844 0.073646 0.878172 0.070542 0.868344 0.073021 0.861797 0.079896 0.858984 0.087375 0.858516 0.095479 0.863203 0.100479 0.871156 0.106708 0.880031 0.117937 0.896875 0.112958 0.914656 0.107958 0.931969 0.072396 0.960500 0.062417 0.968922 0.053688 0.939453
0 0.968750 0.994750 0.970708 0.977219 0.970708 0.965516 0.956083 0.958203 0.948292 0.939188 0.954125 0.927500 0.966812 0.904828 0.977521 0.900453 0.985333 0.888750 0.998979 0.888750 1.000000 0.898984 1.000000 0.910688 0.999937 0.933344 1.000000 0.966969 0.996042 0.969906 0.993125 0.969906 0.989229 0.989641 0.986292 0.998406 0.973625 0.998406 0.970708 0.998406 0.969729 0.997688
0 0.660167 0.887359 0.665688 0.881250 0.669625 0.880250 0.668063 0.877891 0.669625 0.872766 0.673312 0.871984 0.677521 0.871781 0.681188 0.878281 0.678042 0.881641 0.680938 0.886563 0.679354 0.887938 0.677000 0.890109 0.674354 0.896813 0.674354 0.900562 0.675938 0.911000 0.675417 0.922234 0.672000 0.921656 0.666479 0.915734 0.663062 0.903313 0.662000 0.891891
0 0.555625 0.914844 0.556375 0.905328 0.560104 0.899172 0.563083 0.892453 0.563083 0.885750 0.563833 0.879031 0.562354 0.875672 0.558750 0.875109 0.553312 0.879531 0.549688 0.882578 0.541979 0.889047 0.540167 0.893453 0.537458 0.899234 0.538354 0.901609 0.539708 0.908078 0.542437 0.910797 0.544708 0.913516 0.545146 0.914875 0.546958 0.916562 0.551042 0.916562 0.555583 0.916234 0.557396 0.916234
0 0.918021 0.941969 0.911771 0.929000 0.901188 0.919625 0.896875 0.913859 0.893021 0.909891 0.906000 0.897984 0.909833 0.895828 0.907438 0.889344 0.920896 0.885734 0.932438 0.888250 0.927146 0.902672 0.924750 0.907719 0.928104 0.922500 0.918500 0.943422
74 0.478792 0.399891 0.488187 0.403313 0.497583 0.401906 0.505646 0.398875 0.515583 0.391828 0.520938 0.382359 0.518271 0.371094 0.514500 0.365047 0.502417 0.362031 0.490333 0.365656 0.479062 0.373703 0.473146 0.385188 0.473958 0.393438
0 0.361500 0.892656 0.369521 0.887562 0.370125 0.880625 0.370125 0.872750 0.376917 0.869047 0.380625 0.871828 0.382458 0.875984 0.382458 0.880625 0.386792 0.885250 0.388021 0.885703 0.391729 0.891719 0.392333 0.896344 0.391104 0.900984 0.391104 0.906984 0.391729 0.907922 0.382458 0.908375 0.376917 0.908375 0.375062 0.907453 0.366417 0.898203 0.362729 0.894969 0.362729 0.893578
0 0.703333 0.878078 0.703333 0.878078 0.700104 0.887766 0.700104 0.887766 0.698750 0.901375 0.704125 0.916359 0.704458 0.923969 0.680667 0.924453 0.676229 0.916359 0.675583 0.905891 0.673375 0.898516 0.676229 0.889484 0.686375 0.884250 0.684146 0.879500 0.689854 0.874266 0.699688 0.874734 0.699688 0.874734 0.699688 0.874734
0 0.266250 0.870359 0.268771 0.867516 0.272062 0.866000 0.272937 0.864297 0.274708 0.861063 0.275729 0.859734 0.278500 0.859359 0.279771 0.860406 0.280792 0.864109 0.282042 0.866766 0.283812 0.868281 0.284458 0.872734 0.285083 0.876719 0.284333 0.879750 0.281667 0.882031 0.277500 0.882687 0.273583 0.882687 0.270542 0.881172 0.270792 0.876531 0.270042 0.873687 0.269021 0.871969 0.266375 0.870453
0 0.727708 0.880203 0.726917 0.876266 0.726917 0.875469 0.726375 0.874094 0.726917 0.872906 0.726125 0.869563 0.723229 0.868781 0.723229 0.867594 0.725854 0.867000 0.725854 0.865422 0.727167 0.865219 0.727167 0.864234 0.727708 0.862859 0.728750 0.862078 0.730854 0.862078 0.731646 0.862266 0.731375 0.878828
0 0.530396 0.998797 0.544167 0.983969 0.536437 0.969125 0.536437 0.941375 0.578583 0.919422 0.617312 0.935562 0.617312 0.951688 0.617312 0.965891 0.618167 0.971703 0.609563 0.985891 0.592354 0.998156
0 0.867188 0.920547 0.874646 0.914672 0.891854 0.913828 0.901937 0.918031 0.912396 0.931766 0.919125 0.947172 0.922854 0.956141 0.935938 0.962594 0.944542 0.983891 0.950896 0.989500 0.953875 0.998750 0.852979 1.000000 0.853354 0.997625 0.843271 0.999313 0.840271 0.995656 0.847000 0.990891 0.855229 0.990344 0.860083 0.970156 0.867188 0.958953 0.874271 0.956141 0.870167 0.951656 0.861208 0.946062 0.860458 0.938203 0.858208 0.936813 0.856708 0.933438 0.859708 0.928953 0.861583 0.925313 0.864562 0.924187 0.868083 0.918234
