0 0.898618 0.991469 0.915386 0.895281 0.918735 0.839344 0.948923 0.651422 0.938852 0.597734 0.841616 0.638000 0.801382 0.631297 0.808103 0.595500 0.831569 0.573125 0.908689 0.510484 0.928806 0.456797 0.958993 0.445609 0.995855 0.443375 0.995855 0.450078 1.000000 1.000000
6 0.529977 0.538719 0.455176 0.537203 0.434028 0.535688 0.420445 0.529641 0.415152 0.509984 0.415152 0.482781 0.437049 0.437422 0.442342 0.424313 0.483888 0.405172 0.483888 0.403156 0.477096 0.403156 0.483888 0.402141 0.484637 0.400641 0.510328 0.399125 0.509578 0.401141 0.514098 0.403156 0.510328 0.404156 0.510328 0.405172 0.548103 0.416766 0.562436 0.432375 0.560937 0.452547 0.566230 0.490844 0.572272 0.490844 0.570000 0.507469 0.558665 0.511000 0.544309 0.514531 0.541288 0.521078 0.543560 0.540234 0.526183 0.539219
0 0.644895 0.548328 0.644895 0.546594 0.650585 0.545219 0.657845 0.542797 0.657845 0.507875 0.657845 0.505094 0.655269 0.505094 0.651101 0.504750 0.649040 0.502328 0.650585 0.495766 0.650070 0.488156 0.653185 0.475359 0.655269 0.466719 0.659930 0.462219 0.663045 0.460141 0.672365 0.458062 0.672881 0.455641 0.670820 0.454266 0.667705 0.452531 0.668220 0.448734 0.666136 0.444922 0.673911 0.439734 0.682201 0.440094 0.686370 0.441469 0.691546 0.445266 0.691546 0.448734 0.688431 0.450812 0.688431 0.453578 0.686885 0.457031 0.697752 0.458062 0.707611 0.462563 0.716932 0.466719 0.720562 0.468094 0.717471 0.470172 0.717471 0.472937 0.719016 0.475016 0.712787 0.479172 0.707096 0.479859 0.698290 0.482625 0.700866 0.485734 0.697237 0.487469 0.699321 0.498875 0.699836 0.507875 0.698290 0.511328 0.696721 0.513750 0.696721 0.534156 0.695691 0.537266 0.696206 0.540719 0.696721 0.545563 0.696206 0.551437 0.688431 0.551437 0.685831 0.547297 0.680141 0.539344 0.678595 0.518594 0.674965 0.522047 0.674426 0.540031 0.673396 0.542797 0.673911 0.550063 0.655269 0.550750 0.648009 0.549375
0 0.846183 0.435578 0.840398 0.436156 0.836628 0.438281 0.832295 0.448719 0.832295 0.452391 0.826511 0.458766 0.828829 0.462422 0.828244 0.463391 0.813466 0.473828 0.810281 0.483094 0.806230 0.490812 0.799297 0.491781 0.792061 0.492562 0.794660 0.487734 0.795527 0.481156 0.794941 0.478453 0.794075 0.475172 0.796393 0.468422 0.802178 0.462047 0.807682 0.453734 0.818407 0.448516 0.827939 0.446781 0.830258 0.443500 0.832295 0.436359 0.833443 0.428438 0.840117 0.426125 0.845316 0.423797 0.852272 0.425547 0.855738 0.429797 0.858923 0.435781 0.855738 0.437328 0.859789 0.448141 0.872810 0.450641 0.880937 0.458953 0.888735 0.467844 0.891335 0.473437 0.888454 0.477500 0.882084 0.477875 0.874262 0.467453 0.857471 0.458187 0.856323 0.454516 0.856323 0.450453 0.856604 0.448516
0 0.724567 0.569594 0.724567 0.551109 0.721101 0.539563 0.712459 0.526859 0.712459 0.515312 0.712459 0.510687 0.705527 0.500281 0.705527 0.493359 0.712459 0.482953 0.717635 0.479500 0.717635 0.464484 0.719368 0.463328 0.733232 0.462172 0.741874 0.462172 0.748806 0.469094 0.747073 0.484109 0.748806 0.487578 0.748806 0.493359 0.748806 0.503750 0.743607 0.532641 0.741874 0.536094 0.738431 0.573063 0.733232 0.574219 0.731499 0.574219
0 0.910328 0.471703 0.890656 0.486875 0.889813 0.490016 0.895082 0.492781 0.913372 0.495750 0.924614 0.502406 0.938595 0.471344 0.936370 0.462641 0.939977 0.453406 0.937471 0.448969 0.933888 0.447109 0.914473 0.450078 0.913372 0.452844 0.915597 0.456922 0.916698 0.460422 0.916417 0.464859 0.916136 0.467828 0.910328 0.471891
0 0.749860 0.494063 0.751382 0.492031 0.754426 0.489984 0.755972 0.486922 0.760539 0.485906 0.763607 0.486922 0.771241 0.492031 0.774286 0.496109 0.774286 0.499156 0.777354 0.500188 0.780398 0.501203 0.766651 0.504266 0.766651 0.509359 0.768173 0.510375 0.777354 0.513438 0.780398 0.522609 0.780398 0.532797 0.777354 0.538922 0.768173 0.545031 0.762084 0.551156 0.754426 0.562359 0.748314 0.569500 0.746792 0.547078 0.743747 0.546047 0.748314 0.536875 0.749860 0.526688 0.749860 0.521594 0.749860 0.520563 0.740679 0.520563 0.736089 0.510375 0.736089 0.506297 0.739157 0.511391 0.740679 0.513438 0.745269 0.513438 0.749860 0.510375 0.754426 0.503234 0.740679 0.501203 0.751382 0.494063
0 0.802084 0.457078 0.810351 0.450047 0.808970 0.447906 0.807143 0.447906 0.802553 0.444531 0.795667 0.444531 0.791077 0.445453 0.786955 0.447906 0.785129 0.452187 0.786511 0.455859 0.781452 0.458906 0.773208 0.467172 0.770913 0.475437 0.773653 0.480328 0.778244 0.481547 0.776862 0.495328 0.781452 0.499000 0.786042 0.499000 0.795667 0.487063 0.793841 0.472687 0.803466 0.461062 0.807143 0.454938
0 0.891382 0.524063 0.909227 0.509719 0.912436 0.497500 0.906019 0.495063 0.895035 0.494750 0.889555 0.487734 0.908314 0.473391 0.916557 0.466359 0.913794 0.452938 0.917002 0.449266 0.908759 0.441641 0.897330 0.442859 0.890468 0.447141 0.889087 0.452938 0.890468 0.466984 0.891382 0.471250 0.890000 0.478578 0.885433 0.502688 0.882225 0.508187
0 0.594918 0.490875 0.607939 0.492359 0.612623 0.489906 0.610398 0.485641 0.608431 0.480875 0.607939 0.476453 0.610164 0.471047 0.610164 0.466453 0.607939 0.465141 0.607705 0.460219 0.606956 0.457266 0.603279 0.455297 0.603021 0.455297 0.598126 0.458094 0.597377 0.464000 0.595667 0.468250 0.591475 0.471531 0.595176 0.473828 0.595176 0.475969 0.593934 0.482516 0.593208 0.486297
0 0.619508 0.497969 0.622412 0.488297 0.623372 0.485703 0.622412 0.477313 0.620468 0.471516 0.620468 0.466344 0.620468 0.464406 0.620468 0.460547 0.626276 0.456031 0.629180 0.454734 0.634005 0.457312 0.634005 0.459891 0.634988 0.466344 0.634988 0.470219 0.634988 0.479906 0.634988 0.487000 0.635948 0.493453 0.635948 0.494094 0.631101 0.496031 0.627236 0.496031
0 0.814988 0.551266 0.824075 0.525063 0.821803 0.521531 0.820281 0.527078 0.811967 0.526578 0.810468 0.520031 0.819532 0.489797 0.821030 0.485250 0.819532 0.483234 0.825574 0.463078 0.840679 0.459047 0.833138 0.453500 0.836159 0.437875 0.845972 0.435859 0.855785 0.440906 0.857307 0.456031 0.879204 0.465094 0.885995 0.473656 0.888267 0.491297 0.886768 0.493828 0.882974 0.508937 0.887518 0.519516 0.881475 0.521031 0.884496 0.533641 0.847471 0.552672 0.827845 0.565766 0.821030 0.574453 0.811967 0.596125 0.797635 0.597641 0.799134 0.599141 0.809719 0.600156
6 0.010094 0.330344 0.316604 0.395500 0.444590 0.424719 0.414286 0.483141 0.417658 0.523594 0.010094 0.698875
