7 0.663220 0.719265 0.664560 0.729029 0.665880 0.806324 0.675860 0.807294 0.675860 0.799471 0.691160 0.799471 0.689840 0.720235 0.699140 0.718294 0.703800 0.720235 0.709120 0.720235 0.707120 0.776971 0.693160 0.776971 0.692500 0.741765 0.698480 0.737853
0 0.730160 0.761853 0.730160 0.761853 0.738920 0.783176 0.738920 0.783176 0.745860 0.797382 0.746760 0.828441 0.746760 0.828441 0.750700 0.846647 0.742840 0.845294 0.738320 0.814676 0.737720 0.838647 0.744960 0.869706 0.737720 0.875500 0.735900 0.905235 0.735600 0.920324 0.735600 0.920324 0.738020 0.933176 0.730460 0.932735 0.728360 0.911000 0.727460 0.887029 0.725340 0.919412 0.727460 0.934059 0.720500 0.935853 0.717180 0.919412 0.719900 0.885265 0.712960 0.864382 0.715080 0.836882 0.714780 0.824441 0.714780 0.824441 0.711160 0.820441 0.709040 0.806676 0.714480 0.790265 0.716280 0.782265 0.719300 0.758323 0.719300 0.758323
0 0.229360 0.762294 0.219440 0.808088 0.232180 0.724824 0.242100 0.753971 0.247760 0.801823 0.257660 0.820559 0.222280 0.799765
0 0.770260 0.826118 0.762600 0.823735 0.758140 0.796441 0.756120 0.783353 0.757340 0.767324 0.761380 0.763177 0.763000 0.754265 0.765820 0.752500 0.768240 0.756647 0.773080 0.762588 0.771880 0.816618
2 0.561860 0.780706 0.573020 0.794882 0.575560 0.799353 0.579620 0.803088 0.583680 0.803823 0.581140 0.811294 0.580640 0.817235 0.578100 0.832177 0.577080 0.840382 0.576580 0.845588 0.576580 0.847824 0.576060 0.849324 0.575560 0.850824 0.572520 0.846353 0.571500 0.846353 0.567960 0.850059 0.566440 0.852294 0.566940 0.856029 0.561860 0.861265 0.560340 0.861265 0.557800 0.856029 0.553740 0.850824 0.554260 0.837382 0.554760 0.828441 0.554760 0.819500 0.555780 0.810529 0.564900 0.806794 0.563900 0.794118 0.563380 0.788147
2 0.664280 0.787794 0.664680 0.769382 0.661460 0.761088 0.652980 0.762265 0.649340 0.770588 0.648120 0.793735 0.656200 0.794912 0.659440 0.790177 0.667500 0.788382
26 0.712840 0.854882 0.709520 0.850912 0.707440 0.845706 0.707040 0.837471 0.707440 0.833500 0.708280 0.831971 0.710760 0.830765 0.712220 0.829529 0.713260 0.826176 0.713460 0.825559 0.715540 0.825559 0.716580 0.825882 0.715340 0.839294 0.714920 0.844794 0.714300 0.849382 0.713060 0.853941
2 0.000760 0.786029 0.054720 0.784765 0.077100 0.784765 0.075360 0.813794 0.069640 0.911235 0.009960 0.922206 0.006020 0.932529 0.002500 0.940265 0.000000 0.933824 0.001200 0.791853
0 0.795340 0.781529 0.796860 0.835471 0.800120 0.834618 0.800880 0.820853 0.802020 0.834059 0.806420 0.832382 0.806220 0.827618 0.804320 0.825353 0.807760 0.777324 0.810040 0.777324 0.809860 0.788000 0.809860 0.791941 0.813860 0.792206 0.814640 0.784059 0.812920 0.773676 0.808720 0.765824 0.803180 0.761588 0.803740 0.754853 0.801060 0.750353 0.796480 0.751471 0.796680 0.757088 0.796100 0.763000 0.794380 0.764412 0.792480 0.766647 0.789420 0.764412 0.787900 0.770853 0.790760 0.776471 0.793820 0.779294
0 0.070560 0.752941 0.072320 0.763471 0.076320 0.769382 0.075460 0.785559 0.055900 0.781971 0.057640 0.772735 0.062360 0.764000 0.065160 0.760412 0.064640 0.751941 0.068820 0.749618 0.071260 0.751941
