46 0.623400 0.243946 0.602100 0.183524 0.602100 0.183524 0.585260 0.148464 0.569900 0.120873 0.559000 0.106687 0.555540 0.102982 0.551080 0.097741 0.545640 0.102229 0.541680 0.105964 0.537220 0.115663 0.537220 0.115663 0.537220 0.124608 0.539200 0.138765 0.558520 0.186506 0.562480 0.202169 0.575840 0.200693 0.579320 0.193976 0.596160 0.246175 0.604580 0.270783 0.608040 0.291687 0.612000 0.323765 0.622900 0.325241 0.628840 0.321506 0.624880 0.292440 0.624880 0.261114 0.620420 0.237982
0 0.889320 0.743825 0.853500 0.716867 0.846040 0.701114 0.835600 0.665181 0.832620 0.629217 0.832620 0.588765 0.832620 0.566295 0.832620 0.534819 0.863940 0.465181 0.866940 0.462922 0.904240 0.453946 0.954960 0.471898 0.969880 0.494367 0.996740 0.566295 0.998240 0.611235 0.998240 0.638193 1.000000 0.701114 0.995260 0.966295 0.844540 0.964036 0.886320 0.811235 0.890800 0.802259 0.890800 0.768554 0.886320 0.743825
46 0.427820 0.193193 0.447900 0.190723 0.461840 0.206145 0.456100 0.288886 0.460620 0.323464 0.383960 0.332711 0.273260 0.318524 0.286800 0.238253 0.294580 0.224066 0.304420 0.233313 0.321220 0.172199 0.338860 0.161687 0.346240 0.165392 0.353200 0.250000 0.378620 0.185783 0.393380 0.172199 0.409380 0.174036 0.418380 0.198133
45 0.208680 0.314277 0.238000 0.337651 0.263880 0.498705 0.312160 0.563645 0.553620 0.597410 0.707120 0.540271 0.760580 0.358434 0.772660 0.288313 0.394960 0.327259 0.250080 0.301295
46 0.599800 0.104398 0.619000 0.103072 0.633840 0.130663 0.639960 0.108343 0.646940 0.107018 0.666140 0.121476 0.669620 0.139880 0.666140 0.201657 0.666140 0.239789 0.668760 0.273946 0.668760 0.309428 0.668760 0.310753 0.625980 0.321265 0.623360 0.301566 0.624240 0.266054 0.627740 0.247651 0.617260 0.180633 0.600680 0.137259 0.600680 0.104398
46 0.699680 0.310151 0.700100 0.260241 0.698420 0.249518 0.698840 0.238163 0.700520 0.227410 0.701780 0.219819 0.701360 0.209096 0.705120 0.201506 0.710160 0.201506 0.718540 0.207831 0.724000 0.216687 0.726940 0.228042 0.727780 0.242560 0.726940 0.260241 0.724420 0.274789 0.722320 0.290572 0.721900 0.303193 0.721480 0.311416
7 0.317640 0.665602 0.277480 0.667259 0.277480 0.681355 0.272000 0.707861 0.266500 0.726898 0.273100 0.733524 0.275840 0.740964 0.274740 0.752560 0.286840 0.762500 0.286840 0.776596 0.282980 0.787349 0.279680 0.792319 0.286840 0.803916 0.293980 0.795633 0.304980 0.793163 0.313780 0.791506 0.314340 0.786536 0.305540 0.770783 0.305540 0.757530 0.301680 0.745934 0.301140 0.729398 0.307740 0.707861 0.321480 0.688795 0.347340 0.689639 0.361080 0.710331 0.362740 0.725241 0.348440 0.762500 0.345680 0.783223 0.360540 0.796476 0.370440 0.793976 0.379240 0.803916 0.388580 0.813855 0.391320 0.818825 0.397380 0.816355 0.400680 0.822139 0.405080 0.837048 0.413880 0.817169 0.423780 0.812199 0.422680 0.791506 0.413880 0.785693 0.407820 0.769127 0.412780 0.751747 0.402320 0.693765 0.403980 0.686325 0.400120 0.673886 0.390240 0.669759 0.321480 0.666446
46 0.724740 0.217500 0.710080 0.197892 0.704400 0.200331 0.698700 0.238313 0.679980 0.200331 0.667780 0.211355 0.669400 0.140301 0.667780 0.124367 0.650680 0.107199 0.663700 0.107199 0.674280 0.075331 0.701140 0.113343 0.716600 0.125572 0.722300 0.168464 0.719860 0.189307 0.726360 0.205241 0.728000 0.216265
46 0.700240 0.254488 0.700680 0.302470 0.700680 0.314639 0.669280 0.315301 0.664340 0.245030 0.670180 0.207861 0.680040 0.195693
46 0.262480 0.117380 0.287480 0.164428 0.309340 0.192681 0.306220 0.242078 0.273420 0.307952 0.254660 0.315030 0.235920 0.315030 0.210920 0.298554 0.195300 0.225602 0.189040 0.185602 0.206240 0.138554 0.209360 0.103253 0.217160 0.082078 0.232800 0.056205 0.256220 0.082078
46 0.565740 0.329608 0.530000 0.219729 0.501720 0.143494 0.509160 0.114337 0.525540 0.112108 0.561280 0.201807 0.594020 0.286988 0.605940 0.309428 0.568720 0.325120
46 0.517500 0.321566 0.516340 0.286114 0.509780 0.268102 0.502840 0.248916 0.490100 0.246596 0.482760 0.260542 0.476600 0.290181 0.476980 0.330301 0.519420 0.325060
46 0.521380 0.246506 0.507060 0.222078 0.482160 0.184006 0.466320 0.165241 0.450460 0.178313 0.450460 0.188554 0.461780 0.198193 0.460660 0.234006 0.479520 0.276596 0.491200 0.249337 0.509320 0.261265 0.511580 0.269789
46 0.442880 0.192259 0.413300 0.189910 0.406200 0.178012 0.406600 0.151898 0.407400 0.125753 0.414880 0.107349 0.420400 0.102018 0.434200 0.135271 0.438540 0.166145 0.443660 0.125181 0.454320 0.101416 0.462980 0.103193 0.466540 0.108554 0.471660 0.145964 0.472840 0.162590 0.473640 0.173855 0.461020 0.173283 0.453920 0.178614 0.451560 0.188102 0.448400 0.191084
0 0.195540 0.865693 0.195060 0.888645 0.198060 0.896626 0.199540 0.940633 0.197060 0.968976 0.192120 0.985392 0.188160 0.998825 0.174780 0.987651 0.172300 0.961536 0.170820 0.948855 0.183200 0.933946 0.188160 0.915271 0.183200 0.875753 0.183200 0.851898 0.182880 0.846657 0.202800 0.829699 0.168540 0.717018 0.179960 0.708886 0.194420 0.700783 0.197640 0.698163 0.188600 0.691687 0.187520 0.683554 0.192260 0.676416 0.195060 0.666687 0.194620 0.647861 0.193540 0.636476 0.189020 0.625120 0.177820 0.622861 0.172000 0.629036 0.171340 0.646867 0.169180 0.654337 0.173940 0.666355 0.175660 0.672199 0.172000 0.680964 0.156260 0.690723 0.148280 0.707259 0.143960 0.720904 0.144400 0.722530 0.154100 0.723163
0 0.410700 0.581837 0.401700 0.597620 0.394200 0.622470 0.394200 0.647289 0.406200 0.692440 0.409200 0.724036 0.425680 0.728554 0.427180 0.751114 0.442160 0.791747 0.448160 0.816596 0.454160 0.852711 0.449660 0.882048 0.431680 0.897861 0.401700 0.902380 0.374720 0.927199 0.350740 0.952018 0.344740 0.988163 0.635520 0.983645 0.608540 0.931717 0.592060 0.913645 0.575560 0.913645 0.560580 0.909157 0.562080 0.886566 0.575560 0.841416 0.586060 0.794006 0.586060 0.755633 0.586060 0.705994 0.589060 0.687922 0.608540 0.701476 0.613040 0.687922 0.613040 0.672108 0.631020 0.692440 0.614540 0.635994 0.596560 0.581837
0 0.004480 0.570934 0.041880 0.570934 0.086740 0.575452 0.112160 0.575452 0.119640 0.579970 0.133100 0.609247 0.119640 0.627259 0.124120 0.638524 0.134600 0.652018 0.119640 0.661024 0.125620 0.670030 0.131600 0.688072 0.127120 0.710572 0.127120 0.724096 0.127120 0.726355 0.130100 0.739879 0.161520 0.721837 0.194420 0.706084 0.215360 0.679066 0.194420 0.591205 0.171980 0.534910 0.164500 0.478614 0.146560 0.453825 0.113660 0.415542 0.121140 0.411024 0.148060 0.420030 0.149540 0.390753 0.134600 0.375000 0.174980 0.372741 0.189920 0.381747 0.198900 0.413283 0.198900 0.440301 0.197400 0.467349 0.227320 0.528163 0.258720 0.588976 0.273680 0.649789 0.279660 0.674548 0.263200 0.733102 0.237780 0.780392 0.213860 0.805181 0.203380 0.827711 0.188440 0.843464 0.180960 0.854729 0.189920 0.890753 0.189920 0.931295 0.171980 0.944819 0.163000 0.960572 0.164500 0.987621 0.163000 0.987621 0.020940 0.987621 0.003000 0.989880 0.000000 0.771386 0.011960 0.762380 0.017940 0.735361 0.014960 0.728614 0.004480 0.735361 0.003000 0.728614 0.007480 0.717349 0.004480 0.703825 0.001500 0.681295 0.001500 0.654277 0.010460 0.631747 0.010460 0.611476 0.010460 0.577711
0 0.190360 0.999187 0.200800 0.946175 0.201900 0.898976 0.194760 0.882410 0.199160 0.853434 0.206860 0.826928 0.227200 0.804548 0.255240 0.749066 0.266240 0.726717 0.274500 0.740783 0.285500 0.787982 0.289340 0.807861 0.267340 0.826084 0.258000 0.870813 0.250840 0.913042 0.236000 0.969367 0.227740 0.980151 0.253040 0.986777 0.243140 0.999187 0.212900 0.996717 0.190900 0.997530
0 0.231280 0.975271 0.256640 0.887651 0.267100 0.826958 0.311860 0.777530 0.298420 0.732590 0.307380 0.680904 0.350660 0.696626 0.370040 0.707861 0.347660 0.770783 0.356620 0.797741 0.401380 0.842711 0.358120 0.898886 0.337220 0.982018 0.292460 0.984277 0.295440 0.910120 0.289480 0.903374 0.264100 0.988765 0.226800 0.979789
