0 0.800500 0.366468 0.803891 0.383853 0.807844 0.399587 0.802203 0.402064 0.799937 0.417821 0.784703 0.426101 0.781328 0.434381 0.789781 0.465023 0.797687 0.498991 0.794859 0.508922 0.799375 0.509748 0.804453 0.506445 0.814047 0.511399 0.815734 0.515550 0.789781 0.542041 0.788656 0.565229 0.780187 0.605000 0.783016 0.626537 0.792609 0.735849 0.786406 0.764839 0.765531 0.785550 0.761016 0.868372 0.772297 0.884931 0.791484 0.898188 0.793734 0.913096 0.737312 0.917248 0.723766 0.913922 0.707406 0.888257 0.695000 0.846835 0.697250 0.835252 0.715312 0.823647 0.738438 0.779748 0.742391 0.720940 0.742391 0.682844 0.734484 0.682844 0.728281 0.667936 0.718125 0.625711 0.721516 0.595046 0.728844 0.501468 0.738438 0.461720 0.745219 0.446789 0.733359 0.425275 0.737312 0.364794 0.749156 0.354862 0.771172 0.342431 0.796562 0.353211
0 0.699594 0.264564 0.694391 0.254748 0.692531 0.220963 0.692531 0.212225 0.701828 0.201881 0.702937 0.188784 0.705906 0.175161 0.705906 0.163165 0.710000 0.157706 0.716313 0.154977 0.720766 0.154450 0.725594 0.165894 0.728562 0.177339 0.727078 0.183326 0.723734 0.188784 0.725219 0.190963 0.736359 0.203509 0.740828 0.207317 0.741562 0.228050 0.738219 0.242225 0.732281 0.247661 0.730047 0.228578 0.719281 0.220963 0.714078 0.223142 0.709625 0.234037 0.707016 0.244954 0.704422 0.257477
38 0.861594 0.553417 0.861141 0.552133 0.875219 0.501789 0.899391 0.422408 0.902469 0.421766 0.905984 0.424358 0.905547 0.427569 0.876094 0.523073 0.868625 0.545023 0.865109 0.548899 0.862031 0.552775 0.861594 0.553417 0.859391 0.561812 0.857625 0.561812 0.852797 0.574702 0.832125 0.639243 0.839609 0.645688 0.841359 0.643119 0.858078 0.587615 0.861594 0.571491 0.859391 0.567615 0.858516 0.566330
38 0.714031 0.626720 0.712391 0.630321 0.713750 0.633945 0.713203 0.636743 0.709922 0.636743 0.708828 0.649587 0.705281 0.660436 0.702266 0.667661 0.701172 0.685321 0.702812 0.704587 0.706094 0.723853 0.711563 0.735482 0.720859 0.746720 0.730703 0.751950 0.740000 0.753555 0.744375 0.750734 0.743828 0.713005 0.742734 0.697362 0.740281 0.681307 0.733719 0.681307 0.728250 0.666445 0.726328 0.661238 0.723047 0.641972 0.719219 0.631124 0.718125 0.626307 0.717578 0.611055 0.721141 0.594610 0.722500 0.590986 0.714031 0.549656 0.711563 0.534794 0.711563 0.527569 0.710469 0.526376 0.699531 0.527982 0.700078 0.531995 0.702266 0.536399 0.705000 0.555665 0.711563 0.596216 0.713750 0.610252
0 0.043828 0.280505 0.041938 0.256514 0.041938 0.247271 0.046656 0.222798 0.052000 0.213578 0.063641 0.203876 0.063641 0.198326 0.061437 0.189105 0.060187 0.173876 0.063016 0.169243 0.068984 0.166491 0.077797 0.167408 0.080625 0.175252 0.085031 0.185413 0.084406 0.198807 0.090687 0.208028 0.098875 0.212638 0.102016 0.218647 0.101062 0.226491 0.100750 0.237569 0.102016 0.242202 0.104219 0.245436 0.105156 0.253280 0.102328 0.260206 0.094781 0.264817 0.090375 0.264817 0.081563 0.263440 0.080313 0.259725 0.082516 0.241720 0.080625 0.232959 0.072766 0.223257 0.067734 0.222798 0.063016 0.224656 0.059234 0.235734 0.057984 0.242661 0.058297 0.246812 0.053266 0.259266 0.052328 0.272661 0.053266 0.283280
0 0.264250 0.233257 0.260250 0.222500 0.254250 0.208807 0.248922 0.202936 0.244250 0.200000 0.242250 0.194128 0.238250 0.185321 0.236266 0.170665 0.236266 0.156950 0.246250 0.154037 0.248922 0.146193 0.250922 0.128601 0.255578 0.121743 0.266906 0.123693 0.268906 0.135436 0.270906 0.142294 0.274234 0.155986 0.274906 0.162821 0.284234 0.172615 0.280906 0.201950 0.279578 0.220550 0.278234 0.235206 0.268906 0.241078 0.273578 0.247936 0.274234 0.265528 0.279578 0.262592 0.283578 0.255757 0.282234 0.245963
0 0.113297 0.124748 0.113297 0.120619 0.121172 0.107408 0.121172 0.099151 0.117094 0.096468 0.119203 0.088647 0.119484 0.076674 0.131422 0.066972 0.136344 0.071101 0.141687 0.081216 0.143656 0.103693 0.143656 0.109266 0.148859 0.114220 0.150828 0.116078 0.154484 0.101835 0.159266 0.097706 0.156734 0.117523 0.154484 0.122477 0.146047 0.118968 0.140844 0.121239 0.136766 0.127225 0.135781 0.136307 0.136766 0.145986 0.139578 0.154243 0.136063 0.159610 0.128609 0.162913 0.129594 0.165183 0.118641 0.157752 0.118922 0.139587 0.122016 0.137752 0.118922 0.131766 0.118359 0.126193 0.116672 0.123922
0 0.085469 0.465298 0.090250 0.451307 0.091438 0.447798 0.097406 0.440803 0.106953 0.444289 0.116484 0.458303 0.116484 0.475803 0.136766 0.498578 0.146313 0.535344 0.146313 0.563349 0.137953 0.601881 0.132000 0.640390 0.132000 0.682431 0.132000 0.705183 0.109328 0.703440 0.109328 0.645642 0.109328 0.628142 0.098594 0.624633 0.081891 0.629885 0.074734 0.663165 0.079516 0.696422 0.073547 0.705183 0.069969 0.706927 0.050891 0.705183 0.050891 0.691170 0.062812 0.675413 0.059234 0.605390 0.060422 0.587867 0.055656 0.542339 0.066391 0.500321 0.081891 0.488073 0.081891 0.475803 0.083094 0.458303
0 0.799953 0.315183 0.799953 0.285849 0.799156 0.258830 0.803156 0.248280 0.811156 0.244748 0.815156 0.242408 0.815156 0.234197 0.810359 0.216583 0.812750 0.197798 0.819953 0.194289 0.830344 0.200161 0.839141 0.216583 0.838344 0.230665 0.854328 0.247110 0.856734 0.262362 0.847937 0.291697 0.840734 0.317523 0.834344 0.326927 0.828750 0.329266 0.823953 0.346881 0.811156 0.351560 0.803156 0.351560 0.800766 0.333968
0 0.496156 0.207775 0.498156 0.213234 0.498734 0.220344 0.498437 0.222431 0.500437 0.226628 0.498734 0.232064 0.498734 0.237087 0.499875 0.242546 0.503578 0.242959 0.507859 0.242959 0.511000 0.244633 0.514141 0.249243 0.516422 0.253005 0.517844 0.254679 0.521828 0.263463 0.521266 0.266812 0.520406 0.271009 0.528969 0.270161 0.530969 0.260115 0.535250 0.258028 0.540375 0.253417 0.541797 0.253417 0.542938 0.251330 0.541516 0.247569 0.539813 0.240849 0.536672 0.236674 0.536672 0.233739 0.537531 0.230803 0.537813 0.226193 0.537531 0.222018 0.537531 0.219931 0.538375 0.216583 0.540375 0.210298 0.542094 0.210711 0.544375 0.209862 0.545234 0.209037 0.542094 0.204427 0.539516 0.201491 0.537234 0.199817 0.533531 0.198142 0.530391 0.197729 0.528687 0.197729 0.527250 0.196881 0.526406 0.191445 0.529531 0.191858 0.532953 0.182661 0.530109 0.178050 0.527547 0.175963 0.526969 0.170940 0.525828 0.161720 0.519844 0.157523 0.511281 0.157959 0.508141 0.160872 0.508141 0.166743 0.508422 0.168005 0.503297 0.171766 0.500719 0.173028 0.502437 0.176376 0.504156 0.180986 0.504719 0.185596 0.507578 0.189771 0.507859 0.194794 0.507281 0.196055 0.503297 0.200665 0.499016 0.205275
0 0.592063 0.233440 0.596016 0.210894 0.603031 0.207041 0.601719 0.194151 0.602156 0.184495 0.604781 0.167752 0.610922 0.161307 0.619266 0.167110 0.623641 0.174839 0.625844 0.187064 0.629781 0.198670 0.635047 0.207041 0.638563 0.212179 0.635484 0.253395 0.637250 0.259174 0.640750 0.273991 0.639000 0.283647 0.631984 0.290092 0.631984 0.272064 0.628031 0.266904 0.621453 0.261124 0.618391 0.256606 0.615750 0.234725 0.612250 0.225069 0.606094 0.221193 0.599516 0.224404 0.595578 0.230206 0.592063 0.235367
0 0.353078 0.266078 0.353750 0.258257 0.355422 0.252385 0.347422 0.235734 0.356750 0.230344 0.359750 0.223991 0.360750 0.214679 0.367422 0.211261 0.375437 0.209794 0.378766 0.212225 0.381766 0.213211 0.382766 0.221537 0.383766 0.223991 0.393109 0.227408 0.393109 0.236216 0.389766 0.246009 0.390766 0.254335 0.393781 0.260711 0.394109 0.266078 0.391109 0.278807 0.385437 0.288119 0.388766 0.300849 0.391438 0.305252 0.385766 0.330711 0.377094 0.346376 0.371766 0.384083 0.367422 0.411491 0.358422 0.420803 0.353750 0.414908 0.353422 0.382615 0.353078 0.349817 0.351078 0.332179 0.351078 0.318968 0.349078 0.307706 0.348422 0.269037
26 0.651922 0.356009 0.639391 0.368876 0.640016 0.390046 0.636875 0.401995 0.633750 0.413050 0.641891 0.418555 0.661953 0.418555 0.667594 0.416720 0.666328 0.398326 0.663828 0.372569 0.660062 0.355092
0 0.464234 0.162431 0.458531 0.153303 0.452297 0.147959 0.454891 0.132706 0.449172 0.120528 0.440875 0.118991 0.436203 0.120528 0.431000 0.129679 0.431531 0.142615 0.436719 0.154060 0.425812 0.161674 0.422188 0.170069 0.421141 0.179197 0.418547 0.191399 0.422703 0.206651 0.427375 0.215023 0.434125 0.227982 0.438797 0.216560 0.445547 0.210459 0.450734 0.208165 0.458000 0.202064 0.453859 0.187592 0.453328 0.179977 0.454891 0.173119 0.462672 0.163211
26 0.929422 0.382959 0.922500 0.388876 0.913266 0.414266 0.913844 0.423578 0.946141 0.422752 0.944984 0.393968 0.933453 0.382110 0.929422 0.377867 0.923656 0.383807
26 0.963937 0.421560 0.957078 0.420482 0.955859 0.404312 0.957812 0.392087 0.960750 0.383830 0.964672 0.377339 0.966625 0.375917 0.972516 0.378417 0.976422 0.389931 0.977891 0.400000 0.976922 0.407179 0.975688 0.409335
26 0.818188 0.342454 0.824594 0.339862 0.832563 0.336950 0.835656 0.325573 0.834984 0.315505 0.830344 0.305115 0.827687 0.305436 0.820391 0.316812 0.813313 0.317775 0.806453 0.323945 0.798047 0.328830 0.795406 0.335000 0.792969 0.349289 0.794516 0.353509 0.798937 0.350252 0.802250 0.342454 0.805359 0.349289 0.807344 0.349931 0.811328 0.346032 0.816188 0.343761
26 0.701219 0.198853 0.695875 0.205917 0.693359 0.210046 0.692219 0.212362 0.689078 0.208532 0.682172 0.203601 0.678609 0.200528 0.678094 0.200528 0.674953 0.202225 0.673484 0.199931 0.673391 0.195917 0.672125 0.192087 0.671609 0.189633 0.672859 0.183945 0.674641 0.185482 0.675891 0.186858 0.677672 0.187936 0.680609 0.187798 0.682594 0.186101 0.684156 0.184106 0.683016 0.182408 0.685422 0.182408 0.687094 0.182408 0.687922 0.184725 0.688344 0.190550 0.690234 0.191468 0.694312 0.192385 0.701219 0.198693
26 0.912594 0.180459 0.915266 0.185390 0.918281 0.186858 0.921641 0.186858 0.927344 0.182936 0.931703 0.180963 0.938062 0.188349 0.941078 0.192775 0.939406 0.196216 0.936719 0.194748 0.933031 0.190803 0.930688 0.190803 0.927344 0.193257 0.920297 0.196697 0.918281 0.195229 0.913266 0.186376
0 0.967469 0.262271 0.979094 0.243096 0.977641 0.214335 0.971828 0.199427 0.960938 0.191950 0.963125 0.181307 0.966750 0.177041 0.966016 0.168509 0.961672 0.164266 0.955141 0.149335 0.944250 0.151468 0.939172 0.165321 0.939891 0.178096 0.944250 0.182362 0.942078 0.195161 0.948609 0.212202 0.948609 0.237775 0.952953 0.247362 0.960938 0.258005
0 0.826641 0.690895 0.811859 0.754404 0.806594 0.803968 0.799203 0.847339 0.820312 0.893807 0.806594 0.921697 0.782313 0.856628 0.777047 0.779174 0.793922 0.751307 0.781266 0.611881 0.796031 0.542179 0.820312 0.514289 0.807641 0.506560 0.800250 0.509656 0.783375 0.439954 0.807641 0.416697 0.801313 0.365596 0.805531 0.345459 0.829797 0.331514 0.844578 0.354748 0.843516 0.405872 0.864625 0.429105 0.863578 0.503463 0.880453 0.553028 0.870953 0.579358 0.856188 0.565413 0.858297 0.608784 0.885734 0.740459 0.855125 0.794679 0.831922 0.836491 0.848797 0.895367 0.837187 0.901560 0.803422 0.853532 0.806594 0.827202 0.829797 0.757500 0.845625 0.737362 0.825578 0.695527
