0 0.000938 1.000000 0.048250 1.000000 0.060594 0.979482 0.075000 0.898918 0.078078 0.843153 0.066766 0.798235 0.065734 0.764165 0.065734 0.726988 0.054422 0.637129 0.058531 0.623200 0.049281 0.572071 0.037969 0.545741 0.066766 0.539553 0.069844 0.527153 0.054422 0.520965 0.038984 0.497718 0.017391 0.477576 0.024594 0.465200 0.050313 0.448165 0.049281 0.423365 0.041047 0.403224 0.047219 0.392400 0.048250 0.384635 0.030766 0.367600 0.030766 0.353671 0.029734 0.333529 0.032812 0.299435 0.029734 0.285506 0.000000 0.291694
0 0.845703 0.441459 0.859453 0.456376 0.896297 0.690776 0.887500 0.701529 0.867156 0.696565 0.847906 0.622847 0.843500 0.438988 0.828094 0.416612 0.829203 0.569012 0.821500 0.566541 0.813797 0.517671 0.809406 0.463012 0.809406 0.459694 0.798953 0.449741 0.794000 0.431529 0.788500 0.428212 0.794000 0.419929 0.792344 0.382659 0.787953 0.354494 0.796203 0.350353 0.796203 0.341247 0.791250 0.337929 0.791250 0.335459 0.810500 0.319718 0.827000 0.330494
54 0.394984 0.470141 0.398438 0.446753 0.393266 0.425976 0.363937 0.425976 0.363937 0.425976 0.360484 0.438965 0.360484 0.459741 0.381187 0.472729
54 0.135984 0.701859 0.130484 0.690306 0.129047 0.681671 0.129766 0.674447 0.132641 0.667953 0.135984 0.662188 0.138625 0.659671 0.143656 0.657153 0.152031 0.656424 0.159687 0.656424 0.164000 0.658235 0.169500 0.661482 0.171656 0.666871 0.175250 0.679129 0.176453 0.685271 0.176453 0.696071 0.174766 0.703294 0.172859 0.707247 0.171187 0.708329 0.169031 0.709788 0.162563 0.709788 0.147719 0.707977
54 0.314922 0.470141 0.312766 0.450706 0.307859 0.438212 0.307859 0.431741 0.309391 0.424800 0.311547 0.422494 0.314000 0.420635 0.320766 0.420635 0.324453 0.420635 0.327516 0.420635 0.332125 0.422024 0.339500 0.424800 0.344422 0.427106 0.349031 0.431741 0.351797 0.438212 0.352406 0.447929 0.353641 0.459506 0.353641 0.465059 0.353328 0.469224 0.352406 0.474306 0.349328 0.476612 0.345344 0.478471 0.337344 0.478941 0.324141 0.479388
54 0.094797 0.740659 0.094797 0.726588 0.095609 0.719224 0.102719 0.714941 0.106172 0.712800 0.115125 0.708824 0.123656 0.705765 0.129953 0.706376 0.135031 0.707906 0.138688 0.716471 0.140922 0.726588 0.139703 0.739741 0.139297 0.740047 0.135844 0.742800 0.124672 0.744941 0.115328 0.745247 0.101906 0.745247 0.097031 0.743106
54 0.498000 0.436165 0.501078 0.448918 0.506859 0.461671 0.518797 0.465153 0.534187 0.463412 0.537266 0.454706 0.537266 0.439647 0.531500 0.422259 0.522250 0.415294 0.515719 0.414706 0.506094 0.417624 0.506859 0.430376 0.500703 0.430376
54 0.139703 0.708306 0.155062 0.712329 0.170750 0.710824 0.176766 0.710824 0.179094 0.715835 0.181109 0.725388 0.179437 0.734447 0.176766 0.739976 0.169750 0.745012 0.157391 0.745012 0.149719 0.745012 0.141031 0.745012 0.142031 0.736965 0.141031 0.729412 0.140031 0.720376 0.139359 0.710824
54 0.488375 0.634376 0.486094 0.639341 0.485484 0.644612 0.485484 0.653929 0.485484 0.662023 0.489187 0.670094 0.497234 0.675365 0.505906 0.675694 0.509828 0.675059 0.517250 0.671953 0.519516 0.666988 0.521578 0.657365 0.521375 0.651765 0.518906 0.640894 0.490844 0.644941 0.489609 0.639953 0.489187 0.636541
54 0.691656 0.646753 0.676141 0.649341 0.655438 0.649341 0.648531 0.620776 0.658891 0.605200 0.681313 0.600000 0.689937 0.623388
54 0.814172 0.781882 0.808391 0.767365 0.800672 0.763012 0.791047 0.751412 0.792969 0.742706 0.796828 0.736894 0.804531 0.729647 0.817062 0.729647 0.829594 0.742706 0.832484 0.751412 0.824766 0.768824
54 0.741453 0.647671 0.744531 0.643882 0.745234 0.641153 0.745937 0.635906 0.745797 0.628541 0.746766 0.624753 0.746766 0.619059 0.744391 0.613788 0.739641 0.607271 0.732656 0.599271 0.726234 0.596965 0.721203 0.597812 0.717281 0.601177 0.714625 0.604118 0.713516 0.606847 0.714219 0.611482 0.715469 0.616541 0.716313 0.621365 0.717000 0.623271 0.718969 0.625153 0.722172 0.628941 0.722031 0.633365 0.726375 0.636729 0.729719 0.642424 0.733922 0.644729 0.739922 0.647035
54 0.177625 0.696000 0.177625 0.685812 0.175797 0.680329 0.175797 0.676424 0.174234 0.674071 0.173453 0.672494 0.172937 0.668965 0.174234 0.664659 0.177109 0.661929 0.178922 0.661129 0.182828 0.660353 0.185422 0.659953 0.187516 0.658800 0.188031 0.657224 0.190625 0.668188 0.204688 0.662706 0.207547 0.667012 0.210672 0.669765 0.212219 0.671718 0.213266 0.674471 0.214563 0.677200 0.215609 0.679153 0.216125 0.682682 0.217172 0.685435 0.217688 0.688165 0.217422 0.693647 0.216125 0.697176 0.214563 0.700329 0.211188 0.704635 0.208844 0.707765 0.205984 0.709318 0.202078 0.709718 0.198953 0.709718 0.194797 0.709718 0.192188 0.709718 0.190109 0.709718 0.187516 0.708165 0.185953 0.706588 0.183875 0.705012 0.181781 0.702282 0.181266 0.701482
54 0.677500 0.675694 0.682484 0.671576 0.683922 0.660447 0.681672 0.652965 0.677500 0.651741 0.658391 0.652965 0.650688 0.654894 0.647953 0.658753 0.653406 0.662635 0.655172 0.669153 0.656141 0.677129
