0 0.623609 0.838970 0.637141 0.825457 0.646156 0.807424 0.640141 0.757892 0.631125 0.697073 0.634125 0.667799 0.643141 0.645269 0.646156 0.597963 0.634125 0.579953 0.625109 0.552927 0.617594 0.525902 0.592047 0.503372 0.574016 0.489859 0.574016 0.411030 0.569516 0.379508 0.569516 0.356979 0.578531 0.350234 0.596563 0.359227 0.587547 0.404286 0.593562 0.458337 0.607078 0.447073 0.601062 0.415550 0.599563 0.381756 0.608578 0.365995 0.625109 0.365995 0.638641 0.370492 0.644641 0.386253 0.643141 0.413279 0.649156 0.415550 0.676203 0.424543 0.704750 0.447073 0.721281 0.467354 0.749828 0.498876 0.770875 0.507892 0.770875 0.523653 0.764859 0.552927 0.749828 0.559696 0.749828 0.532646 0.740812 0.514637 0.727297 0.512389 0.700250 0.492108 0.691234 0.487611 0.688219 0.525902 0.692734 0.546183 0.700250 0.564192 0.703250 0.582201 0.698750 0.615995 0.686719 0.629508 0.692734 0.694824 0.706250 0.717354 0.760359 0.755621 0.781391 0.762389 0.761859 0.805176 0.751344 0.845714 0.743828 0.832201 0.749828 0.800679 0.734812 0.778150 0.695734 0.753372 0.677703 0.739860 0.665688 0.699321 0.662672 0.721850 0.665688 0.771405 0.676203 0.800679 0.679203 0.834450 0.679203 0.843466 0.664187 0.847962 0.643141 0.847962
0 0.791484 0.543326 0.813000 0.549906 0.813484 0.552459 0.813000 0.619859 0.799312 0.638197 0.794422 0.665293 0.794422 0.691686 0.800781 0.699742 0.799797 0.726815 0.778297 0.725340 0.774875 0.685785 0.767531 0.726815 0.749453 0.724614 0.747000 0.684309 0.747500 0.641827 0.751891 0.625691 0.752375 0.616909 0.748953 0.608103 0.745047 0.600773 0.741141 0.591265 0.739187 0.575129 0.739187 0.568548 0.741625 0.529391 0.757266 0.542576 0.773406 0.544052 0.770953 0.524988 0.768031 0.514005 0.766078 0.509602 0.768031 0.497892 0.766078 0.481030 0.769984 0.462717 0.783672 0.456862 0.794422 0.470773 0.792469 0.484707 0.791000 0.505222 0.791484 0.511077 0.806641 0.528665 0.809578 0.530141
0 0.401672 0.655925 0.401172 0.642600 0.404641 0.635925 0.392281 0.594450 0.371531 0.578899 0.369547 0.578899 0.369547 0.577424 0.371531 0.562600 0.369062 0.548525 0.366094 0.538899 0.361641 0.531499 0.350281 0.534450 0.344344 0.544075 0.343359 0.555925 0.343359 0.564824 0.346328 0.567049 0.349281 0.577424 0.348797 0.582600 0.333469 0.589274 0.326063 0.604075 0.317656 0.630000 0.314203 0.651499 0.308766 0.680375 0.322594 0.679625 0.328531 0.655925 0.333469 0.643349 0.337422 0.655199 0.336438 0.669274 0.330016 0.680375 0.327047 0.684075 0.388828 0.683349 0.399203 0.684824 0.397719 0.694450 0.311234 0.690000 0.309250 0.691499 0.306781 0.704075 0.322109 0.704824 0.345328 0.704824 0.359172 0.696675 0.364609 0.705574 0.397219 0.707049 0.396234 0.698150
0 0.849906 0.745948 0.881828 0.799274 0.872719 0.821148 0.881828 0.833466 0.914672 0.837564 0.932016 0.826628 0.927453 0.784239 0.925625 0.758244 0.947516 0.759625 0.962109 0.719977 0.956641 0.688525 0.936578 0.659813 0.895516 0.599649 0.870891 0.585972 0.869969 0.558618 0.832578 0.561358 0.819797 0.605105 0.833484 0.643396 0.842609 0.673466 0.847172 0.736370
34 0.760141 0.525831 0.896578 0.543817 0.890578 0.573044 0.758641 0.539321 0.757141 0.528080
56 0.336797 0.293302 0.337281 0.256932 0.330859 0.231710 0.295703 0.230211 0.284313 0.242084 0.284313 0.261382 0.301641 0.264356 0.312031 0.282904 0.309563 0.335597 0.335313 0.336323 0.336797 0.302927 0.329859 0.308876 0.325406 0.308126 0.325906 0.299977 0.336797 0.292553
0 0.502344 0.554075 0.508453 0.540984 0.517187 0.540984 0.525922 0.563232 0.525047 0.577611 0.526797 0.585457 0.547734 0.602482 0.551234 0.641733 0.550359 0.657424 0.542500 0.674426 0.544250 0.696675 0.533766 0.713677 0.518062 0.711054 0.516312 0.711054 0.509219 0.701874 0.494406 0.702436 0.494781 0.711569 0.457547 0.707564 0.458687 0.692201 0.464391 0.687635 0.478828 0.673981 0.473891 0.644942 0.476937 0.619297 0.484156 0.598806 0.504672 0.584567 0.501625 0.572600 0.500109 0.566347 0.502000 0.563489 0.502000 0.553817
0 0.717063 0.508852 0.714625 0.516183 0.700437 0.530094 0.696531 0.543302 0.696047 0.562342 0.698484 0.575527 0.697016 0.607775 0.690672 0.635621 0.689203 0.659789 0.689203 0.697166 0.696047 0.703021 0.701422 0.691311 0.706313 0.675176 0.707281 0.661991 0.708750 0.648806 0.712172 0.634145 0.714125 0.648806 0.723906 0.665667 0.721469 0.666393 0.721953 0.687635 0.722438 0.697892 0.722438 0.710703 0.732703 0.711429 0.737109 0.700445 0.736625 0.690187 0.736625 0.681405 0.738078 0.671148 0.737109 0.657939 0.736625 0.653560 0.736625 0.648431 0.748359 0.638173 0.751281 0.617658 0.747859 0.600070 0.742000 0.583208 0.741516 0.568548 0.739547 0.550960 0.740531 0.540703 0.741516 0.531194 0.743469 0.517986 0.742000 0.516534 0.735641 0.510679
0 0.080313 0.275878 0.087719 0.245316 0.096062 0.238384 0.111797 0.246721 0.115516 0.267541 0.118281 0.281429 0.130328 0.303630 0.127547 0.325855 0.040484 0.330023 0.050672 0.307799 0.071047 0.285597
0 0.008297 0.326417 0.009484 0.312178 0.010672 0.299110 0.019391 0.291991 0.027703 0.284262 0.031281 0.277143 0.029687 0.267635 0.028109 0.249227 0.031281 0.236768 0.040781 0.234379 0.051484 0.243888 0.052266 0.266440 0.050687 0.278923 0.055047 0.285457 0.060984 0.289602 0.062969 0.296745 0.049891 0.303864 0.044344 0.312763 0.041969 0.325246
56 0.255672 0.280351 0.260719 0.270258 0.269578 0.261405 0.286000 0.261405 0.303703 0.265199 0.310859 0.283513 0.310453 0.335293 0.301172 0.334660 0.277578 0.333419 0.282219 0.319508 0.278844 0.311311 0.276313 0.308150 0.273781 0.301194 0.260719 0.294239 0.252719 0.294239 0.245547 0.292998 0.248922 0.279719 0.256094 0.277190
0 0.628891 0.561663 0.646625 0.596323 0.635828 0.667939 0.629656 0.697963 0.621188 0.714145 0.598063 0.709532 0.602687 0.671405 0.601141 0.652927 0.604234 0.613653 0.621188 0.594005 0.625031 0.589391 0.623500 0.569742 0.623500 0.554731 0.627344 0.554731 0.633516 0.561663
0 0.824969 0.349110 0.825484 0.336136 0.832094 0.320890 0.840734 0.317096 0.836156 0.301077 0.841250 0.279742 0.851422 0.276698 0.863109 0.286604 0.864125 0.301850 0.864125 0.310984 0.875313 0.316323 0.881422 0.321663 0.880906 0.329274 0.883953 0.353677 0.825484 0.350632
56 0.444562 0.157892 0.446187 0.118595 0.440109 0.115433 0.437063 0.101030 0.404516 0.099977 0.402172 0.106300 0.411062 0.116136 0.414109 0.137541 0.415984 0.145621 0.418328 0.149461 0.418563 0.170258
56 0.227328 0.304988 0.235547 0.294824 0.260156 0.295363 0.271219 0.301780 0.274078 0.307658 0.275859 0.315152 0.278719 0.317283 0.280859 0.324778 0.280500 0.333326 0.266219 0.335995 0.264797 0.328525 0.239109 0.329040 0.236250 0.312998 0.232688 0.310328 0.229828 0.308197 0.228406 0.307119
35 0.816578 0.660843 0.826969 0.658173 0.830531 0.655059 0.832312 0.647494 0.831422 0.639930 0.826078 0.633724 0.818062 0.628384 0.810344 0.627494 0.802344 0.631944 0.797297 0.644379 0.793437 0.654169 0.791656 0.673747 0.791656 0.688876 0.793734 0.699555 0.798781 0.703115 0.814500 0.699555 0.817172 0.692436 0.813609 0.678197 0.810047 0.674192 0.815094 0.663513 0.817172 0.662623
56 0.337766 0.067166 0.338766 0.076768 0.339250 0.085644 0.334812 0.091546 0.338266 0.098197 0.341219 0.099696 0.357000 0.097471 0.356016 0.082693 0.349109 0.071593 0.339750 0.067916
56 0.812891 0.224450 0.826547 0.204660 0.861344 0.206628 0.860016 0.209274 0.856938 0.225105 0.849016 0.238970 0.842844 0.231710 0.837125 0.227752 0.828313 0.227752 0.818625 0.239649 0.812016 0.240304 0.814656 0.227752
56 0.171109 0.189977 0.172734 0.172834 0.178734 0.161944 0.185078 0.158946 0.194344 0.159766 0.204141 0.160585 0.208141 0.160585 0.209766 0.170375 0.210313 0.175293 0.210141 0.181803 0.212500 0.189977
56 0.339422 0.106698 0.354969 0.098384 0.369953 0.110843 0.361078 0.116674 0.355531 0.134988 0.354422 0.137471 0.346641 0.114192 0.342203 0.106698
13 0.553438 0.635621 0.606328 0.634871 0.601328 0.655059 0.603828 0.675269 0.607813 0.686487 0.602328 0.692459 0.540453 0.692459 0.542453 0.676745 0.541453 0.664801 0.551937 0.655059
