56 0.601672 0.469789 0.598953 0.412623 0.610750 0.412623 0.624375 0.416721 0.647078 0.416721 0.659797 0.412623 0.661609 0.461639 0.659797 0.473888 0.660594 0.478899 0.659250 0.487939 0.659250 0.504988 0.667609 0.518525 0.675656 0.522553 0.681344 0.523560 0.686703 0.519040 0.690375 0.517541 0.698750 0.518525 0.698406 0.523560 0.691375 0.524543 0.677328 0.546628 0.672641 0.556651 0.682672 0.580749 0.687703 0.593279 0.688031 0.599297 0.682672 0.596300 0.666609 0.569204 0.647875 0.598314 0.645859 0.587260 0.627781 0.558173 0.623438 0.569696 0.631797 0.592787 0.629453 0.595293 0.621094 0.572717 0.611375 0.585761 0.606703 0.597307 0.605016 0.592787 0.618078 0.562693 0.611719 0.543115 0.613063 0.526066 0.609047 0.514520 0.599672 0.507119 0.597328 0.495574 0.614391 0.485035 0.624438 0.476511 0.631797 0.476511 0.635484 0.478009 0.627781 0.467986 0.618406 0.464965 0.608375 0.472506 0.602016 0.473489
34 0.746391 0.505785 0.717203 0.492717 0.699094 0.481148 0.701781 0.468080 0.706141 0.465550 0.730625 0.482155 0.747734 0.499742 0.754453 0.504286 0.753438 0.511827 0.765516 0.518852 0.769547 0.526393 0.772219 0.525386 0.774906 0.521382 0.775250 0.518852 0.775250 0.515340 0.773562 0.509813 0.766859 0.509297
0 0.941281 0.401288 0.995234 0.394356 0.992922 0.364309 1.000000 0.338899 0.999094 0.308876 0.992156 0.284614 0.974422 0.273068 0.978281 0.246487 0.966719 0.230328 0.955156 0.239555 0.951313 0.248806 0.958234 0.273068 0.938969 0.291546 0.935891 0.295012 0.935891 0.323888
56 0.926703 0.454403 0.926703 0.426721 0.925859 0.411827 0.926422 0.397354 0.929828 0.396511 0.934375 0.401616 0.946594 0.404590 0.966766 0.405433 0.975859 0.403747 0.981531 0.401194 0.986641 0.400328 0.986938 0.411827 0.982953 0.413958 0.977266 0.412670 0.973859 0.413536 0.972156 0.419906 0.971313 0.442904 0.969312 0.442904 0.968469 0.433536 0.963922 0.429274 0.959375 0.428009 0.951703 0.429274 0.946875 0.434403 0.945453 0.441194 0.945734 0.446745 0.946031 0.452272 0.948016 0.457799 0.948016 0.462061 0.940063 0.472717 0.932109 0.485480 0.925281 0.481663 0.922734 0.476534 0.923875 0.471429 0.922156 0.464614 0.924156 0.458244
0 0.946562 0.452576 0.946562 0.439860 0.948938 0.429180 0.960125 0.422576 0.967594 0.428689 0.973359 0.435293 0.972672 0.441897 0.972344 0.459180 0.973359 0.474941 0.973703 0.479016 0.974719 0.490187 0.976406 0.501382 0.977422 0.505948 0.971656 0.507494 0.967250 0.499859 0.966906 0.494262 0.957422 0.479532 0.953687 0.462740 0.946562 0.454098
32 0.426578 0.705129 0.431016 0.701991 0.436250 0.702787 0.439906 0.706300 0.443297 0.713372 0.443563 0.722763 0.442000 0.727845 0.437297 0.733349 0.433375 0.734520 0.430234 0.732178 0.428141 0.723162 0.430500 0.719227 0.429453 0.716487 0.427359 0.713747 0.426578 0.710234 0.426313 0.705527
0 0.661391 0.479508 0.661391 0.443700 0.662156 0.420609 0.666016 0.377869 0.660625 0.381335 0.654453 0.362857 0.661391 0.325878 0.669094 0.315480 0.679125 0.312014 0.681437 0.303934 0.682203 0.295855 0.680656 0.298150 0.676813 0.294684 0.675266 0.287752 0.676031 0.272740 0.679125 0.258876 0.686828 0.251944 0.700703 0.255410 0.705328 0.272740 0.706094 0.286604 0.704547 0.295855 0.702234 0.301616 0.698391 0.305082 0.705328 0.313162 0.710719 0.318946 0.717656 0.329344 0.723047 0.353607 0.726141 0.380164 0.725359 0.390562 0.716891 0.388267 0.711484 0.381335 0.713031 0.397494 0.710719 0.425222 0.711484 0.444871 0.711484 0.451803 0.709172 0.467963 0.706094 0.465667 0.702234 0.474895 0.703781 0.488759 0.703781 0.506089 0.703781 0.523419 0.696078 0.568478 0.692219 0.585808 0.679891 0.574239 0.683750 0.555761 0.684516 0.539578 0.684516 0.530351 0.684516 0.511874 0.683750 0.500304 0.678344 0.517635 0.677578 0.531499 0.676813 0.546511 0.676031 0.558080 0.676031 0.565012 0.672953 0.574239 0.662938 0.577705 0.652141 0.561546 0.656766 0.543045 0.659078 0.519953 0.659078 0.496838 0.659078 0.482974 0.659078 0.461030 0.659078 0.446019 0.659859 0.435621
0 0.015766 0.318548 0.032781 0.318548 0.042000 0.332365 0.043422 0.346183 0.043422 0.362131 0.041297 0.372740 0.039172 0.381265 0.051938 0.397190 0.045547 0.435457 0.051219 0.467354 0.054766 0.488618 0.052641 0.580164 0.055484 0.649251 0.050453 0.658056 0.032031 0.653021 0.014437 0.664333 0.007734 0.670609 0.004391 0.473513 0.006063 0.388150 0.018625 0.374333 0.012766 0.371827 0.007734 0.362014 0.006906 0.344450 0.010250 0.330632
0 0.443625 0.403630 0.439859 0.437471 0.467469 0.451593 0.483156 0.486370 0.499469 0.481686 0.514531 0.524941 0.518297 0.550328 0.527078 0.561616 0.515781 0.579485 0.511391 0.587002 0.514531 0.602061 0.531469 0.612389 0.528953 0.620866 0.498219 0.620866 0.501984 0.591710 0.491313 0.556909 0.473125 0.560679 0.461828 0.564426 0.436719 0.559742 0.422922 0.539977 0.424812 0.508946 0.424172 0.491077 0.421672 0.459110 0.419156 0.435597 0.413516 0.415855 0.410375 0.397986 0.420406 0.382927
35 0.437641 0.750351 0.417063 0.723185 0.409219 0.685738 0.410203 0.671054 0.411187 0.659297 0.418047 0.660023 0.432734 0.668103 0.447437 0.687190 0.457719 0.704098 0.463109 0.718782 0.440094 0.754754
0 0.860125 0.767775 0.851844 0.775246 0.834156 0.775246 0.825312 0.763653 0.830844 0.753700 0.833062 0.732998 0.830844 0.704005 0.822000 0.675855 0.814812 0.653489 0.816484 0.621194 0.813719 0.617869 0.805422 0.656792 0.798797 0.672529 0.799344 0.682482 0.808187 0.700703 0.815375 0.712295 0.815375 0.717260 0.804328 0.738806 0.797687 0.747073 0.789953 0.757026 0.779453 0.747073 0.778344 0.731335 0.790500 0.703185 0.773375 0.677518 0.766187 0.649344 0.777797 0.609602 0.791062 0.551616 0.792156 0.525948 0.793828 0.522623 0.788156 0.520375 0.778891 0.518197 0.774016 0.517447 0.770594 0.507963 0.766203 0.507963 0.761328 0.510867 0.758891 0.515269 0.755469 0.516721 0.743281 0.512342 0.745719 0.502834 0.750594 0.496979 0.756938 0.494052 0.764734 0.494801 0.772062 0.497728 0.786203 0.501382 0.789625 0.501382 0.788641 0.487494 0.787672 0.472857 0.788641 0.452389 0.794500 0.429719 0.796453 0.425340 0.794500 0.420960 0.791562 0.410726 0.789125 0.403396 0.786687 0.394637 0.787172 0.385855 0.780203 0.376417 0.779047 0.369415 0.797734 0.372927 0.823438 0.369415 0.845625 0.395667 0.843297 0.418431 0.847969 0.437705 0.861984 0.484965 0.867828 0.512998 0.867828 0.520000 0.859641 0.534005 0.859641 0.548009 0.851469 0.590023 0.846797 0.630304 0.842125 0.656557 0.845625 0.665316 0.852641 0.710843 0.861984 0.752857 0.863156 0.763372
0 0.079891 0.683443 0.095594 0.593560 0.068469 0.535761 0.042766 0.435176 0.062766 0.351710 0.095594 0.296066 0.128437 0.257518 0.122734 0.238267 0.129875 0.208314 0.145578 0.184754 0.175563 0.193326 0.189844 0.236136 0.169859 0.289649 0.162703 0.289649 0.156984 0.383817 0.189844 0.497237 0.171281 0.512225 0.134156 0.445855 0.152719 0.548618 0.147000 0.591405 0.131297 0.670585 0.137000 0.775457 0.092750 0.758337 0.087031 0.730515 0.061328 0.711265
