0 0.994531 0.620646 0.992125 0.611292 0.992125 0.593333 0.993797 0.581271 0.990828 0.587667 0.986031 0.588396 0.984000 0.588646 0.984000 0.584208 0.989172 0.582750 0.988437 0.577083 0.991766 0.568458 0.994531 0.566979 0.992125 0.563542 0.992313 0.558625 0.995641 0.556146 0.998781 0.559104 1.000000 0.564771 0.999875 0.619417 0.999141 0.629521 0.993797 0.628771 0.993797 0.622375
7 0.963562 0.660604 0.953625 0.664729 0.949281 0.653979 0.948656 0.643208 0.906422 0.639063 0.881578 0.640729 0.880953 0.657292 0.865422 0.659771 0.862312 0.654792 0.861078 0.632438 0.851750 0.635750 0.850516 0.634917 0.848656 0.642375 0.844922 0.644854 0.836234 0.642375 0.836234 0.637417 0.835609 0.621667 0.833125 0.604271 0.831875 0.572812 0.839953 0.561208 0.843063 0.541333 0.846781 0.536354 0.854859 0.533875 0.902687 0.523104 0.933750 0.528083 0.941828 0.542979 0.951141 0.567000 0.961703 0.561208 0.970406 0.569500 0.970406 0.586062 0.971641 0.610083 0.972266 0.630792 0.972266 0.649833
7 0.706937 0.630042 0.706203 0.650562 0.710609 0.657417 0.717938 0.646667 0.723078 0.641771 0.741422 0.641771 0.774438 0.642750 0.804516 0.641771 0.806703 0.653500 0.817719 0.647646 0.812578 0.577208 0.798641 0.570375 0.790563 0.541021 0.778094 0.528313 0.705469 0.532208 0.690797 0.547875 0.690063 0.582104 0.687859 0.612417 0.686391 0.640792 0.693734 0.642750 0.701797 0.623187
0 0.641391 0.633396 0.639484 0.627833 0.639484 0.618250 0.643656 0.610667 0.643656 0.607125 0.637594 0.575312 0.638359 0.570771 0.639484 0.565708 0.640250 0.564208 0.640625 0.562688 0.643656 0.562187 0.646313 0.562688 0.649344 0.567229 0.650859 0.569750 0.651234 0.573292 0.651984 0.580375 0.653125 0.583396 0.653125 0.587937 0.654641 0.594500 0.654641 0.600062 0.653891 0.605625 0.653125 0.615729 0.653125 0.621271 0.652750 0.626333 0.652750 0.630875 0.652750 0.635417 0.651609 0.637937 0.649344 0.638458 0.645172 0.638458 0.641766 0.637438 0.641391 0.633896
7 0.817047 0.578479 0.815484 0.578479 0.811672 0.575792 0.799344 0.570125 0.793063 0.548000 0.793063 0.541729 0.811437 0.538438 0.819063 0.539042 0.822422 0.565625 0.821969 0.574292
0 0.637547 0.571938 0.633719 0.566438 0.633422 0.560146 0.628422 0.559375 0.624297 0.567229 0.623125 0.571146 0.621063 0.572333 0.619297 0.577833 0.623406 0.580958 0.624594 0.588042 0.624891 0.592750 0.626063 0.604521 0.626953 0.613958 0.627234 0.620625 0.630484 0.628479 0.631953 0.630437 0.632844 0.630437 0.636672 0.625729 0.637547 0.623771 0.639313 0.606104 0.638141 0.596667 0.636953 0.581750 0.636953 0.579396
0 0.329391 0.632854 0.332250 0.616896 0.334078 0.609625 0.327844 0.581896 0.328359 0.548979 0.334328 0.536500 0.333297 0.526438 0.344734 0.525750 0.350453 0.534417 0.346297 0.549313 0.342391 0.552083 0.346297 0.567687 0.350187 0.560750 0.349406 0.576354 0.346813 0.583292 0.346813 0.606854 0.345250 0.627292 0.342141 0.635625 0.342391 0.646375 0.340047 0.652604 0.333297 0.650521 0.330172 0.645333 0.331469 0.639437 0.329922 0.632854
0 0.980125 0.565542 0.981375 0.571729 0.984766 0.589812 0.984766 0.614792 0.984766 0.616688 0.982266 0.632396 0.977281 0.633104 0.972812 0.633333 0.973891 0.596708 0.974063 0.585062 0.972281 0.589812 0.969969 0.585521 0.971031 0.579104 0.973891 0.572917 0.974781 0.567687
0 0.661125 0.629271 0.659594 0.613875 0.657719 0.607979 0.657391 0.600958 0.657562 0.596875 0.655000 0.595062 0.654844 0.586687 0.657391 0.582167 0.655172 0.576042 0.655516 0.571062 0.661469 0.570604 0.662828 0.572417 0.664187 0.580125 0.669625 0.583521 0.672172 0.587146 0.674375 0.590313 0.671656 0.602083 0.669781 0.607083 0.667406 0.631542 0.666219 0.635167 0.661125 0.634937
7 0.035875 0.609187 0.059234 0.615146 0.085578 0.621104 0.097000 0.623771 0.103469 0.630396 0.116875 0.633042 0.121484 0.647396 0.128125 0.649000 0.131750 0.651417 0.150750 0.654625 0.158594 0.648188 0.165234 0.642167 0.173078 0.640562 0.177297 0.642167 0.185750 0.642958 0.190266 0.647000 0.196000 0.655833 0.203250 0.659854 0.214109 0.662687 0.228281 0.660667 0.231297 0.659854 0.239453 0.655833 0.243672 0.648188 0.247594 0.647396 0.249109 0.648188 0.253625 0.647000 0.256047 0.641354 0.263281 0.643375 0.307031 0.639750 0.309141 0.640146 0.311250 0.641771 0.313359 0.642563 0.318484 0.644167 0.334172 0.637729 0.335078 0.618438 0.335078 0.608375 0.336594 0.594688 0.335984 0.568958 0.335984 0.556875 0.335391 0.549250 0.334172 0.541187 0.333281 0.535563 0.333578 0.531937 0.339312 0.529938 0.342328 0.528333 0.347453 0.531542 0.348656 0.534354 0.349266 0.541604 0.347750 0.550854 0.348062 0.561312 0.348969 0.568542 0.349266 0.568958 0.351984 0.571771 0.348969 0.580625 0.346844 0.590667 0.346547 0.605146 0.346250 0.609979 0.345641 0.616021 0.347156 0.612396 0.345344 0.624062 0.342922 0.635729 0.344438 0.640146 0.345953 0.635333 0.349562 0.628083 0.358922 0.625271 0.366453 0.627271 0.367359 0.631312 0.368266 0.636937 0.368578 0.636937 0.377625 0.641771 0.385469 0.642563 0.392109 0.642563 0.391797 0.639750 0.404172 0.634521 0.407188 0.635333 0.412922 0.638938 0.415641 0.635729 0.418047 0.623250 0.418484 0.622042 0.422109 0.618021 0.429047 0.616417 0.440219 0.617229 0.452891 0.616021 0.461328 0.613604 0.464953 0.611583 0.467656 0.609458 0.458828 0.594875 0.463031 0.585896 0.464297 0.572417 0.466406 0.549979 0.463453 0.529792 0.464719 0.521937 0.465562 0.514646 0.466813 0.507896 0.465141 0.503979 0.463453 0.503417 0.457563 0.496125 0.454203 0.496688 0.450406 0.491625 0.449141 0.482667 0.447469 0.476479 0.370875 0.468062 0.370031 0.471437 0.368359 0.479292 0.365828 0.480979 0.355734 0.479292 0.359937 0.475354 0.345641 0.475354 0.344375 0.475917 0.340578 0.476479 0.328797 0.473563 0.324594 0.464021 0.316594 0.458417 0.303562 0.456729 0.295563 0.455604 0.295984 0.445500 0.282937 0.434854 0.252219 0.429792 0.247172 0.421375 0.235813 0.418021 0.219812 0.418021 0.190781 0.419708 0.188266 0.422500 0.184047 0.427000 0.176062 0.427563 0.171000 0.428125 0.169328 0.426437 0.159641 0.418583 0.156281 0.424750 0.153750 0.431479 0.132297 0.433167 0.126406 0.431479 0.123031 0.425875 0.118406 0.421937 0.115891 0.424188 0.115469 0.430354 0.112937 0.434292 0.109578 0.434854 0.102000 0.434854 0.096109 0.437646 0.095266 0.443271 0.095266 0.446063 0.073812 0.445500 0.070859 0.451125 0.070438 0.453917 0.070438 0.458979 0.072547 0.469062 0.071281 0.475812 0.070859 0.483104 0.070016 0.487021 0.065391 0.500500 0.065391 0.503854 0.064547 0.511146 0.063281 0.516208 0.064125 0.514521 0.066656 0.510021 0.064969 0.521250 0.064969 0.523500 0.061187 0.521250 0.058234 0.519000 0.058656 0.506667 0.058656 0.484771 0.053609 0.485896 0.054875 0.503854 0.052766 0.520125 0.055719 0.522937 0.062437 0.527979 0.062437 0.535833 0.062437 0.540896 0.053188 0.545937 0.051078 0.548750 0.048141 0.561083 0.046031 0.571188 0.046031 0.580729 0.036781 0.580729 0.027094 0.580167 0.016578 0.578479 0.011531 0.584646 0.019531 0.600354 0.029203 0.603729 0.037203 0.606521 0.037625 0.608208
7 0.588672 0.490625 0.583328 0.487062 0.563500 0.488583 0.557016 0.496208 0.533000 0.497750 0.530719 0.507396 0.531859 0.508917 0.514703 0.518583 0.512797 0.525187 0.508219 0.532313 0.507844 0.549083 0.507844 0.560771 0.510891 0.564333 0.510891 0.572979 0.511266 0.585688 0.512406 0.592812 0.510500 0.594833 0.504781 0.602979 0.505547 0.611625 0.517375 0.615687 0.518125 0.616187 0.521562 0.617208 0.524234 0.631437 0.528047 0.633479 0.541391 0.635000 0.544062 0.628396 0.550922 0.621271 0.576094 0.623812 0.578375 0.632979 0.582563 0.635000 0.599734 0.633979 0.606203 0.630938 0.609641 0.624333 0.620313 0.622292 0.626031 0.633479 0.629469 0.626354 0.631375 0.619750 0.631750 0.613146 0.629094 0.606021 0.626797 0.599417 0.626031 0.591292 0.623750 0.583146 0.619938 0.580104 0.617266 0.570437 0.620313 0.568417 0.622219 0.574500 0.625656 0.570958 0.626422 0.563833 0.626422 0.559250 0.631000 0.558229 0.632906 0.563833 0.634812 0.566375 0.639375 0.567396 0.640531 0.562813 0.642812 0.562312 0.647016 0.565875 0.650063 0.568417 0.651578 0.568917 0.657297 0.568917 0.662266 0.568917 0.663406 0.578583 0.664547 0.527229 0.660359 0.520104 0.652344 0.509938 0.651203 0.485021 0.634812 0.477917 0.637094 0.506896 0.606969 0.498750 0.598578 0.496729
