0 0.484979 0.586922 0.507812 0.529125 0.550583 0.544109 0.641917 0.526984 0.718958 0.492734 0.741792 0.589063 0.884458 0.629703 0.952958 0.762406 1.000000 0.980703 0.998625 0.997812 0.014104 0.997812 0.000000 0.663953 0.005583 0.651125 0.276646 0.563375 0.347979 0.537687 0.253812 0.290297 0.248125 0.283859 0.276646 0.202547 0.359396 0.112656 0.427896 0.093391 0.579146 0.116922 0.616250 0.140469 0.533479 0.136188 0.390792 0.151172 0.288063 0.232500
29 0.474458 0.581813 0.353250 0.542859 0.259750 0.462344 0.245896 0.345453 0.270125 0.251953 0.329000 0.194813 0.415583 0.153250 0.522937 0.127266 0.668396 0.150656 0.786146 0.233766 0.831167 0.342859 0.813854 0.436359 0.720354 0.542859 0.692646 0.501297 0.547188 0.542859 0.522937 0.535062 0.457146 0.571422
25 0.006917 0.335063 0.103896 0.340266 0.200875 0.332469 0.252813 0.327266 0.266667 0.270125 0.142000 0.228578 0.065792 0.231172 0.003458 0.264937
2 0.116875 0.463047 0.106458 0.462344 0.096979 0.469797 0.086083 0.469797 0.079937 0.468391 0.077562 0.465187 0.081354 0.454531 0.082292 0.449562 0.082771 0.439969 0.084667 0.431078 0.085146 0.422563 0.082771 0.417234 0.063833 0.405500 0.062417 0.401953 0.074729 0.403734 0.071479 0.403047 0.110708 0.404469 0.119354 0.405766 0.120500 0.406422 0.149646 0.422547 0.152979 0.430047 0.152979 0.433281 0.142438 0.435797 0.132354 0.446938 0.125146 0.459953
0 0.245312 0.575953 0.231917 0.548313 0.218500 0.516891 0.214042 0.514141 0.217646 0.511438 0.220292 0.503859 0.223917 0.502594 0.221250 0.498078 0.227042 0.496094 0.223417 0.488703 0.221979 0.466328 0.216208 0.461984 0.199125 0.460375 0.183000 0.460187 0.174104 0.463437 0.168563 0.472094 0.169542 0.495375 0.170979 0.505484 0.149333 0.510719 0.135125 0.514859 0.129125 0.520453 0.123104 0.544094 0.123583 0.557078 0.121667 0.573859 0.155583 0.578016 0.174354 0.593359 0.177000 0.597328 0.204667 0.589563 0.204417 0.568453 0.208750 0.561047 0.210438 0.562859 0.217417 0.582703
2 0.137646 0.492281 0.131500 0.486516 0.125354 0.477297 0.125354 0.462313 0.134562 0.442719 0.151479 0.433500 0.185292 0.423125 0.185292 0.418516 0.191437 0.413891 0.231396 0.409281 0.246750 0.404672 0.252896 0.409281 0.260583 0.424266 0.268271 0.440406 0.268271 0.449625 0.268271 0.457703 0.260583 0.466922 0.234458 0.466922 0.176063 0.469219 0.165312 0.481906 0.154542 0.488813 0.142250 0.493422
0 0.805875 0.457453 0.792479 0.476422 0.802896 0.494297 0.805875 0.500984 0.799917 0.512156 0.795458 0.521078 0.786521 0.513266 0.767167 0.509922 0.758250 0.518859 0.773125 0.532250 0.782063 0.544531 0.779083 0.551234 0.743354 0.560156 0.738896 0.560156 0.741875 0.583609 0.804396 0.586953 0.826729 0.546766 0.846062 0.528906 0.860958 0.521078 0.855000 0.500984 0.835646 0.484250 0.834167 0.474203 0.823750 0.456328
56 0.754146 0.585406 0.838083 0.601969 0.850229 0.549797 0.850229 0.529094 0.822625 0.555594 0.811583 0.578781 0.788375 0.553937 0.750833 0.561391 0.745313 0.577125 0.745313 0.582094
0 0.000000 0.524906 0.020146 0.527453 0.035479 0.544906 0.029792 0.561938 0.031500 0.574719 0.030938 0.590891 0.028104 0.596859 0.030938 0.594297 0.049104 0.599406 0.059313 0.604516 0.067833 0.616016 0.068979 0.627516 0.069542 0.630922 0.007083 0.650500 0.001417 0.660297
0 0.057750 0.603469 0.076687 0.588094 0.107417 0.582188 0.137375 0.578641 0.158646 0.582188 0.164958 0.592234 0.168896 0.598734 0.168896 0.604047 0.074312 0.628297 0.063271 0.610563
56 0.123438 0.534109 0.107937 0.530234 0.089875 0.530875 0.080417 0.532812 0.072667 0.539922 0.067500 0.551531 0.069229 0.561859 0.071813 0.574766 0.080417 0.586375 0.081271 0.590250 0.083854 0.577984 0.089021 0.570891 0.099333 0.568953 0.108812 0.568313 0.112250 0.570250 0.119979 0.574766
2 0.936917 0.488125 0.897292 0.487359 0.883062 0.485078 0.868833 0.485078 0.853583 0.485078 0.841396 0.488125 0.831229 0.478984 0.830208 0.462219 0.811917 0.452297 0.809896 0.447734 0.862729 0.434016 0.917604 0.437063 0.939958 0.437063 0.957250 0.440109 0.977563 0.443156 1.000000 0.456109 0.998896 0.491937 0.955208 0.487359 0.955208 0.459922
2 0.817854 0.442766 0.811479 0.437141 0.821229 0.415234 0.824229 0.414391 0.843708 0.404000 0.870667 0.403156 0.890896 0.402031 0.909625 0.405953 0.916729 0.412422 0.927583 0.421125 0.931708 0.425625 0.943708 0.428719 0.944062 0.436016 0.942958 0.437984 0.902875 0.437703 0.875542 0.434328 0.858688 0.434047
2 0.030250 0.443031 0.026479 0.438656 0.017563 0.410344 0.002458 0.407000 0.001771 0.407031 0.003500 0.427594 0.011042 0.447922 0.012417 0.450234 0.012417 0.430672 0.016188 0.414984 0.023729 0.414469 0.023729 0.413688 0.029917 0.419875 0.037458 0.419359 0.042250 0.419875 0.038479 0.447922 0.036083 0.447656 0.037792 0.420391
2 0.999646 0.417312 0.978104 0.422141 0.970812 0.425500 0.969708 0.428641 0.968854 0.430953 0.965500 0.432000 0.962417 0.431797 0.960458 0.436828 0.961021 0.439766 0.977542 0.441656 0.982292 0.443969 0.988729 0.447125 0.994625 0.449422 0.999937 0.451312
0 0.133542 0.410203 0.140125 0.401766 0.143875 0.395781 0.149979 0.395422 0.155604 0.406687 0.152792 0.428859 0.144813 0.416891
