58 0.293891 0.801437 0.267109 0.782812 0.270594 0.756417 0.278750 0.740896 0.281078 0.736229 0.269437 0.725375 0.261281 0.714500 0.256625 0.705187 0.227516 0.698979 0.257797 0.681896 0.271766 0.655521 0.295047 0.655521 0.298547 0.664833 0.323000 0.643104 0.343953 0.640000 0.353266 0.644646 0.368406 0.658625 0.369563 0.667937 0.373062 0.660167 0.399828 0.660167 0.402156 0.666375 0.402156 0.681896 0.412641 0.695875 0.411484 0.709854 0.403328 0.716062 0.398672 0.754875 0.384703 0.753312 0.381203 0.773500 0.382375 0.784354 0.376547 0.798333 0.357922 0.801437 0.355594 0.815417 0.356750 0.832479 0.347438 0.843354 0.342781 0.852667 0.339297 0.861979 0.311344 0.861979 0.296219 0.838688 0.298547 0.823167 0.295047 0.806083
58 0.003422 0.552375 0.038953 0.548208 0.047828 0.524521 0.047828 0.518250 0.029016 0.485521 0.030063 0.466708 0.039469 0.452083 0.040516 0.443021 0.029547 0.450687 0.020141 0.445104 0.028500 0.431188 0.018578 0.419333 0.012828 0.422833 0.009688 0.438146 0.003938 0.434667 0.000281 0.447896 0.000000 0.553771 0.005516 0.552375
75 0.314781 0.424646 0.287828 0.428083 0.294469 0.450729 0.297422 0.524542 0.313297 0.526021 0.327688 0.524542 0.339875 0.520104 0.341344 0.474833 0.342453 0.456125 0.339141 0.430542 0.340609 0.425625 0.316984 0.424646
75 0.752391 0.481896 0.756344 0.475979 0.761766 0.439104 0.706953 0.443708 0.715844 0.493083 0.718813 0.493750 0.718813 0.521396 0.727203 0.522062 0.731641 0.497708 0.743500 0.493083 0.739547 0.500333 0.750906 0.491771 0.749922 0.518104 0.735594 0.519417 0.737578 0.504292
75 0.275141 0.433354 0.280375 0.457188 0.281672 0.476375 0.285172 0.510083 0.295625 0.514729 0.295625 0.452542 0.288219 0.432771
75 0.338156 0.431021 0.345328 0.515250 0.366875 0.521000 0.381234 0.516208 0.383391 0.421437
75 0.820875 0.730042 0.787313 0.725562 0.773328 0.692000 0.768844 0.676333 0.796266 0.687521 0.820312 0.681562 0.823672 0.729292
75 0.438531 0.554688 0.437109 0.525083 0.470047 0.522229 0.503703 0.522229 0.500844 0.541333 0.481500 0.550875 0.464312 0.554688 0.455719 0.542271 0.442828 0.548000
1 0.487094 0.660208 0.588703 0.651604 0.606453 0.580646 0.691938 0.567750 0.693547 0.604292 0.695156 0.627958 0.795156 0.606458 0.779031 0.490313 0.753219 0.496771 0.743547 0.513979 0.746781 0.522583 0.754844 0.520437 0.767734 0.548396 0.756453 0.563438 0.732266 0.559146 0.724187 0.548396 0.706453 0.520437 0.706453 0.494625 0.733875 0.477417 0.758062 0.473125 0.779031 0.440854 0.795156 0.492479 0.800000 0.509687 0.877422 0.507521 0.888703 0.483875 0.911297 0.501083 0.906453 0.535479 0.875813 0.589250 0.885484 0.621500 0.890328 0.636562 0.914516 0.643021 0.937094 0.630104 0.938703 0.651604 0.922578 0.666667 0.925813 0.690313 0.948391 0.716125 0.959672 0.791396 0.941938 0.851604 0.900000 0.896771 0.848391 0.903229 0.798391 0.868813 0.761297 0.782792 0.748391 0.782792 0.741938 0.830104 0.706453 0.840854 0.683875 0.808604 0.698391 0.886021 0.695156 0.909687 0.687094 0.892479 0.680641 0.866667 0.680641 0.931188 0.666125 0.926875 0.666125 0.808604 0.637094 0.812896 0.624188 0.879562 0.582266 0.918271 0.519359 0.911833 0.475812 0.862375 0.467734 0.797854 0.450000 0.808604 0.441938 0.795708 0.453219 0.784938 0.458062 0.793542 0.464516 0.752688 0.490328 0.701083 0.487094 0.664521
58 0.504016 0.696125 0.543969 0.698250 0.542375 0.650312 0.557547 0.627937 0.575125 0.605563 0.583922 0.584250 0.581516 0.560813 0.570344 0.546958 0.540766 0.537375 0.516000 0.532042 0.500016 0.536312 0.481641 0.551229 0.468859 0.552292 0.461672 0.548021 0.449687 0.551229 0.436891 0.574667 0.437703 0.598104 0.445687 0.616208 0.468859 0.626875 0.488031 0.638583 0.496828 0.642854 0.503219 0.659896 0.501625 0.675875 0.503219 0.699313 0.503219 0.700375
