17 0.661077 0.771203 0.657799 0.787047 0.633232 0.780500 0.629953 0.773391 0.632412 0.762453 0.633232 0.754812 0.633232 0.744422 0.627494 0.732953 0.621756 0.731859 0.619297 0.731313 0.609461 0.735141 0.591452 0.737875 0.589813 0.737875 0.588993 0.734047 0.584075 0.724750 0.560328 0.719297 0.559508 0.712734 0.553770 0.697437 0.557049 0.692516 0.581616 0.683234 0.601288 0.676125 0.630773 0.676125 0.634848 0.682688 0.640585 0.699625 0.653700 0.711641 0.660258 0.720937 0.660258 0.729672 0.660258 0.753172 0.669251 0.756453 0.676628 0.744422 0.683185 0.740609 0.689742 0.737328 0.708571 0.730766 0.713489 0.723656 0.715129 0.714375 0.716768 0.706719 0.716768 0.703453 0.714309 0.691969 0.709391 0.684859 0.698735 0.677766 0.698735 0.671750 0.720867 0.674484 0.736417 0.685953 0.732319 0.704531 0.729859 0.719844 0.720047 0.731859 0.715948 0.742781 0.716768 0.759188 0.715129 0.771203 0.705293 0.771750 0.693817 0.772844 0.684005 0.776125
73 0.923185 0.500687 0.926136 0.559188 0.992646 0.557219 0.987939 0.499500 0.986159 0.499500
75 0.291780 0.416500 0.296698 0.413875 0.323279 0.414531 0.325574 0.417812 0.319344 0.419562 0.318033 0.426562 0.327541 0.432469 0.324262 0.460047 0.305550 0.461359 0.309157 0.465953 0.310796 0.465953 0.311124 0.469031 0.305878 0.474719 0.303583 0.479750 0.307518 0.497703 0.308173 0.500547 0.293091 0.501859 0.288829 0.495937 0.294403 0.493750 0.297354 0.493094 0.298665 0.483687 0.293419 0.480844 0.291124 0.454141 0.287518 0.436625 0.291124 0.432031 0.300632 0.427219 0.300632 0.421313
41 0.173255 0.565781 0.169602 0.546812 0.180609 0.545594 0.184262 0.543141 0.188407 0.544375 0.190703 0.546516 0.199859 0.544672 0.211780 0.550797 0.208126 0.564266 0.205831 0.567625 0.198033 0.569766 0.176487 0.570375 0.172810 0.567312
74 0.550890 0.508391 0.548407 0.497656 0.548407 0.489391 0.548407 0.486078 0.550890 0.479469 0.557096 0.476172 0.559555 0.468734 0.565761 0.463766 0.579391 0.459641 0.583091 0.457984 0.592998 0.457156 0.605386 0.457156 0.620258 0.458813 0.630164 0.465422 0.638829 0.476984 0.651218 0.475344 0.653700 0.486078 0.653700 0.496000 0.654941 0.502609 0.654941 0.510047 0.637588 0.510875 0.610351 0.510047 0.569485 0.509219
75 0.338337 0.460656 0.330234 0.460656 0.322131 0.461016 0.314028 0.461016 0.304848 0.461375 0.310773 0.465344 0.311335 0.468953 0.304848 0.475437 0.303208 0.478328 0.305386 0.481922 0.308080 0.489500 0.309696 0.495984 0.310234 0.501031 0.310773 0.503203 0.318899 0.501750 0.324824 0.501031 0.333489 0.500672 0.332927 0.496344 0.334028 0.493109 0.331311 0.483016 0.333489 0.480125 0.337260 0.477609 0.338337 0.475797 0.335105 0.473281 0.331311 0.472203 0.331311 0.471469 0.331311 0.469312 0.335105 0.467141 0.338337 0.465344 0.340492 0.463906 0.340492 0.463188
73 0.938220 0.441578 0.948876 0.441578 0.960515 0.440922 0.965363 0.486203 0.948876 0.487500 0.944052 0.486203 0.936276 0.442219
39 0.909977 0.423031 0.909461 0.395156 0.916862 0.391266 0.917400 0.375047 0.923747 0.373281 0.926370 0.391625 0.933255 0.395156 0.938548 0.425141
73 0.971850 0.442969 0.976674 0.490312 0.985738 0.489500 0.978806 0.441766 0.973068 0.441766
73 0.905738 0.441766 0.912295 0.482250 0.914848 0.485859 0.929368 0.485469 0.926534 0.450500 0.924239 0.439859 0.911710 0.440234
73 0.873349 0.373391 0.857799 0.373203 0.858618 0.383219 0.861405 0.425469 0.878361 0.425469
73 0.871288 0.438391 0.885714 0.439641 0.888525 0.488094 0.875012 0.488094 0.872693 0.441813
45 0.039766 0.406125 0.044590 0.414937 0.046838 0.420094 0.063255 0.421594 0.075480 0.420094 0.079672 0.414078 0.079344 0.405922 0.075808 0.403125 0.054895 0.403984 0.044262 0.404203
73 0.975949 0.489000 0.965574 0.489844 0.964005 0.486688 0.959906 0.440922 0.970913 0.441969 0.975644 0.489000
73 0.992623 0.485734 0.988361 0.442203 1.000000 0.442203 1.000000 0.487391 0.992623 0.487391 0.991920 0.484531
41 0.180492 0.405016 0.181780 0.414266 0.184098 0.419766 0.187705 0.422344 0.192600 0.421828 0.200562 0.413766 0.202108 0.410844 0.202365 0.408953 0.206230 0.408437 0.210070 0.405016 0.210843 0.402781 0.207494 0.400031 0.205199 0.399859 0.202108 0.400203 0.199789 0.400375 0.196183 0.400547 0.188478 0.401062 0.183583 0.402438 0.180492 0.403641
73 0.886534 0.439078 0.895621 0.439844 0.903583 0.486875 0.891077 0.486125
73 0.878150 0.421703 0.873934 0.374547 0.874988 0.372438 0.878689 0.372438 0.881850 0.424875
73 0.853489 0.379484 0.856089 0.423047 0.862295 0.423484 0.858384 0.380781
