49 0.057938 0.910703 0.083156 0.838548 0.116391 0.802459 0.146203 0.769813 0.165688 0.766370 0.221859 0.762951 0.336484 0.759508 0.431625 0.737166 0.500406 0.773255 0.564594 0.829953 0.569188 0.919297 0.523328 1.000000 0.303234 0.994895 0.129000 0.996604 0.075125 1.000000 0.054500 0.912412
47 0.542422 0.651944 0.783297 0.454543 0.778094 0.441569 0.750375 0.425972 0.682781 0.423372 0.636000 0.444145 0.604797 0.454543 0.563203 0.485714 0.542422 0.503888 0.525078 0.545457 0.512953 0.615574 0.518156 0.638970
47 0.596719 0.795129 0.604219 0.729953 0.635703 0.691756 0.655187 0.707494 0.682187 0.754684 0.745156 0.837822 0.749656 0.864801 0.751141 0.864801 0.761641 0.882763 0.779641 0.894005 0.793125 0.898501 0.800625 0.907494 0.803625 0.914239 0.797625 0.925457 0.787125 0.932201 0.754141 0.936698 0.721156 0.936698 0.694172 0.927705 0.680688 0.914239 0.671687 0.891756 0.632703 0.835574
47 0.767859 0.738407 0.919625 0.783068 0.995047 0.801194 1.000000 0.823536 0.997828 0.858407 0.933594 0.886323 0.856312 0.911452 0.820000 0.918431 0.779031 0.880749 0.747375 0.830515 0.737125 0.792834 0.749234 0.750960
47 0.743437 0.753255 0.686250 0.693513 0.655062 0.636370 0.660250 0.574028 0.679313 0.535059 0.713984 0.506487 0.772891 0.490913 0.798891 0.480515
47 0.860594 0.568408 1.000000 0.531124 0.998937 0.434895 0.978531 0.441616 0.880000 0.476651 0.858594 0.490843 0.848141 0.523653 0.853125 0.572881 0.860594 0.570656
47 0.604078 0.931311 0.574016 0.884005 0.581531 0.818689 0.611594 0.793911 0.670188 0.924543 0.676203 0.940304
49 0.125594 0.440000 0.080063 0.470585 0.026687 0.564707 0.039250 0.649414 0.091047 0.727049 0.221344 0.767049 0.397172 0.738829 0.488219 0.658829 0.524328 0.581171 0.505500 0.470585 0.417578 0.395293 0.343797 0.383536 0.298266 0.381171 0.241750 0.385878 0.156984 0.421171 0.128734 0.435293
47 0.561609 0.927471 0.623500 0.942763 0.681984 0.961124 0.621453 1.000000 0.552766 1.000000 0.542562 0.955012 0.546641 0.937682
47 0.788813 0.477869 0.790547 0.425785 0.893062 0.373700 1.000000 0.363279 0.995562 0.436206 0.858312 0.480468 0.820078 0.496089
