73 0.472875 0.405938 0.645344 0.408521 0.641469 0.610062 0.472875 0.610062 0.470937 0.408521
73 0.401500 0.718271 0.409156 0.700396 0.422578 0.698687 0.414906 0.721687 0.421859 0.876604 0.408187 0.878021
57 0.077781 0.506167 0.127781 0.632104 0.129625 0.948146 0.127781 1.000000 0.000000 1.000000 0.000000 0.483958 0.007406 0.488896 0.001859 0.320979 0.074078 0.298771 0.050000 0.404937
62 0.994938 0.302938 0.883453 0.296167 0.885141 0.001125 1.000000 0.001125 1.000000 0.300667
73 0.283094 0.889958 0.276328 0.899646 0.257937 0.897062 0.254063 0.667958 0.288422 0.641500 0.307297 0.644729 0.308750 0.647958 0.279719 0.668604 0.277781 0.773167
73 0.244828 0.918750 0.195859 0.901167 0.192609 0.668583 0.226453 0.649667 0.228938 0.651333 0.228938 0.656313 0.254562 0.657958 0.267500 0.649333 0.268500 0.654646 0.255562 0.664938 0.255562 0.671896 0.239641 0.682833
73 0.432625 0.720146 0.438906 0.699542 0.442281 0.700833 0.443250 0.703396 0.447594 0.704042 0.449047 0.702125 0.449531 0.700188 0.447594 0.723375 0.451453 0.879833 0.438422 0.879833
73 0.284078 0.891479 0.311219 0.891479 0.314891 0.671396 0.333969 0.647917 0.304625 0.647917 0.281141 0.669437
73 0.883094 0.731875 0.896813 0.729333 0.924922 0.759562 0.923969 0.877500 0.922688 0.944333 0.903844 0.944333 0.906078 0.802979 0.907031 0.787229 0.906719 0.758292 0.883094 0.732313 0.882766 0.730187
73 0.195312 0.431000 0.220703 0.431000 0.244141 0.428396 0.250000 0.608083 0.199219 0.608083 0.193359 0.428396
73 0.601531 0.681771 0.635547 0.680125 0.645437 0.696625 0.640953 0.884667 0.610641 0.887125 0.612500 0.715625
73 0.335422 0.876813 0.326609 0.889521 0.317078 0.888542 0.311203 0.884646 0.315609 0.673354 0.335422 0.648896 0.345688 0.654771 0.345688 0.696833 0.333219 0.719333
73 0.465125 0.702646 0.459312 0.706813 0.454844 0.706208 0.453500 0.700854 0.451703 0.701438 0.447672 0.722917 0.450812 0.798708 0.452594 0.882229 0.467812 0.884021 0.461109 0.722333 0.469156 0.700250
73 0.360047 0.881708 0.337141 0.879000 0.333094 0.715563 0.346563 0.692208 0.349937 0.695812 0.360047 0.697604 0.366109 0.692208 0.354656 0.718250 0.360719 0.880813
73 0.456313 0.403208 0.458859 0.608771 0.471594 0.609625 0.474156 0.404896 0.474156 0.403208
