0 0.420781 0.788762 0.401250 0.712360 0.426797 0.701121 0.443328 0.698878 0.462859 0.676402 0.482406 0.669673 0.470375 0.597757 0.453844 0.568528 0.440328 0.519112 0.428297 0.447196 0.431313 0.408995 0.443328 0.373037 0.456859 0.359556 0.480906 0.373037 0.488406 0.395514 0.522984 0.415724 0.559047 0.382033 0.574078 0.397757 0.557547 0.415724 0.557547 0.429206 0.522984 0.460678 0.522984 0.474159 0.512453 0.483154 0.515469 0.521355 0.536500 0.564042 0.565063 0.644953 0.559047 0.651682 0.581594 0.705607 0.596609 0.739322 0.628172 0.748318 0.626672 0.768528 0.569562 0.779766 0.565063 0.755047 0.538000 0.694393 0.516969 0.642687 0.507953 0.696636 0.465875 0.719112 0.440328 0.741565 0.434312 0.743832 0.435813 0.764042 0.444828 0.784276 0.420781 0.786519
0 0.131359 0.845678 0.122828 0.837173 0.122828 0.824416 0.130641 0.810607 0.117844 0.786168 0.115000 0.774463 0.115719 0.748949 0.124953 0.711752 0.134906 0.678785 0.134906 0.666028 0.139172 0.646916 0.149125 0.636285 0.175437 0.613949 0.180406 0.606519 0.174719 0.598014 0.173297 0.577804 0.172594 0.559743 0.196047 0.541659 0.221641 0.550164 0.228031 0.571425 0.227328 0.584182 0.223062 0.589509 0.230875 0.594813 0.225906 0.604393 0.230875 0.616075 0.229453 0.629907 0.237984 0.639463 0.270688 0.666028 0.301969 0.668154 0.322578 0.673481 0.342484 0.669229 0.340359 0.677734 0.334672 0.681986 0.334672 0.694743 0.340359 0.702173 0.337516 0.708551 0.330406 0.705374 0.321875 0.696869 0.304094 0.695794 0.284906 0.697921 0.260031 0.696869 0.249359 0.692617 0.236562 0.687290 0.226609 0.677734 0.220219 0.686238 0.208125 0.700047 0.210266 0.702173 0.220922 0.691542 0.230875 0.694743 0.249359 0.694743 0.260031 0.716005 0.254344 0.727687 0.229453 0.764135 0.210969 0.784322 0.208844 0.790701 0.220922 0.792827 0.228031 0.803458 0.226609 0.811963 0.194625 0.825794 0.176141 0.821542 0.170453 0.813037 0.170453 0.804533 0.162641 0.814089 0.159797 0.819416 0.168328 0.830047 0.171875 0.840678 0.160500 0.850234 0.151266 0.847056 0.143438 0.845981 0.134203 0.855561 0.126375 0.845981
0 0.063984 0.134720 0.062281 0.093271 0.065687 0.083061 0.058875 0.062664 0.061000 0.044813 0.067406 0.037173 0.078906 0.042266 0.084031 0.050561 0.085734 0.059486 0.085734 0.085631 0.093406 0.082430 0.089578 0.069042 0.090422 0.060117 0.099375 0.076051 0.093406 0.105374 0.096813 0.129603 0.064422 0.137897
35 0.339875 0.676706 0.330328 0.688107 0.332234 0.700678 0.334141 0.706963 0.349031 0.704673 0.358969 0.700117 0.377297 0.693832 0.378437 0.688107 0.378063 0.676706 0.375766 0.669276 0.371563 0.665841 0.360484 0.664136 0.345219 0.669836 0.339500 0.674977
34 0.563219 0.379883 0.596641 0.282079 0.612281 0.287407 0.573172 0.384136 0.565359 0.384136 0.559672 0.414953 0.556828 0.421332 0.556828 0.430911 0.566063 0.430911
0 0.137375 0.010724 0.137375 0.024276 0.134359 0.044579 0.120766 0.058131 0.119266 0.094252 0.119266 0.123598 0.185687 0.107780 0.172094 0.058131 0.158500 0.037804 0.155484 0.001682 0.147938 0.001682 0.143406 0.006215
0 0.086031 0.084206 0.091969 0.081986 0.089594 0.068645 0.090781 0.059743 0.096734 0.070421 0.098813 0.073995 0.097625 0.086005 0.094062 0.102897 0.095547 0.114907 0.100016 0.119813 0.113875 0.119182 0.116234 0.097313 0.117859 0.078668 0.118219 0.073271 0.116594 0.073528 0.113156 0.077056 0.111719 0.070841 0.112438 0.060304 0.115688 0.052477 0.110453 0.045444 0.092391 0.053294 0.088234 0.061379 0.086063 0.067336 0.086422 0.068131
32 0.559359 0.058224 0.560609 0.053645 0.564016 0.051565 0.567703 0.052383 0.569516 0.055724 0.569453 0.061963 0.568203 0.064556 0.566312 0.067150 0.563953 0.067991 0.560750 0.067266 0.559016 0.064977 0.558250 0.062056
0 0.613484 0.037897 0.619578 0.015514 0.622375 0.000117 0.645234 0.004486 0.634016 0.026893 0.638687 0.045771 0.649922 0.056986 0.646172 0.066776 0.645781 0.063084 0.624719 0.065888 0.607875 0.065187 0.598516 0.057477 0.596641 0.074276 0.590562 0.074276 0.587281 0.077079 0.581672 0.065888 0.581672 0.049790 0.579797 0.030888 0.576984 0.010607 0.578391 0.000117 0.596641 0.000000 0.598516 0.035093
0 0.109422 0.644556 0.124547 0.616822 0.128266 0.600187 0.127687 0.579696 0.143953 0.568598 0.146234 0.546846 0.145391 0.525070 0.139672 0.508435 0.128266 0.502453 0.122563 0.499463 0.109719 0.495210 0.098578 0.503318 0.093453 0.518668 0.090875 0.529346 0.092016 0.536589 0.089734 0.549393 0.090312 0.555374 0.069766 0.568598 0.056641 0.583972 0.050359 0.589930 0.035797 0.598481 0.032375 0.602734 0.030672 0.611262 0.030953 0.614696 0.022109 0.628341 0.021250 0.630047 0.015547 0.630047 0.012969 0.635584 0.012109 0.641565 0.004125 0.659907 0.002703 0.673154 0.002406 0.701729 0.005844 0.712827 0.012109 0.713248 0.018687 0.708131 0.036937 0.719229 0.039516 0.724790 0.032953 0.752079 0.032656 0.758925 0.024672 0.791355 0.025813 0.797757 0.021813 0.802009 0.019828 0.810561 0.016969 0.828902 0.017828 0.834883 0.020672 0.840000 0.031813 0.844696 0.060344 0.842547 0.062625 0.834019 0.060344 0.826776 0.056344 0.819930 0.051781 0.814393 0.046938 0.807570 0.044937 0.797313 0.066344 0.796472 0.066906 0.773855 0.073188 0.756776 0.072906 0.735023 0.078031 0.714953 0.078609 0.709416 0.079750 0.711542 0.086031 0.716682 0.092016 0.708995 0.095734 0.698318 0.094875 0.732033 0.093453 0.753785 0.088594 0.777266 0.083750 0.795187 0.084031 0.806285 0.114000 0.803294 0.127984 0.801589 0.118844 0.786238 0.119125 0.761051 0.118281 0.752944 0.117703 0.746542 0.123125 0.720093 0.128547 0.701729 0.127125 0.690210 0.135688 0.676986 0.133969 0.666308 0.137109 0.656495 0.141953 0.650537 0.118281 0.659907 0.106859 0.650537 0.105141 0.647126
0 0.011547 0.002383 0.000938 0.006706 0.001422 0.038808 0.018297 0.064766 0.027219 0.078808 0.035906 0.078458 0.038547 0.073061 0.058328 0.062967 0.060734 0.045280 0.067719 0.035911 0.076406 0.040607 0.072312 0.029790 0.068937 0.021145 0.055188 0.008154 0.049406 0.001308 0.030109 0.000234
