56 0.864542 0.636438 0.866324 0.664020 0.867206 0.693824 0.867206 0.710719 0.868546 0.733415 0.868546 0.736977 0.862320 0.736977 0.852091 0.731634 0.851634 0.729412 0.849853 0.694265 0.838742 0.696928 0.840065 0.730735 0.829837 0.738301 0.803595 0.742304 0.800474 0.698709 0.803154 0.638219
58 0.587320 0.655065 0.604918 0.660180 0.604918 0.649935 0.611503 0.636732 0.606373 0.636013 0.616634 0.612565 0.612239 0.599363 0.608578 0.603775 0.609314 0.584722 0.608578 0.566405 0.618840 0.550278 0.629101 0.541487 0.627631 0.536356 0.634951 0.523905 0.630556 0.516569 0.626160 0.512173 0.617369 0.512173 0.616634 0.512173 0.620294 0.503382 0.626895 0.498987 0.619575 0.498252 0.613709 0.502647 0.610768 0.498987 0.605654 0.505572 0.598317 0.496062 0.600523 0.504853 0.588056 0.500458 0.588056 0.508513 0.581471 0.518775 0.584395 0.540016 0.588056 0.540752 0.591732 0.551748 0.601242 0.561993 0.608578 0.567124 0.605654 0.604493 0.603627 0.581324 0.593546 0.579804 0.591536 0.585850 0.571879 0.523873 0.566340 0.500180 0.576928 0.492614 0.592042 0.468431 0.576928 0.470441 0.573399 0.480016 0.570376 0.470948 0.588513 0.458856 0.573889 0.462386 0.569869 0.467418 0.573889 0.445752 0.566340 0.451291 0.565327 0.458350 0.559281 0.435163 0.550719 0.445752 0.539118 0.445752 0.551225 0.454314 0.539118 0.449281 0.554739 0.463399 0.550719 0.469951 0.537614 0.460866 0.554248 0.474477 0.539624 0.476993 0.556765 0.484559 0.531569 0.478513 0.543154 0.494134 0.555245 0.498170 0.561291 0.507745 0.583464 0.579297 0.576928 0.577794 0.574902 0.578791 0.576928 0.600474 0.568350 0.603497 0.577925 0.622141 0.573399 0.624657 0.586993 0.651373
56 0.861324 0.632271 0.865588 0.622026 0.909183 0.624592 0.902337 0.678431 0.910033 0.729706 0.904052 0.728007 0.892941 0.687827 0.868154 0.690392 0.875850 0.719461 0.869003 0.719461 0.865588 0.668170 0.865588 0.636552 0.859608 0.635703
75 0.730572 0.595850 0.728415 0.598023 0.725882 0.599101 0.723007 0.601618 0.719395 0.601618 0.718317 0.601258 0.716879 0.600180 0.715784 0.598382 0.711111 0.593333 0.709297 0.591520 0.709297 0.592974 0.709297 0.597647 0.708578 0.602696 0.707500 0.609918 0.707500 0.614592 0.708219 0.621814 0.709297 0.628660 0.708578 0.635147 0.707500 0.635507 0.709657 0.635866 0.712549 0.636225 0.716520 0.637304 0.718317 0.637304 0.720833 0.637304 0.724085 0.637304 0.729493 0.637304 0.729493 0.633709 0.729493 0.628660 0.729493 0.623611 0.730212 0.620359 0.731291 0.616765 0.731291 0.612435 0.731650 0.607026 0.731650 0.601258
56 0.632892 0.674788 0.629297 0.631078 0.651928 0.633137 0.655016 0.659886 0.657075 0.674281 0.659641 0.684052 0.661193 0.685588 0.630833 0.676340
56 0.612533 0.626585 0.620147 0.625882 0.623268 0.627958 0.624297 0.635915 0.633644 0.673954 0.631569 0.677418 0.614265 0.669804 0.610114 0.635915 0.608742 0.629690
56 0.795784 0.617958 0.825621 0.618693 0.823382 0.638088 0.804722 0.638840 0.787565 0.633611 0.793546 0.620931
56 0.789085 0.634412 0.795801 0.612484 0.768922 0.611765 0.760784 0.626977 0.769281 0.630866 0.777059 0.632288
56 0.649003 0.631454 0.648006 0.618954 0.697565 0.616944 0.698562 0.628464
56 0.819902 0.636650 0.826095 0.619167 0.862189 0.623676 0.856552 0.636650
0 0.826961 0.977533 0.788758 0.759542 0.633709 0.660670 0.496634 0.613480 0.494379 0.568546 0.537075 0.496634 0.550556 0.467418 0.555049 0.404493 0.577533 0.368546 0.586520 0.339330 0.611242 0.213480 0.575278 0.121356 0.503366 0.006748 0.191013 0.000000 0.089886 0.164052 0.098873 0.220229 0.103366 0.312353 0.114608 0.364052 0.143824 0.433709 0.164052 0.469657 0.193252 0.516846 0.008987 0.649444 0.002255 0.986520 0.826961 0.984265
27 0.314608 0.747941 0.361797 0.702990 0.397745 0.702990 0.438203 0.736699 0.415735 0.786144 0.411242 0.828840 0.453938 0.990637 0.368546 0.990637 0.337075 0.871536 0.337075 0.801879 0.341569 0.777157
