53 0.662313 0.840995 0.544719 0.749660 0.550844 0.726820 0.533703 0.711602 0.534922 0.686869 0.587594 0.700194 0.667219 0.753471 0.734594 0.821966 0.723562 0.852403 0.695391 0.850510 0.675797 0.850510
0 0.608813 0.423956 0.605531 0.388786 0.604344 0.368422 0.602250 0.365655 0.602844 0.344830 0.599578 0.342985 0.598078 0.342524 0.596594 0.335121 0.599578 0.306893 0.602844 0.300413 0.608203 0.299951 0.606125 0.290243 0.607609 0.279587 0.609703 0.274976 0.613266 0.274029 0.615063 0.273568 0.619828 0.276359 0.622500 0.282379 0.625188 0.289296 0.626375 0.300413 0.628172 0.302718 0.630844 0.306432 0.632937 0.313374 0.634422 0.321238 0.636500 0.331408 0.636500 0.346214 0.624891 0.368422 0.623406 0.373058 0.622203 0.376748 0.620719 0.384151 0.618031 0.391553 0.615656 0.397112 0.614172 0.401748
53 0.168406 0.781966 0.170672 0.780971 0.173906 0.783981 0.180063 0.782985 0.180703 0.781966 0.181359 0.781966 0.195594 0.773932 0.203047 0.760850 0.220516 0.744757 0.230234 0.735218 0.234437 0.743252 0.237672 0.747282 0.238328 0.749296 0.236703 0.754320 0.233469 0.758835 0.230562 0.763374 0.226031 0.765874 0.220203 0.767403 0.212750 0.774927 0.210484 0.776432 0.206281 0.777961 0.202391 0.779466 0.199484 0.780971 0.195922 0.782476 0.190734 0.787500 0.189125 0.788519 0.184594 0.790024 0.181672 0.789515 0.180063 0.788519 0.179734 0.787015 0.174875 0.786505 0.166781 0.799563 0.162250 0.800073 0.157078 0.800583 0.151578 0.802087 0.147047 0.802087 0.139922 0.798568 0.139281 0.798058 0.138297 0.796553 0.138297 0.793544 0.139922 0.792039 0.141547 0.790534 0.143813 0.788519 0.149953 0.786505 0.152219 0.785000 0.156109 0.784490 0.159984 0.784490 0.163234 0.782985 0.158703 0.752306 0.144781 0.729175 0.118234 0.757330 0.133125 0.752306
53 0.369578 0.564563 0.382437 0.550073 0.391516 0.534005 0.393797 0.528519 0.399594 0.531675 0.409172 0.548908 0.418250 0.565752 0.423047 0.576335 0.418516 0.583762 0.412703 0.581408 0.408672 0.584150 0.403375 0.589248 0.399344 0.593568 0.394297 0.597476 0.392281 0.599442 0.384969 0.601796 0.375125 0.602184 0.364281 0.616286 0.361766 0.615898 0.368578 0.600607 0.369828 0.592379 0.370594 0.590437 0.376141 0.584563 0.380172 0.580631 0.382688 0.579078 0.385719 0.575146 0.384969 0.569660 0.381938 0.564976 0.376391 0.566141 0.370844 0.564563
0 0.656828 0.242573 0.647672 0.263083 0.646203 0.280170 0.643625 0.300097 0.632625 0.333131 0.632266 0.344539 0.647672 0.333714 0.667469 0.299539 0.681406 0.289854 0.659031 0.242573
0 0.539984 0.313592 0.551750 0.293131 0.562578 0.279223 0.563984 0.277767 0.568687 0.248519 0.570578 0.244879 0.573875 0.241942 0.580922 0.245607 0.584219 0.263155 0.582344 0.271917 0.591750 0.282888 0.594578 0.293859 0.591750 0.324563 0.586109 0.329684 0.585172 0.329684 0.588453 0.363301 0.587047 0.421796 0.585641 0.439345 0.587516 0.448107 0.590813 0.456141 0.587047 0.461262 0.584219 0.459078 0.581406 0.449563 0.580922 0.447379 0.576687 0.445922 0.577156 0.465655 0.570109 0.467112 0.570109 0.459806 0.569641 0.447379 0.574344 0.438617 0.572453 0.422524 0.567750 0.418859 0.565391 0.419587 0.560687 0.376456 0.550344 0.382306 0.548922 0.372816 0.554578 0.349417 0.556922 0.332597 0.539984 0.318714
0 0.160516 0.384417 0.205672 0.212985 0.182250 0.194806 0.163859 0.197403 0.163859 0.262330 0.127078 0.303908 0.117047 0.332476
0 0.140969 0.243083 0.163516 0.254078 0.163516 0.232791 0.163516 0.208083 0.164828 0.197791 0.171469 0.195049 0.182062 0.195049 0.192234 0.200534 0.193109 0.196432 0.190906 0.183374 0.189141 0.176505 0.187812 0.172403 0.182500 0.167597 0.174547 0.165534 0.169687 0.164150 0.164828 0.168277 0.161734 0.172403 0.161734 0.182694 0.162625 0.194369 0.159969 0.205340 0.159969 0.212209 0.151578 0.214951 0.142734 0.221820 0.140531 0.229369 0.140531 0.235534 0.140969 0.241723 0.144062 0.244466
2 0.877750 0.312743 0.880844 0.290291 0.922141 0.277451 0.941766 0.280655 0.962422 0.307937 0.985125 0.330388 0.972734 0.362476 0.939703 0.351238 0.912859 0.352840 0.904594 0.362476 0.884969 0.320752
9 0.297172 0.109442 0.289656 0.109442 0.295094 0.206044 0.304688 0.207354
2 0.961750 0.287961 0.978297 0.282257 0.984406 0.269272 1.000000 0.266578 1.000000 0.308786 0.997641 0.311505 0.995375 0.317451 0.987016 0.318811 0.984578 0.312573 0.964891 0.309320 0.960016 0.304733 0.957391 0.298495 0.957922 0.287961
9 0.307219 0.195995 0.303297 0.190655 0.298891 0.103010 0.312625 0.104539 0.313609 0.120534 0.315047 0.120631 0.301750 0.122961 0.303234 0.126311 0.314562 0.125534 0.314219 0.141820 0.304234 0.139757 0.303734 0.144660 0.315547 0.145437 0.315219 0.159150 0.304578 0.157330 0.305063 0.163010 0.316719 0.163010 0.316719 0.175680 0.305734 0.175680 0.306063 0.180340 0.317547 0.181384 0.317547 0.195340 0.307234 0.196869
9 0.576828 0.031529 0.575891 0.000000 0.557219 0.000000 0.557688 0.045316 0.576594 0.045316
9 0.797500 0.180461 0.804094 0.180971 0.804203 0.184563 0.804203 0.188131 0.802891 0.191214 0.803000 0.206214 0.796953 0.205194
9 0.887109 0.262573 0.882125 0.253544 0.883781 0.220631 0.890437 0.221917
9 0.898438 0.232937 0.906312 0.232937 0.905922 0.254660 0.898250 0.254345 0.898250 0.232330
0 0.795656 0.241772 0.858703 0.289466 0.878094 0.315825 0.897484 0.411238 0.889406 0.576942 0.916078 0.674879 0.910422 0.856893 0.921734 0.927209 0.909609 1.000000 0.772219 1.000000 0.678484 0.993738 0.673625 0.986214 0.642109 0.966117 0.627563 0.962354 0.606547 0.939757 0.628375 0.917160 0.644531 0.903350 0.650187 0.879490 0.632406 0.864442 0.617875 0.824248 0.642922 0.830534 0.712422 0.850631 0.744750 0.799150 0.706766 0.751456 0.697875 0.699976 0.684937 0.648495 0.656656 0.509151 0.634844 0.548083 0.608172 0.578204 0.573422 0.580704 0.524938 0.575704 0.487750 0.556869 0.420672 0.584490 0.404516 0.543058 0.414219 0.525485 0.403703 0.509151 0.410172 0.494102 0.454625 0.492840 0.493406 0.502888 0.584734 0.502888 0.598469 0.474005 0.614641 0.402451 0.627563 0.361019 0.656656 0.313325 0.679281 0.288204 0.660703 0.260583 0.650187 0.221675 0.646953 0.190291 0.640500 0.157646 0.638875 0.082330 0.662313 0.024587 0.702719 0.000000 0.729391 0.004490 0.752828 0.033374 0.763328 0.101165 0.773844 0.140073 0.764953 0.191553
0 0.407031 0.520170 0.408484 0.515704 0.409922 0.520170 0.412813 0.515704 0.404141 0.497767 0.418578 0.497767 0.430125 0.491019 0.441672 0.486553 0.487859 0.484296 0.486422 0.475340 0.508078 0.470850 0.525391 0.298204 0.544156 0.251117 0.536938 0.213010 0.525391 0.195073 0.508078 0.210752 0.500859 0.235437 0.492188 0.262330 0.492188 0.327354 0.484984 0.354272 0.479203 0.329587 0.467656 0.322864 0.469094 0.300437 0.467656 0.291481 0.486422 0.264563 0.487859 0.230947 0.487859 0.217500 0.483531 0.195073 0.470547 0.172646 0.461891 0.152476 0.444562 0.130049 0.417141 0.130049 0.386828 0.156942 0.385391 0.188350 0.395484 0.237670 0.405594 0.264563 0.414250 0.282500 0.382500 0.345291 0.381047 0.378932 0.398375 0.524660 0.414250 0.591917 0.404141 0.614345 0.409922 0.713010 0.417141 0.744393 0.446000 0.721966 0.473437 0.688350 0.496531 0.636772 0.525391 0.647985 0.521062 0.618835 0.519625 0.614345 0.508078 0.569515 0.479203 0.560534 0.451781 0.562791
0 0.060297 0.000218 0.125125 0.077500 0.134172 0.164150 0.128141 0.192257 0.135688 0.260170 0.128141 0.267209 0.117594 0.309369 0.093469 0.328107 0.143219 0.358544 0.167344 0.400704 0.173375 0.466262 0.171875 0.538859 0.162828 0.581019 0.165844 0.592743 0.161312 0.648932 0.215594 0.747306 0.197500 0.766044 0.182422 0.780097 0.183922 0.794126 0.209562 0.782427 0.226141 0.761359 0.251766 0.836286 0.214078 0.824587 0.200516 0.843325 0.208047 0.862063 0.235188 0.850340 0.257797 0.880777 0.235188 0.944029 0.221625 0.929976 0.212578 0.929976 0.203531 0.932306 0.191469 0.920607 0.206547 0.944029 0.194484 0.976796 0.195984 0.988519 0.069344 0.988519 0.067844 0.958083 0.101016 0.944029 0.102516 0.927621 0.060297 0.918252 0.021109 0.897184 0.000000 0.887816 0.000000 0.004903
0 0.209766 0.743811 0.159125 0.642694 0.173594 0.559539 0.172156 0.426966 0.166359 0.373034 0.183719 0.269660 0.206875 0.211238 0.258953 0.179782 0.295109 0.217985 0.322594 0.289879 0.322594 0.292136 0.312469 0.368544 0.312469 0.370777 0.318266 0.435947 0.332719 0.478641 0.332719 0.480898 0.335625 0.539320 0.357313 0.577524 0.387703 0.579782 0.367438 0.600000 0.367438 0.600000 0.393484 0.629223 0.393484 0.629223 0.399266 0.629223 0.394937 0.689879 0.394937 0.689879 0.396375 0.696626 0.376125 0.692136 0.361656 0.649442 0.344297 0.638204 0.344297 0.640461 0.347187 0.705607 0.315359 0.829223 0.326937 0.853932 0.368891 0.856189 0.374672 0.910121 0.374672 0.910121 0.376125 0.907864 0.364547 0.930340 0.332719 0.986505 0.311031 0.973034 0.267625 0.878641 0.250266 0.829223 0.232906 0.775291 0.232906 0.773034 0.247375 0.752816 0.238687 0.732573 0.219891 0.741578
