0 0.360688 0.277016 0.362875 0.280281 0.360688 0.316109 0.358521 0.358469 0.365042 0.382906 0.354187 0.407344 0.338979 0.425266 0.306396 0.420375 0.304229 0.369875 0.304229 0.322625 0.299875 0.296562 0.299875 0.267250 0.312917 0.247703 0.334625 0.252578 0.352000 0.213484 0.319417 0.187422 0.317250 0.185797 0.299875 0.156469 0.291187 0.122266 0.289021 0.088047 0.323771 0.071766 0.334625 0.104344 0.341146 0.151578 0.365042 0.195563 0.365042 0.210234
0 0.633187 0.089094 0.654167 0.075844 0.678479 0.070047 0.686208 0.070875 0.710500 0.095719 0.716021 0.112281 0.733688 0.118922 0.735896 0.135484 0.708292 0.150391 0.729271 0.200906 0.738104 0.234875 0.732583 0.256406 0.686208 0.258063 0.671854 0.228250 0.656375 0.193453 0.646438 0.183516 0.622146 0.161156 0.623250 0.141281 0.630979 0.135484 0.617729 0.118922 0.617729 0.102344 0.619938 0.093234
65 0.048375 0.564156 0.061479 0.575938 0.088688 0.575938 0.112771 0.584578 0.156750 0.577109 0.172458 0.573187 0.180312 0.585750 0.186083 0.595953 0.202833 0.595953 0.219583 0.573187 0.214875 0.568469 0.182417 0.559438 0.160417 0.561406 0.055188 0.537063 0.045250 0.563766
73 0.883000 0.084641 0.881146 0.120312 0.909979 0.122844 0.916333 0.119187 0.916708 0.116937 0.912229 0.115531 0.904354 0.114125 0.900979 0.111875 0.893875 0.098969 0.893875 0.098969 0.890500 0.093625 0.885625 0.088000
73 0.782292 0.210094 0.805563 0.211375 0.802146 0.270969 0.778875 0.265016
73 0.429958 0.058656 0.427042 0.109656 0.439104 0.110203 0.442021 0.106359 0.443854 0.057563
73 0.808437 0.213016 0.831229 0.213016 0.825208 0.274859 0.806437 0.270844
73 0.604792 0.115000 0.590042 0.113297 0.584917 0.107766 0.587188 0.058375 0.611604 0.058797
73 0.353687 0.109859 0.356375 0.058578 0.373146 0.059078 0.367771 0.110875
73 0.459146 0.058281 0.472562 0.057625 0.473437 0.076781 0.464771 0.084250 0.460875 0.095609 0.461312 0.106000 0.456542 0.106984 0.457854 0.058609
73 0.398792 0.058234 0.385292 0.058063 0.382583 0.109969 0.397812 0.110516
73 0.375563 0.131922 0.374833 0.182656 0.387896 0.182375 0.389396 0.132766
0 0.240250 0.351344 0.237229 0.279281 0.219229 0.250000 0.177188 0.218469 0.156146 0.195953 0.174167 0.166672 0.183187 0.153156 0.198208 0.148656 0.192188 0.132891 0.180187 0.112609 0.195188 0.094594 0.219229 0.083328 0.246250 0.078828 0.294292 0.090094 0.306313 0.101344 0.288292 0.139641 0.285292 0.157656 0.315313 0.182438 0.366375 0.229734 0.384375 0.254500 0.393396 0.263516 0.393396 0.286031 0.378375 0.290547 0.345354 0.265766 0.318312 0.245500 0.303312 0.265766 0.300292 0.299547 0.303312 0.337844 0.303312 0.371625 0.306313 0.403156 0.303312 0.416672 0.240250 0.427922 0.300292 0.554047 0.249250 0.569812 0.240250 0.578828 0.267271 0.581078 0.306313 0.581078 0.318312 0.569812
73 0.778979 0.195312 0.785854 0.125609 0.764354 0.125609 0.760042 0.195312 0.779833 0.196594
0 0.008958 0.069563 0.053688 0.069563 0.104396 0.096406 0.095458 0.145625 0.089479 0.176953 0.175979 0.206031 0.244583 0.295516 0.238625 0.329078 0.238625 0.420797 0.238625 0.452125 0.184937 0.481203 0.074563 0.541609 0.053688 0.561734 0.023854 0.593063 0.029833 0.604250 0.101417 0.593063 0.122292 0.610953 0.083521 0.669125 0.113354 0.789922 0.080542 0.865984 0.008958 0.857047 0.032812 0.827953 0.038771 0.765312 0.005958 0.789922 0.002979 0.074047
0 0.006000 0.588766 0.107875 0.498875 0.233708 0.449438 0.335583 0.406734 0.389521 0.321344 0.434458 0.294375 0.383521 0.208984 0.416479 0.125844 0.497375 0.076406 0.587271 0.114609 0.680146 0.195500 0.838958 0.325844 0.982771 0.489891 0.976771 0.638203 0.928833 0.721344 0.856937 0.721344 0.803000 0.824719 0.862917 0.919094 0.811979 0.961797 0.614229 0.986516 0.605250 0.883141 0.620229 0.773031 0.554313 0.647188 0.440458 0.456187 0.179771 0.622469 0.062917 0.588766
0 0.942208 0.414266 0.930958 0.433531 0.833021 0.321531 0.837833 0.289016 0.861917 0.260125 0.853896 0.262531 0.833021 0.250484 0.823375 0.222781 0.850687 0.151734 0.906875 0.120422 0.886000 0.102359 0.869938 0.067437 0.926146 0.034922 0.987167 0.060219 1.000000 0.079484 0.998396 0.125250 0.998396 0.555156 0.980729 0.525047 0.975917 0.506984 0.974313 0.447984
