0 0.109328 0.710000 0.104891 0.661639 0.097781 0.657658 0.073219 0.647892 0.054266 0.737073 0.049828 0.751710 0.046875 0.752599 0.041547 0.751710 0.037094 0.760140 0.043906 0.776557 0.021109 0.781897 0.011937 0.782787 0.008984 0.777447 0.009859 0.765925 0.013125 0.748173 0.012531 0.737518 0.012234 0.731311 0.019344 0.709555 0.033250 0.658548 0.033547 0.646557 0.030594 0.635012 0.021703 0.632810 0.014016 0.627026 0.019047 0.582225 0.024078 0.568033 0.027031 0.560913 0.025563 0.552482 0.025844 0.548501 0.030594 0.540070 0.047172 0.511663 0.059594 0.485925 0.066109 0.477494 0.083875 0.453981 0.092156 0.441569 0.095719 0.425152 0.104297 0.416276 0.112891 0.414052 0.125031 0.414052 0.139234 0.420703 0.145750 0.436230 0.149594 0.454426 0.143969 0.473068 0.130656 0.527190 0.128281 0.537845 0.122359 0.557822 0.100750 0.591101 0.100156 0.603068 0.109922 0.606183 0.130359 0.616838 0.128281 0.625714 0.115250 0.650117 0.115250 0.698478 0.114953 0.707354 0.130062 0.710000 0.136281 0.733091 0.149594 0.742834 0.152859 0.753489 0.145453 0.765035 0.136859 0.771686 0.122953 0.768126 0.108156 0.768571 0.106969 0.761030 0.107562 0.753934 0.109625 0.749508 0.116437 0.748173 0.123844 0.739742 0.125312 0.730422
0 0.802484 0.469063 0.799469 0.476815 0.788266 0.487775 0.777078 0.501967 0.775781 0.509063 0.774484 0.522623 0.774922 0.534239 0.776219 0.541335 0.774484 0.554895 0.776641 0.562646 0.783531 0.569087 0.783109 0.569087 0.790281 0.615035 0.793625 0.642670 0.806188 0.612529 0.802844 0.594965 0.814562 0.582412 0.815406 0.599977 0.817078 0.628852 0.826297 0.647681 0.831312 0.645176 0.838859 0.597471 0.839688 0.579906 0.831312 0.561054 0.825453 0.540984 0.822109 0.517119 0.818750 0.502061 0.824609 0.489508 0.806188 0.463138 0.799484 0.484497
0 0.389594 0.669321 0.384141 0.584754 0.379578 0.501522 0.374125 0.463326 0.372297 0.414215 0.385047 0.392389 0.385953 0.358290 0.400516 0.345995 0.410531 0.363747 0.408703 0.399204 0.426922 0.411475 0.434203 0.457869 0.434203 0.539719 0.444203 0.677518 0.439656 0.682974 0.415078 0.674801
0 0.860766 0.574145 0.855625 0.560820 0.851875 0.551007 0.848125 0.538384 0.846266 0.527869 0.846266 0.513138 0.846266 0.502623 0.853281 0.483677 0.857016 0.478759 0.860297 0.465433 0.862172 0.447213 0.872000 0.443700 0.877141 0.447916 0.879016 0.455621 0.879484 0.462646 0.879484 0.471756 0.879953 0.482272 0.884625 0.490000 0.891641 0.494192 0.896797 0.499813 0.901937 0.504707 0.906156 0.510328 0.910828 0.520141 0.914578 0.526464 0.920656 0.531358 0.925328 0.539789 0.927203 0.546792 0.931891 0.549602 0.936094 0.552412 0.940313 0.557307 0.940313 0.581850 0.939844 0.593091 0.938906 0.609204 0.938906 0.616932 0.938906 0.625340 0.939844 0.637260 0.941250 0.641475 0.935156 0.644286 0.923000 0.637260 0.924875 0.623232 0.925797 0.612717 0.926734 0.601499 0.927672 0.584660 0.923937 0.579063 0.912703 0.577658 0.901469 0.578361 0.901469 0.608501 0.903813 0.624637 0.904750 0.638665 0.901469 0.646370 0.894453 0.646370 0.891641 0.636557 0.889312 0.626042 0.889312 0.615527 0.889312 0.606417 0.889312 0.589578 0.880891 0.576955 0.870594 0.576955
0 0.493000 0.671991 0.479156 0.666066 0.478172 0.652717 0.484109 0.608244 0.466297 0.525199 0.453438 0.486651 0.453438 0.436253 0.453438 0.421429 0.457391 0.411054 0.461359 0.393255 0.465312 0.359157 0.475203 0.359157 0.481422 0.368056 0.482125 0.375457 0.487078 0.391780 0.488062 0.405129 0.508828 0.418454 0.504875 0.443677 0.503891 0.454052 0.508828 0.468876 0.512797 0.486651 0.481000 0.501967 0.479719 0.506487 0.479281 0.513583 0.484875 0.519391 0.510281 0.514871 0.512437 0.516159 0.509859 0.551007 0.502109 0.597471 0.502969 0.616838 0.502969 0.620047 0.505953 0.664707 0.507250 0.677424 0.498766 0.677424
0 0.208469 0.491663 0.208469 0.486557 0.212422 0.480632 0.227125 0.480632 0.237859 0.482342 0.237297 0.462834 0.229375 0.454379 0.219203 0.446745 0.207906 0.436581 0.205078 0.428103 0.208469 0.414543 0.208469 0.402693 0.204516 0.390820 0.202250 0.387447 0.193766 0.385738 0.189250 0.395925 0.184156 0.412857 0.177375 0.421335 0.167766 0.439133 0.163812 0.467073 0.164375 0.482342 0.158719 0.496745 0.158719 0.520468 0.167203 0.528080 0.176250 0.539087 0.177937 0.556042 0.186984 0.560281 0.194328 0.547564 0.193766 0.526393 0.193766 0.495878 0.198297 0.493349
0 0.977281 0.650492 0.960469 0.637143 0.965406 0.574871 0.941672 0.573396 0.938703 0.557073 0.924859 0.545222 0.927828 0.505199 0.944641 0.472576 0.955516 0.471101 0.958484 0.439953 0.966406 0.436979 0.974312 0.451827 0.973328 0.472576 1.000000 0.502225 1.000000 0.647518 0.998062 0.656417 0.989156 0.626768 0.999047 0.582295 0.982234 0.563021 0.982234 0.563021 0.980250 0.623794 0.992125 0.647518 0.978266 0.653443
0 0.589594 0.493419 0.599641 0.479602 0.610531 0.459532 0.623094 0.459532 0.628109 0.484637 0.637328 0.512248 0.637328 0.532342 0.638172 0.541124 0.651563 0.559953 0.644875 0.630258 0.637328 0.632763 0.632297 0.622717 0.633984 0.577518 0.613875 0.568735 0.597125 0.533583 0.590422 0.500960
0 0.701172 0.642225 0.696750 0.605785 0.694531 0.583419 0.685687 0.578454 0.674094 0.575129 0.674094 0.557728 0.675750 0.538689 0.677953 0.509696 0.678516 0.503068 0.686250 0.490656 0.693422 0.482365 0.693422 0.470773 0.697844 0.464145 0.706688 0.461663 0.712219 0.464145 0.715531 0.479883 0.722719 0.496440 0.727687 0.506393 0.731562 0.524614 0.732656 0.538689 0.737641 0.550281 0.743156 0.556089 0.745922 0.570164 0.746484 0.585082 0.745922 0.635597 0.742609 0.643864 0.734328 0.649672 0.727687 0.638899 0.732109 0.619040 0.735984 0.595831 0.735984 0.578454 0.710563 0.579274 0.706688 0.598314 0.710563 0.614052 0.712219 0.628970 0.713875 0.633115 0.716078 0.643864 0.710000 0.648009
0 0.345313 0.547143 0.346094 0.538946 0.348250 0.533677 0.352547 0.526955 0.355281 0.518759 0.353125 0.512600 0.341016 0.512318 0.329109 0.518759 0.323250 0.528408 0.318359 0.538080 0.312109 0.531335 0.311719 0.521382 0.314063 0.513771 0.324219 0.495340 0.333203 0.489485 0.336328 0.485386 0.338281 0.483630 0.341406 0.469578 0.346484 0.459906 0.354500 0.457564 0.360547 0.460796 0.364453 0.471616 0.364453 0.486557 0.368750 0.516112 0.370906 0.537190 0.375000 0.533981 0.382625 0.530749 0.383406 0.538361 0.375984 0.554754 0.378125 0.562365 0.382234 0.567354 0.382234 0.591358 0.379687 0.626487 0.378125 0.642881 0.379297 0.653115 0.377734 0.662787 0.373047 0.663653 0.363094 0.660726 0.362109 0.649906 0.362109 0.640539 0.362500 0.629696 0.366609 0.592529 0.363281 0.591358 0.353125 0.591639 0.344922 0.595457 0.340234 0.615059 0.341406 0.642881 0.345703 0.656042 0.345516 0.664824 0.333984 0.667752 0.328125 0.661312 0.327344 0.646393 0.325594 0.633513 0.325594 0.587260 0.324813 0.578173 0.327344 0.574965 0.336141 0.570562 0.343172 0.565293 0.343750 0.558571 0.339063 0.550960
35 0.307297 0.560890 0.316078 0.561944 0.317828 0.552482 0.321703 0.538267 0.326969 0.525621 0.337859 0.511405 0.349094 0.511405 0.352969 0.512459 0.346984 0.524567 0.344187 0.530375 0.342078 0.545105 0.341375 0.556159 0.346641 0.560890 0.349797 0.561944 0.360687 0.560375 0.362094 0.564052 0.346984 0.570913 0.333297 0.571429 0.332594 0.571429 0.324156 0.574051 0.316438 0.578267 0.311859 0.581429 0.310813 0.582482
34 0.565094 0.461639 0.482844 0.499555 0.479438 0.503208 0.477969 0.514145 0.480891 0.525105 0.489656 0.524356 0.541234 0.485714 0.563141 0.475480 0.568984 0.465269
0 0.000000 0.355480 0.014625 0.366440 0.013344 0.397424 0.029266 0.418080 0.030125 0.449063 0.030562 0.467119 0.000000 0.473583
34 0.295453 0.596534 0.303500 0.668923 0.310656 0.668923 0.310656 0.658220 0.302297 0.594754 0.299625 0.593419
32 0.707609 0.475902 0.711250 0.473794 0.716297 0.475480 0.720219 0.486604 0.720359 0.492482 0.718266 0.496885 0.707188 0.498993 0.702156 0.491639 0.701031 0.484918 0.703687 0.477166
0 0.580234 0.579766 0.571234 0.680890 0.511266 0.719110 0.494766 0.743817 0.481281 0.764051 0.467781 0.764051 0.463281 0.737073 0.472281 0.716862 0.484266 0.716862 0.506766 0.689883 0.524750 0.665176 0.538250 0.658431 0.542750 0.591007 0.541250 0.579766 0.527750 0.561803 0.527750 0.539321 0.527750 0.507869 0.527750 0.496628 0.539750 0.485386 0.560734 0.469672 0.568234 0.460679 0.572734 0.456183 0.515766 0.483138 0.512766 0.485386 0.503766 0.449438 0.505266 0.408993 0.512766 0.393255 0.500766 0.359555 0.509766 0.337073 0.517250 0.328080 0.529250 0.328080 0.539750 0.341569 0.556234 0.361803 0.553234 0.379766 0.580234 0.388759 0.598219 0.440445 0.593719 0.456183 0.587719 0.465176 0.584719 0.474169 0.593719 0.521358 0.622203 0.591007 0.644703 0.662927 0.656687 0.732576 0.677688 0.757307 0.677688 0.766300 0.650688 0.766300 0.640203 0.755059 0.646203 0.734824 0.601219 0.626956 0.586219 0.597752
