31 0.812078 0.904021 0.417781 0.857042 0.424500 0.731750 0.446313 0.695958 0.706375 0.713854 0.793625 0.687021 0.869125 0.776500 0.854031 0.865979
0 0.050000 0.797521 0.074078 0.686417 0.100000 0.627167 0.109266 0.585188 0.112969 0.555563 0.112969 0.523458 0.112969 0.479021 0.107406 0.449375 0.105562 0.419750 0.101859 0.385188 0.103703 0.355563 0.111109 0.311104 0.109266 0.274083 0.107406 0.185188 0.109266 0.145688 0.100000 0.125917 0.094437 0.113583 0.131484 0.081479 0.155562 0.061729 0.191609 0.035771 0.208719 0.008083 0.218500 0.001563 0.230719 0.003187 0.250266 0.011333 0.262484 0.019479 0.272766 0.035104 0.271000 0.057292 0.264000 0.083000 0.264000 0.092333 0.264000 0.099354 0.256109 0.104021 0.247359 0.105188 0.244734 0.111021 0.237719 0.115687 0.226328 0.115687 0.217578 0.119208 0.214937 0.122708 0.224578 0.188104 0.221953 0.217312 0.237719 0.203292 0.248234 0.202125 0.257859 0.205625 0.266625 0.207958 0.276266 0.211479 0.282391 0.223146 0.274516 0.232500 0.271000 0.232500 0.267500 0.234833 0.265750 0.246500 0.261375 0.257021 0.257859 0.258188 0.251734 0.276875 0.240344 0.276875 0.227203 0.276875 0.223703 0.275708 0.232469 0.323604 0.237719 0.341125 0.234219 0.376146 0.231594 0.391333 0.228078 0.537333 0.233344 0.609750 0.226328 0.640125 0.212313 0.681000 0.200922 0.706688 0.194797 0.720708 0.186031 0.731208 0.182531 0.741729 0.178156 0.761583 0.166766 0.786104 0.160625 0.795458 0.163266 0.804792 0.174641 0.809479 0.193922 0.824646 0.198297 0.834000 0.194797 0.850354 0.177281 0.855021 0.136109 0.863208 0.112453 0.866708 0.093187 0.863208 0.082672 0.858521 0.076531 0.853854 0.067781 0.845688 0.045875 0.828167 0.043250 0.808312
31 0.030359 0.839583 0.126375 0.895729 0.161828 0.897688 0.215750 0.885875 0.234953 0.881937 0.226828 0.869125 0.193594 0.850417 0.152969 0.848458 0.102016 0.857313 0.070250 0.832687 0.048828 0.822854 0.031109 0.821854 0.030359 0.837625
31 0.415938 0.824750 0.343797 0.806396 0.287625 0.792458 0.277156 0.778500 0.286516 0.763083 0.300844 0.760146 0.319562 0.760875 0.325625 0.782167 0.365828 0.796125 0.391156 0.796854 0.415391 0.800521 0.422547 0.817417 0.419797 0.825500
0 0.666500 0.360437 0.674484 0.367896 0.676875 0.380667 0.687266 0.386000 0.692859 0.396646 0.696859 0.425417 0.692859 0.454187 0.689672 0.474417 0.692062 0.514917 0.693656 0.558583 0.683281 0.558583 0.684875 0.538354 0.675281 0.513854 0.669688 0.495729 0.661703 0.506396 0.656906 0.528771 0.658500 0.553271 0.656109 0.564979 0.647313 0.567104 0.644125 0.555396 0.650516 0.501063 0.655312 0.475500 0.654516 0.456313 0.654516 0.441396 0.650516 0.453125 0.648922 0.468042 0.647313 0.476562 0.641719 0.478687 0.638531 0.423292 0.644922 0.398792 0.651312 0.390271 0.653703 0.371083
0 0.525422 0.545333 0.522500 0.524583 0.522984 0.503833 0.522984 0.492167 0.518125 0.470771 0.512781 0.464292 0.511328 0.448750 0.518609 0.453917 0.524938 0.454583 0.522984 0.440958 0.522984 0.428000 0.532234 0.434479 0.534656 0.440958 0.537578 0.453271 0.541953 0.466896 0.542922 0.489583 0.540500 0.499958 0.540500 0.506437 0.550219 0.549229 0.550219 0.555708 0.540500 0.553750 0.526391 0.551812 0.526391 0.551812
30 0.644688 0.562979 0.656203 0.562396 0.664094 0.561417 0.676344 0.560438 0.708141 0.559667 0.714563 0.556750 0.711938 0.552271 0.708000 0.552667 0.701000 0.555187 0.696766 0.556750 0.689609 0.556750 0.678969 0.556937 0.674000 0.556167 0.666125 0.557146 0.656203 0.558312 0.652562 0.559271 0.648188 0.559271 0.645125 0.559271 0.642500 0.559271 0.642500 0.559271 0.642938 0.563354 0.633953 0.564625 0.632859 0.563167 0.631141 0.561604 0.629187 0.559521 0.626594 0.558792 0.625656 0.559000 0.625344 0.559313 0.624875 0.560250 0.626594 0.563583 0.628797 0.564521 0.630906 0.565354 0.633094 0.565354
67 0.254016 0.215646 0.284297 0.217083 0.280781 0.208438 0.249953 0.209521
0 0.760109 0.579771 0.778656 0.593250 0.785391 0.595500 0.798875 0.588771 0.803938 0.579771 0.807297 0.555062 0.805625 0.530333 0.805625 0.507875 0.817422 0.496625 0.817422 0.474167 0.810672 0.431458 0.815734 0.417979 0.830906 0.393250 0.839328 0.382021 0.849438 0.375271 0.866297 0.370792 0.891578 0.395500 0.903375 0.408979 0.911797 0.413479 0.925281 0.422479 0.937078 0.447187 0.953938 0.471917 0.960672 0.496625 0.965734 0.530333 0.967422 0.543813 0.974156 0.559542 0.975844 0.591021 0.980906 0.651688 0.994375 0.707875 0.994375 0.808979 0.997750 0.824729 0.938766 0.829208 0.878094 0.844938 0.862922 0.847187 0.854500 0.766292 0.849438 0.759542 0.835953 0.732583 0.822469 0.721354 0.792141 0.707875 0.748313 0.707875 0.734828 0.707875 0.724719 0.701125 0.733141 0.685396 0.741578 0.662917 0.729781 0.638208 0.726406 0.620229 0.741578 0.584271
0 0.391016 0.456188 0.391016 0.431458 0.377531 0.406750 0.338766 0.431458 0.325281 0.429208 0.321906 0.411229 0.298312 0.402250 0.298312 0.382021 0.367422 0.339333 0.362359 0.249438 0.350563 0.224729 0.367422 0.215729 0.384266 0.164042 0.391016 0.152812 0.380906 0.137083 0.370781 0.087646 0.384266 0.038208 0.433141 0.047187 0.444938 0.085396 0.453375 0.085396 0.456734 0.105625 0.456734 0.132583 0.455062 0.157312 0.482016 0.175271 0.482016 0.280896 0.507297 0.359542 0.515734 0.402250 0.502250 0.487646 0.471906 0.602250 0.480344 0.640458 0.480344 0.710104 0.433141 0.701125 0.423031 0.813479 0.323594 0.793250 0.320219 0.770792 0.330344 0.755062 0.352250 0.750562 0.364047 0.689896
