0 0.380156 0.653125 0.381594 0.635146 0.383359 0.633208 0.383844 0.623792 0.385609 0.622708 0.388187 0.622083 0.389313 0.626792 0.389953 0.628938 0.397656 0.630646 0.401203 0.639208 0.400234 0.645854 0.407141 0.655500 0.408109 0.657208 0.397656 0.659771 0.397656 0.659771 0.397656 0.659771 0.397188 0.661917 0.387422 0.646458 0.385437 0.642062 0.383109 0.656187 0.380141 0.656187 0.379969 0.651771
0 0.599969 0.630000 0.608984 0.628042 0.610937 0.615812 0.612094 0.610563 0.612422 0.609688 0.612906 0.605979 0.612906 0.602708 0.611766 0.597688 0.611594 0.596375 0.611109 0.593750 0.609797 0.592000 0.608656 0.591354 0.608000 0.591354 0.607344 0.591354 0.605859 0.593313 0.605219 0.597021 0.600625 0.608813 0.599312 0.611000 0.600297 0.614062 0.600797 0.614938 0.600797 0.615375
0 0.446063 0.588604 0.445375 0.587375 0.444016 0.585625 0.444109 0.582708 0.443906 0.579938 0.443266 0.578500 0.441672 0.576854 0.440078 0.579729 0.440469 0.581375 0.438438 0.583438 0.439469 0.585792 0.442219 0.590625 0.444703 0.590250
0 0.671531 0.603312 0.671891 0.598687 0.674484 0.598604 0.675719 0.601104 0.676875 0.602062 0.677672 0.606396 0.678531 0.609104 0.678531 0.613042 0.674047 0.613333 0.673109 0.611313 0.671953 0.610833 0.671891 0.614688 0.667906 0.614396 0.668281 0.613438 0.669859 0.612854 0.670016 0.606979 0.671313 0.603521
0 0.295219 0.582208 0.296828 0.587104 0.296828 0.594146 0.297969 0.596896 0.296828 0.596896 0.294750 0.593229 0.294297 0.597208 0.293156 0.598437 0.292234 0.596583 0.292234 0.594750 0.292234 0.591396 0.292234 0.588021 0.292000 0.585271 0.291547 0.583438 0.292688 0.580688 0.293609 0.579771
0 0.500203 0.612875 0.501344 0.608104 0.501344 0.601458 0.501219 0.597187 0.503781 0.593104 0.505062 0.595146 0.505062 0.602833 0.506219 0.603167 0.506469 0.609479 0.506719 0.613396 0.505062 0.612375 0.505062 0.608104 0.503016 0.609479 0.502891 0.614083 0.501609 0.612875 0.500453 0.612542
0 0.385063 0.555271 0.381406 0.541562 0.381406 0.541562 0.377000 0.541562 0.379937 0.557229 0.379937 0.557229
0 0.302484 0.645292 0.299625 0.650500 0.299625 0.656396 0.300406 0.667479 0.301187 0.669208 0.305875 0.668521 0.307172 0.662292 0.313406 0.660542 0.310281 0.654667 0.310281 0.648063 0.308984 0.643562 0.305094 0.637667
0 0.357328 0.614562 0.357328 0.614562 0.359156 0.607229 0.356859 0.602958 0.358016 0.602042 0.358922 0.598687 0.360531 0.596250 0.361219 0.603271 0.361672 0.606917 0.361906 0.614562 0.360750 0.615771
0 0.344828 0.560333 0.348219 0.558396 0.347250 0.548729 0.346766 0.548729 0.347250 0.544854 0.344344 0.546792 0.344344 0.546792 0.342891 0.548083
0 0.481141 0.594312 0.481969 0.597104 0.481844 0.601167 0.481000 0.604146 0.481141 0.610625 0.478500 0.610812 0.477938 0.604875 0.478078 0.599688 0.477672 0.596917 0.478922 0.593938 0.481141 0.593771
30 0.481781 0.612562 0.472859 0.612167 0.472578 0.611021 0.483500 0.610646
0 0.400172 0.540250 0.400172 0.536917 0.399922 0.535563 0.399797 0.534896 0.400172 0.533396 0.400547 0.532729 0.400922 0.531896 0.400922 0.531396 0.400922 0.530563 0.401922 0.530062 0.402297 0.531229 0.402672 0.531563 0.403172 0.531896 0.403172 0.536917 0.403172 0.538417 0.403047 0.540250
