2 1.000000 0.017687 0.946344 0.067220 0.887984 0.112033 0.892719 0.175701 0.908484 0.199299 0.984203 0.206379 1.000000 0.215794
1 0.816000 0.034743 0.816000 0.048551 0.808297 0.053178 0.809844 0.069299 0.814469 0.088902 0.818312 0.099276 0.823719 0.095818 0.832187 0.102734 0.838359 0.107336 0.849922 0.128084 0.849141 0.155748 0.842984 0.179930 0.834500 0.183388 0.814469 0.177640 0.805219 0.153435 0.802906 0.126939 0.807531 0.110794 0.812156 0.105023 0.812156 0.096963 0.805219 0.108481 0.801359 0.115397 0.785953 0.130397 0.785953 0.111939 0.777469 0.118855 0.776703 0.133832 0.769000 0.156893 0.759750 0.168411 0.744328 0.153435 0.735859 0.126939 0.734312 0.113107 0.740484 0.091192 0.749734 0.083131 0.761281 0.087757 0.770531 0.103879 0.775937 0.114252 0.772844 0.100421 0.770531 0.086589 0.769000 0.076215 0.761281 0.076215 0.763594 0.067009 0.775937 0.064696 0.779781 0.111939 0.792891 0.109650 0.797516 0.099276 0.805219 0.081986 0.802906 0.068154 0.800594 0.054322 0.795969 0.050864 0.785172 0.048551 0.779781 0.056636 0.776703 0.050864 0.787484 0.040491 0.795203 0.038201 0.802141 0.045093 0.807531 0.043949 0.806766 0.039346 0.809844 0.033575
73 0.210734 0.017290 0.212531 0.044836 0.229516 0.044836 0.228969 0.017009
73 0.238359 0.055234 0.241141 0.083154 0.256234 0.078995 0.254250 0.051682 0.238359 0.054650
73 0.213625 0.087290 0.230672 0.086916 0.232734 0.118972 0.232484 0.118972 0.213891 0.120514 0.212328 0.088061 0.213234 0.086916
26 0.707109 0.016799 0.718562 0.020981 0.724141 0.026986 0.725375 0.038551 0.725375 0.044112 0.722891 0.050117 0.716703 0.054743 0.708969 0.053364 0.705875 0.049206 0.705266 0.037640 0.705266 0.026986
24 0.496609 0.026379 0.495313 0.047033 0.493156 0.047033 0.495313 0.072196 0.504375 0.075421 0.507828 0.059299 0.502656 0.036075 0.498766 0.023154
73 0.242422 0.046168 0.239609 0.017407 0.255547 0.014603 0.262125 0.046168
73 0.245031 0.091565 0.258844 0.086893 0.260094 0.086893 0.260094 0.112220 0.243781 0.114089 0.243781 0.086893
27 0.470031 0.024463 0.466734 0.021729 0.468922 0.015164 0.470031 0.009159 0.471125 0.003154 0.474047 0.001495 0.473313 0.005327 0.472578 0.008621 0.471484 0.014065 0.470750 0.028832
0 0.688219 0.139977 0.687375 0.133668 0.694547 0.071145 0.692016 0.047150 0.694969 0.016192 0.695391 0.001659 0.720734 0.000397 0.726234 0.052196 0.716937 0.056612 0.723703 0.082500 0.723281 0.119766 0.724125 0.132407 0.728766 0.136822 0.728766 0.141238 0.712297 0.146308 0.713141 0.088201 0.705109 0.071145 0.702578 0.100818 0.698359 0.111565 0.700891 0.138715 0.703422 0.144393 0.688641 0.143762
13 0.158156 0.424556 0.174719 0.582196 0.183750 0.679065 0.195812 0.733107 0.265094 0.726355 0.268109 0.823201 0.286172 0.888505 0.317813 0.872757 0.290703 0.744369 0.302750 0.724089 0.725984 0.604720 0.732016 0.656542 0.704906 0.663294 0.771172 0.735350 0.786234 0.719603 0.762141 0.681308 0.756109 0.609229 0.858531 0.570935 0.843469 0.532664 0.774188 0.492126 0.768156 0.332196 0.739547 0.314182 0.167187 0.402033 0.159656 0.417804
0 0.557750 0.000000 0.552531 0.006682 0.548266 0.006682 0.547781 0.014486 0.544469 0.018738 0.546844 0.027944 0.550156 0.035047 0.554906 0.037874 0.558219 0.051355 0.560594 0.062687 0.557266 0.071916 0.557266 0.078294 0.557266 0.088925 0.559172 0.110210 0.570547 0.142103 0.574813 0.161262 0.569594 0.166215 0.562484 0.170467 0.562484 0.175444 0.569125 0.177570 0.564859 0.182523 0.563438 0.184650 0.566750 0.185374 0.588094 0.186776 0.585719 0.174019 0.588562 0.167640 0.587625 0.160537 0.587141 0.146355 0.586672 0.141402 0.598047 0.142827 0.596156 0.083248 0.600891 0.071916 0.596156 0.062687 0.596156 0.047804 0.596156 0.040724 0.595203 0.034322 0.595203 0.026542 0.596156 0.005981 0.596156 0.000000
0 0.469312 0.001051 0.463813 0.024790 0.444906 0.050327 0.440641 0.056706 0.443687 0.068575 0.449781 0.064930 0.465641 0.044860 0.463203 0.071308 0.466875 0.068575 0.469922 0.084089 0.468094 0.116005 0.461375 0.153411 0.451609 0.162547 0.455281 0.171659 0.472969 0.171659 0.474797 0.163458 0.480297 0.118738 0.483344 0.140654 0.488828 0.148855 0.487000 0.157967 0.480906 0.160724 0.480906 0.166192 0.495547 0.160724 0.499813 0.164369 0.504687 0.158879 0.497375 0.137897 0.488828 0.109626 0.486391 0.089556 0.493109 0.069486 0.495547 0.041192 0.496156 0.019299 0.496156 0.008364 0.493719 0.001051
