0 0.695109 0.569251 0.697234 0.535222 0.705750 0.510773 0.710703 0.484215 0.752547 0.483138 0.758937 0.494848 0.768156 0.530984 0.763906 0.561803 0.762484 0.578806 0.815672 0.600070 0.828438 0.652155 0.810000 0.671288 0.810000 0.703185 0.809297 0.707447 0.768156 0.679789 0.739078 0.658548 0.704328 0.625597 0.688719 0.603255 0.702203 0.586253
0 0.462797 0.625386 0.467625 0.619344 0.464406 0.594005 0.467625 0.554169 0.479703 0.530023 0.498234 0.534871 0.510312 0.569860 0.507891 0.606066 0.507078 0.632623 0.520781 0.635035 0.535266 0.649532 0.541719 0.665222 0.528016 0.694169 0.471656 0.734005 0.471984 0.674848 0.460375 0.647096
0 0.930766 0.895410 0.937766 0.830960 0.930766 0.788970 0.922766 0.763489 0.917766 0.684052 0.907766 0.658571 0.921766 0.636089 0.916766 0.592600 0.905766 0.571616 0.877766 0.562623 0.848750 0.579110 0.842750 0.585105 0.843750 0.612084 0.840750 0.625597 0.838750 0.643583 0.828750 0.660070 0.819750 0.675059 0.812750 0.697541 0.812750 0.714028 0.890766 0.758993 0.924766 0.926885 0.934766 0.974848 0.933766 0.896909
0 0.027844 0.739602 0.044672 0.644684 0.083156 0.618244 0.091969 0.593021 0.084766 0.561780 0.084766 0.534145 0.103203 0.513700 0.131250 0.514918 0.140078 0.552155 0.148891 0.629063 0.182563 0.672318 0.183359 0.766042 0.185766 0.921803 0.105609 0.920609 0.115219 0.824473 0.085562 0.759602
0 0.352531 0.738267 0.342656 0.688899 0.342656 0.639508 0.362422 0.624684 0.372312 0.619742 0.372312 0.585176 0.355828 0.540749 0.360781 0.511101 0.400313 0.506183 0.416781 0.508642 0.426672 0.543208 0.434906 0.590117 0.454672 0.614824 0.461266 0.624684 0.466203 0.656792 0.476094 0.681475 0.476094 0.720984 0.464563 0.683958 0.438203 0.639508 0.420078 0.634567 0.400313 0.639508 0.383844 0.666674 0.383844 0.698759 0.369016 0.701241 0.355828 0.728384
27 0.607344 0.737658 0.632047 0.736745 0.651375 0.763513 0.637984 0.792482 0.592484 0.804075 0.587719 0.790258 0.587719 0.780890 0.587719 0.776885 0.590391 0.768407 0.607344 0.739438
0 0.381797 0.686698 0.382469 0.667049 0.388859 0.652412 0.398609 0.640843 0.416094 0.637799 0.431219 0.639321 0.447703 0.658970 0.456109 0.672084 0.465859 0.704333 0.469562 0.723981 0.470234 0.735574 0.470234 0.745152 0.462828 0.754215 0.435594 0.776393 0.418781 0.784965 0.401844 0.777447 0.394937 0.750187 0.390547 0.729485 0.387406 0.708806 0.383641 0.694684
73 0.567297 0.809415 0.721406 0.769227 0.728953 0.774262 0.739844 1.000000 0.573156 1.000000 0.563953 0.819438
0 0.370984 0.966370 0.370984 0.964122 0.370984 0.959649 0.370984 0.946183 0.372484 0.932740 0.373984 0.928244 0.376969 0.917049 0.376969 0.905831 0.376969 0.890141 0.376969 0.858735 0.379969 0.843045 0.382953 0.829602 0.379969 0.820632 0.396422 0.791475 0.402406 0.784754 0.423344 0.780258 0.448781 0.760094 0.460750 0.753372 0.472719 0.742155 0.486172 0.728689 0.505625 0.712998 0.523578 0.697307 0.546016 0.661429 0.556484 0.625550 0.557984 0.578478 0.546016 0.551569 0.543031 0.542600 0.528062 0.526909 0.525078 0.506721 0.522078 0.497752 0.520578 0.488782 0.520578 0.479813 0.520578 0.461874 0.517594 0.461874 0.517594 0.452904 0.514609 0.437213 0.522078 0.439461 0.529563 0.441710 0.523578 0.410304 0.529563 0.401335 0.531062 0.385644 0.532547 0.376674 0.540031 0.345293 0.544516 0.322881 0.556484 0.298197 0.571453 0.289227 0.584906 0.287002 0.590891 0.282506 0.616328 0.280258 0.625297 0.278033 0.641750 0.280258 0.670172 0.293724 0.674672 0.307166 0.695609 0.338571 0.698609 0.358735 0.703094 0.392365 0.698609 0.432740 0.697109 0.437213 0.712062 0.428244 0.715062 0.446183 0.718047 0.452904 0.712062 0.493279 0.709078 0.506721 0.695609 0.551569 0.686641 0.587447 0.716547 0.639016 0.725531 0.683864 0.747969 0.679368 0.786859 0.704028 0.798828 0.706276 0.843703 0.730937 0.855672 0.730937 0.876625 0.744403 0.887094 0.755597 0.894563 0.766815 0.899063 0.809415 0.902047 0.829602 0.909531 0.863232 0.912516 0.885644 0.917016 0.910304 0.924484 0.939461 0.934953 0.973091 0.933469 0.977588 0.372484 0.982061
0 0.367234 0.611944 0.371359 0.574754 0.360000 0.546885 0.341391 0.537588 0.312453 0.559274 0.302125 0.605738 0.303156 0.644473 0.291781 0.677002 0.284547 0.707986 0.289719 0.779227 0.279375 0.850492 0.273187 0.952717 0.272141 0.985246 0.305219 0.985246 0.325891 0.859789 0.337266 0.802482 0.339328 0.773044 0.344500 0.734309 0.334156 0.670796 0.333125 0.633630 0.358969 0.610398
