46 0.594938 0.386521 0.581453 0.343812 0.605062 0.323604 0.643813 0.298875 0.724719 0.276396 0.739891 0.253938 0.814047 0.222479 0.893266 0.229208 0.921906 0.240458 0.932016 0.271917 0.953938 0.316854 0.926969 0.384271 0.970781 0.417979 0.984266 0.456188 0.980906 0.498875 0.958984 0.530333 0.942141 0.548312 0.879781 0.543813 0.859547 0.539333 0.808984 0.512354 0.743266 0.465167 0.692703 0.397750 0.665734 0.386521 0.633703 0.382021 0.620219 0.388771 0.594938 0.382021
46 0.114609 0.115167 0.171906 0.119667 0.190453 0.142125 0.185391 0.202812 0.190453 0.261229 0.207297 0.303937 0.222469 0.337646 0.229219 0.369104 0.234266 0.427521 0.230906 0.501687 0.222469 0.519667 0.208984 0.537646 0.203938 0.544375 0.165172 0.564604 0.109547 0.553375 0.069094 0.517417 0.042141 0.450000 0.038766 0.391583 0.000000 0.382583 0.003375 0.198313 0.030344 0.218542 0.055625 0.236521 0.085953 0.241021 0.114609 0.211792 0.126406 0.193813 0.134828 0.162354
46 0.103250 0.854542 0.122734 0.870125 0.169484 0.825979 0.292203 0.597396 0.337016 0.483125 0.309734 0.438958 0.249344 0.464938 0.233766 0.485708 0.212344 0.542854 0.183109 0.563646 0.130516 0.662333 0.093500 0.737667 0.079875 0.828562 0.097406 0.862333
46 0.284422 0.005187 0.255188 0.005187 0.222078 0.335063 0.233766 0.379229 0.241563 0.423375 0.239609 0.454542 0.245453 0.464938 0.284422 0.449354 0.319484 0.436354 0.321422 0.436354 0.325328 0.381813 0.319484 0.374021 0.305844 0.405188 0.301953 0.376625 0.294156 0.280521 0.286359 0.161042 0.284422 0.010396
46 0.471906 0.359542 0.391016 0.208979 0.397750 0.000000 0.517422 0.008979 0.498875 0.150562 0.524156 0.265167 0.535953 0.341583 0.510672 0.361792 0.478656 0.359542
46 0.305063 0.377521 0.291578 0.249438 0.288203 0.004500 0.382578 0.006750 0.391016 0.170792 0.367422 0.323604 0.325281 0.375271 0.301688 0.388771
46 0.323578 0.550708 0.292828 0.689479 0.246703 0.834542 0.230156 0.881583 0.225422 0.958854 0.192313 1.000000 0.135531 0.998271 0.131984 0.936771 0.154469 0.853208 0.198219 0.772771 0.269172 0.643479 0.296375 0.597750 0.311750 0.544125
46 0.804047 0.987604 0.846281 0.915542 0.868250 0.825458 0.864859 0.760125 0.858109 0.681313 0.858109 0.606979 0.846281 0.541667 0.744938 0.467333 0.695953 0.402021 0.652031 0.397521 0.630062 0.388521 0.587844 0.390771 0.582766 0.352479 0.523656 0.347979 0.442562 0.395271 0.400344 0.469604 0.405406 0.548417 0.461156 0.548417 0.628375 0.503375 0.430750 0.606979 0.364859 0.724104 0.326016 0.773646 0.334453 0.875000 0.380063 0.915542 0.371625 0.983104 0.375000 0.987604
46 0.861234 0.550563 0.857859 0.615729 0.861234 0.723604 0.859547 0.820229 0.864609 0.874167 0.913484 0.950562 0.942141 0.986521 1.000000 0.986521 1.000000 0.901125 0.997750 0.815729 0.979219 0.719104 0.974156 0.573042 0.977531 0.512354 0.928656 0.548312 0.867984 0.541583
0 0.028813 0.700562 0.017578 0.604250 0.012766 0.535750 0.056109 0.480104 0.102641 0.537917 0.139563 0.565729 0.168453 0.582854 0.088203 0.756208 0.075359 0.839667 0.120297 0.880333 0.154016 0.856792 0.134750 0.968083 0.000000 0.987354 0.006344 0.736938
46 0.396062 0.480521 0.402812 0.628833 0.321906 0.790646 0.345500 0.860292 0.340453 0.903000 0.328656 0.925458 0.310109 0.950188 0.274719 0.983896 0.219094 0.968167 0.205625 0.911979 0.222469 0.885021 0.252813 0.851313 0.289891 0.691750 0.321906 0.604125 0.340453 0.554688 0.347187 0.491750 0.350563 0.467042
