0 0.970859 0.986514 0.603406 1.000000 0.637812 0.804486 0.643953 0.791000 0.651328 0.739314 0.668547 0.707857 0.727531 0.721343 0.754562 0.741571 0.779141 0.694371 0.709094 0.694371 0.711547 0.656171 0.686969 0.689886 0.674688 0.689886 0.658703 0.678657 0.646422 0.656171 0.655016 0.617971 0.673453 0.606743 0.698031 0.615743 0.755797 0.604486 0.790203 0.595514 0.803719 0.568543 0.813547 0.548314 0.824609 0.510114 0.830766 0.465171 0.840594 0.431457 0.878688 0.413486 0.862703 0.330343 0.866391 0.260686 0.883609 0.215743 0.906953 0.197743 0.924156 0.193257 0.969625 0.220229 0.990516 0.283143 0.978234 0.397743 1.000000 0.453943 0.978234 0.993257
40 0.567781 0.562229 0.566422 0.539857 0.561437 0.490171 0.564156 0.481886 0.587266 0.483543 0.587719 0.504257 0.589063 0.548143 0.577297 0.558914 0.573672 0.614400 0.570047 0.608600 0.569594 0.577143
60 0.605984 0.993371 0.588266 0.999000 0.568250 0.991971 0.551297 0.989143 0.539750 0.986343 0.529734 0.984914 0.508937 0.993371 0.502781 1.000000 0.365625 0.999886 0.360547 0.972029 0.356484 0.945057 0.353437 0.932057 0.347844 0.921829 0.349375 0.918114 0.340734 0.810343 0.340734 0.806629 0.317359 0.791743 0.270609 0.776886 0.249266 0.777829 0.246219 0.771314 0.246719 0.763886 0.243172 0.743429 0.237578 0.718343 0.233516 0.701629 0.233000 0.620771 0.244688 0.612429 0.249766 0.613343 0.281422 0.592486 0.283938 0.583314 0.285344 0.575600 0.285812 0.572200 0.287219 0.569629 0.291422 0.566200 0.290016 0.561086 0.289078 0.553371 0.288141 0.549114 0.291891 0.544829 0.299375 0.543114 0.315266 0.538857 0.326016 0.541400 0.329297 0.543971 0.335844 0.543971 0.346594 0.540543 0.352672 0.543114 0.353609 0.543114 0.352672 0.508914 0.348000 0.502943 0.343328 0.494371 0.341453 0.476429 0.344734 0.445657 0.358281 0.442229 0.366703 0.449057 0.369516 0.450771 0.384469 0.451629 0.384937 0.442229 0.391953 0.441371 0.396625 0.440514 0.404109 0.443086 0.407391 0.455057 0.419078 0.453343 0.417672 0.437886 0.427953 0.431886 0.437781 0.431886 0.443391 0.434457 0.445719 0.438743 0.446156 0.424486 0.446156 0.391457 0.446156 0.388314 0.456062 0.388314 0.461219 0.385171 0.464656 0.384371 0.466391 0.385943 0.467250 0.389086 0.467250 0.432371 0.473266 0.433943 0.474125 0.520200 0.484453 0.517857 0.490906 0.514686 0.491766 0.512343 0.491766 0.498171 0.487469 0.490314 0.484453 0.480857 0.483594 0.468286 0.486609 0.432886 0.504672 0.436029 0.505969 0.440743 0.507688 0.463543 0.507266 0.475371 0.505109 0.484000 0.502094 0.490314 0.497391 0.496286 0.497031 0.505629 0.507953 0.507629 0.513422 0.506943 0.518516 0.506286 0.520703 0.496971 0.525078 0.476971 0.528000 0.462971 0.529094 0.451000 0.529812 0.405686 0.538203 0.404343 0.540016 0.463657 0.545844 0.493629 0.555313 0.490286 0.560781 0.490286 0.569703 0.493629 0.574813 0.486286 0.576266 0.474314 0.589750 0.473629 0.592297 0.469657 0.593750 0.453657 0.611609 0.453000 0.615250 0.457657 0.631641 0.460314 0.634203 0.464314 0.635281 0.480971 0.635281 0.488971 0.634562 0.500943 0.633828 0.508943 0.633469 0.516286 0.632375 0.520286 0.636016 0.531600 0.637469 0.533600 0.646953 0.534257 0.657156 0.539600 0.691031 0.550743 0.708891 0.575400 0.710344 0.582743 0.713250 0.596714 0.710703 0.602714 0.707062 0.608057 0.705609 0.614714 0.705609 0.617371 0.697219 0.618714 0.693219 0.622029 0.689578 0.622029 0.683750 0.618714 0.669172 0.615371 0.661891 0.616029 0.648766 0.656686 0.650953 0.667343 0.661891 0.676000 0.669172 0.678657 0.671359 0.684000 0.674266 0.688000 0.692859 0.673343 0.699047 0.663343 0.703781 0.662686 0.709250 0.665343 0.716906 0.667343 0.722734 0.688657 0.724187 0.699486 0.739484 0.680171 0.752969 0.682829 0.735844 0.733457 0.722359 0.721457 0.706328 0.712800 0.672453 0.712800 0.651312 0.749457 0.649141 0.762771 0.646219 0.788086 0.633469 0.828714 0.629094 0.854714 0.626906 0.872686 0.625812 0.895343 0.610516 0.972629 0.606141 0.993286
0 0.201094 0.713000 0.169219 0.672657 0.141016 0.578486 0.112812 0.443943 0.139781 0.365457 0.159406 0.325114 0.166766 0.318371 0.179016 0.255600 0.188828 0.221971 0.207219 0.199543 0.230516 0.210771 0.244016 0.224229 0.255047 0.262343 0.258719 0.291486 0.255047 0.336314 0.244016 0.367714 0.235422 0.403600 0.231750 0.455143 0.248906 0.484314 0.272219 0.522429 0.289375 0.556057 0.269766 0.609857 0.250141 0.616600 0.236656 0.616600 0.234203 0.634543 0.237875 0.713000 0.250141 0.755600 0.250141 0.769057
0 0.561688 0.305657 0.567078 0.261343 0.585938 0.244086 0.594016 0.236686 0.608844 0.249029 0.622312 0.285971 0.629047 0.330286 0.657328 0.354914 0.662719 0.450971 0.662719 0.500257 0.672141 0.527343 0.649250 0.542114 0.637125 0.537200 0.639813 0.473143 0.604797 0.455914 0.577859 0.455914 0.553609 0.460829 0.537453 0.448514 0.540141 0.414029 0.575156 0.352457 0.573812 0.347543 0.564391 0.379543 0.546875 0.409114 0.548219 0.362314
0 0.682281 0.423343 0.686938 0.389314 0.699734 0.379371 0.719906 0.381514 0.716031 0.363771 0.714469 0.346057 0.717188 0.326914 0.721453 0.300686 0.729594 0.291457 0.739672 0.292171 0.750141 0.294286 0.741609 0.328343 0.742391 0.346771 0.745875 0.382943 0.744328 0.392857 0.719516 0.390029 0.701281 0.411286 0.697016 0.455971 0.697797 0.474400 0.682672 0.500629 0.682281 0.458800 0.676250 0.468143 0.673547 0.453971 0.658031 0.498629 0.667344 0.520629 0.672766 0.489429
27 0.075187 0.420829 0.082953 0.401143 0.086844 0.400600 0.090719 0.405514 0.091031 0.418629 0.096406 0.436657 0.095500 0.444314 0.094609 0.453057 0.099984 0.490771 0.105062 0.514257 0.083250 0.458514 0.084453 0.449771
0 0.393438 0.442000 0.401953 0.404514 0.407750 0.374086 0.413938 0.352171 0.424781 0.350029 0.425547 0.335886 0.425156 0.323171 0.425156 0.318914 0.430188 0.275771 0.435219 0.258800 0.445281 0.252429 0.453406 0.248886 0.465000 0.260200 0.472359 0.272229 0.477000 0.283543 0.482031 0.300514 0.483953 0.315371 0.483953 0.323171 0.494406 0.333771 0.499438 0.345086 0.503688 0.368429 0.506781 0.395314 0.511422 0.444829 0.511422 0.499286 0.509875 0.507771 0.504078 0.509886 0.496344 0.507771 0.497500 0.496457 0.503297 0.488686 0.505625 0.478057 0.505625 0.456857 0.504078 0.437743 0.497109 0.434914 0.490531 0.435629 0.487047 0.441286 0.487828 0.461800 0.487047 0.484429 0.490531 0.492914 0.492078 0.503543 0.490531 0.512029 0.483953 0.516257 0.476609 0.518371 0.473516 0.512029 0.473516 0.501400 0.473516 0.489371 0.473516 0.487257 0.473125 0.481600 0.473125 0.472400 0.470812 0.461086 0.467719 0.442714 0.466937 0.433514 0.466547 0.415829 0.466547 0.388943 0.462687 0.384714 0.460750 0.384714 0.461141 0.408029 0.459203 0.429257 0.457656 0.431371 0.456875 0.432086 0.455719 0.391771 0.452234 0.388943 0.447984 0.390371 0.447594 0.396714 0.448375 0.416543 0.446828 0.429257 0.444109 0.433514 0.437156 0.438457 0.425547 0.439171 0.416656 0.439171 0.416656 0.450486 0.416656 0.456857 0.410469 0.456857 0.406984 0.448371 0.403891 0.442000 0.397312 0.442000
0 0.322516 0.541971 0.299953 0.539314 0.289516 0.540200 0.280547 0.540200 0.269859 0.525543 0.262109 0.517114 0.249234 0.489629 0.238328 0.467886 0.242688 0.454571 0.244875 0.388886 0.249719 0.376914 0.264281 0.348971 0.270594 0.337857 0.274969 0.328543 0.278609 0.278857 0.283938 0.267314 0.298250 0.251343 0.304078 0.244686 0.312328 0.244686 0.320828 0.250886 0.332469 0.275743 0.339516 0.332086 0.335391 0.340086 0.335391 0.344971 0.356984 0.357829 0.357219 0.375571 0.355766 0.388457 0.354797 0.428371 0.351391 0.440800 0.343641 0.452343 0.347766 0.498057 0.352859 0.497600 0.361828 0.497171 0.366203 0.505143 0.368625 0.519343 0.367406 0.533543 0.361344 0.540200 0.348250 0.541971 0.322766 0.541971
39 0.457625 0.439114 0.459703 0.427657 0.460016 0.421086 0.459406 0.384486 0.468672 0.386143 0.467781 0.429286 0.470469 0.441314 0.472859 0.457686 0.473453 0.475171 0.473453 0.524886 0.473156 0.547286 0.463000 0.548943 0.460906 0.546743 0.462703 0.476257 0.460609 0.458257 0.459109 0.450057
0 0.520891 0.439000 0.512672 0.437743 0.510281 0.422086 0.505141 0.381400 0.504109 0.357629 0.507875 0.355743 0.511297 0.345743 0.510625 0.338857 0.508906 0.330714 0.514391 0.318200 0.515063 0.313171 0.519516 0.267686 0.522594 0.255800 0.524656 0.245771 0.526359 0.237029 0.526359 0.236400 0.528078 0.232629 0.528078 0.230743 0.528078 0.227000 0.527734 0.214486 0.525344 0.194457 0.522937 0.172543 0.521578 0.163171 0.521578 0.153143 0.522594 0.148143 0.532875 0.130057 0.541766 0.125057 0.545531 0.125057 0.557859 0.128800 0.562641 0.137571 0.565391 0.144457 0.570172 0.158229 0.574969 0.178857 0.576687 0.185143 0.581125 0.204543 0.582844 0.207657 0.586266 0.215800 0.586953 0.232686 0.588656 0.237086 0.589344 0.240829 0.568812 0.265257 0.565047 0.297171 0.565047 0.300286 0.573250 0.343286 0.572922 0.352057 0.569828 0.354571 0.565047 0.354571 0.558547 0.357057 0.554094 0.361457 0.552031 0.367086 0.549641 0.375829 0.547594 0.385857 0.545531 0.395229 0.543484 0.403371 0.541422 0.412771 0.539031 0.419657 0.538688 0.419657 0.536625 0.410257 0.536297 0.409629 0.533547 0.407771 0.532531 0.406514 0.530125 0.412771 0.529437 0.422143 0.528078 0.428429 0.521922 0.434686
40 0.352422 0.506486 0.344281 0.489457 0.344281 0.456514 0.348344 0.443771 0.362297 0.445886 0.360547 0.474600 0.362297 0.501171 0.358234 0.510743 0.357641 0.527743 0.359391 0.549000 0.364625 0.553257 0.363453 0.563886 0.353578 0.564943 0.347187 0.562829 0.344859 0.557514 0.353578 0.547943
0 0.350250 0.354629 0.335422 0.345600 0.335922 0.340171 0.339375 0.333857 0.338141 0.318514 0.334688 0.283286 0.340375 0.273343 0.357656 0.283286 0.360125 0.296371 0.356672 0.311286 0.363594 0.325743 0.371000 0.338829 0.372719 0.356000 0.353953 0.351029 0.350500 0.354171
40 0.607859 0.482314 0.620453 0.480943 0.626016 0.487057 0.627500 0.513457 0.624531 0.539200 0.624156 0.541229 0.618969 0.556800 0.616375 0.578486 0.615266 0.601514 0.620078 0.609629 0.610453 0.612343 0.600453 0.614371 0.598234 0.606257 0.608234 0.596771 0.606750 0.562914 0.606375 0.547343 0.606375 0.546657 0.602313 0.537857 0.599719 0.519571 0.600453 0.497886 0.603781 0.479600
0 0.522391 0.270371 0.501203 0.232886 0.503266 0.215371 0.503266 0.192886 0.486859 0.180400 0.482078 0.192886 0.483437 0.229143 0.484812 0.244114 0.477969 0.247886 0.468406 0.260371 0.471141 0.279114 0.480016 0.316600 0.488906 0.327857 0.493016 0.337857 0.501203 0.342857 0.488219 0.345371 0.482078 0.367857 0.475922 0.380343 0.475234 0.399086 0.482750 0.474086 0.493687 0.450343 0.498469 0.362857 0.503266 0.352857 0.510781 0.351600 0.512141 0.347857 0.508047 0.330371 0.514875 0.311600 0.517609 0.285371 0.518984 0.265371
56 0.344375 0.449057 0.338625 0.442057 0.337094 0.416857 0.337484 0.402857 0.341688 0.392371 0.341688 0.380486 0.340922 0.369286 0.332891 0.346886 0.332891 0.346200 0.347438 0.354571 0.358531 0.351800 0.367719 0.349686 0.378422 0.363686 0.376125 0.413371 0.370781 0.450457 0.365797 0.447657 0.366563 0.434343 0.372312 0.390971 0.373078 0.369286 0.364656 0.362286 0.358531 0.368571 0.356234 0.383971 0.355844 0.392371 0.358531 0.409171 0.355469 0.435057 0.353172 0.444143
56 0.999516 0.863857 0.999516 0.863857 0.999516 0.863857 0.987609 0.922657 0.985141 0.978686 0.986094 1.000000 0.980609 0.998029 0.978906 0.941314 0.985516 0.905000 0.989875 0.869057 0.998578 0.834114
56 0.699656 0.486714 0.699656 0.449257 0.701328 0.427714 0.704141 0.410257 0.711156 0.393343 0.722656 0.389229 0.740891 0.392314 0.751828 0.395400 0.753234 0.405143 0.749594 0.409229 0.733594 0.415400 0.724344 0.419000 0.714234 0.444114 0.713672 0.455400 0.706391 0.469771 0.702734 0.479000
27 0.867969 0.555829 0.873297 0.536343 0.877937 0.529971 0.882109 0.517686 0.889297 0.496057 0.890687 0.486314 0.893937 0.478257 0.893000 0.464714 0.894859 0.460029 0.896953 0.457486 0.899500 0.460457 0.903906 0.462171 0.908078 0.473171 0.909000 0.478686 0.903906 0.491829 0.903672 0.496486 0.887438 0.522343 0.874922 0.542686
40 0.594719 0.456943 0.590766 0.467771 0.589781 0.479486 0.593234 0.495743 0.595703 0.515571 0.598172 0.532714 0.599656 0.557971 0.590766 0.560686 0.595203 0.567000 0.603109 0.567886 0.605563 0.560686 0.605563 0.544457 0.601625 0.534514 0.600641 0.509257 0.601125 0.484000 0.602109 0.481286 0.611484 0.478600 0.613469 0.460543 0.611484 0.456943 0.608531 0.452429
41 0.439516 0.659571 0.429531 0.638800 0.429078 0.608114 0.450422 0.603114 0.470844 0.606429 0.472656 0.623029 0.477203 0.627200 0.479016 0.638800 0.479016 0.647114 0.474016 0.657914 0.464031 0.657086 0.461766 0.664543 0.442250 0.664543 0.439516 0.658743
42 0.304203 0.639914 0.319578 0.633429 0.334953 0.624771 0.347969 0.622600 0.360984 0.599543 0.366109 0.603857 0.355266 0.629086 0.345594 0.628371 0.331016 0.630543 0.311297 0.644600 0.303219 0.644229
40 0.552422 0.606943 0.555109 0.570514 0.564266 0.555743 0.565875 0.496657 0.547031 0.492714 0.538422 0.499600 0.537344 0.518314 0.536266 0.551800 0.545953 0.568543 0.546500 0.607943 0.545953 0.621714
41 0.553422 0.664171 0.575250 0.666114 0.580578 0.657371 0.586969 0.655400 0.596563 0.652486 0.599750 0.633000 0.593359 0.627171 0.586969 0.632029 0.584844 0.621314 0.584844 0.621314 0.577922 0.614514 0.564609 0.606714 0.547031 0.611600 0.544375 0.626200 0.545969 0.649571 0.548094 0.662229
41 0.327391 0.547286 0.327672 0.566971 0.322016 0.583200 0.308016 0.581743 0.301016 0.582714 0.294563 0.565000 0.293484 0.549257 0.294031 0.542371 0.321203 0.541371 0.328203 0.542857
40 0.435078 0.568657 0.428016 0.555114 0.421672 0.538343 0.422719 0.514457 0.424141 0.489943 0.428375 0.478971 0.438953 0.476371 0.447422 0.477657 0.451656 0.483486 0.453781 0.517029 0.453422 0.539629 0.448141 0.554457 0.441078 0.564800 0.440375 0.590600 0.438953 0.605457 0.435781 0.606743 0.435078 0.606086 0.434016 0.605457 0.430484 0.604143 0.426250 0.611257 0.429781 0.615114 0.432953 0.609971
40 0.371016 0.464314 0.370250 0.476886 0.368469 0.488086 0.368469 0.497857 0.368469 0.509514 0.370250 0.519286 0.370766 0.520686 0.373563 0.524400 0.374844 0.525800 0.376625 0.526743 0.378656 0.528600 0.377125 0.580771 0.370250 0.584486 0.367703 0.586371 0.368719 0.592429 0.376109 0.594743 0.386297 0.595200 0.392422 0.592857 0.393937 0.591000 0.389359 0.584486 0.384781 0.579343 0.384016 0.577971 0.383750 0.536029 0.383500 0.532314 0.393937 0.524857 0.396500 0.512743 0.396500 0.503429 0.395219 0.471286 0.394969 0.464771 0.393937 0.463371 0.389359 0.461971 0.381469 0.460114 0.374078 0.460114 0.372547 0.461029
40 0.574922 0.602143 0.580219 0.605857 0.587156 0.606629 0.591641 0.607371 0.596531 0.601400 0.592453 0.595429 0.586750 0.584229 0.588375 0.549914 0.590422 0.545457 0.596938 0.535743 0.593672 0.498457 0.592047 0.488771 0.590000 0.479800 0.586750 0.483543 0.588375 0.542457 0.584297 0.555143 0.581844 0.586486 0.577766 0.591686 0.575734 0.598400
27 0.821828 0.468200 0.821828 0.461143 0.821609 0.457600 0.828500 0.438686 0.823969 0.428857 0.820312 0.426886 0.818156 0.426886 0.811703 0.447743 0.810625 0.456400 0.807609 0.469800 0.804813 0.487486 0.800078 0.520171 0.800297 0.524086 0.811484 0.524086 0.814719 0.512286 0.809547 0.543771 0.805891 0.567400 0.805031 0.577229 0.797500 0.586286 0.793625 0.587857 0.796641 0.574086
39 0.442391 0.474371 0.442063 0.458914 0.442734 0.451514 0.444766 0.444714 0.446453 0.439171 0.447469 0.430514 0.447469 0.426800 0.447125 0.415086 0.447469 0.389743 0.455234 0.387914 0.456250 0.434829 0.457594 0.448429 0.459953 0.457086 0.461984 0.471286 0.462656 0.485486 0.461641 0.550943 0.456250 0.550943 0.456922 0.541057 0.457594 0.531171 0.457937 0.526229 0.457594 0.516971 0.456578 0.505857 0.454547 0.485486 0.453875 0.481771 0.451516 0.476829 0.446453 0.474971 0.444078 0.474371
27 0.599469 0.393629 0.596969 0.442400 0.590719 0.462229 0.589047 0.462229 0.595312 0.398200 0.592391 0.385229 0.599469 0.390571
27 0.213453 0.412171 0.209203 0.416400 0.208672 0.424829 0.212750 0.438457 0.215234 0.443657 0.216125 0.447543 0.215062 0.453400 0.214344 0.458914 0.216125 0.465086 0.218969 0.467686 0.222516 0.466714 0.222344 0.454057 0.220563 0.441400 0.218609 0.436200 0.217187 0.427114 0.217187 0.422886 0.214172 0.417029 0.213453 0.413457
40 0.486797 0.439886 0.485031 0.470286 0.487859 0.489686 0.491750 0.499400 0.494578 0.503943 0.493516 0.525914 0.484672 0.534971 0.495641 0.542086 0.503422 0.543371 0.497406 0.531086 0.497406 0.499400 0.505188 0.483229 0.506953 0.458657 0.505891 0.435371
56 0.402234 0.384457 0.396594 0.390257 0.392719 0.402514 0.390234 0.418000 0.389188 0.443171 0.395187 0.443171 0.395187 0.430914 0.396594 0.414771 0.399422 0.403171 0.404000 0.395429 0.405766 0.388314 0.403656 0.382514
42 0.651500 0.550000 0.661203 0.538914 0.665094 0.543343 0.654172 0.550914 0.652469 0.551343
0 0.004047 0.340743 0.010797 0.323457 0.012156 0.291371 0.004047 0.276543 0.004047 0.251857 0.002703 0.217286 0.008109 0.167914 0.024312 0.145686 0.058063 0.123457 0.082375 0.138286 0.103969 0.180257 0.110719 0.209886 0.110719 0.246914 0.113422 0.274086 0.109375 0.313571 0.102625 0.345686 0.101266 0.380257 0.117484 0.454314 0.147188 0.614829 0.175547 0.681486 0.239000 0.758029 0.253859 0.787657 0.290312 0.790114 0.336234 0.807400 0.341625 0.822229 0.353781 0.925914 0.361875 0.953086 0.364578 0.987657 0.001344 0.982714 0.001344 0.372829
41 0.655438 0.590057 0.654281 0.610886 0.646562 0.625686 0.629781 0.623943 0.624563 0.619686 0.620328 0.602771 0.621672 0.581600 0.634406 0.577714 0.649078 0.579829 0.655641 0.583714
0 0.676078 0.539600 0.685000 0.504857 0.698953 0.468686 0.702453 0.457343 0.706328 0.433943 0.709422 0.419771 0.716797 0.411971 0.724156 0.407000 0.736562 0.404171 0.749750 0.402743 0.744719 0.364714 0.742781 0.337057 0.742781 0.317914 0.746656 0.298057 0.750141 0.288857 0.758281 0.281743 0.774188 0.278914 0.781937 0.283886 0.790078 0.290257 0.795516 0.294514 0.796281 0.306571 0.796281 0.323600 0.796281 0.342743 0.796281 0.354086 0.795125 0.366143 0.790469 0.371800 0.788922 0.382457 0.788531 0.393800 0.793578 0.405857 0.798219 0.411514 0.780000 0.435829 0.771078 0.468457 0.759453 0.498943 0.750141 0.518800 0.740828 0.533686 0.730750 0.550000 0.727656 0.554257 0.717188 0.547857 0.707875 0.545029 0.700500 0.552114 0.699344 0.552829 0.682672 0.551400 0.677625 0.546457
