0 0.661800 0.795482 0.687880 0.701898 0.696320 0.684578 0.693240 0.637229 0.638020 0.580602 0.626520 0.582922 0.619620 0.571386 0.631880 0.562139 0.693240 0.614127 0.706280 0.619880 0.707820 0.614127 0.701680 0.607199 0.703980 0.582922 0.708580 0.567922 0.719320 0.560964 0.736980 0.580602 0.730060 0.604880 0.726240 0.614127 0.735440 0.621054 0.745400 0.638373 0.751540 0.685723 0.744640 0.699608 0.733140 0.690361 0.732360 0.698434 0.741580 0.728494 0.738500 0.771235 0.740800 0.825512 0.740800 0.888193 0.752320 0.905512 0.747700 0.915904 0.725460 0.900904 0.728540 0.856988 0.720860 0.821175 0.712420 0.809639 0.706280 0.815392 0.697860 0.840813 0.687880 0.878946 0.687120 0.904367 0.674080 0.905512 0.672540 0.893946 0.681740 0.876627 0.680980 0.816566 0.674080 0.817711 0.668700 0.817711 0.667160 0.805000 0.662560 0.800392
33 0.252400 0.460512 0.302480 0.404096 0.283940 0.306114 0.270140 0.330452 0.270140 0.385693 0.261080 0.381536 0.267780 0.391627 0.240960 0.448645
0 0.000000 0.805181 0.017900 0.822470 0.023880 0.842711 0.026860 0.858434 0.022380 0.867410 0.022380 0.885392 0.010440 0.885392 0.000000 0.880904 0.000000 0.835964
0 0.637820 0.831777 0.630120 0.794518 0.626260 0.782922 0.626260 0.767169 0.629020 0.760542 0.635620 0.767169 0.638360 0.762199 0.638920 0.733223 0.633960 0.713343 0.629560 0.696777 0.621320 0.684367 0.620220 0.673584 0.614720 0.666958 0.604820 0.666958 0.603720 0.671114 0.603160 0.679398 0.603720 0.686837 0.601520 0.694307 0.598220 0.700090 0.593820 0.703404 0.592720 0.706717 0.589420 0.712500 0.588860 0.715000 0.592720 0.725753 0.596020 0.731566 0.601520 0.739006 0.605920 0.743976 0.607560 0.750602 0.609220 0.760542 0.611420 0.774639 0.608120 0.802801 0.608120 0.816054 0.603720 0.822681 0.602620 0.836747 0.609760 0.835934 0.614720 0.836747 0.615820 0.828464 0.616360 0.816868 0.616360 0.806928 0.618020 0.800301 0.621860 0.801958 0.627360 0.814398 0.629560 0.821837 0.629020 0.829307 0.626260 0.832620 0.626260 0.836747 0.631760 0.841717 0.635620 0.838404 0.638920 0.833434 0.638360 0.832620
24 0.780180 0.902922 0.777980 0.884789 0.781820 0.872440 0.787300 0.862530 0.793320 0.852651 0.798240 0.850994 0.803720 0.846868 0.813020 0.846868 0.819040 0.860060 0.825620 0.871596 0.828900 0.878193 0.819040 0.845211 0.822340 0.828735 0.828900 0.827078 0.833820 0.861717 0.836560 0.873253 0.842040 0.880663 0.841500 0.893042 0.836020 0.897982 0.835480 0.907048 0.831100 0.913645 0.826720 0.924367 0.823420 0.931777 0.821240 0.938374 0.818500 0.944970 0.816860 0.952410 0.809200 0.954066 0.804260 0.954066 0.797700 0.947470 0.789480 0.936747 0.785100 0.926024 0.782360 0.913645
0 0.857780 0.710392 0.858500 0.703916 0.863500 0.704187 0.864940 0.708223 0.870660 0.715512 0.873160 0.720361 0.871020 0.726295 0.868880 0.729518 0.868340 0.745422 0.860280 0.748102 0.859560 0.741627 0.865300 0.735723 0.864040 0.727349 0.859920 0.714970 0.857600 0.712259
2 0.145980 0.781446 0.141220 0.765151 0.129760 0.768735 0.117880 0.771988 0.116140 0.788916 0.126960 0.791205 0.150520 0.752139 0.183140 0.751145 0.185100 0.769699 0.183800 0.791205 0.145540 0.792831 0.139480 0.792500 0.136240 0.792500 0.133440 0.790542 0.137100 0.781114
0 0.939300 0.726205 0.938200 0.724759 0.937720 0.722620 0.938980 0.721898 0.938680 0.721416 0.941680 0.719759 0.943260 0.719759 0.946900 0.715211 0.948320 0.710934 0.950540 0.709036 0.948960 0.706657 0.948320 0.703795 0.948020 0.701386 0.950540 0.700934 0.953560 0.700693 0.955920 0.700934 0.955300 0.705211 0.956080 0.708072 0.958940 0.708313 0.959400 0.711657 0.959880 0.714518 0.959720 0.717380 0.958780 0.718554 0.957820 0.720241 0.955460 0.721898 0.951020 0.724518 0.945480 0.724277 0.943580 0.722380 0.942940 0.723102 0.942620 0.725723 0.941840 0.727139 0.944640 0.735151 0.946260 0.733765 0.951320 0.735151 0.953160 0.735512 0.953400 0.735843 0.954080 0.735512 0.955000 0.739307 0.954780 0.744518 0.954540 0.747651 0.954780 0.751807 0.955460 0.756988 0.956380 0.761506 0.955460 0.763916 0.952240 0.763584 0.950620 0.759759 0.950160 0.756295 0.950620 0.750060 0.950620 0.746958 0.949940 0.743133 0.949940 0.743133 0.946020 0.744518 0.943500 0.741386 0.943500 0.736898
24 0.173820 0.873012 0.173820 0.884367 0.176620 0.901265 0.192780 0.901898 0.200540 0.902560 0.204420 0.902560 0.206360 0.895723 0.208740 0.889578 0.211120 0.892801 0.218440 0.898343 0.219940 0.890542 0.220820 0.882108 0.218000 0.872681 0.212840 0.867169 0.206580 0.864880 0.200980 0.869096 0.196020 0.864578 0.188680 0.860994 0.181140 0.859036 0.175540 0.862952 0.172960 0.865874 0.172520 0.868795
1 0.951800 0.723614 0.937500 0.726687 0.937500 0.729759 0.945660 0.729759 0.943620 0.735904 0.933420 0.738976 0.925940 0.747169 0.927300 0.760482 0.931380 0.770723 0.942940 0.772771 0.944980 0.763554 0.945660 0.750241 0.951120 0.747169 0.947020 0.734879 0.951800 0.727711 0.951800 0.734879 0.958600 0.730783 0.958600 0.737952 0.972880 0.733855 0.974240 0.751265 0.974920 0.764578 0.967440 0.770723 0.957240 0.761506 0.956560 0.750241
24 0.399580 0.949940 0.382980 0.937982 0.364920 0.936898 0.343260 0.948855 0.342540 0.968434 0.361320 0.976054 0.381520 0.974970 0.397420 0.974970
0 0.141200 0.735181 0.142540 0.725120 0.141200 0.721114 0.138200 0.721627 0.134860 0.723133 0.134860 0.731175 0.132180 0.739729 0.130840 0.783976 0.126840 0.808102 0.129520 0.809608 0.131180 0.802560 0.134520 0.781446 0.138520 0.797530 0.140520 0.807108 0.146200 0.808102 0.145540 0.774398 0.142540 0.744759 0.142200 0.740211
24 0.027000 0.874337 0.024280 0.863855 0.023900 0.854578 0.023900 0.848765 0.022360 0.840030 0.024280 0.835392 0.028540 0.831325 0.034700 0.829006 0.038960 0.831325 0.046280 0.837139 0.048220 0.842349 0.050540 0.850482 0.052840 0.856898 0.055000 0.865542 0.059200 0.870572 0.053760 0.870572 0.044520 0.872470 0.036560 0.874367 0.029420 0.874367 0.027340 0.874367
0 0.985800 0.738855 0.987840 0.760482 0.985980 0.763283 0.988600 0.765542 0.993080 0.765271 0.990840 0.740271 0.991580 0.738855 0.994380 0.763012 0.997360 0.763283 0.998300 0.763012 0.999220 0.759066 0.997180 0.757108 0.996800 0.742500 0.996420 0.730723 0.997180 0.721988 0.997360 0.718072 0.992880 0.708795 0.991760 0.705723 0.991580 0.702621 0.991020 0.700090 0.991020 0.698133 0.990640 0.696446 0.989520 0.695030 0.987480 0.694759 0.985620 0.694759 0.984300 0.696175 0.984500 0.700361 0.984500 0.701777 0.984860 0.706837 0.984300 0.709639 0.983180 0.711596 0.981700 0.716657 0.982260 0.722560 0.982620 0.723976 0.983000 0.729036 0.983560 0.729307
9 0.192120 0.626355 0.195960 0.628283 0.196340 0.628283 0.201740 0.629066 0.203920 0.633494 0.203520 0.640060 0.203400 0.647018 0.202620 0.649548 0.202760 0.653976 0.202380 0.661114 0.197120 0.660542 0.195700 0.663042 0.191860 0.663253 0.190580 0.658434 0.190700 0.628102
0 0.852340 0.735422 0.847300 0.739337 0.845800 0.741867 0.850100 0.751416 0.852520 0.757319 0.853080 0.760422 0.851780 0.763494 0.851780 0.763765 0.851580 0.765181 0.851400 0.766867 0.853080 0.768283 0.856260 0.760693 0.856440 0.760693 0.854580 0.747500 0.857180 0.744398 0.861100 0.740181 0.864460 0.736265 0.864280 0.728675 0.860360 0.715181 0.854580 0.710120 0.853460 0.707590 0.853460 0.703102 0.852700 0.700843 0.850840 0.700572 0.850100 0.700301 0.848240 0.699458 0.846740 0.700572 0.846740 0.700572 0.846360 0.702259 0.846000 0.704217 0.845620 0.708434 0.847120 0.710693 0.848600 0.712380 0.849360 0.713494 0.847860 0.715181 0.848040 0.718283 0.848600 0.720512 0.836660 0.729789 0.837420 0.733735 0.840780 0.734006 0.851780 0.725843
2 0.195320 0.793434 0.206360 0.791596 0.236200 0.789759 0.240280 0.791596 0.250900 0.792831 0.257860 0.790994 0.267660 0.781145 0.270520 0.775602 0.270520 0.762048 0.269720 0.759578 0.260720 0.755904 0.250900 0.757108 0.236600 0.747259 0.210040 0.749729 0.189180 0.765753 0.187540 0.794066 0.183880 0.790361 0.176520 0.787892 0.175700 0.771295 0.181820 0.763283
1 0.845220 0.773193 0.837140 0.781325 0.832280 0.781325 0.827440 0.776446 0.824480 0.768735 0.825020 0.756566 0.832280 0.744789 0.838220 0.744398 0.838220 0.740331 0.840360 0.743163 0.840360 0.749277 0.844940 0.758584 0.856000 0.759819 0.857340 0.751295 0.865680 0.743976 0.871080 0.746416 0.875660 0.756566 0.877000 0.772801 0.868660 0.780090 0.863000 0.779277 0.857600 0.772801 0.856000 0.766717
9 0.213340 0.721717 0.204100 0.722259 0.204700 0.747892 0.206560 0.749217 0.213840 0.749398
0 0.380740 0.762922 0.385020 0.768645 0.385020 0.763163 0.385020 0.757199 0.384700 0.747199 0.383760 0.746235 0.383760 0.742169 0.382800 0.740271 0.380900 0.740271 0.378380 0.746476 0.377420 0.750512 0.375840 0.752922 0.377420 0.758404 0.378680 0.762681 0.377740 0.765542 0.382180 0.765542
2 0.509800 0.763042 0.509560 0.757169 0.505540 0.752440 0.496880 0.752078 0.495000 0.746024 0.479680 0.745452 0.474780 0.752831 0.465740 0.754157 0.465860 0.760572 0.468380 0.761717 0.468120 0.767560 0.504660 0.767380 0.504900 0.763795
9 0.230840 0.679789 0.222860 0.682199 0.225780 0.713042 0.230300 0.707048
9 0.177920 0.626867 0.171240 0.628042 0.169680 0.660904 0.180680 0.660602 0.179900 0.627139
