56 0.257141 0.862333 0.288312 0.838958 0.286359 0.792208 0.276625 0.766229 0.255188 0.761042 0.249344 0.761042 0.243500 0.761042 0.239609 0.696104 0.282469 0.680521 0.294156 0.657146 0.298047 0.641563 0.292203 0.625979 0.288312 0.618188 0.259094 0.592208 0.224031 0.584417 0.185062 0.584417 0.151953 0.610396 0.142203 0.633771 0.144156 0.667542 0.161688 0.690917 0.190906 0.693500 0.210391 0.703896 0.214281 0.766229 0.194813 0.771438 0.179219 0.781812 0.159734 0.800000 0.155844 0.828562 0.165578 0.851958 0.194813 0.859750 0.227922 0.862333 0.255188 0.862333
73 0.669344 0.655021 0.715594 0.662458 0.735516 0.666708 0.760234 0.726229 0.818437 0.686896 0.788141 0.616750 0.719578 0.601875 0.662969 0.648646
0 0.654359 0.715146 0.684563 0.659208 0.682891 0.656979 0.711406 0.665917 0.718125 0.610000 0.697984 0.524979 0.718125 0.462333 0.734906 0.422083 0.738250 0.422083 0.756719 0.408646 0.785234 0.399708 0.849000 0.448917 0.862422 0.524979 0.857375 0.583146 0.845641 0.650271 0.823828 0.686063 0.798656 0.627896 0.755031 0.598812 0.736578 0.610000 0.728188 0.663688 0.744969 0.712896 0.666109 0.809104 0.651000 0.835938 0.652687 0.744229 0.637578 0.753167 0.597313 0.782250 0.583891 0.782250 0.557047 0.793438 0.560406 0.813563 0.597313 0.833708 0.622484 0.860542 0.635906 0.847125 0.635906 0.757646
56 0.405359 0.464854 0.498703 0.439979 0.581266 0.484021 0.485063 0.495500 0.475016 0.498375 0.481469 0.602708 0.465672 0.591229 0.462094 0.587396 0.461375 0.521354 0.461375 0.511771 0.443422 0.501250 0.403922 0.480188 0.402500 0.470604 0.407516 0.464854
63 0.321187 0.565125 0.370313 0.547375 0.386672 0.470979 0.440906 0.499625 0.420437 0.588313 0.386672 0.600583 0.371328 0.600583
0 0.256437 0.053375 0.256437 0.053375 0.278625 0.038167 0.334391 0.082104 0.345172 0.098167 0.406641 0.120979 0.422500 0.161542 0.348969 0.158167 0.358484 0.174208 0.352141 0.206333 0.335672 0.198729 0.324891 0.187729 0.289406 0.204646 0.237438 0.198729 0.209547 0.150562 0.226656 0.102396 0.202578 0.077875 0.200031 0.044083 0.204469 0.034792 0.227922 0.026333 0.253281 0.047458
73 0.856203 0.743292 0.896688 0.730729 0.907984 0.730729 0.982359 0.683021 0.986125 0.701854 0.927750 0.735750 0.902328 0.770896 0.849609 0.758354
73 0.836516 0.712812 0.832641 0.701187 0.827797 0.685062 0.827312 0.668917 0.832641 0.656667 0.839891 0.654083 0.855391 0.653437 0.877656 0.652146 0.880062 0.657958 0.852969 0.667625 0.853453 0.673437 0.912500 0.708938 0.930891 0.708292 0.902812 0.734750 0.872328 0.725062 0.859250 0.722479 0.851516 0.719250 0.843281 0.718604 0.842797 0.718604
63 0.849922 0.669875 0.910016 0.708562 0.929578 0.713062 0.974141 0.682479 0.983594 0.668063 1.000000 0.660875 1.000000 0.628458 0.957266 0.632063 0.943078 0.663563 0.937016 0.659063 0.858703 0.663563
67 0.835109 0.727375 0.869109 0.736646 0.882656 0.722750 0.840656 0.713500 0.832672 0.726458
73 0.506250 0.698042 0.535359 0.715167 0.570047 0.730021 0.643266 0.699187 0.605156 0.676354 0.600875 0.684917 0.597875 0.698042 0.576469 0.700896 0.565328 0.690625 0.566188 0.675208 0.505391 0.692333
65 0.692781 0.603625 0.670984 0.585042 0.670203 0.582146 0.679234 0.577438 0.691406 0.587125 0.707109 0.599958 0.707109 0.603875 0.693359 0.604417 0.692781 0.603625
39 0.528375 0.586792 0.526672 0.597604 0.521969 0.611854 0.519828 0.681354 0.526672 0.686479 0.532656 0.685896 0.541203 0.684771 0.545469 0.679646 0.545891 0.607292 0.545891 0.607292 0.539484 0.597604 0.540344 0.586792 0.540344 0.586792 0.537344 0.579375 0.530094 0.578250 0.529656 0.586208
65 0.636438 0.578188 0.668938 0.593104 0.674094 0.595229 0.673906 0.600437 0.661656 0.603521 0.630937 0.588604 0.625078 0.585771 0.624719 0.581500 0.636438 0.577250
67 0.800266 0.461917 0.799078 0.454688 0.800359 0.451771 0.804016 0.453479 0.804672 0.456896 0.804937 0.465208 0.805766 0.468521 0.800531 0.462646
57 0.914516 0.950542 0.922578 0.963437 0.927422 0.978500 0.937094 0.967750 0.938703 0.952688 0.995156 0.922583 1.000000 0.524729 0.864516 0.494625 0.861297 0.535479 0.854844 0.572042 0.853219 0.600000 0.851609 0.617208 0.850000 0.630104 0.850000 0.636562 0.843547 0.651604 0.833875 0.658063 0.819359 0.686021 0.795156 0.701083 0.787094 0.705375 0.779031 0.718271 0.762906 0.735479 0.753219 0.729042 0.743547 0.741938 0.724187 0.780646 0.716125 0.784938 0.708063 0.791396 0.658063 0.709687 0.598391 0.670958 0.596781 0.627958 0.567734 0.608604 0.566125 0.638708 0.550000 0.643021 0.551609 0.606458 0.541937 0.595708 0.532266 0.578500 0.530641 0.612896 0.524188 0.621500 0.480641 0.593542 0.477422 0.503229 0.625812 0.479562 0.654844 0.410750 0.727422 0.436563 0.714516 0.492479 0.704844 0.516125 0.703219 0.544083 0.709672 0.559146 0.708063 0.580646 0.682266 0.574187 0.670969 0.567750 0.680641 0.602146 0.691938 0.617208 0.680641 0.643021 0.675812 0.655917 0.674188 0.675271 0.664516 0.696771
56 0.466406 0.981833 0.435937 0.941208 0.403125 0.922458 0.400781 0.869333 0.435937 0.850583 0.473437 0.822458 0.480469 0.775583 0.478125 0.747458 0.457031 0.725583 0.410156 0.700583 0.382031 0.709958 0.346875 0.709958 0.316406 0.728708 0.283594 0.753708 0.276563 0.775583 0.288281 0.800583 0.283594 0.819333 0.302344 0.841208 0.332812 0.859958 0.360938 0.859958 0.360938 0.931833 0.318750 0.941208 0.295312 0.972458 0.288281 0.981833
