46 0.750141 0.230667 0.736281 0.250313 0.734547 0.226063 0.717219 0.212187 0.673047 0.209875 0.665234 0.209875 0.672172 0.235292 0.646187 0.252625 0.638391 0.275729 0.644453 0.282667 0.653984 0.288437 0.655719 0.321938 0.659172 0.328875 0.675641 0.313854 0.663516 0.345042 0.663516 0.369292 0.663516 0.379687 0.663516 0.398188 0.663516 0.402792 0.658312 0.409729 0.649641 0.428208 0.647922 0.437458 0.647922 0.446688 0.649641 0.458250 0.654844 0.470958 0.659172 0.483667 0.662641 0.494062 0.662641 0.494062 0.665234 0.497521 0.665234 0.497521 0.675641 0.491750 0.685172 0.484813 0.687766 0.495208 0.686031 0.503292 0.685172 0.524083 0.687766 0.532188 0.687766 0.533333 0.692969 0.551812 0.701625 0.576083 0.701625 0.577229 0.708562 0.574917 0.713766 0.533333 0.736281 0.579542 0.752750 0.558750 0.780469 0.578396 0.790000 0.555292 0.822922 0.586479 0.818594 0.537958 0.839391 0.535646 0.852375 0.532188 0.806469 0.468646 0.874906 0.477875 0.874906 0.446688 0.874906 0.417812 0.878375 0.386625 0.863641 0.354271 0.885297 0.346188 0.879234 0.334646 0.866250 0.318479 0.861047 0.294208 0.876641 0.283812 0.845453 0.259562 0.832453 0.250313 0.863641 0.219125 0.856719 0.206417 0.848922 0.205271 0.840250 0.204104 0.835047 0.204104 0.833328 0.202958 0.830719 0.196021 0.827250 0.185625 0.784797 0.194875
46 0.728578 0.570604 0.715000 0.568479 0.695828 0.566354 0.679844 0.571667 0.662266 0.582333 0.664656 0.607896 0.688625 0.624937 0.679844 0.664354 0.689422 0.687792 0.703016 0.695250 0.720594 0.711229 0.736578 0.703771 0.753344 0.706979 0.772531 0.722958 0.790906 0.713375 0.816469 0.721896 0.824469 0.699521 0.823672 0.660104 0.813281 0.605771 0.786906 0.582333 0.770938 0.580187 0.762937 0.556750 0.735766 0.578062
46 0.258453 0.206083 0.258453 0.206083 0.239859 0.192563 0.212844 0.199333 0.207766 0.201583 0.177359 0.235354 0.157094 0.307438 0.180750 0.417792 0.211156 0.469604 0.221281 0.503375 0.236484 0.577708 0.255063 0.661042 0.307437 0.663292 0.315875 0.654271 0.363172 0.595729 0.369937 0.588958 0.396953 0.548417 0.402031 0.494375 0.402031 0.485354 0.395266 0.431313 0.378375 0.381750 0.398656 0.284917 0.395266 0.244375 0.356422 0.221854 0.320953 0.210583 0.283781 0.210583 0.271953 0.206083
46 0.392438 0.563271 0.413219 0.588688 0.412359 0.627958 0.423625 0.623333 0.431422 0.637188 0.435750 0.606000 0.436625 0.580583 0.445281 0.647604 0.465203 0.622187 0.479937 0.633729 0.488594 0.616396 0.486875 0.580583 0.499000 0.591000 0.504203 0.582896 0.513719 0.562104 0.506797 0.526292 0.512000 0.503187 0.511125 0.460458 0.503328 0.436187 0.504203 0.395771 0.490328 0.372667 0.486875 0.343771 0.495531 0.321833 0.491203 0.299875 0.477344 0.280250 0.447875 0.261771 0.415828 0.258292 0.400234 0.273313 0.376844 0.363417 0.389828 0.420021 0.384641 0.452375 0.387234 0.478938 0.391563 0.506667 0.382031 0.537854 0.369906 0.558646 0.369031 0.575979 0.382031 0.584063 0.386359 0.569042
46 0.144938 0.826958 0.171906 0.910104 0.188766 0.966292 0.168547 0.979771 0.139891 0.959542 0.114609 0.907875 0.111234 0.847187 0.119656 0.824729
46 0.133063 0.454896 0.154172 0.467083 0.174578 0.486792 0.196406 0.531833 0.191469 0.577812 0.180922 0.582500 0.149250 0.549667 0.124625 0.504625 0.116172 0.483979 0.124625 0.461458 0.133063 0.455833
46 0.065000 0.646854 0.013797 0.671354 0.065000 0.706375 0.078141 0.767667 0.104406 0.751896 0.107031 0.723896 0.105719 0.688875 0.096531 0.669604
46 0.041250 0.926979 0.051781 0.859125 0.057047 0.817000 0.050906 0.746792 0.068453 0.749125 0.078109 0.777208 0.085125 0.784229 0.101797 0.779542 0.108812 0.817000 0.098281 0.875500 0.065812 0.919958 0.046516 0.925813
46 0.999391 0.819917 0.950797 0.777896 0.942922 0.739375 0.957359 0.481979 0.971813 0.322646 0.970500 0.273625 0.996766 0.256104 1.000000 0.305146 0.996766 0.432958 0.996766 0.692104 0.998078 0.807667
46 0.493813 0.265729 0.488766 0.375833 0.505625 0.429771 0.503937 0.517417 0.503937 0.564604 0.488766 0.614042 0.495500 0.645500 0.519094 0.652250 0.539328 0.712917 0.578094 0.733146 0.574719 0.703938 0.584828 0.771354 0.611797 0.753375 0.620219 0.692687 0.630344 0.636521 0.642141 0.658979 0.650562 0.611792 0.647188 0.521917 0.638766 0.501687 0.623594 0.384833 0.613484 0.290458 0.541016 0.261229 0.542703 0.209542 0.508984 0.223042 0.519094 0.279208
