57 0.295797 0.742458 0.206891 0.988146 0.214984 0.990292 0.003234 0.986000 0.003234 0.707979 0.000000 0.557104 0.053344 0.509708 0.069500 0.468750 0.160016 0.399792 0.164875 0.404104 0.182656 0.455812 0.295797 0.455812 0.299031 0.516167 0.337828 0.516167 0.344281 0.539875 0.337828 0.563583 0.341062 0.598063 0.297406 0.744604
60 0.568656 0.693896 0.563375 0.823000 0.577469 0.825354 0.588031 0.724417 0.595078 0.724417 0.595078 0.686854 0.639078 0.651646 0.651406 0.614083 0.593313 0.548354 0.491203 0.538958 0.426062 0.557750 0.385562 0.595312 0.390844 0.644604 0.419016 0.675125 0.433094 0.818313 0.441906 0.815958 0.440141 0.682167 0.461266 0.684500 0.463031 0.726771 0.473594 0.726771 0.471828 0.698583
62 0.527922 0.351292 0.525953 0.362917 0.527531 0.438375 0.533078 0.446292 0.533078 0.452083 0.605109 0.451562 0.604719 0.442583 0.609453 0.435729 0.607875 0.354458 0.601547 0.356583 0.600750 0.361854 0.552859 0.358167 0.551672 0.350250
24 0.800219 0.489854 0.806344 0.510750 0.820859 0.526042 0.838453 0.531646 0.854500 0.533188 0.864828 0.531146 0.869406 0.515854 0.866359 0.506167 0.860234 0.504125 0.862141 0.493437 0.850297 0.478146 0.821625 0.471521 0.802906 0.475583 0.799078 0.485792 0.800219 0.499542
45 0.920953 0.960188 0.898922 0.931229 0.881359 0.912500 0.864437 0.901417 0.852297 0.898875 0.844953 0.900146 0.840156 0.912063 0.833453 0.931229 0.829625 0.946979 0.838250 0.999354 0.863156 1.000000 0.896688 0.999771 0.909453 1.000000 0.901797 0.983167 0.900516 0.968271 0.909141 0.964437 0.918719 0.961458 0.920313 0.959750
63 0.494031 0.555917 0.427234 0.559417 0.425125 0.609917 0.470891 0.611313 0.500875 0.611313 0.491922 0.559417
45 0.909844 1.000000 0.901781 0.984208 0.899438 0.971396 0.916328 0.962021 0.938172 0.956833 0.966766 0.954063 0.995094 0.954063 1.000000 0.967229 1.000000 0.999812
73 0.487031 0.662146 0.500812 0.669250 0.503031 0.668667 0.532797 0.682875 0.582578 0.633104 0.581688 0.624812 0.574125 0.618896 0.571906 0.621854 0.571016 0.621854 0.561688 0.617708 0.551016 0.617104 0.545687 0.617104 0.546578 0.644958 0.492812 0.659771
65 0.480203 0.646708 0.532000 0.627333 0.528609 0.614437 0.474406 0.633146 0.477781 0.650583 0.480688 0.649938
73 0.458234 0.626396 0.544875 0.613688 0.548344 0.644875 0.453031 0.671438
73 0.492859 0.469271 0.491563 0.522521 0.497016 0.525292 0.496234 0.467187 0.492609 0.467187 0.492609 0.470292
73 0.565750 0.477979 0.565578 0.510063 0.567203 0.513938 0.572359 0.514354 0.573812 0.510479 0.575437 0.478833 0.572844 0.477979 0.569781 0.479479 0.567203 0.476896
73 0.548016 0.469229 0.555469 0.466750 0.552359 0.523063 0.548016 0.525542 0.546766 0.469229
73 0.530438 0.522479 0.528375 0.524938 0.524719 0.524938 0.525406 0.468146 0.527687 0.466021 0.529750 0.470583 0.529063 0.523708
73 0.555500 0.469812 0.554375 0.522438 0.555172 0.524146 0.556953 0.524146 0.557750 0.523083 0.559359 0.469375 0.556781 0.468312
73 0.559312 0.475375 0.561891 0.475375 0.560766 0.523375 0.557875 0.523375 0.558516 0.476021
73 0.539672 0.474958 0.538094 0.474542 0.534938 0.475167 0.534781 0.522937 0.537781 0.523562 0.540156 0.522937
73 0.580766 0.521625 0.582609 0.470542 0.587656 0.470542 0.589266 0.518875
73 0.555828 0.531167 0.555984 0.549958 0.559672 0.549958 0.560156 0.532875 0.560156 0.531812
73 0.581547 0.464229 0.581547 0.525917 0.575922 0.524667 0.576234 0.465062
73 0.540703 0.523958 0.543156 0.522875 0.543156 0.474875 0.540219 0.475083
57 0.698266 0.605042 0.701734 0.575729 0.691328 0.560313 0.697109 0.521771 0.716766 0.510979 0.716766 0.498646 0.723703 0.495562 0.732953 0.498646 0.736422 0.509438 0.741047 0.507896 0.746828 0.455479 0.845125 0.444687 0.853219 0.441583 0.869422 0.407667 0.876359 0.407667 1.000000 0.472438 0.994312 0.951958 0.934172 0.947333 0.913359 0.951958 0.882141 0.914958 0.859000 0.898000 0.842813 0.899542
