0 0.271375 0.777518 0.257875 0.750562 0.263875 0.741569 0.305859 0.752810 0.326844 0.730328 0.349344 0.710117 0.416813 0.600000 0.421297 0.568548 0.425797 0.523607 0.437797 0.501124 0.416813 0.492131 0.406313 0.474169 0.481281 0.435948 0.478281 0.406745 0.475281 0.366300 0.422797 0.379766 0.398813 0.379766 0.382328 0.377518 0.361328 0.377518 0.341844 0.366300 0.355328 0.323607 0.373328 0.307869 0.412313 0.307869 0.434797 0.307869 0.497766 0.296628 0.505266 0.253934 0.508266 0.224731 0.518750 0.197752 0.532250 0.184262 0.514266 0.155059 0.514266 0.125831 0.520250 0.094379 0.517250 0.080890 0.517250 0.060679 0.524750 0.056183 0.544250 0.031452 0.574234 0.024731 0.601219 0.033700 0.622203 0.071920 0.620703 0.125831 0.614719 0.139321 0.599719 0.159555 0.605719 0.182014 0.632703 0.256183 0.622203 0.328080 0.622203 0.386511 0.635703 0.406745 0.635703 0.426955 0.643203 0.465176 0.644703 0.492131 0.626703 0.514614 0.581734 0.543817 0.551734 0.575269 0.500766 0.600000 0.473781 0.602248 0.448297 0.665176 0.412313 0.712365 0.370328 0.764051 0.371828 0.811241 0.358328 0.826955 0.329844 0.815738 0.298359 0.802248
0 0.000156 0.398665 0.019656 0.281827 0.069125 0.227892 0.066125 0.203162 0.021156 0.209906 0.004656 0.198665 0.000156 0.167213 0.039141 0.160468 0.057141 0.158220 0.064625 0.120023 0.088625 0.097541 0.079625 0.039133 0.079625 0.018899 0.112609 0.000000 0.129109 0.000913 0.142594 0.030141 0.144094 0.066089 0.133594 0.086323 0.135094 0.099789 0.156094 0.142506 0.159094 0.194192 0.157594 0.214403 0.172578 0.252600 0.174078 0.313279 0.159094 0.306534 0.142594 0.322272 0.079625 0.335761 0.021156 0.423396
0 0.748984 0.124192 0.745781 0.116979 0.742578 0.112178 0.740172 0.110960 0.738562 0.110960 0.736969 0.108571 0.736969 0.108571 0.723141 0.100984 0.711484 0.106206 0.709156 0.111452 0.707984 0.116698 0.705656 0.125433 0.696328 0.162108 0.697500 0.186581 0.696328 0.198806 0.696328 0.209297 0.690500 0.214520 0.685313 0.274426 0.686016 0.282904 0.684609 0.297752 0.685313 0.298806 0.692391 0.298806 0.699469 0.304122 0.708656 0.321077 0.707250 0.277611 0.707250 0.272295 0.710078 0.271241 0.710781 0.271241 0.718562 0.275480 0.730594 0.273372 0.725641 0.243653 0.731313 0.221382 0.720688 0.197002 0.728469 0.168361 0.734703 0.145831 0.741047 0.136300 0.742875 0.126768
0 0.729172 0.266768 0.726156 0.246698 0.729500 0.218618 0.724813 0.210094 0.719469 0.191522 0.733859 0.157916 0.742562 0.131311 0.752937 0.126300 0.754609 0.116276 0.759625 0.110749 0.756281 0.088173 0.766656 0.074122 0.779719 0.071616 0.785734 0.078642 0.787406 0.093700 0.791094 0.100726 0.791094 0.106745 0.789422 0.108735 0.788078 0.119789 0.781047 0.123794 0.779719 0.134333 0.789750 0.152881 0.792375 0.157518 0.796172 0.190492 0.794266 0.203560 0.789344 0.217190 0.785922 0.237096 0.784031 0.275176 0.782141 0.301311 0.774172 0.284824 0.761656 0.278595 0.766969 0.250164 0.763172 0.233115 0.747625 0.225714 0.739672 0.231967 0.734734 0.255269 0.732078 0.271194
0 0.209016 0.316440 0.209812 0.293607 0.212219 0.273185 0.205812 0.250351 0.203406 0.197494 0.205000 0.177049 0.211422 0.163841 0.224250 0.166253 0.232266 0.166253 0.233875 0.154239 0.235469 0.144614 0.224250 0.125386 0.227453 0.108571 0.231469 0.097752 0.232266 0.096557 0.242688 0.092951 0.256312 0.098970 0.259516 0.114590 0.255516 0.144614 0.276359 0.177049 0.283562 0.197494 0.275547 0.215503 0.264328 0.209508 0.257109 0.238337 0.256312 0.261171 0.235469 0.263560 0.229063 0.288806 0.226656 0.297213 0.209016 0.317635
0 0.625781 0.235176 0.638547 0.220539 0.657297 0.221663 0.663312 0.243044 0.655047 0.265527 0.673813 0.274543 0.681313 0.317283 0.667812 0.326276 0.646797 0.319532 0.622031 0.344262 0.634031 0.257658 0.625781 0.239672
0 0.634578 0.223091 0.632078 0.200632 0.640813 0.148197 0.653937 0.139766 0.663922 0.098571 0.673297 0.095785 0.683297 0.108876 0.680797 0.140703 0.682672 0.142576 0.692031 0.151944 0.693281 0.210000 0.685797 0.212810 0.681188 0.314309 0.671984 0.272951 0.659953 0.268712 0.659953 0.240070 0.657125 0.219930 0.640859 0.217799
0 0.759766 0.277986 0.771297 0.287073 0.775594 0.293208 0.780859 0.304637 0.788672 0.313115 0.788281 0.340047 0.784578 0.339766 0.779688 0.324824 0.772078 0.319274 0.762891 0.318384 0.759188 0.327752 0.757422 0.352342 0.741609 0.371382 0.734578 0.362295 0.723437 0.356159 0.714266 0.361124 0.708016 0.371382 0.702937 0.362881 0.701953 0.348244 0.706062 0.313115 0.712891 0.296440 0.722078 0.284426 0.731063 0.281803 0.733594 0.263349 0.733016 0.256042 0.734969 0.246955 0.736719 0.241101 0.740047 0.232318 0.745516 0.227939 0.748641 0.226183 0.756453 0.229696 0.761719 0.233208 0.764844 0.242857 0.765625 0.249016 0.763484 0.261311 0.760156 0.273302
0 0.705672 0.505105 0.700531 0.478454 0.707078 0.469344 0.707078 0.454614 0.705203 0.449696 0.694438 0.437775 0.700531 0.400609 0.707547 0.394988 0.708484 0.378173 0.713156 0.362037 0.720172 0.354333 0.727672 0.359227 0.734219 0.373255 0.731406 0.392201 0.733750 0.411124 0.736562 0.421639 0.736562 0.430773 0.740766 0.453208 0.745453 0.470749 0.737484 0.472834 0.726734 0.473536 0.717844 0.479157 0.711750 0.488970 0.706609 0.507213
0 0.867937 0.108923 0.850984 0.123700 0.847828 0.131382 0.852172 0.152084 0.852563 0.156815 0.847828 0.212365 0.864000 0.225972 0.853750 0.247260 0.878594 0.220070 0.878594 0.194637 0.882938 0.180445 0.882141 0.178080 0.874656 0.168033 0.876234 0.150890 0.882141 0.139063 0.876625 0.121920 0.871891 0.110703
0 0.340672 0.067494 0.340906 0.053794 0.347172 0.035035 0.355344 0.032155 0.361594 0.038642 0.366406 0.052342 0.364969 0.062084 0.362328 0.070375 0.373141 0.086956 0.372422 0.092717 0.361844 0.090187 0.350781 0.077213 0.345969 0.076136 0.339953 0.071077
3 0.633187 0.526300 0.633187 0.526300 0.623906 0.563396 0.607406 0.581920 0.607406 0.581920 0.607406 0.581920 0.612563 0.595831 0.612563 0.595831 0.630094 0.566487 0.689906 0.574215 0.720844 0.554122 0.705375 0.527845 0.713625 0.478384 0.714656 0.475293 0.813641 0.461382 0.813641 0.461382 0.807453 0.319180 0.824984 0.331546 0.824984 0.459836 0.859016 0.483021 0.866234 0.549485 0.846641 0.569578 0.846641 0.569578 0.851797 0.583466 0.818797 0.585012 0.807453 0.631382 0.837359 0.649930 0.836328 0.690117 0.836328 0.690117 0.857984 0.683934 0.854891 0.725667 0.854891 0.725667 0.873453 0.745761 0.879641 0.798314 0.821891 0.838501 0.869328 0.853958 0.837359 0.891054 0.795078 0.883326 0.795078 0.883326 0.761047 0.940492 0.719813 0.969859 0.637313 0.951311 0.591937 0.874052 0.531094 0.878689 0.505328 0.894122 0.418703 0.898759 0.308375 0.878689 0.278469 0.858595 0.252688 0.819953 0.237219 0.864778 0.217625 0.858595 0.217625 0.858595 0.205250 0.864778 0.161938 0.920398 0.098016 0.931218 0.020672 0.874052 0.000000 0.836955 0.000000 0.833864 0.002109 0.679297 0.014484 0.645293 0.003141 0.639110 0.005203 0.588103 0.005203 0.585012 0.040266 0.557213 0.113469 0.537119 0.121719 0.535574 0.121719 0.535574 0.124812 0.518571 0.138219 0.504660 0.153688 0.523208 0.154719 0.518571 0.132031 0.473747 0.116563 0.501569 0.100078 0.490749 0.124812 0.453653 0.144406 0.452108 0.145438 0.452108 0.152656 0.350094 0.154719 0.343911 0.228969 0.295995 0.250625 0.257377 0.250625 0.257377 0.336203 0.064169 0.356828 0.088899 0.309406 0.268173 0.323828 0.277447 0.326922 0.286721 0.324859 0.314543 0.347547 0.274356 0.344453 0.234192 0.368172 0.240375 0.370234 0.286721 0.352703 0.288267 0.352703 0.288267 0.339297 0.297541 0.338266 0.314543 0.360953 0.320726 0.352703 0.348548 0.345484 0.427377 0.439328 0.500023 0.431078 0.520117 0.353734 0.688571 0.312500 0.734941 0.277438 0.745761 0.258875 0.751944 0.283625 0.793677 0.283625 0.793677 0.324859 0.818407 0.324859 0.818407 0.364047 0.816862 0.383641 0.756581 0.462016 0.605105 0.590906 0.558759 0.590906 0.558759 0.628031 0.527845
0 0.811125 0.355059 0.805125 0.328080 0.799125 0.312365 0.793125 0.283138 0.793125 0.251686 0.796125 0.231452 0.803625 0.191007 0.808125 0.177518 0.823109 0.148314 0.835109 0.143817 0.851594 0.159555 0.847109 0.213489 0.863594 0.224731 0.851594 0.247190 0.842609 0.278642 0.815625 0.314614
0 0.907031 0.240328 0.938688 0.274426 0.972313 0.261077 0.972313 0.219578 0.962422 0.189930 0.962422 0.145433 0.939672 0.130609 0.916922 0.148407 0.927812 0.185480
3 0.830391 0.296909 0.893516 0.243279 0.917703 0.238548 0.936641 0.284286 0.957687 0.266932 0.953469 0.298478 0.961891 0.325269 0.953469 0.342623 0.938750 0.389930 0.938750 0.440398 0.937688 0.462459 0.920859 0.473513 0.916656 0.490843 0.912453 0.506628 0.947156 0.514497 0.958734 0.489274 0.957687 0.441967 0.962938 0.393091 0.988187 0.393091 1.000000 0.424614 1.000000 0.438806 1.000000 0.544473 0.953469 0.546042 0.930328 0.546042 0.906141 0.535012 0.879828 0.501897 0.875625 0.481382 0.875625 0.446698 0.875625 0.432506 0.872469 0.418314 0.863000 0.412014 0.856688 0.413583 0.847219 0.430937 0.845109 0.434075 0.852484 0.449859 0.853531 0.464052 0.853531 0.468782 0.845109 0.468782 0.843016 0.468782 0.835641 0.468782 0.833547 0.445129 0.819859 0.330000 0.803031 0.312670 0.815656 0.464052 0.792516 0.464052 0.778828 0.464052 0.771469 0.451429 0.776734 0.430937 0.790406 0.412014 0.798828 0.412014 0.800922 0.296909
