72 0.578840 0.202983 0.829300 0.196253 0.961120 0.193986 0.898980 0.877136 0.806700 0.951289 0.580720 0.854678 0.575080 0.611981
69 0.071820 0.210382 0.158900 0.225967 0.154540 0.542864 0.067480 0.548043 0.047880 0.202601
69 0.264780 0.764129 0.262400 0.771217 0.000300 0.853126 0.000160 0.654415 0.011600 0.653270 0.011760 0.641146 0.020500 0.640764 0.023040 0.641718 0.025260 0.651766 0.031620 0.654988 0.033200 0.657064 0.035580 0.649857 0.037960 0.648353 0.050680 0.658950 0.056880 0.659141 0.063540 0.657828 0.068780 0.656492 0.075940 0.646181 0.082760 0.639475 0.111800 0.657852 0.121820 0.662458 0.139360 0.671193 0.150080 0.684940 0.155580 0.687446 0.156900 0.699928 0.166060 0.698687 0.168140 0.704606 0.183320 0.712745 0.202680 0.704606 0.206340 0.721790 0.212820 0.729594 0.254320 0.756134
39 0.833820 0.190263 0.805520 0.190931 0.802120 0.192291 0.802120 0.172005 0.804380 0.159857 0.812320 0.146325 0.813440 0.109833 0.815140 0.096325 0.827040 0.096325 0.828740 0.149045 0.838360 0.159857 0.834960 0.186874
69 0.157780 0.682721 0.157400 0.636229 0.155600 0.622029 0.149840 0.606539 0.108700 0.653461 0.145500 0.675418
75 0.412640 0.254964 0.415920 0.249212 0.416200 0.240191 0.415520 0.234940 0.409600 0.229379 0.407680 0.226754 0.407400 0.212172 0.407400 0.209212 0.401920 0.209045 0.401780 0.224630 0.401920 0.228401 0.397660 0.233317 0.395600 0.234940 0.393400 0.238711 0.394620 0.248568 0.396280 0.252005 0.396700 0.254463 0.400400 0.255943
45 0.445140 0.475680 0.427660 0.475680 0.415880 0.474415 0.395900 0.440334 0.399460 0.433962 0.424440 0.430119 0.444420 0.430119 0.464760 0.437351 0.467980 0.443747 0.464040 0.460788
39 0.321480 0.485609 0.341540 0.487494 0.343120 0.478663 0.343120 0.455370 0.342600 0.449069 0.334160 0.438998 0.338380 0.430167 0.336800 0.425752 0.326760 0.424487 0.324640 0.437733 0.325700 0.442148 0.321480 0.449069 0.318320 0.485609 0.330460 0.484964
46 0.433680 0.452410 0.445180 0.448449 0.448900 0.448449 0.457080 0.446372 0.459240 0.444964 0.461760 0.443103 0.467620 0.440072 0.458640 0.435656 0.445380 0.435656 0.431720 0.438210 0.420800 0.439141 0.414560 0.440310 0.420800 0.449857 0.430940 0.453580
46 0.429360 0.453986 0.424240 0.452124 0.416780 0.447685 0.414600 0.443604 0.410880 0.439165 0.403880 0.436754 0.403100 0.436921 0.400780 0.436563 0.401400 0.439165 0.402180 0.441933 0.402640 0.445274 0.403880 0.449523 0.406380 0.454153 0.409320 0.456754 0.416160 0.461384 0.419880 0.461575 0.422520 0.462124 0.426560 0.463246 0.429040 0.462506 0.430440 0.461766 0.431220 0.456563
69 0.587080 0.355155 0.484940 0.355155 0.474000 0.372578 0.469120 0.481384 0.579780 0.481384
