0 0.748797 0.000000 0.767859 0.000646 0.766125 0.013354 0.767859 0.017979 0.769594 0.022604 0.770453 0.035312 0.773063 0.041083 0.770453 0.044542 0.773063 0.050313 0.774797 0.054938 0.777391 0.058417 0.780859 0.065333 0.780859 0.068812 0.781719 0.073417 0.781719 0.078042 0.781719 0.083812 0.775656 0.091917 0.764391 0.091917 0.760922 0.090750 0.761797 0.100000 0.761797 0.119625 0.757469 0.136958 0.755734 0.148521 0.754859 0.158917 0.754859 0.175083 0.753125 0.184313 0.750531 0.198188 0.749672 0.215521 0.747938 0.227062 0.747063 0.234000 0.747063 0.240917 0.755734 0.245542 0.753125 0.249021 0.744469 0.253625 0.736672 0.250167 0.732344 0.247854 0.733203 0.221292 0.738406 0.208583 0.739266 0.183167 0.740141 0.167000 0.739266 0.163521 0.733203 0.186625 0.728000 0.195875 0.723672 0.205125 0.718469 0.215521 0.715016 0.221292 0.713281 0.224750 0.714141 0.231688 0.715016 0.243229 0.712406 0.249021 0.701141 0.244396 0.697688 0.222437 0.697688 0.209729 0.708953 0.193563 0.720203 0.176229 0.721078 0.154292 0.715016 0.121937 0.713281 0.098833 0.717609 0.075729 0.720203 0.050313 0.721938 0.036458 0.728000 0.013354 0.728000 0.005271 0.728000 0.001813 0.728875 0.001813 0.747063 0.001813 0.755734 0.000646
0 0.517422 0.002250 0.508984 0.017979 0.500562 0.042687 0.503937 0.069667 0.500562 0.137083 0.487078 0.188771 0.487078 0.222479 0.478656 0.260667 0.500562 0.267417 0.500562 0.220229 0.527531 0.204500 0.522469 0.249438 0.547750 0.260667 0.551125 0.233708 0.549438 0.177521 0.549438 0.139333 0.546063 0.119104 0.547750 0.103375 0.562922 0.119104 0.564609 0.089896 0.564609 0.069667 0.569656 0.042687 0.552812 0.024729 0.539328 0.024729 0.542703 0.006750
0 0.059313 0.087083 0.051688 0.072750 0.049250 0.053771 0.054453 0.040354 0.063484 0.036667 0.080484 0.040354 0.093672 0.067188 0.101656 0.086625 0.109984 0.098187 0.063141 0.103292
26 0.598953 0.168563 0.572359 0.149229 0.596531 0.100896 0.619500 0.108938 0.626750 0.146000
26 0.548078 0.106792 0.548078 0.100354 0.546625 0.091313 0.547109 0.082271 0.550016 0.075812 0.550984 0.070667 0.551469 0.066792 0.551469 0.062917 0.547109 0.047438 0.548078 0.043562 0.549047 0.043562 0.552437 0.048708 0.555344 0.060979 0.556313 0.068083 0.558719 0.071958 0.559687 0.074542 0.563078 0.090021 0.563563 0.097771 0.562109 0.106146 0.559687 0.108729 0.557750 0.108729 0.551469 0.107437 0.550500 0.107437
26 0.767141 0.052750 0.772188 0.062292 0.770297 0.065937 0.770297 0.072979 0.771344 0.078875 0.774938 0.080833 0.779781 0.076333 0.783141 0.082792 0.783141 0.082792 0.786094 0.084771 0.785469 0.087583 0.783359 0.091792 0.773453 0.095167 0.763563 0.094875 0.759547 0.090396 0.759547 0.079438 0.761031 0.067917 0.765453 0.056125
0 0.877969 0.251104 0.858156 0.184583 0.866953 0.150354 0.861094 0.100479 0.856688 0.097542 0.853016 0.107312 0.855219 0.118083 0.844219 0.110250 0.844953 0.088729 0.855953 0.047646 0.864031 0.000708 0.935188 0.004604 0.921984 0.077000 0.909516 0.100479 0.910250 0.109271 0.903641 0.131771 0.890437 0.156229 0.891172 0.184583 0.908047 0.212958 0.924187 0.236437 0.926375 0.247188 0.916844 0.276542 0.902172 0.277521 0.906578 0.263833 0.907313 0.254042 0.892641 0.219812 0.899234 0.256000 0.901437 0.277521 0.891172 0.283396 0.868422 0.283396 0.864766 0.283396 0.873563 0.271646 0.877969 0.261875 0.878703 0.252083
13 0.074156 0.343438 0.958984 0.334458 0.958984 0.476021 0.994375 0.518729 0.957297 0.538958 0.952250 0.709729 0.955625 0.774917 0.926969 0.761417 0.898312 0.732208 0.900000 0.592875 0.530906 0.595125 0.529219 0.500750 0.581453 0.503000 0.637078 0.496250 0.714609 0.500750 0.702812 0.478271 0.653937 0.469292 0.648875 0.469292 0.650562 0.437833 0.645500 0.424354 0.615172 0.410854 0.514047 0.431083 0.461797 0.451313 0.460109 0.485021 0.493813 0.509729 0.525844 0.500750 0.529219 0.601875 0.527531 0.772667 0.508984 0.770417 0.493813 0.577146 0.102813 0.579396 0.121344 0.745687 0.087641 0.770417 0.077531 0.527708 0.030344 0.527708 0.048875 0.482771 0.048875 0.449062
2 0.004844 0.047312 0.067734 0.025813 0.195156 0.017208 0.282266 0.027958 0.312906 0.073125 0.335484 0.156979 0.332266 0.182792 0.327422 0.230104 0.304844 0.238708 0.291938 0.255917 0.274188 0.279563 0.251609 0.262375 0.232266 0.247313 0.227422 0.268813 0.203219 0.264521 0.187094 0.262375 0.183875 0.255917 0.006453 0.240854 0.003219 0.122583 0.012906 0.053771
15 0.528562 0.498917 0.463906 0.496771 0.452594 0.470896 0.470359 0.445042 0.488141 0.429958 0.502688 0.429958 0.517234 0.429958 0.546344 0.429958 0.565734 0.423500 0.591594 0.423500 0.610984 0.423500 0.610984 0.401937 0.615844 0.417021 0.619078 0.425646 0.653016 0.434271 0.667562 0.417021 0.661094 0.432104 0.651406 0.451500 0.646547 0.466604 0.646547 0.466604 0.662719 0.462292 0.701516 0.462292 0.727375 0.470896 0.706359 0.496771 0.678875 0.498917 0.641703 0.501083 0.581891 0.501083 0.526937 0.505396
