27 0.764844 0.502045 0.773141 0.463967 0.780953 0.447831 0.784359 0.427190 0.785344 0.423326 0.785344 0.414277 0.785828 0.409112 0.786312 0.404607 0.795594 0.392335 0.804375 0.397500 0.804859 0.403306 0.810234 0.419442 0.810234 0.422665 0.806328 0.426550 0.800953 0.445248 0.797547 0.471074 0.779484 0.510434 0.770219 0.533017 0.766312 0.559483 0.752641 0.605950 0.749219 0.621426 0.747281 0.615620 0.747281 0.605310 0.750687 0.584008 0.758500 0.524628 0.763859 0.500103
53 0.467297 0.615909 0.461375 0.601240 0.462859 0.581674 0.463594 0.545475 0.464328 0.530806 0.464328 0.514174 0.462109 0.507335 0.442875 0.500496 0.432531 0.497562 0.425875 0.487769 0.428094 0.479938 0.428094 0.473099 0.426609 0.468202 0.412547 0.465269 0.399984 0.463326 0.401453 0.454525 0.406641 0.445723 0.414031 0.444731 0.424391 0.446694 0.439922 0.454525 0.459156 0.461364 0.464328 0.464298 0.472469 0.472128 0.475437 0.476033 0.474687 0.487769 0.474687 0.495599 0.479875 0.504401 0.479875 0.508306 0.476906 0.519070 0.479875 0.551343 0.476172 0.581674 0.477656 0.617872 0.473219 0.621777
53 0.722297 0.414463 0.743109 0.418678 0.748187 0.410579 0.746578 0.402107 0.754594 0.394339 0.763125 0.389752 0.757266 0.386219 0.759125 0.379525 0.746578 0.370702 0.737781 0.379876 0.716437 0.384463 0.714828 0.380227 0.707359 0.382707 0.712969 0.388698 0.714563 0.393285 0.715906 0.404215 0.714828 0.409153 0.721766 0.414091
62 0.261656 0.222479 0.215984 0.219752 0.218578 0.181302 0.264250 0.183368
74 0.621109 0.118120 0.617297 0.196508 0.612828 0.202397 0.600719 0.202397 0.594344 0.191446 0.590516 0.144256 0.592438 0.106322 0.595625 0.080186 0.606453 0.081033 0.616016 0.081033 0.621109 0.118120
27 0.443281 0.652996 0.441328 0.785930 0.442312 0.874525 0.416922 0.903574 0.396922 0.877748 0.399359 0.846777 0.413516 0.780310 0.412531 0.645248 0.411078 0.597128 0.410578 0.544215 0.418875 0.513884 0.419859 0.499669 0.425719 0.491942 0.425719 0.490640 0.439375 0.496446 0.431078 0.513223 0.439859 0.579050 0.439859 0.588740
56 0.525359 0.998574 0.501938 1.000000 0.496969 1.000000 0.501938 0.973223 0.516141 0.963843 0.515422 0.937583 0.511172 0.925372 0.511172 0.907562 0.522516 0.886901 0.515422 0.870021 0.509031 0.865331 0.501938 0.855950 0.504078 0.812789 0.506906 0.818409 0.535297 0.852190 0.561547 0.862521 0.569359 0.866260 0.585672 0.874711 0.591344 0.888781 0.591344 0.901922 0.579281 0.954463 0.580000 0.994814 0.581422 1.000000 0.627547 1.000000 0.628953 0.985434 0.632500 0.977934 0.641016 0.947893 0.641016 0.968533 0.653078 0.977934 0.661594 0.989194 0.661594 1.000000 0.631094 1.000000
0 0.667875 0.979773 0.698469 0.851694 0.722266 0.647190 0.686578 0.671901 0.667875 0.680909 0.649188 0.638202 0.650891 0.564050 0.666187 0.514607 0.652578 0.431467 0.679781 0.377521 0.730766 0.375289 0.776641 0.370785 0.783437 0.373037 0.776641 0.355062 0.754547 0.332583 0.742656 0.253926 0.740953 0.170785 0.752844 0.141570 0.752844 0.121343 0.786844 0.089897 0.829328 0.103368 0.887109 0.137087 0.890500 0.222479 0.875203 0.278657 0.885406 0.307872 0.916000 0.348306 0.994172 0.404504 0.997563 0.671901 0.999266 0.982025 0.866719 0.986508 0.667875 0.982025
0 0.084391 0.412293 0.052313 0.425496 0.038047 0.449050 0.028078 0.498079 0.030219 0.526343 0.030219 0.555558 0.030219 0.576302 0.014531 0.571591 0.013109 0.581963 0.013109 0.597975 0.005266 0.604587 0.019516 0.624380 0.019516 0.638512 0.026656 0.648884 0.017391 0.666777 0.023094 0.695062 0.040906 0.715806 0.050172 0.724277 0.070844 0.704483 0.064422 0.736529 0.053734 0.775186 0.053734 0.810041 0.052313 0.847748 0.050172 0.892996 0.063000 0.950496 0.067281 0.987252 0.071562 1.000000 0.269719 1.000000 0.264016 0.963678 0.235500 0.925992 0.276844 0.761033 0.261875 0.698822 0.241203 0.700723 0.230516 0.663016 0.234078 0.614008 0.255453 0.562169 0.266859 0.543306 0.279687 0.475455 0.285391 0.447169 0.298219 0.441529 0.287531 0.414194 0.273281 0.397211 0.256172 0.384029 0.245484 0.379318 0.226234 0.327479 0.212687 0.284112 0.208406 0.266198 0.192734 0.215310 0.166359 0.189855 0.137141 0.175723 0.113609 0.175723 0.088656 0.187975 0.066562 0.216260 0.063000 0.265269 0.063000 0.318988 0.059438 0.357624 0.066562 0.389690 0.071562 0.409483
0 0.615562 0.477273 0.618969 0.473409 0.633609 0.472769 0.650703 0.490186 0.654109 0.503099 0.663875 0.519876 0.665344 0.522872 0.654109 0.555124 0.652656 0.563512 0.652656 0.563512 0.648266 0.590393 0.645813 0.582417 0.639469 0.572087 0.631172 0.594690 0.627766 0.610165 0.626781 0.638574 0.627766 0.655992 0.628250 0.731322 0.619469 0.737128 0.604828 0.754545 0.565297 0.775847 0.531125 0.726798 0.524297 0.753264 0.511609 0.791343 0.512094 0.805537 0.508719 0.831715 0.589344 0.877707 0.590094 0.886508 0.590094 0.904112 0.580906 0.999132 0.628250 0.997190 0.646313 0.930723 0.663875 0.865558 0.669734 0.815868 0.671687 0.763595 0.657531 0.735186 0.643375 0.726157 0.630688 0.669731 0.602375 0.677004 0.584328 0.686054 0.582859 0.654421 0.576031 0.641529 0.574562 0.619587 0.566266 0.602810 0.558453 0.600227 0.541375 0.553760 0.539906 0.539566 0.539422 0.533740 0.555531 0.540847 0.580906 0.544711 0.605797 0.544711 0.625812 0.540847 0.629219 0.537624 0.621906 0.524070 0.619953 0.521157 0.602375 0.508244 0.600922 0.500517 0.599937 0.488244 0.602375 0.483079 0.602375 0.478574 0.606781 0.476632 0.603844 0.473864 0.603359 0.463533 0.607266 0.458368 0.609219 0.450640 0.607266 0.435145 0.608234 0.424814 0.613609 0.416426 0.609219 0.394483 0.599453 0.371260 0.588234 0.363512 0.580422 0.358347 0.569203 0.352541 0.557000 0.352541 0.546750 0.356405 0.535031 0.366736 0.522344 0.379649 0.516969 0.392541 0.514531 0.429979 0.514531 0.429339 0.513078 0.474277 0.514531 0.474917 0.530156 0.499215 0.538938 0.511488 0.573594 0.507603 0.582859 0.508058 0.584813 0.493223 0.586766 0.490000 0.587734 0.480310
0 0.275312 0.979773 0.234516 0.928099 0.282109 0.701116 0.258313 0.692128 0.249813 0.640455 0.249813 0.566302 0.290609 0.442707 0.395969 0.386508 0.395969 0.337087 0.392563 0.265165 0.428266 0.240455 0.496234 0.244938 0.518328 0.294380 0.484344 0.422479 0.508125 0.467417 0.537016 0.510103 0.540422 0.550558 0.562516 0.613492 0.560813 0.638202 0.528531 0.725847 0.511531 0.800000 0.503031 0.932583 0.480937 0.982025
2 0.068250 0.388636 0.020359 0.393161 0.002406 0.410124 0.002406 0.509607 0.026344 0.508471 0.040031 0.445165 0.046016 0.427087 0.064828 0.420289
