8 0.478906 0.695628 0.478906 0.698408 0.461891 0.679978 0.479875 0.679058 0.494312 0.667534 0.515188 0.660628 0.531234 0.660157 0.537328 0.665695 0.556594 0.575404 0.574891 0.483296 0.595437 0.392085 0.605062 0.351547 0.608266 0.360291 0.604734 0.483296 0.604734 0.498498 0.604422 0.591996 0.605703 0.658318 0.603266 0.689215 0.605047 0.709776 0.601031 0.717489 0.600578 0.690493 0.589828 0.680852 0.558937 0.676368 0.549984 0.680852 0.542375 0.689843 0.480594 0.685359 0.480141 0.697556
8 0.288500 0.657332 0.405531 0.649821 0.401609 0.642332 0.401609 0.626368 0.328375 0.620740 0.332297 0.375852 0.331641 0.358946 0.325109 0.360830 0.323141 0.373969 0.259719 0.598229 0.256453 0.622623 0.250562 0.629193 0.258406 0.631995 0.267563 0.631995 0.266922 0.655448 0.272797 0.652646 0.268219 0.624484 0.285875 0.626368 0.291766 0.652646
8 0.765109 0.641457 0.802375 0.635830 0.801719 0.621749 0.801062 0.614260 0.826563 0.610493 0.843562 0.610493 0.833109 0.598296 0.820687 0.602040 0.818719 0.507287 0.816109 0.509170 0.815453 0.599238 0.808266 0.601121 0.782109 0.601121 0.769672 0.614260 0.767719 0.618946 0.765750 0.637713
8 0.451375 0.639193 0.461484 0.655067 0.493719 0.655605 0.528188 0.653722 0.528188 0.632220 0.533141 0.628520 0.544234 0.609798 0.548297 0.607623 0.565063 0.532489 0.533969 0.392578 0.527422 0.394170 0.475562 0.624686 0.474203 0.637130 0.453031 0.638296
7 0.133844 0.840919 0.108656 0.874260 0.104703 0.882063 0.097781 0.923184 0.098766 0.951547 0.123469 0.955807 0.171406 0.949417 0.183750 0.931682 0.188703 0.935224 0.193141 0.923879 0.191656 0.916099 0.202047 0.892691 0.203031 0.900493 0.206000 0.897646 0.208469 0.874260 0.206000 0.855807 0.199563 0.855807 0.193641 0.843767 0.190187 0.837377 0.183750 0.833834 0.153609 0.833117 0.150656 0.839507
7 0.502969 0.878161 0.493453 0.878161 0.492891 0.859686 0.487859 0.850045 0.490094 0.817915 0.502406 0.813901 0.508563 0.801031 0.556703 0.795426 0.569031 0.802646 0.576859 0.829955 0.598141 0.860493 0.601500 0.889395 0.599813 0.903857 0.525359 0.914305 0.526484 0.923946 0.517516 0.927153 0.510813 0.915919 0.508563 0.895830 0.512484 0.890202 0.511359 0.882982 0.508563 0.883789
8 0.637984 0.592377 0.612641 0.590471 0.621312 0.574193 0.639328 0.562713 0.647328 0.553139 0.660000 0.556009 0.674688 0.565583 0.668016 0.574193 0.652672 0.586637 0.645328 0.590471 0.631312 0.590471
7 0.361719 0.921951 0.292781 0.933946 0.289641 0.893475 0.304266 0.858991 0.307406 0.832018 0.314719 0.814036 0.359625 0.814036 0.367984 0.830516 0.377391 0.842511 0.370078 0.876973 0.362766 0.917466
8 0.820344 0.612332 0.822234 0.639126 0.821859 0.645135 0.821094 0.648946 0.827578 0.653318 0.847000 0.654417 0.856891 0.653879 0.874406 0.652780 0.898781 0.648946 0.919719 0.646211 0.949047 0.641300 0.958953 0.621076 0.960844 0.622713 0.965797 0.613431 0.966187 0.611794 0.953609 0.607960 0.934578 0.607960 0.933047 0.608520 0.930391 0.606883 0.927719 0.606323 0.918578 0.605247 0.909063 0.601951 0.885078 0.601951 0.874797 0.597578 0.869844 0.591569 0.847000 0.597578 0.842047 0.600314 0.826047 0.604686 0.817297 0.606323
8 0.599359 0.688274 0.587187 0.679865 0.552484 0.677265 0.543016 0.690852 0.535359 0.710897 0.502453 0.710897 0.501547 0.712197 0.515969 0.734193 0.552484 0.735471 0.600703 0.721906 0.606125 0.714776 0.615125 0.707668 0.646688 0.699260 0.646688 0.697960 0.608828 0.697309 0.606562 0.697960
8 0.122812 0.598610 0.115172 0.606996 0.112922 0.613453 0.084594 0.616682 0.076500 0.615404 0.074781 0.598072 0.082344 0.588946 0.088188 0.571502 0.096734 0.563767 0.107078 0.566345 0.117875 0.569574
8 0.715500 0.601211 0.717984 0.616054 0.754812 0.614282 0.761031 0.611300 0.762266 0.600022 0.780891 0.598229 0.793297 0.597646 0.793297 0.593498 0.792469 0.591704 0.761438 0.594686 0.725844 0.598229 0.719234 0.597646 0.715094 0.598834
7 0.459906 0.904978 0.456750 0.918543 0.447750 0.920157 0.422984 0.922735 0.406328 0.922399 0.390344 0.917892 0.389000 0.896569 0.392375 0.856839 0.394406 0.845852 0.394844 0.838744 0.400484 0.818408 0.402953 0.811951 0.403625 0.811614 0.429297 0.808386 0.453375 0.811300 0.456531 0.831009 0.460125 0.868789 0.461031 0.888812
8 0.674656 0.583610 0.671562 0.599372 0.672938 0.606749 0.680141 0.607242 0.688375 0.605269 0.699344 0.604283 0.706203 0.600830 0.709984 0.597892 0.715813 0.591480 0.721984 0.584103 0.722672 0.578206 0.702094 0.572780 0.681172 0.574260 0.675687 0.579686
8 0.144797 0.765090 0.147766 0.790650 0.152219 0.790650 0.155938 0.781076 0.169297 0.780000 0.170031 0.787466 0.168547 0.799170 0.175984 0.800247 0.176719 0.794910 0.189344 0.792780 0.191563 0.776816 0.205672 0.778946 0.207156 0.791726 0.237594 0.792780 0.299219 0.787466 0.360094 0.782130 0.376437 0.778946 0.389062 0.730987 0.351187 0.727803 0.343031 0.723543 0.331141 0.721413 0.328922 0.716076 0.331891 0.705426 0.315563 0.674529 0.287344 0.681996 0.288078 0.622332 0.273984 0.630852 0.275469 0.693700 0.262094 0.656413 0.265063 0.628722 0.239828 0.646839 0.235375 0.658543 0.241313 0.692646 0.237594 0.704372 0.236109 0.729933 0.233891 0.744843 0.167062 0.743789 0.147766 0.753363 0.147016 0.768274
8 0.135500 0.544417 0.133422 0.570381 0.137281 0.586144 0.143797 0.593789 0.143797 0.598049 0.153594 0.598901 0.182672 0.595493 0.194250 0.588251 0.198094 0.582309 0.198094 0.572085 0.194844 0.543565 0.187125 0.506525 0.188016 0.544417 0.179703 0.544843 0.173766 0.530359 0.157453 0.475426 0.153891 0.516300 0.152406 0.529933 0.146766 0.535471 0.136688 0.534619 0.132828 0.554193
7 0.999766 0.740538 0.973078 0.737960 0.970078 0.740538 0.957781 0.759036 0.946969 0.759036 0.942781 0.764641 0.941875 0.787892 0.941578 0.790897 0.943375 0.797780 0.944875 0.805112 0.945781 0.816300 0.951469 0.821457 0.958672 0.822332 0.961969 0.810695 1.000000 0.826637
