45 0.580156 0.983562 0.561125 0.904417 0.553281 0.784771 0.568391 0.701042 0.607062 0.622562 0.657516 0.588938 0.728562 0.554771 0.835766 0.555312 0.908078 0.577729 0.950109 0.602396 0.993828 0.631542 0.997203 0.640500 1.000000 0.999146 0.595750 0.999875
45 0.116313 0.071313 0.118766 0.140708 0.114672 0.177313 0.108109 0.192625 0.095000 0.227042 0.021641 0.260917 0.000734 0.269667 0.002375 0.086604 0.001969 0.072958 0.001141 0.056000 0.011797 0.053813 0.040906 0.050542 0.085984 0.051083 0.110578 0.064750
43 0.940453 0.456188 0.883141 0.483146 0.815734 0.447187 0.797188 0.408979 0.761797 0.352812 0.704500 0.325833 0.608422 0.240458 0.611797 0.222479 0.628656 0.222479 0.655625 0.233708 0.734828 0.294375 0.792141 0.325833 0.867984 0.382021 0.898312 0.402250 0.933703 0.426958 0.938766 0.449437
41 0.586516 0.235958 0.606734 0.087646 0.594938 0.044937 0.571344 0.033708 0.546063 0.026958 0.530906 0.022479 0.522469 0.013479 0.514047 0.017979 0.510672 0.035958 0.503937 0.047187 0.503937 0.031458 0.492141 0.026958 0.480344 0.035958 0.471906 0.047187 0.471906 0.071917 0.468547 0.094375 0.478656 0.132583 0.483703 0.200000 0.589891 0.247188
51 0.229156 0.253042 0.237438 0.243167 0.242219 0.239667 0.247891 0.236188 0.254859 0.235604 0.263578 0.238521 0.267937 0.243750 0.270562 0.256521 0.271437 0.264083 0.264453 0.268146 0.257484 0.273375 0.250516 0.276875 0.239172 0.278042 0.235687 0.277458 0.232641 0.272812 0.230453 0.264667
51 0.251172 0.278042 0.272969 0.263500 0.266000 0.240271 0.296500 0.246646 0.297813 0.255958 0.291281 0.267583 0.297813 0.289083 0.289094 0.297208 0.262078 0.294313 0.257281 0.293729
51 0.330266 0.242854 0.346875 0.241875 0.354625 0.240396 0.363844 0.238917 0.360891 0.253188 0.353875 0.254167 0.347234 0.256146 0.347609 0.268438 0.345016 0.268438 0.342812 0.262042 0.326203 0.261063 0.320656 0.263042 0.318453 0.239417 0.318453 0.236958 0.326937 0.242375 0.331000 0.244833
51 0.362734 0.249146 0.368766 0.258729 0.378547 0.268708 0.387172 0.256042 0.387750 0.238021 0.378266 0.236500 0.373656 0.239562 0.368766 0.237646 0.363594 0.238417 0.363313 0.249917
51 0.373344 0.238271 0.362500 0.225125 0.361516 0.204104 0.370375 0.183063 0.378266 0.172542 0.397984 0.187000 0.400937 0.208042
51 0.334625 0.217125 0.334625 0.239250 0.363187 0.236792 0.361344 0.191333 0.337391 0.202396 0.328172 0.215896
51 0.301578 0.257646 0.292984 0.241625 0.296422 0.237625 0.317875 0.234771 0.319594 0.267375 0.302422 0.267958 0.299859 0.264521
51 0.266016 0.237438 0.266578 0.221333 0.290453 0.215583 0.299656 0.215583 0.295047 0.237438 0.291609 0.242438 0.282109 0.242042 0.274344 0.242042 0.268594 0.240125
51 0.300984 0.238479 0.301656 0.213667 0.329891 0.215458 0.330125 0.239958 0.326312 0.242354 0.322281 0.238167 0.314891 0.235771
51 0.666859 0.715792 0.735844 0.692208 0.817219 0.732313 0.898578 0.796000 0.978187 0.814854 0.992328 0.949292 0.971109 0.984667 0.624406 0.984667 0.608484 0.963437 0.594344 0.826646 0.608484 0.770042 0.617328 0.847875 0.636797 0.873812 0.654484 0.902125 0.679250 0.857313 0.652719 0.718167 0.661563 0.696938
