0 0.638060 0.779760 0.662500 0.768880 0.662500 0.736293 0.661600 0.701307 0.652560 0.648187 0.658880 0.610773 0.657080 0.574560 0.652560 0.560080 0.645320 0.511893 0.634440 0.486533 0.620860 0.474480 0.614540 0.469653 0.600960 0.449120 0.589180 0.450347 0.578320 0.470853 0.582860 0.481707 0.571980 0.499813 0.561120 0.515520 0.558400 0.532400 0.569280 0.538453 0.591000 0.555333 0.594620 0.566213 0.595520 0.610853 0.598240 0.678453 0.598240 0.678453 0.607300 0.706213 0.608200 0.756907 0.587380 0.755707 0.591900 0.777413 0.612720 0.778640
14 0.296820 0.559680 0.284200 0.546347 0.280520 0.534427 0.284720 0.527413 0.286820 0.515493 0.292080 0.514080 0.299440 0.531627 0.306800 0.547040 0.308920 0.561760 0.300500 0.559680 0.298400 0.560373 0.295240 0.556853
0 0.099900 0.484187 0.092780 0.491093 0.089860 0.501013 0.087600 0.512667 0.091480 0.530373 0.094400 0.534240 0.101840 0.526480 0.105720 0.517867 0.105080 0.512667 0.107980 0.498853 0.109280 0.492827 0.100860 0.482480
0 0.331460 0.811067 0.339640 0.753787 0.334540 0.734693 0.331460 0.718320 0.329420 0.701947 0.329420 0.688293 0.329420 0.674640 0.329420 0.652827 0.329420 0.637813 0.329420 0.617360 0.329420 0.609173 0.333500 0.588693 0.327360 0.569600 0.314380 0.565840 0.321500 0.552773 0.326400 0.548027 0.326860 0.531387 0.327300 0.508827 0.328180 0.497547 0.330860 0.489227 0.331760 0.483307 0.333080 0.477947 0.336660 0.470827 0.340220 0.466667 0.343780 0.462507 0.347780 0.455387 0.341180 0.443040 0.338300 0.438773 0.335440 0.434107 0.334480 0.427280 0.333840 0.419627 0.333200 0.405573 0.333200 0.400880 0.338940 0.388107 0.345640 0.385573 0.351720 0.384293 0.364800 0.387253 0.367040 0.391093 0.368960 0.398747 0.369280 0.408560 0.372160 0.417920 0.372800 0.425573 0.371520 0.435387 0.373120 0.440053 0.375660 0.442613 0.377260 0.448987 0.378220 0.451973 0.390040 0.460507 0.399300 0.477093 0.404400 0.494560 0.402160 0.525627 0.399300 0.542240 0.395460 0.568640 0.393540 0.572907 0.391640 0.582693 0.398020 0.604827 0.393220 0.658480 0.392280 0.673813 0.390040 0.698933 0.390680 0.711707 0.393220 0.757680 0.391960 0.804080 0.393220 0.809200 0.395460 0.816853 0.393220 0.821547 0.392580 0.827067 0.392580 0.831760 0.389720 0.834320 0.376300 0.836027 0.369920 0.836027 0.369920 0.847520 0.369600 0.855173 0.368320 0.858160 0.317220 0.858587 0.309240 0.853040 0.313720 0.844960 0.318820 0.842827 0.327440 0.840693 0.335760 0.836880 0.332240 0.824533
0 0.916860 0.903360 0.854500 0.876400 0.859560 0.849440 0.873040 0.849440 0.884840 0.840453 0.879780 0.719093 0.879780 0.701120 0.866300 0.689893 0.886520 0.649440 0.893260 0.629227 0.888200 0.600000 0.894940 0.564053 0.886520 0.512347 0.889880 0.501120 0.896620 0.496640 0.881460 0.476400 0.889880 0.444933 0.900000 0.433707 0.926960 0.449440 0.933700 0.462933 0.937080 0.478640 0.980900 0.525840 0.997760 0.577520 0.979220 0.644933 0.987640 0.804507 0.980900 0.894373 0.967420 0.903360 0.937080 0.871920 0.921920 0.869653 0.915160 0.898880
0 0.128440 0.445493 0.122980 0.450587 0.122980 0.452773 0.125160 0.471733 0.124620 0.473200 0.120780 0.482693 0.111480 0.491440 0.106020 0.515520 0.104920 0.522080 0.109300 0.529360 0.117500 0.538133 0.118060 0.545413 0.114220 0.571680 0.114780 0.608880 0.117500 0.624933 0.118600 0.628587 0.122440 0.634400 0.127900 0.636613 0.133920 0.641707 0.127360 0.666507 0.138840 0.662133 0.133920 0.627120 0.139400 0.562933 0.142120 0.527173 0.139400 0.493627 0.133920 0.477573 0.131740 0.449867 0.130080 0.445493
0 0.752980 0.600640 0.695660 0.609200 0.701700 0.593600 0.694920 0.578533 0.689640 0.566960 0.687000 0.554907 0.690020 0.543840 0.696800 0.542320 0.705100 0.553893 0.710380 0.525733 0.715660 0.512160 0.717540 0.488027 0.729600 0.478453 0.742060 0.477467 0.754120 0.482987 0.759020 0.504107 0.759400 0.524720 0.758260 0.531760 0.756000 0.578533 0.754880 0.590080
13 0.515620 0.788080 0.515620 0.804907 0.501540 0.805547 0.501540 0.790027 0.479720 0.780987 0.480200 0.795867 0.472440 0.793280 0.469040 0.784853 0.470980 0.779680 0.467600 0.775147 0.467600 0.762880 0.470980 0.762213 0.471480 0.705947 0.468080 0.697547 0.472920 0.693013 0.538420 0.675547 0.572860 0.691067 0.601960 0.681360 0.608260 0.696240 0.609240 0.706587 0.610200 0.716293 0.610700 0.763520 0.514640 0.782907
14 0.256620 0.738667 0.251880 0.733573 0.249140 0.724080 0.249140 0.715307 0.250600 0.708027 0.252600 0.703867 0.254800 0.697547 0.256260 0.692933 0.259000 0.690987 0.267380 0.691227 0.269760 0.692453 0.270300 0.693413 0.265740 0.699013 0.265920 0.705093 0.268480 0.708027 0.265920 0.713600 0.264660 0.726747 0.269220 0.739387 0.273040 0.748880 0.273040 0.751813 0.265020 0.745973 0.259540 0.741840
0 0.772980 0.481893 0.770180 0.474880 0.767720 0.466453 0.767360 0.458960 0.768780 0.452880 0.772640 0.448213 0.778240 0.450080 0.781400 0.451947 0.785260 0.455227 0.787720 0.459920 0.788420 0.466933 0.788780 0.471600 0.788780 0.475333 0.790180 0.477227 0.795080 0.477680 0.797540 0.480480 0.800000 0.485173 0.803500 0.490320 0.803860 0.494053 0.803860 0.495920 0.796500 0.494533 0.790180 0.494053 0.783860 0.494053 0.780700 0.496853 0.779300 0.501547 0.777540 0.507147 0.776500 0.512293 0.775780 0.516053 0.776140 0.519787 0.777900 0.525413 0.779300 0.528667 0.781760 0.531493 0.783160 0.533360 0.785620 0.536160 0.787720 0.539440 0.788060 0.544107 0.784220 0.548800 0.782460 0.551120 0.780700 0.553013 0.778600 0.554400 0.775440 0.555333 0.771940 0.552533 0.769120 0.548320 0.767360 0.545973 0.767020 0.545040 0.762460 0.545973 0.760700 0.545973 0.759660 0.544587 0.757900 0.540373 0.757900 0.531013 0.758240 0.524453 0.758240 0.518853 0.758600 0.512773 0.759660 0.505760 0.762100 0.496853 0.764220 0.491253 0.766320 0.489387 0.768420 0.486560 0.770520 0.484693
0 0.764660 0.547973 0.773360 0.554613 0.780200 0.554613 0.787660 0.541360 0.787660 0.537227 0.778960 0.528933 0.773980 0.514027 0.780820 0.492480 0.798220 0.491653 0.809400 0.498293 0.805660 0.524800 0.814980 0.551307 0.821820 0.590213 0.787660 0.596853 0.773360 0.596853 0.764660 0.572827
0 0.715640 0.509520 0.706580 0.547733 0.705440 0.554267 0.698660 0.544213 0.694880 0.541200 0.705440 0.498453 0.697520 0.493413 0.694520 0.482853 0.697900 0.464773 0.705440 0.455200 0.715260 0.451680 0.725060 0.457733 0.728840 0.470293 0.728080 0.478347 0.719400 0.485893 0.717520 0.490907
14 0.159680 0.595707 0.183880 0.589253 0.193540 0.597840 0.180640 0.612907 0.170960 0.612907 0.153220 0.625813 0.146780 0.615067 0.150000 0.597840 0.151620 0.584933 0.158060 0.576347 0.159680 0.597840
0 0.886140 0.600427 0.842280 0.590133 0.839140 0.571413 0.839140 0.530720 0.845100 0.524160 0.855260 0.521813 0.855620 0.510133 0.861940 0.505440 0.868960 0.505920 0.873160 0.512000 0.874220 0.523707 0.876680 0.538667 0.880880 0.547547 0.875620 0.558320 0.873860 0.566747 0.872820 0.576560 0.888260 0.575147
14 0.335200 0.337333 0.345400 0.347227 0.347240 0.341040 0.338440 0.331787 0.345860 0.326853 0.348640 0.322507 0.341680 0.321893 0.333340 0.321280 0.328260 0.316960 0.323620 0.316347 0.321760 0.312640 0.318980 0.310773 0.316680 0.310773 0.317600 0.315733 0.317140 0.322507 0.317140 0.329307 0.321300 0.336720 0.327320 0.342907 0.333340 0.337947 0.335200 0.335493
14 0.264340 0.807493 0.269200 0.806827 0.272520 0.800347 0.280200 0.804773 0.285300 0.805787 0.287360 0.802053 0.281480 0.794213 0.275840 0.788747 0.269960 0.784667 0.261780 0.773760 0.258460 0.772053 0.251560 0.773067 0.249000 0.777840 0.247980 0.787387 0.248740 0.793867 0.250800 0.796933 0.255400 0.802053 0.260000 0.805120 0.264860 0.808187
14 0.156060 0.457307 0.155180 0.451493 0.155620 0.449733 0.158660 0.447413 0.163020 0.448000 0.166080 0.458453 0.174360 0.460213 0.188740 0.471840 0.193980 0.474160 0.173060 0.475307 0.172180 0.479973 0.166080 0.483467 0.163020 0.481120 0.166080 0.476480 0.156480 0.476480 0.154740 0.463707
14 0.280960 0.694453 0.284800 0.704693 0.290360 0.705840 0.299740 0.708693 0.304880 0.713813 0.308300 0.716107 0.299320 0.716667 0.294620 0.716667 0.292480 0.724640 0.292480 0.726347 0.289500 0.728613 0.288220 0.735467 0.283520 0.741147 0.277100 0.746267 0.271120 0.743440 0.268560 0.740000 0.266440 0.733760 0.264300 0.721227 0.265140 0.714373 0.269000 0.707547 0.271560 0.704133 0.274120 0.698427 0.276260 0.692747
14 0.300140 0.459253 0.301240 0.449760 0.300140 0.446107 0.293040 0.438080 0.293040 0.432987 0.294120 0.419120 0.293580 0.412560 0.300680 0.411093 0.306160 0.413280 0.308900 0.418400 0.313280 0.424240 0.315460 0.427867 0.315460 0.436640 0.318740 0.441733 0.321480 0.449040 0.320380 0.453413 0.314360 0.450480 0.308340 0.454133 0.302340 0.462160
14 0.286240 0.658720 0.292120 0.653493 0.305460 0.647733 0.312060 0.644827 0.318400 0.635707 0.318400 0.627867 0.316440 0.623680 0.315640 0.620560 0.315640 0.614267 0.312900 0.613227 0.310560 0.614267 0.308200 0.616373 0.308200 0.623173 0.303500 0.621600 0.294480 0.631520 0.287420 0.645120 0.281920 0.653493 0.280740 0.658213 0.284660 0.660827
14 0.166640 0.516107 0.170460 0.513760 0.173100 0.516107 0.173980 0.519227 0.172800 0.520800 0.172220 0.520400 0.171340 0.520400 0.171040 0.524320 0.171040 0.528240 0.169860 0.531787 0.169580 0.534133 0.168100 0.537253 0.166640 0.539600 0.166340 0.540773 0.166040 0.542747 0.166640 0.544693 0.166340 0.547440 0.163700 0.548613 0.163400 0.546667 0.161640 0.543520 0.161340 0.543520 0.159280 0.547440 0.157820 0.549787 0.154300 0.549787 0.151940 0.549787 0.149300 0.549413 0.146940 0.545093 0.149300 0.541573 0.150760 0.540000 0.154300 0.537253 0.157240 0.533333 0.160160 0.528240 0.163100 0.522373 0.165160 0.517680 0.166340 0.514933 0.166920 0.513760
14 0.206440 0.481840 0.210800 0.459227 0.213540 0.457787 0.214100 0.450480 0.215740 0.446107 0.218460 0.446827 0.218460 0.455600 0.222840 0.457787 0.222840 0.465067 0.219020 0.478933 0.218460 0.481120 0.214100 0.476747
14 0.299320 0.782080 0.292740 0.790267 0.290540 0.798160 0.290980 0.800773 0.291640 0.803707 0.294920 0.808667 0.292300 0.812187 0.297780 0.812453 0.300180 0.812453 0.299100 0.810133 0.300400 0.807787 0.307420 0.807787 0.307420 0.807787 0.309180 0.804880 0.308080 0.804000 0.305660 0.800187 0.302600 0.794640 0.301500 0.787920 0.301940 0.784133 0.299100 0.781200
14 0.263660 0.451333 0.263740 0.446907 0.264260 0.443973 0.265500 0.441520 0.265760 0.439200 0.265840 0.436853 0.264880 0.435467 0.263220 0.434400 0.264620 0.433120 0.267080 0.432533 0.268480 0.435680 0.268640 0.438507 0.268480 0.440133 0.268040 0.441653 0.269880 0.443627 0.274780 0.444800 0.279240 0.447707 0.281700 0.449360 0.284840 0.452400 0.285980 0.455067 0.283180 0.456933 0.275400 0.457520 0.274340 0.458240 0.274420 0.460907 0.271800 0.461600 0.272320 0.458107 0.270400 0.456240 0.269440 0.458693 0.268300 0.459040 0.268300 0.455413 0.265680 0.454373 0.264360 0.453680
0 0.003360 0.541867 0.016820 0.499253 0.043720 0.485787 0.053820 0.463387 0.045400 0.445440 0.058860 0.425253 0.077360 0.418533 0.089120 0.438720 0.100900 0.452160 0.105940 0.456640 0.102580 0.476827 0.089120 0.499253 0.089120 0.519440 0.105940 0.575493 0.121080 0.665173 0.122760 0.692080 0.094180 0.694320 0.070620 0.849040 0.077360 0.855760 0.089120 0.864720 0.080720 0.889387 0.070620 0.889387 0.068940 0.923013 0.055500 0.945440 0.035320 0.936480 0.023540 0.878187 0.016820 0.692080 0.000000 0.541867
