0 0.149250 0.437588 0.147547 0.444824 0.147828 0.454192 0.148109 0.465691 0.148109 0.467822 0.146969 0.469110 0.143281 0.469110 0.143000 0.463138 0.143000 0.454637 0.143562 0.445691 0.138453 0.445691 0.135328 0.458876 0.134766 0.472084 0.127094 0.472506 0.125391 0.472506 0.123688 0.468244 0.128234 0.462295 0.130781 0.458033 0.130781 0.443981 0.131062 0.422272 0.131641 0.420984 0.148969 0.417588 0.147828 0.414169 0.130219 0.412482 0.129937 0.397143 0.134187 0.386089 0.136188 0.383958 0.135891 0.376721 0.137031 0.372459 0.141297 0.368618 0.146687 0.373302 0.144703 0.383091 0.148688 0.388220 0.149812 0.408642
0 0.020547 0.436042 0.019609 0.430422 0.021484 0.412201 0.023359 0.400984 0.022422 0.392553 0.031313 0.375035 0.036453 0.354684 0.043938 0.357494 0.047688 0.373630 0.045344 0.379930 0.048625 0.388361 0.047688 0.405878 0.053391 0.430890 0.052859 0.436932 0.049891 0.435925 0.050031 0.431686 0.044125 0.413560 0.042781 0.433700 0.044250 0.459485 0.045859 0.472178 0.046000 0.474801 0.028031 0.473208 0.029281 0.488595 0.028563 0.519204 0.048969 0.519204 0.039500 0.506628 0.036219 0.486955
0 0.472313 0.433911 0.470281 0.447119 0.474687 0.463396 0.469594 0.458806 0.466203 0.447119 0.464172 0.438993 0.467219 0.423232 0.462469 0.414075 0.465859 0.394754 0.468234 0.380515 0.472656 0.382037 0.476719 0.391194 0.479094 0.396792 0.479094 0.415082 0.480797 0.436956 0.489953 0.461850 0.487578 0.462881 0.478750 0.447635
32 0.916453 0.583349 0.917141 0.575152 0.925344 0.572084 0.926703 0.579251 0.926031 0.590515 0.921234 0.591546 0.917141 0.588454
38 0.461188 0.420117 0.455563 0.410281 0.456500 0.407447 0.461188 0.408876 0.462375 0.410632 0.464016 0.417307 0.462609 0.420117
0 0.253000 0.425152 0.254016 0.433724 0.258313 0.436183 0.260750 0.448408 0.261984 0.457283 0.256875 0.457892 0.246062 0.457283 0.242391 0.457283 0.241766 0.449321 0.241563 0.440749 0.242391 0.434941 0.244625 0.433724 0.247891 0.423630
32 0.655156 0.748782 0.658078 0.748946 0.660797 0.747775 0.661375 0.746604 0.662453 0.742225 0.662547 0.740047 0.661969 0.735972 0.660500 0.733794 0.658078 0.732904 0.655734 0.732623 0.653891 0.733490 0.652625 0.736698 0.651953 0.739906 0.651953 0.744262 0.653406 0.747775
38 0.148500 0.412576 0.155266 0.406721 0.156047 0.404005 0.154484 0.402037 0.151359 0.404005 0.148500 0.405176 0.146422 0.406721 0.145375 0.407892 0.144594 0.409063 0.144344 0.410632 0.145641 0.412178 0.146422 0.412178 0.149031 0.410632
32 0.996813 0.700937 0.992547 0.697307 0.991719 0.692342 0.992547 0.687986 0.996281 0.687377 0.998359 0.687377 1.000000 0.689860
32 0.206609 0.687892 0.209391 0.683747 0.209609 0.678290 0.209391 0.675410 0.206609 0.672834 0.203406 0.672834 0.199766 0.677330 0.199766 0.681499 0.200844 0.685667 0.202547 0.688548 0.203406 0.689836
32 0.213438 0.504614 0.216281 0.506183 0.217578 0.510258 0.213172 0.512576 0.211109 0.511030 0.211750 0.504824
32 0.678813 0.470398 0.677797 0.468267 0.678203 0.465667 0.679734 0.465199 0.681672 0.466581 0.682281 0.469344 0.681063 0.471007 0.679625 0.471475
0 0.602031 0.481241 0.600234 0.454239 0.603844 0.429016 0.600234 0.416417 0.617656 0.375012 0.626063 0.353419 0.632656 0.348009 0.645875 0.358829 0.647672 0.363326 0.636859 0.393911 0.633859 0.484824 0.639875 0.498337 0.601438 0.503724 0.583422 0.549625 0.572016 0.561335 0.577422 0.582037 0.588828 0.586534 0.590625 0.557728 0.617656 0.515433 0.620656 0.551429 0.627250 0.592834 0.654875 0.587447 0.638062 0.563138 0.638672 0.544239 0.644078 0.529836
0 0.316422 0.787892 0.340313 0.794614 0.341797 0.765527 0.347766 0.725246 0.358219 0.664848 0.364188 0.615621 0.382109 0.626815 0.398516 0.691686 0.403000 0.745386 0.401500 0.767752 0.417922 0.790117 0.425391 0.785644 0.443297 0.778946 0.431359 0.752108 0.428375 0.752108 0.414937 0.727494 0.403000 0.624590 0.416437 0.611148 0.403000 0.488126 0.417922 0.409813 0.407484 0.376253 0.413453 0.349415 0.395531 0.293489 0.376125 0.318103 0.371656 0.376253 0.340313 0.396393 0.332844 0.412061 0.307469 0.405340 0.286578 0.407588 0.305984 0.432178 0.322406 0.463513 0.341797 0.467986 0.337328 0.514965 0.334344 0.626815 0.326875 0.752108
