18 0.169266 0.360500 0.158984 0.356583 0.158250 0.360500 0.151656 0.350708 0.145781 0.348771 0.139187 0.350708 0.130375 0.352667 0.127438 0.360500 0.136250 0.360500 0.147250 0.361479 0.152391 0.361479 0.138453 0.368333 0.140656 0.375167 0.147984 0.382021 0.150922 0.385938 0.151656 0.392771 0.152391 0.404521 0.153125 0.406479 0.153859 0.421146 0.154594 0.427021 0.155328 0.439729 0.156047 0.450479 0.158250 0.455375 0.158984 0.457333 0.161187 0.458313 0.167797 0.463208 0.174391 0.465167 0.178062 0.473958 0.181734 0.489604 0.183938 0.497438 0.187594 0.500375 0.199344 0.498417 0.225016 0.488646 0.251422 0.492542 0.256563 0.494500 0.269766 0.499396 0.273438 0.504292 0.284437 0.513083 0.291766 0.521896 0.301313 0.527771 0.307906 0.533625 0.307906 0.517000 0.307906 0.498417 0.308641 0.484729 0.310844 0.473958 0.313781 0.467125 0.320391 0.475917 0.322578 0.483750 0.325516 0.495479 0.329187 0.498417 0.334328 0.498417 0.335063 0.490583 0.330656 0.474937 0.326984 0.465167 0.323312 0.455375 0.315250 0.439729 0.312313 0.433854 0.308641 0.428000 0.297641 0.419188 0.281500 0.416250 0.269031 0.411354 0.248484 0.402562 0.239687 0.404521 0.215484 0.404521 0.211812 0.404521 0.188328 0.399625 0.178797 0.399625 0.178062 0.396688 0.176594 0.382021 0.178062 0.380062 0.181000 0.379083 0.183203 0.375167 0.185406 0.371250 0.187594 0.366375 0.183203 0.366375 0.180266 0.368333 0.178797 0.362458 0.181734 0.361479 0.185406 0.357563 0.188328 0.357563 0.192000 0.357563 0.194937 0.352667 0.193469 0.345833 0.189797 0.345833 0.186125 0.346813 0.181000 0.349729 0.174391 0.355604
18 0.459375 0.376188 0.492922 0.446104 0.492922 0.486167 0.513906 0.496437 0.516000 0.526250 0.526484 0.528125 0.529281 0.505750 0.534172 0.507604 0.536969 0.499229 0.524391 0.488042 0.525078 0.461000 0.553047 0.479646 0.553047 0.466604 0.561437 0.461937 0.555844 0.452625 0.547453 0.453563 0.541859 0.457271 0.538359 0.457271 0.543953 0.447958 0.554438 0.444229 0.568422 0.447958 0.576813 0.456354 0.581016 0.456354 0.590094 0.450750 0.600578 0.444229 0.615266 0.451687 0.617359 0.461937 0.604078 0.456354 0.596391 0.458208 0.593594 0.462875 0.606875 0.483375 0.608969 0.494563 0.623656 0.491771 0.639031 0.495500 0.640422 0.495500 0.634828 0.487104 0.627844 0.467542 0.629250 0.451687 0.632734 0.425583 0.641125 0.432125 0.643922 0.448896 0.646016 0.451687 0.648125 0.451687 0.648125 0.436771 0.640422 0.419062 0.629938 0.403229 0.615266 0.384583 0.592891 0.376188 0.577516 0.371521 0.524391 0.364083 0.498516 0.365000 0.492922 0.339833 0.485234 0.328646 0.485938 0.316542 0.472656 0.302563 0.460078 0.309083 0.455875 0.321208 0.450281 0.321208 0.446094 0.331458 0.435609 0.340771 0.423719 0.362208 0.431406 0.375250 0.446094 0.376188
18 0.603891 0.766229 0.525969 0.737667 0.490906 0.659750 0.483109 0.600000 0.467531 0.594813 0.477266 0.576625 0.504547 0.589604 0.533766 0.581813 0.551297 0.600000 0.525969 0.600000 0.522078 0.646750 0.578578 0.662333 0.607797 0.740250
18 0.505016 0.315292 0.572516 0.323396 0.589391 0.340500 0.602203 0.364792 0.608281 0.378292 0.606938 0.380083 0.592750 0.368396 0.588703 0.363896 0.583984 0.372896 0.521219 0.363896 0.499625 0.363896 0.494891 0.343208 0.486125 0.330604 0.486797 0.316208 0.481391 0.309896 0.463844 0.300896 0.462500 0.287396 0.462500 0.277500 0.466547 0.272104 0.471281 0.266708 0.471281 0.264000 0.478016 0.264917 0.467906 0.255000 0.457781 0.254104 0.455750 0.258604 0.448328 0.262208 0.441578 0.258604 0.434156 0.255000 0.426062 0.252313 0.421328 0.264000 0.429422 0.272104 0.433484 0.280208 0.432797 0.279313 0.434828 0.308104 0.438875 0.308104 0.457094 0.310813 0.457781 0.316208 0.459125 0.307208
18 1.000000 0.648146 0.927828 0.635979 0.923922 0.658562 0.913484 0.659437 0.911531 0.639458 0.898500 0.627292 0.891328 0.609917 0.883516 0.564729 0.882219 0.544750 0.882219 0.530854 0.882859 0.519562 0.880906 0.507396 0.871406 0.495750 0.876156 0.494479 0.882656 0.499979 0.885984 0.493625 0.882016 0.483708 0.876156 0.482229 0.876953 0.477146 0.885031 0.477146 0.892953 0.491521 0.902297 0.494479 0.910547 0.482854 0.923375 0.482646 0.927016 0.488562 0.926859 0.496375 0.925594 0.497021 0.923844 0.494062 0.921469 0.489625 0.913859 0.491104 0.909750 0.497229 0.909906 0.501437 0.915141 0.499542 0.918297 0.500812 0.921469 0.503979 0.923063 0.504625 0.920844 0.510958 0.916875 0.513271 0.914969 0.516875 0.912922 0.516021 0.912594 0.511792 0.909266 0.514333 0.910375 0.522792 0.911328 0.524896 0.913078 0.532917 0.914188 0.541792 0.916078 0.543708 0.920687 0.539687 0.928922 0.538000 0.939531 0.538000 0.953156 0.542229 0.971172 0.545667 0.987813 0.547583 1.000000 0.550958 1.000000 0.647875
18 0.624734 0.351479 0.632766 0.334354 0.629547 0.323646 0.632766 0.319354 0.631156 0.300083 0.637578 0.297958 0.647219 0.304375 0.660094 0.299063 0.672953 0.307625 0.668125 0.316188 0.660094 0.320479 0.664922 0.337604 0.687406 0.326896 0.698641 0.326896 0.713094 0.339750 0.706672 0.348312 0.711484 0.361167 0.724344 0.363292 0.730766 0.369729 0.725937 0.408271 0.719516 0.425396 0.719516 0.468229 0.717906 0.478938 0.711484 0.481063 0.706672 0.478938 0.706672 0.463937 0.703453 0.427542 0.679375 0.418979 0.674547 0.438250 0.671344 0.459667 0.663312 0.459667 0.661703 0.436104 0.647250 0.403979 0.642438 0.384708 0.642438 0.369729 0.636000 0.354729
18 0.623688 0.782979 0.622109 0.767563 0.614734 0.752833 0.604219 0.733896 0.598969 0.720583 0.589500 0.700938 0.583187 0.676396 0.580031 0.660979 0.575828 0.651854 0.565313 0.653271 0.555844 0.654667 0.549016 0.651167 0.546375 0.642750 0.551109 0.633625 0.563203 0.622417 0.568984 0.614000 0.572141 0.603479 0.578453 0.597875 0.583187 0.590854 0.588969 0.578938 0.598437 0.581750 0.600016 0.585958 0.592656 0.588750 0.602125 0.587354 0.610531 0.592958 0.614219 0.598583 0.596859 0.597875 0.592125 0.604188 0.603703 0.609083 0.612109 0.617500 0.618422 0.631521 0.625781 0.642750 0.641031 0.644854 0.664703 0.649062 0.688359 0.649750 0.714656 0.649750 0.735172 0.653958 0.750938 0.660271 0.766719 0.676396 0.783016 0.689729 0.790375 0.701646 0.790906 0.713563 0.791953 0.725479 0.793531 0.731083 0.788797 0.732500 0.784594 0.722688 0.779859 0.710062 0.775656 0.703750 0.773031 0.715667 0.769875 0.733896 0.766187 0.741604 0.765141 0.747229 0.758297 0.751417 0.764094 0.754937 0.768828 0.757042 0.766719 0.769646 0.769344 0.786479 0.763031 0.796292 0.748313 0.801917 0.743578 0.793500 0.736219 0.781583 0.732531 0.773854 0.725703 0.767563 0.703609 0.770354 0.678375 0.766146 0.672063 0.768250 0.673109 0.794896 0.666797 0.805417 0.654188 0.802604 0.654188 0.787188 0.650500 0.778771 0.645766 0.785792 0.629984 0.786479
18 0.114125 0.658938 0.108391 0.631250 0.120578 0.623604 0.124875 0.609292 0.133469 0.612146 0.147781 0.623604 0.151359 0.616917 0.154953 0.604500 0.162828 0.609292 0.169266 0.607375 0.182875 0.607375 0.190750 0.615021 0.201500 0.625521 0.206500 0.616917 0.214391 0.613104 0.225844 0.609292 0.273109 0.614062 0.295312 0.633146 0.308203 0.668479 0.287422 0.657979 0.284562 0.696167 0.286000 0.728646 0.289578 0.753458 0.292437 0.770646 0.282422 0.784021 0.273109 0.750604 0.255203 0.708583 0.259500 0.730542 0.267375 0.755375 0.268812 0.768750 0.255203 0.785937 0.248766 0.757292 0.236578 0.736271 0.211516 0.739146 0.192906 0.720042 0.180016 0.716229 0.172844 0.721000 0.179297 0.705729 0.177859 0.695229 0.165688 0.678979 0.154953 0.674208 0.149219 0.669437 0.139906 0.663708 0.133469 0.660854 0.121281 0.660854
18 0.482672 0.721583 0.475250 0.683125 0.459516 0.678479 0.448156 0.666813 0.437672 0.633021 0.426734 0.597479 0.419312 0.585833 0.414937 0.564271 0.415375 0.553187 0.406641 0.541542 0.403141 0.539208 0.390906 0.538625 0.391781 0.519396 0.406203 0.512396 0.422813 0.520562 0.427609 0.531042 0.432422 0.526396 0.448594 0.518229 0.455578 0.514146 0.470437 0.520562 0.475688 0.525813 0.480500 0.529875 0.470000 0.536875 0.456891 0.545042 0.453828 0.549104 0.455141 0.571250 0.460828 0.574750 0.472625 0.575917 0.495797 0.571833 0.515453 0.577083 0.541234 0.581750 0.558281 0.586396 0.570078 0.589896 0.579266 0.596313 0.570078 0.605062 0.559156 0.621375 0.549547 0.631271 0.545609 0.642354 0.540359 0.643500 0.532500 0.638854 0.522453 0.624854 0.526812 0.608542 0.530750 0.603312 0.541672 0.607958 0.542109 0.607958 0.547797 0.608542 0.548234 0.603312 0.546484 0.592812 0.537750 0.586396 0.534688 0.584667 0.530750 0.582917 0.524203 0.585250 0.517641 0.590479 0.502781 0.589312 0.496234 0.584083 0.487922 0.576500 0.479187 0.576500 0.471750 0.582333 0.466953 0.587563 0.466078 0.588729 0.464766 0.591646 0.468687 0.594563 0.472188 0.592812 0.473500 0.595729 0.478312 0.603896 0.487047 0.611458 0.489234 0.620208 0.487484 0.638854 0.492297 0.649333 0.494047 0.651667 0.496656 0.655750 0.500156 0.665063 0.501031 0.670896 0.503656 0.684292 0.504094 0.688958 0.490547 0.683708 0.493609 0.695958 0.496656 0.719833 0.493172 0.725667 0.480062 0.728000
18 0.332781 0.340250 0.332531 0.329354 0.331000 0.320479 0.329984 0.313000 0.327172 0.280292 0.327422 0.274500 0.327422 0.272812 0.318234 0.268708 0.315922 0.264625 0.314391 0.257812 0.314141 0.252021 0.319766 0.243854 0.334063 0.248292 0.338406 0.252708 0.343000 0.254063 0.347094 0.254750 0.355266 0.248292 0.360375 0.246229 0.368047 0.246229 0.372641 0.253042 0.372641 0.257146 0.370078 0.258500 0.369062 0.259188 0.370844 0.265312 0.368813 0.271104 0.364203 0.274854 0.356547 0.282000 0.357828 0.304146 0.383625 0.304812 0.401000 0.308229 0.442625 0.308562 0.452844 0.310271 0.458219 0.312646 0.449531 0.324229 0.425516 0.370208 0.427563 0.375333 0.432672 0.376000 0.440594 0.372938 0.450047 0.366479 0.451828 0.366479 0.465625 0.387583 0.475328 0.407333 0.487078 0.432208 0.491172 0.448208 0.490906 0.459458 0.485547 0.466938 0.483000 0.467625 0.480438 0.474771 0.476859 0.490458 0.466641 0.488396 0.468437 0.466938 0.466141 0.451271 0.465625 0.444458 0.458469 0.417229 0.450812 0.410062 0.440844 0.409729 0.415812 0.413813 0.382594 0.402229 0.382094 0.445146 0.381828 0.451625 0.379031 0.451958 0.364719 0.447542 0.363953 0.441750 0.363953 0.431521 0.363187 0.399854 0.353734 0.396792 0.339172 0.376687 0.336359 0.357958
18 0.759719 0.491896 0.769437 0.455187 0.745141 0.388229 0.733797 0.362312 0.717609 0.355833 0.738656 0.323438 0.751625 0.304000 0.814797 0.349354 0.897406 0.399021 0.911984 0.442229 0.895781 0.433583 0.908750 0.500542 0.847188 0.498375 0.843953 0.470313 0.792109 0.468146
