41 0.420310 0.622157 0.449395 0.671144 0.452451 0.752255 0.463170 0.785931 0.510605 0.807353 0.522859 0.807353 0.535098 0.788987 0.571830 0.788987 0.588676 0.773676 0.596324 0.687974 0.576422 0.703284 0.561127 0.686438 0.550408 0.654297 0.501422 0.661961 0.437141 0.614510 0.469281 0.557876 0.444804 0.560931
41 0.692647 0.204248 0.718922 0.194918 0.758350 0.189837 0.769363 0.188137 0.793529 0.188562 0.820229 0.193219 0.847778 0.201699 0.861340 0.215261 0.863039 0.230098 0.857516 0.235605 0.813448 0.360098 0.793105 0.374085 0.782075 0.386797 0.777418 0.397386 0.747745 0.398660 0.721895 0.393154 0.708758 0.385948 0.700703 0.378317 0.699853 0.372810 0.701552 0.366454 0.704510 0.362631 0.700703 0.329330 0.688824 0.322974 0.678660 0.310686 0.673987 0.290768 0.675686 0.274657 0.680359 0.258546 0.685441 0.251765 0.683742 0.233971 0.680768 0.229722 0.679085 0.224641 0.678235 0.217859 0.681193 0.211928 0.687974 0.205572 0.693072 0.203873
48 0.628578 0.748056 0.662337 0.763644 0.711683 0.763644 0.758448 0.755850 0.794804 0.729869 0.810392 0.703889 0.825980 0.662337 0.825980 0.623382 0.805196 0.545458 0.735065 0.527271 0.688317 0.506487 0.657141 0.506487 0.633758 0.514281 0.631176 0.545458 0.623382 0.584412 0.623382 0.594804 0.615588 0.641552 0.605196 0.685719 0.620784 0.722075 0.620784 0.742859
40 0.148317 0.626961 0.125850 0.591013 0.067418 0.550556 0.060670 0.512353 0.065163 0.451683 0.035948 0.379771 0.049444 0.350556 0.085392 0.339330 0.132582 0.337075 0.164052 0.343824 0.186520 0.355049 0.184265 0.424722 0.217974 0.485392 0.208987 0.552810 0.175278 0.582026 0.184265 0.622467 0.244951 0.633709 0.242696 0.669657 0.220229 0.694379 0.128088 0.701127 0.112353 0.687647 0.103366 0.665163 0.114608 0.644951
45 0.041503 0.736993 0.085392 0.715409 0.130033 0.714673 0.173938 0.731029 0.189559 0.763775 0.194755 0.800964 0.185098 0.832958 0.170948 0.850817 0.149379 0.862712 0.123333 0.870899 0.080196 0.872386 0.045229 0.871650 0.031830 0.868676 0.003562 0.861977 0.000000 0.797255 0.015458 0.761536
45 0.783693 0.550948 0.758529 0.529020 0.719150 0.518693 0.704314 0.510294 0.708186 0.485784 0.724967 0.474804 0.763693 0.469641 0.796601 0.476095 0.815310 0.492222 0.815964 0.520621 0.811438 0.541275 0.794657 0.553529 0.786912 0.554820
41 1.000000 0.071944 0.967173 0.070621 0.955948 0.071944 0.950016 0.162386 0.950016 0.203971 0.968497 0.209248 0.996879 0.209918 1.000000 0.208595
60 0.002598 0.304837 0.090670 0.297059 0.137304 0.299657 0.269428 0.299657 0.316062 0.341111 0.398971 0.317794 0.626944 0.183072 0.665801 0.133856 0.722794 0.110539 0.753889 0.128676 0.777206 0.188252 0.829020 0.188252 0.867876 0.201209 0.873056 0.185670 0.886013 0.159755 0.904150 0.141618 0.922288 0.110539 0.958546 0.110539 0.989640 0.110539 1.000000 0.986176 0.005180 0.983595
0 0.166291 0.006373 0.200000 0.107484 0.235948 0.213105 0.276405 0.282778 0.285392 0.325474 0.235948 0.300752 0.197745 0.289510 0.143824 0.309739 0.087647 0.298497 0.000000 0.298497 0.004493 0.008611
0 0.317565 0.012386 0.315310 0.170049 0.340098 0.266895 0.342337 0.327696 0.500000 0.271389 0.617124 0.201569 0.628382 0.163284 0.653154 0.120490 0.691438 0.120490 0.693693 0.021389 0.695948 0.005637 0.322075 0.003382
48 0.910964 0.416683 0.935278 0.445621 0.968856 0.456046 1.000000 0.462990 1.000000 0.261536 0.974640 0.261536 0.951487 0.285850 0.935278 0.291634 0.904020 0.293954 0.884346 0.304363 0.876242 0.310163 0.877402 0.328676 0.885507 0.342582 0.901716 0.350686 0.924869 0.348366 0.907500 0.366895 0.908660 0.385408 0.908660 0.395833
48 0.138317 0.336683 0.161699 0.313301 0.201029 0.294167 0.226552 0.300556 0.247810 0.309052 0.271193 0.320752 0.292451 0.354755 0.302026 0.373889 0.310523 0.394085 0.308399 0.418546 0.292451 0.439804 0.275441 0.453611 0.252059 0.463186 0.225490 0.466373 0.205294 0.462124 0.199967 0.458938 0.189346 0.441928 0.179771 0.385588 0.182958 0.365392 0.185098 0.347320 0.173399 0.343072 0.147892 0.336683
