13 0.585688 0.365831 0.585688 0.347213 0.570641 0.311920 0.578500 0.311920 0.575875 0.312904 0.625594 0.316815 0.853203 0.352108 0.855828 0.348197 0.903578 0.352108 0.899000 0.371710 0.867594 0.411920 0.851250 0.407002 0.862359 0.378571 0.613156 0.325644 0.605312 0.350141 0.605969 0.382506 0.605312 0.386417 0.558875 0.380539 0.517125 0.363958 0.515813 0.367869 0.449094 0.363958 0.439281 0.357096 0.451063 0.347283 0.459562 0.334543 0.459562 0.313958 0.464797 0.302178 0.467406 0.302178 0.468062 0.302178 0.475266 0.302178 0.475266 0.326698 0.481797 0.354145
0 0.382437 0.313841 0.389812 0.311335 0.397172 0.311827 0.401859 0.315340 0.407547 0.317354 0.410563 0.316347 0.412234 0.312342 0.407547 0.310820 0.404531 0.307307 0.404875 0.298782 0.408891 0.293770 0.411563 0.286745 0.416578 0.278712 0.421609 0.271194 0.424609 0.268173 0.431641 0.265667 0.439344 0.263677 0.440688 0.261171 0.439016 0.255644 0.438344 0.251639 0.436672 0.246112 0.437672 0.241593 0.437672 0.238080 0.436672 0.233068 0.438344 0.226042 0.445703 0.220515 0.453734 0.224028 0.457078 0.226042 0.458094 0.235574 0.456750 0.244614 0.454734 0.254145 0.452734 0.261171 0.459766 0.267190 0.463109 0.271686 0.467125 0.285246 0.465781 0.301288 0.460094 0.318852 0.456750 0.330398 0.450391 0.343934 0.445031 0.351475 0.440344 0.354473 0.436672 0.354988 0.432984 0.353981 0.427625 0.348454 0.427297 0.358993 0.428969 0.369532 0.429641 0.382576 0.424609 0.382576 0.422609 0.377564 0.417250 0.375035 0.414578 0.371522 0.412563 0.367026 0.410891 0.350960 0.402187 0.349953 0.398500 0.349953 0.391484 0.353981 0.373406 0.321874 0.369719 0.325878 0.371062 0.335902 0.374406 0.357494 0.384781 0.377564 0.398500 0.377049 0.399172 0.370539
0 0.213391 0.245082 0.211781 0.218665 0.211781 0.201827 0.221406 0.197026 0.231828 0.201827 0.235828 0.227073 0.248656 0.240281 0.272703 0.301569 0.273516 0.319578 0.246250 0.329204 0.240641 0.352037 0.223813 0.353232 0.223813 0.334005 0.213391 0.327986 0.213391 0.349625 0.198953 0.356838 0.194141 0.341218 0.192547 0.314778 0.191750 0.285948 0.205375 0.271522 0.207781 0.251101
0 0.142953 0.342740 0.137797 0.308290 0.152063 0.305925 0.163547 0.298197 0.158000 0.259602 0.143344 0.228126 0.132641 0.215644 0.129875 0.213864 0.128688 0.191311 0.116406 0.187752 0.110859 0.198431 0.114031 0.219227 0.102937 0.222787 0.094609 0.240000 0.096203 0.259602 0.088281 0.282763 0.094219 0.336792 0.111250 0.337377 0.108484 0.306511 0.120359 0.307705 0.132250 0.342131
0 0.720969 0.242342 0.720969 0.273958 0.739047 0.302342 0.738609 0.317190 0.727422 0.352693 0.720531 0.379789 0.714500 0.395269 0.714500 0.421101 0.701594 0.423677 0.700297 0.412693 0.695125 0.385597 0.678344 0.389461 0.696422 0.415925 0.694266 0.421733 0.674469 0.419813 0.648203 0.385597 0.653797 0.366885 0.674469 0.359134 0.686516 0.355269 0.678344 0.341710 0.684797 0.311382 0.688234 0.294614 0.700297 0.284918 0.704172 0.282342 0.698578 0.270726 0.700297 0.258478 0.696844 0.250726 0.704594 0.237166 0.709766 0.235878 0.715797 0.235878
35 0.546469 0.675667 0.542891 0.668501 0.530922 0.675667 0.530531 0.686417 0.522563 0.684637 0.506609 0.689415 0.500625 0.681030 0.501422 0.670281 0.513391 0.644590 0.526547 0.625480 0.535313 0.629672 0.545281 0.638618 0.546875 0.653560 0.546875 0.667892
0 0.779703 0.422553 0.796313 0.423138 0.797484 0.408337 0.792359 0.392927 0.799859 0.389953 0.799859 0.401218 0.801437 0.408923 0.806984 0.396487 0.809750 0.384637 0.820031 0.384637 0.823984 0.384637 0.826750 0.389368 0.828719 0.429649 0.843750 0.425504 0.842953 0.404777 0.844922 0.394098 0.856781 0.392319 0.860734 0.372787 0.853625 0.347892 0.850469 0.338993 0.846516 0.325386 0.840578 0.315902 0.831891 0.308782 0.825156 0.303466 0.820422 0.296932 0.817656 0.287447 0.814094 0.273841 0.807766 0.273232 0.796703 0.275597 0.794719 0.288056 0.790375 0.293372 0.788797 0.298712 0.793938 0.296932 0.795906 0.311148 0.795125 0.322412 0.790375 0.334848 0.790375 0.352623 0.786422 0.365667 0.782859 0.372178 0.780094 0.382857 0.780094 0.397658 0.780094 0.410703 0.780891 0.419578
0 0.617359 0.410492 0.629078 0.387892 0.627406 0.385386 0.650016 0.382881 0.668453 0.364052 0.673469 0.350234 0.681844 0.300023 0.670125 0.292482 0.670969 0.289977 0.673469 0.274918 0.671797 0.263607 0.670969 0.248548 0.670969 0.248548 0.654203 0.243513 0.646672 0.261101 0.654203 0.286206 0.638297 0.288712 0.620703 0.308806 0.613172 0.327635 0.601438 0.374075 0.603125 0.396674 0.603125 0.411733 0.619031 0.412998
0 0.936750 0.226347 0.936469 0.214005 0.939875 0.210585 0.954359 0.214848 0.955781 0.225925 0.958047 0.235714 0.957484 0.242529 0.963172 0.251054 0.960609 0.325129 0.961469 0.365995 0.958562 0.414567 0.954078 0.411218 0.950016 0.410304 0.948500 0.363911 0.929187 0.361710 0.920063 0.363911 0.908766 0.409251 0.906578 0.430562 0.901469 0.436581 0.887250 0.434379 0.886531 0.426745 0.894906 0.391780 0.898922 0.376464 0.928813 0.334403 0.930281 0.331124 0.920797 0.332763 0.908031 0.355152 0.898922 0.368267 0.901109 0.347518 0.908766 0.334403 0.917516 0.321288 0.917875 0.305972 0.917516 0.295059 0.922250 0.269906 0.930281 0.247518 0.935375 0.238220 0.936109 0.233841 0.931375 0.233302 0.936109 0.224567
0 0.152328 0.313583 0.160969 0.303864 0.172391 0.296464 0.178875 0.291827 0.181656 0.282108 0.183812 0.273326 0.186281 0.254824 0.187219 0.246487 0.189375 0.240023 0.197094 0.230749 0.198641 0.229836 0.197703 0.228899 0.195547 0.213185 0.193078 0.212248 0.191844 0.209485 0.192453 0.205316 0.194312 0.202529 0.195234 0.196511 0.196781 0.192365 0.202641 0.190960 0.206047 0.191897 0.212531 0.195597 0.213453 0.200234 0.213453 0.205785 0.212828 0.212717 0.212828 0.223817 0.214062 0.227518 0.215609 0.230304 0.215609 0.234473 0.218703 0.244637 0.209500 0.261967 0.209281 0.270585 0.210156 0.278548 0.210156 0.284520 0.203734 0.284520 0.196656 0.285176 0.192672 0.289485 0.190688 0.297119 0.191344 0.301429 0.195109 0.305410 0.193344 0.327635 0.194219 0.334941 0.194891 0.342904 0.196438 0.348876 0.169219 0.345550 0.163453 0.340585 0.160578 0.334286 0.157922 0.329297
0 0.748750 0.296112 0.746594 0.287026 0.745078 0.277916 0.745078 0.270140 0.747891 0.262998 0.755469 0.260726 0.760891 0.259742 0.765437 0.266230 0.766297 0.276628 0.766953 0.278899 0.769328 0.289602 0.773016 0.289602 0.777562 0.293185 0.782984 0.298712 0.788172 0.304543 0.790563 0.315902 0.791203 0.319157 0.790563 0.336370 0.790563 0.353583 0.787531 0.364941 0.781469 0.370773 0.778437 0.384098 0.776047 0.386698 0.776906 0.399040 0.777562 0.408126 0.777562 0.416229 0.775391 0.420773 0.765437 0.418501 0.760891 0.394473 0.755031 0.392529 0.745937 0.391241 0.738359 0.388970 0.738359 0.403583 0.737484 0.421756 0.726875 0.421756 0.721672 0.386698 0.720156 0.363958 0.720812 0.353583 0.722969 0.347073 0.727531 0.337986 0.729047 0.335714 0.730563 0.329883 0.737484 0.318501 0.738141 0.309415 0.740312 0.303583 0.743344 0.300328 0.745719 0.296745
0 0.516813 0.323255 0.521547 0.285176 0.526719 0.280656 0.529297 0.256768 0.539641 0.247752 0.548672 0.257424 0.548672 0.276792 0.559438 0.278080 0.568047 0.298712 0.570203 0.309040 0.577953 0.327119 0.578812 0.338735 0.574078 0.356815 0.568484 0.370351 0.561594 0.381335 0.560297 0.394239 0.560297 0.399391 0.532750 0.396159 0.535328 0.379391 0.534906 0.372295 0.529734 0.370351 0.529297 0.379391 0.528437 0.389719 0.526297 0.392295 0.513797 0.389719 0.511219 0.370351 0.513375 0.344543 0.515531 0.336792 0.517672 0.323255
0 0.305047 0.621616 0.282500 0.653162 0.252453 0.698197 0.219391 0.761265 0.190844 0.837845 0.172812 0.842342 0.160781 0.822061 0.162281 0.813068 0.199859 0.725223 0.232922 0.655410 0.268984 0.540539 0.285516 0.425667 0.291516 0.385129 0.303547 0.378384 0.306547 0.346838 0.302031 0.335597 0.320062 0.315316 0.330594 0.292787 0.356141 0.301803 0.357641 0.340094 0.357641 0.373864 0.387688 0.394145 0.402719 0.407658 0.401219 0.382881 0.404219 0.373864 0.414734 0.371616 0.426766 0.398642 0.432766 0.459461 0.431266 0.475222 0.417750 0.475222 0.401219 0.459461 0.402719 0.448197 0.375672 0.477471 0.357641 0.538290 0.377172 0.601358 0.417750 0.716206 0.428266 0.822061 0.431266 0.849110 0.411734 0.846838 0.408734 0.840094 0.407219 0.835597 0.401219 0.810820 0.384687 0.725223 0.372656 0.695948 0.341109 0.641897
0 0.640922 0.925902 0.712141 0.921452 0.712141 0.899227 0.700281 0.881429 0.730937 0.894778 0.746766 0.887354 0.756656 0.850304 0.756656 0.737611 0.729953 0.663489 0.715109 0.644215 0.691375 0.630867 0.691375 0.614567 0.683469 0.577494 0.672578 0.564145 0.641922 0.564145 0.613234 0.587869 0.617188 0.596768 0.617188 0.619016 0.614219 0.636792 0.626094 0.657564 0.621141 0.669415 0.577625 0.678314 0.547953 0.675340 0.547953 0.651639 0.544984 0.642740 0.535094 0.627916 0.527172 0.626417 0.515297 0.635316 0.495516 0.678314 0.502437 0.691663 0.525187 0.685738 0.550906 0.712412 0.579594 0.721311 0.605312 0.727237 0.621141 0.725761 0.624109 0.733162 0.624109 0.740586 0.624109 0.745035 0.593453 0.749485 0.587516 0.761335 0.579594 0.795433 0.624109 0.859180 0.643891 0.872529 0.635984 0.897728 0.635000 0.906628
0 0.830781 0.916464 0.882297 0.912951 0.898687 0.907705 0.894016 0.886628 0.882297 0.844520 0.863562 0.793630 0.855375 0.772576 0.881125 0.744496 0.895187 0.760281 0.906891 0.718173 0.911578 0.672553 0.899859 0.597073 0.855375 0.546183 0.816734 0.507588 0.814391 0.472482 0.799172 0.460211 0.769906 0.458454 0.752344 0.490023 0.751172 0.521616 0.767563 0.561991 0.788641 0.546183 0.790984 0.549696 0.796828 0.586557 0.815563 0.625152 0.820250 0.662014 0.815563 0.683068 0.781609 0.702365 0.772250 0.725199 0.778094 0.779578 0.788641 0.837494 0.775750 0.851546 0.771078 0.879625 0.824938 0.879625 0.828438 0.893653 0.822594 0.914707
