33 0.347203 0.322131 0.342672 0.316300 0.333234 0.314754 0.325453 0.320187 0.320797 0.330468 0.319109 0.344052 0.321578 0.354918 0.326234 0.364239 0.327266 0.366370 0.329078 0.364824 0.324547 0.353560 0.323641 0.340960 0.324031 0.332225 0.325453 0.326979 0.329469 0.322717 0.332453 0.320000 0.336078 0.319813 0.339828 0.320000 0.343844 0.322319 0.344875 0.323888 0.347203 0.322131
0 0.163422 0.622482 0.158922 0.586511 0.161922 0.582014 0.158922 0.573044 0.167922 0.570796 0.169422 0.582014 0.170922 0.586511 0.173922 0.624731 0.161922 0.626956
0 0.084766 0.533396 0.083922 0.531874 0.079875 0.531874 0.079531 0.536183 0.080203 0.540234 0.078859 0.544286 0.079875 0.557424 0.081047 0.558197 0.082234 0.563513 0.083750 0.569321 0.086453 0.569578 0.086109 0.559461 0.088469 0.554895 0.088641 0.551358 0.087969 0.547307 0.087297 0.543770 0.086453 0.540984 0.083750 0.534918 0.084594 0.533653
0 0.109328 0.527494 0.109172 0.524356 0.105938 0.525082 0.105625 0.528712 0.106594 0.532342 0.106266 0.550492 0.107391 0.558712 0.109656 0.559930 0.109812 0.552670 0.109984 0.545176 0.110297 0.541288 0.109656 0.537658 0.109500 0.534754 0.109984 0.530656
33 0.617516 0.277869 0.615531 0.271382 0.612375 0.263419 0.609875 0.259696 0.606719 0.259696 0.604563 0.260422 0.602078 0.263911 0.601234 0.266159 0.600078 0.268899 0.600078 0.273372 0.599578 0.278618 0.598578 0.282342 0.597250 0.285831 0.596422 0.286323 0.594922 0.283583 0.594922 0.278618 0.594922 0.273630 0.595094 0.269649 0.596594 0.265902 0.600078 0.261171 0.601734 0.258197 0.605234 0.255691 0.608547 0.254941 0.613531 0.255691 0.615531 0.257447 0.618359 0.263419 0.618859 0.269157 0.619344 0.272881 0.618688 0.276628 0.618359 0.278361 0.617859 0.278361 0.617188 0.277869
0 0.121531 0.551663 0.121125 0.543466 0.121328 0.538595 0.122750 0.533747 0.122953 0.531007 0.123156 0.526745 0.124172 0.526136 0.126203 0.526136 0.127422 0.528876 0.127422 0.531616 0.127422 0.533138 0.129031 0.539204 0.129031 0.543466 0.129031 0.548946 0.128844 0.553185 0.128844 0.560492 0.128844 0.564426 0.127016 0.564731 0.126000 0.551663 0.124375 0.556838 0.124984 0.565035 0.122750 0.565644 0.122953 0.560796 0.122953 0.558056 0.122953 0.556534
33 0.552578 0.217658 0.558047 0.197963 0.562969 0.194262 0.570641 0.196323 0.574469 0.204520 0.576109 0.220117 0.580219 0.203302 0.579125 0.196745 0.575562 0.192225 0.571453 0.188946 0.563516 0.188946 0.556672 0.192623 0.551203 0.200023 0.551750 0.208642
33 0.489422 0.305410 0.482094 0.296768 0.475625 0.294871 0.471547 0.295504 0.465641 0.303724 0.464094 0.313653 0.464656 0.322084 0.473375 0.335785 0.471125 0.338525 0.464516 0.327986 0.462266 0.322717 0.461141 0.313443 0.464234 0.299297 0.469719 0.292553 0.477734 0.289813 0.487578 0.296557 0.490406 0.301827
0 0.113453 0.555176 0.113703 0.543770 0.111672 0.539977 0.109906 0.536932 0.108891 0.532763 0.111172 0.529344 0.112188 0.525152 0.114469 0.522108 0.117516 0.523630 0.117766 0.527822 0.118016 0.530094 0.119031 0.535410 0.117766 0.542248 0.115984 0.552904 0.115484 0.560492 0.112688 0.559368 0.112953 0.555948
33 0.780141 0.254145 0.784625 0.243583 0.787187 0.240070 0.791453 0.236557 0.795078 0.235597 0.802109 0.236557 0.807656 0.244543 0.809141 0.250632 0.810422 0.259578 0.808719 0.264684 0.807656 0.263091 0.806594 0.257330 0.806156 0.253185 0.804672 0.249344 0.802969 0.246136 0.801047 0.244239 0.798484 0.242951 0.796344 0.242319 0.792938 0.241991 0.789734 0.243911 0.788031 0.247424 0.782922 0.251569 0.781844 0.254450
33 0.713875 0.279532 0.711953 0.276019 0.711953 0.269297 0.712156 0.263864 0.717063 0.255246 0.723891 0.250445 0.728375 0.249485 0.732422 0.251101 0.735187 0.255878 0.736469 0.260047 0.737547 0.267705 0.738172 0.277611 0.737109 0.285925 0.734766 0.291358 0.731562 0.292646 0.730281 0.290726 0.730922 0.287213 0.731781 0.282412 0.732000 0.275059 0.730078 0.269297 0.727938 0.266112 0.724531 0.265785 0.722609 0.266112 0.720266 0.269953 0.718344 0.276347 0.716422 0.279532
0 0.277000 0.540773 0.276313 0.534824 0.276313 0.530445 0.276313 0.527588 0.275969 0.525527 0.274578 0.521124 0.274750 0.519836 0.276313 0.518806 0.277000 0.518033 0.277687 0.515199 0.278031 0.514660 0.279234 0.514660 0.279578 0.515714 0.279938 0.519321 0.281141 0.520867 0.281141 0.522436 0.282172 0.522693 0.280453 0.526042 0.280453 0.529672 0.280453 0.531733 0.280453 0.534051 0.281141 0.535597 0.281484 0.535878 0.281828 0.536651 0.280969 0.538454 0.280453 0.538712 0.279234 0.536393 0.277859 0.534567 0.277516 0.536651 0.277516 0.538197
33 0.553453 0.394450 0.556391 0.390632 0.556984 0.384450 0.557766 0.378852 0.557953 0.374145 0.556000 0.369157 0.551875 0.366206 0.545797 0.367096 0.542063 0.369438 0.539906 0.375621 0.542656 0.376206 0.545797 0.373279 0.548547 0.371499 0.550313 0.371499 0.553250 0.374145 0.554812 0.382084 0.551094 0.392670 0.552859 0.395035
33 0.911781 0.324075 0.912547 0.318056 0.911906 0.312248 0.911125 0.309906 0.908797 0.307588 0.904922 0.307190 0.900125 0.307775 0.898438 0.310304 0.897406 0.311077 0.897922 0.306815 0.899219 0.304660 0.902453 0.301756 0.905437 0.301569 0.910094 0.301569 0.913719 0.304098 0.915922 0.307377 0.917734 0.312248 0.918125 0.317283 0.916562 0.321944 0.913844 0.326019 0.912031 0.328735 0.911391 0.329508 0.911000 0.326792 0.911125 0.323888
0 0.185266 0.537119 0.184016 0.532319 0.181875 0.531499 0.181688 0.525082 0.183828 0.520000 0.183297 0.516253 0.184188 0.514379 0.186687 0.515199 0.187406 0.519461 0.188297 0.528033 0.188109 0.548103 0.184719 0.546768 0.184547 0.537939
0 0.089531 0.556112 0.091063 0.556112 0.091422 0.544145 0.092500 0.539578 0.092312 0.534075 0.091516 0.531382 0.090516 0.530585 0.090969 0.527635 0.090250 0.524801 0.088375 0.524403 0.087031 0.527892 0.087203 0.530187 0.087031 0.530328 0.084875 0.532459 0.084516 0.535012 0.085062 0.536909 0.086047 0.539461 0.087125 0.542553 0.087297 0.545503 0.089000 0.548454 0.089266 0.552342 0.089094 0.555316 0.089000 0.556370
0 0.404422 0.535925 0.405203 0.525831 0.404812 0.517518 0.401250 0.511569 0.399266 0.512763 0.397687 0.516909 0.397281 0.526417 0.397281 0.532342 0.400453 0.538876 0.403625 0.538876 0.405203 0.538290
0 0.120641 0.527026 0.120469 0.525012 0.119281 0.523489 0.118438 0.526511 0.118609 0.530820 0.118781 0.535621 0.117766 0.545738 0.118781 0.561686 0.119797 0.561944 0.120469 0.552319 0.120797 0.550047 0.120797 0.544239 0.121484 0.538150 0.121813 0.533091 0.123000 0.530328 0.121141 0.527541
33 0.153016 0.410445 0.167719 0.409719 0.166734 0.420726 0.153016 0.414848
33 0.166969 0.300890 0.167859 0.303560 0.169109 0.305176 0.169469 0.309719 0.170266 0.305035 0.172063 0.303700 0.172141 0.301171 0.170813 0.299813 0.169641 0.299555
0 0.292516 0.542412 0.292031 0.531686 0.289922 0.527799 0.289750 0.517588 0.291547 0.514169 0.292031 0.509063 0.294797 0.510539 0.295109 0.515152 0.297875 0.520023 0.297719 0.528056 0.296578 0.526581 0.296406 0.538501
0 0.137328 0.563653 0.136172 0.552201 0.136172 0.541780 0.138250 0.535527 0.140578 0.533443 0.140578 0.539344 0.140797 0.550796 0.140797 0.551148 0.139875 0.561218
