49 0.195078 0.598437 0.185937 0.662229 0.192266 0.696021 0.221828 0.730729 0.260531 0.736354 0.260531 0.735417 0.261937 0.696021 0.286563 0.644417 0.309078 0.619083 0.338641 0.611562 0.335828 0.590917 0.335828 0.590917 0.325969 0.563708 0.307672 0.537437 0.307672 0.537437 0.273891 0.521500 0.237297 0.533688 0.204234 0.567458 0.194375 0.600312
45 0.487078 0.658417 0.424719 0.613479 0.360672 0.586521 0.325281 0.591021 0.313484 0.552813 0.446625 0.561792 0.714609 0.566292 0.746625 0.559542 0.728094 0.635958 0.653937 0.676396 0.598312 0.626958 0.552812 0.615729 0.519094 0.624729 0.487078 0.644938
56 0.102344 0.409604 0.184563 0.420792 0.192953 0.407375 0.197984 0.378292 0.196313 0.360396 0.199672 0.349208 0.201344 0.342500 0.206375 0.340271 0.213094 0.364875 0.203016 0.385000 0.206375 0.393958 0.184563 0.561729 0.065438 0.559500 0.052016 0.550542 0.053688 0.525937 0.062078 0.514750 0.080531 0.400667 0.083891 0.387250 0.085578 0.389479 0.088922 0.369333 0.093953 0.360396 0.099000 0.360396 0.099000 0.382771
49 0.391484 0.553979 0.487813 0.556500 0.500500 0.535375 0.501766 0.490604 0.494797 0.460167 0.482750 0.437354 0.456766 0.423000 0.431406 0.422146 0.402266 0.442437 0.389578 0.469479 0.381344 0.507500 0.386422 0.543833
56 0.421359 0.427646 0.413562 0.435062 0.407984 0.430625 0.364516 0.432104 0.362297 0.429125 0.365641 0.391979 0.370094 0.380083 0.370094 0.356312 0.379016 0.342937 0.383469 0.353354 0.383469 0.365229 0.375672 0.384542 0.381234 0.399417 0.375672 0.424667 0.421359 0.418729 0.517203 0.403875 0.518313 0.411292 0.518313 0.411292 0.532797 0.426167 0.536141 0.383062 0.533922 0.369687 0.541719 0.337000 0.535031 0.323625 0.526109 0.341458 0.529453 0.363750 0.521656 0.372667
49 0.814125 0.679021 0.833547 0.622021 0.874359 0.606479 0.940422 0.611667 0.985109 0.632375 1.000000 0.668646 1.000000 0.733417 1.000000 0.785229 0.985109 0.808542 0.917094 0.818917 0.868516 0.818917 0.829656 0.777458 0.818000 0.733417
49 0.388453 0.550312 0.369031 0.549042 0.358141 0.549667 0.351500 0.544000 0.346297 0.538313 0.342031 0.530104 0.337297 0.523771 0.336344 0.516833 0.332563 0.507354 0.330187 0.497896 0.330187 0.491562 0.330187 0.473875 0.332078 0.459354 0.336812 0.449875 0.342031 0.438521 0.350563 0.433458 0.355766 0.432833 0.364766 0.429667 0.393656 0.429667 0.403609 0.430313 0.410234 0.432208 0.410719 0.432833 0.410719 0.432833 0.413078 0.435354 0.407406 0.438521 0.403141 0.441042 0.396031 0.449250 0.394609 0.456833 0.388922 0.470104 0.386078 0.485250 0.382297 0.508625 0.384656 0.525042 0.385141 0.534521 0.386562 0.541458 0.386562 0.548417
49 0.097984 0.615333 0.116953 0.591062 0.132062 0.587958 0.147547 0.588479 0.162641 0.592083 0.182391 0.596229 0.195172 0.597771 0.199031 0.600354 0.199031 0.623062 0.186656 0.664875 0.179297 0.666958 0.152969 0.644229 0.120828 0.633917 0.097203 0.627208
49 0.518313 0.560729 0.504438 0.556333 0.499156 0.537833 0.504438 0.484083 0.487922 0.446208 0.513031 0.431229 0.548047 0.430354 0.574484 0.451500 0.586375 0.480563 0.586375 0.517563 0.580422 0.535188 0.547391 0.536938 0.526250 0.556333
49 0.349734 0.609792 0.308000 0.622167 0.288297 0.642250 0.261641 0.691708 0.263953 0.725708 0.263953 0.764354 0.272062 0.795271 0.290609 0.832354 0.310313 0.846271 0.332344 0.854000 0.362484 0.860188 0.386828 0.860188 0.408844 0.852458 0.428547 0.827729 0.433187 0.821542 0.450578 0.799896 0.447094 0.735000 0.467969 0.697896 0.467969 0.679354 0.465641 0.648438 0.448266 0.619083 0.419281 0.603625 0.387984 0.591250 0.355531 0.591250 0.342781 0.594354
49 0.138312 0.817396 0.060391 0.840771 0.019484 0.827771 0.001953 0.791417 0.007797 0.679729 0.044813 0.627771 0.099344 0.617396 0.155844 0.630375 0.187016 0.661542 0.190906 0.708292 0.185062 0.760250 0.165578 0.799208
49 0.448313 0.763667 0.448313 0.817604 0.463484 0.858063 0.503937 0.898500 0.551125 0.914229 0.591578 0.907500 0.625281 0.894000 0.643813 0.873792 0.658984 0.828833 0.665734 0.797375 0.667422 0.747938 0.642141 0.673792 0.591578 0.635583 0.554500 0.624354 0.527531 0.622104 0.512359 0.628833 0.490453 0.660292 0.475281 0.685021 0.460109 0.714229 0.450000 0.732208 0.444938 0.752438
60 1.000000 0.619750 0.735187 0.600000 0.642594 0.674083 0.540734 0.654312 0.455563 0.637042 0.383328 0.614812 0.346297 0.600000 0.312969 0.558021 0.309266 0.530854 0.214812 0.543208 0.179625 0.558021 0.188891 0.572833 0.035188 0.553083 0.007406 0.553083 0.005563 0.987646 1.000000 0.985188
