0 0.162940 0.568213 0.165140 0.543200 0.165140 0.519627 0.164040 0.493120 0.164040 0.468080 0.158520 0.463653 0.145260 0.501947 0.135320 0.521093 0.123180 0.529947 0.109920 0.524053 0.102180 0.538773 0.091140 0.550560 0.064640 0.560853 0.060220 0.562347 0.056900 0.562347 0.042540 0.559387 0.035920 0.549093 0.032600 0.534347 0.032600 0.529947 0.034820 0.519627 0.040340 0.503440 0.044760 0.493120 0.048060 0.485760 0.056900 0.476933 0.060220 0.469547 0.063520 0.463653 0.070160 0.453360 0.080100 0.446000 0.080100 0.446000 0.102180 0.392987 0.108820 0.373840 0.119860 0.359120 0.132000 0.344373 0.153000 0.320827 0.177300 0.304613 0.179500 0.269813 0.167360 0.243307 0.168460 0.207973 0.171760 0.194720 0.185020 0.168213 0.201600 0.162320 0.219260 0.153493 0.238040 0.156427 0.256820 0.162320 0.264540 0.172613 0.282220 0.205013 0.285540 0.237413 0.287740 0.258053 0.301000 0.293387 0.313140 0.299280 0.329720 0.306640 0.340760 0.312533 0.355120 0.327253 0.370580 0.355227 0.380520 0.389120 0.390460 0.433280 0.397080 0.471573 0.407020 0.515760 0.404820 0.533440 0.400400 0.543733 0.389360 0.565840 0.378320 0.582027 0.346280 0.596747 0.320880 0.602640 0.304300 0.612960 0.278900 0.618853 0.275600 0.617360 0.256820 0.605600 0.244660 0.596747 0.219260 0.605600 0.225880 0.580560 0.212640 0.571707 0.191660 0.565840 0.166240 0.565840
56 0.942620 0.393413 0.943000 0.397920 0.949800 0.301387 0.948660 0.299867 0.944520 0.299867 0.943380 0.303893 0.900400 0.306907 0.941880 0.406480 0.925280 0.635947 0.932020 0.739333 0.925280 0.757307 0.916860 0.665173 0.916860 0.651680 0.921920 0.644933
56 0.350680 0.322373 0.411080 0.320133 0.419460 0.586347 0.429540 0.597520 0.407720 0.615440 0.392620 0.608720 0.394300 0.570693 0.399320 0.512533 0.359060 0.326827
63 0.742900 0.695573 0.722040 0.715653 0.708140 0.723387 0.689580 0.729573 0.667560 0.729573 0.657140 0.735760 0.647860 0.490027 0.879700 0.483840 0.884320 0.490027 0.873900 0.701760 0.869260 0.706400 0.871580 0.763573 0.833320 0.768213 0.828680 0.757387 0.811300 0.757387 0.799700 0.752747 0.799700 0.717200 0.783480 0.697120 0.757980 0.694027 0.754500 0.700213 0.782320 0.706400 0.792760 0.718747 0.795080 0.737307 0.790440 0.758933 0.784640 0.769760 0.774200 0.771307 0.678000 0.772853 0.658300 0.762027 0.653660 0.758933 0.657140 0.751200 0.698860 0.735760 0.718560 0.735760 0.735960 0.712587
40 0.711620 0.761147 0.724460 0.742480 0.744300 0.734693 0.766460 0.736240 0.786300 0.759600 0.796820 0.818720 0.793320 0.876293 0.765300 0.904293 0.754800 0.930747 0.751300 0.999227 0.744300 1.000000 0.736120 0.936987 0.701120 0.891840 0.696440 0.800053 0.710460 0.758027
45 0.106020 0.636587 0.120860 0.650987 0.143820 0.650987 0.146520 0.636587 0.178240 0.641067 0.198500 0.630267 0.222120 0.596987 0.224820 0.587067 0.216720 0.576267 0.201860 0.569973 0.169460 0.564560 0.106020 0.586187 0.085080 0.602373 0.081040 0.610480 0.084400 0.620373 0.089800 0.627573 0.112080 0.639280
64 0.439460 0.871173 0.452360 0.879493 0.442120 0.908587 0.426540 0.935307 0.403820 0.942427 0.391360 0.940640 0.384220 0.929360 0.387340 0.893733 0.395800 0.872960 0.413620 0.867600 0.439900 0.869973
43 0.250940 0.564987 0.184620 0.516213 0.182760 0.516213 0.181520 0.524480 0.199500 0.546800 0.225540 0.566640 0.231100 0.576560 0.235440 0.580693
64 0.506060 0.679680 0.490860 0.680613 0.479960 0.678720 0.478160 0.677760 0.478160 0.671093 0.477800 0.654160 0.482640 0.636773 0.491940 0.623413 0.498900 0.619360 0.505880 0.618880 0.509980 0.618880 0.516600 0.623653 0.520720 0.627707 0.520720 0.644880 0.516960 0.657493 0.511780 0.672533
42 0.134280 0.497280 0.125980 0.499840 0.118640 0.505787 0.109700 0.516427 0.102040 0.521547 0.103320 0.527067 0.111620 0.521120 0.123120 0.506213 0.133640 0.509627 0.136200 0.498133 0.148980 0.496427 0.149300 0.508347 0.150580 0.511333 0.149620 0.511760 0.155360 0.510907 0.163340 0.504507 0.162700 0.499840 0.156000 0.498987
60 0.000000 0.606747 0.079220 0.602240 0.057300 0.638213 0.089320 0.662933 0.126400 0.676400 0.143260 0.667413 0.150000 0.658427 0.195500 0.653920 0.219100 0.651680 0.227520 0.629227 0.237640 0.613493 0.271340 0.620213 0.320220 0.624720 0.652240 0.622480 0.650560 0.696640 0.866300 0.698880 0.873040 0.633707 0.893260 0.626960 0.932020 0.847200 0.908420 0.876400 0.905060 0.934827 0.910120 0.970773 0.910120 0.988773 0.008420 0.988773
63 0.148320 0.642320 0.333700 0.673787 0.294940 0.873787 0.278080 0.876027 0.291580 0.891760 0.229220 0.986133 0.070780 0.986133 0.000000 0.954693 0.107860 0.833333
