73 0.567312 0.077438 0.571750 0.158641 0.556672 0.164406 0.548234 0.163078 0.544250 0.081437 0.548688 0.077891
56 0.414641 0.205422 0.548266 0.198297 0.560750 0.216125 0.569656 0.248187 0.601719 0.253531 0.621328 0.308766 0.649828 0.367578 0.649828 0.383609 0.605281 0.390734 0.587469 0.387172 0.580344 0.381828 0.514422 0.397859 0.414641 0.371141 0.405734 0.205422
73 0.601391 0.156828 0.601391 0.078000 0.572266 0.095141 0.585969 0.179109
73 0.658391 0.094219 0.684953 0.157312 0.714016 0.163125 0.722313 0.152328 0.691594 0.075953
73 0.677906 0.162281 0.651547 0.101156 0.651547 0.092750 0.654906 0.087703 0.656594 0.093297 0.656594 0.101156 0.685187 0.151625 0.685187 0.157797 0.679578 0.160047
73 0.566516 0.218375 0.649219 0.222734 0.627453 0.286578 0.615844 0.290922 0.607141 0.248844 0.573766 0.245937
73 0.605844 0.072125 0.622078 0.073281 0.633078 0.161406 0.611641 0.159656 0.604688 0.075609
73 0.675531 0.222984 0.660437 0.293375 0.650891 0.291859 0.668984 0.214937 0.676531 0.214422
43 0.478047 0.521313 0.440359 0.553516 0.429750 0.575906 0.441922 0.581000 0.476484 0.555094
73 0.705594 0.204375 0.698781 0.297953 0.729406 0.296250 0.734516 0.202672 0.727703 0.192469 0.707297 0.197578 0.707297 0.216281
73 0.622344 0.190797 0.624266 0.190141 0.638438 0.194656 0.634578 0.208172 0.550219 0.200453 0.550875 0.194656 0.554734 0.181781 0.612687 0.182422 0.611391 0.189500
73 0.627641 0.283625 0.648562 0.230344 0.658078 0.230344 0.640953 0.295031
73 0.639063 0.160875 0.627500 0.088234 0.633516 0.081766 0.653875 0.157641
73 0.639719 0.192938 0.611969 0.189063 0.611969 0.178094 0.713297 0.178094 0.716516 0.182609 0.716516 0.185187 0.716516 0.189063
73 0.702266 0.206016 0.633422 0.206016 0.638016 0.193391 0.695391 0.190703 0.706859 0.202953
55 0.472578 0.587359 0.473344 0.571359 0.477141 0.537828 0.477141 0.512672 0.476391 0.491328 0.476391 0.478375 0.477141 0.469234 0.477141 0.460844 0.481719 0.447891 0.497719 0.434937 0.508391 0.425031 0.519828 0.417406 0.539641 0.409781 0.563266 0.399109 0.596047 0.384625 0.604422 0.386922 0.631094 0.383109 0.655484 0.381578 0.686734 0.382344 0.698938 0.389203 0.723312 0.389969 0.729422 0.395297 0.733219 0.399109 0.740078 0.393016 0.745422 0.392250 0.761422 0.402922 0.777438 0.410547 0.803344 0.404453 0.810969 0.411312 0.826969 0.422734 0.852125 0.441797 0.861266 0.456281 0.862031 0.468469 0.868125 0.473797 0.865844 0.483703 0.862031 0.495141 0.862797 0.511906 0.849312 0.536781 0.858547 0.586453 0.849312 0.603781 0.820438 0.616484 0.778844 0.629187 0.731484 0.637281 0.686437 0.647672 0.661016 0.641891 0.597484 0.641891 0.532797 0.625719 0.491203 0.607234
39 0.340516 0.004312 0.338359 0.045266 0.372844 0.105609 0.394391 0.150859 0.403016 0.221984 0.403016 0.426719 0.387937 0.456891 0.342672 0.474141 0.338359 0.411641 0.321125 0.379312 0.275859 0.364219 0.243531 0.353453 0.230609 0.349141 0.217672 0.163797 0.226297 0.133625 0.245688 0.099141 0.250000 0.075438 0.250000 0.000000
55 0.351344 0.523656 0.346844 0.480859 0.346844 0.420047 0.331078 0.377250 0.247750 0.347969 0.162156 0.343469 0.074328 0.370500 0.011266 0.386266 0.006750 0.413281 0.006750 0.548422 0.074328 0.588969 0.195953 0.588969 0.337844 0.555188 0.362609 0.505625
60 0.014016 0.634641 0.002344 0.978094 0.981312 0.973422 0.974297 0.536500 0.857484 0.508469 0.934578 0.601922 0.890187 0.648656 0.616828 0.683703 0.464953 0.629969 0.427563 0.599594 0.457937 0.538844 0.476641 0.440719 0.504672 0.412672 0.401875 0.363609 0.420563 0.438375 0.401875 0.566875 0.191594 0.636969 0.016359 0.648656
