0 0.408469 0.629156 0.407281 0.622722 0.410859 0.596941 0.422797 0.567932 0.455016 0.511540 0.496781 0.464831 0.509906 0.445485 0.550469 0.416477 0.583891 0.389093 0.598203 0.374599 0.602984 0.368143 0.601781 0.348819 0.587469 0.311751 0.580312 0.281139 0.560016 0.245696 0.555250 0.215084 0.557641 0.179641 0.579109 0.108755 0.622078 0.062025 0.654297 0.052363 0.697250 0.066857 0.715141 0.094241 0.739016 0.113587 0.742594 0.132911 0.753328 0.181245 0.758109 0.205422 0.761688 0.211857 0.764078 0.232806 0.759297 0.263418 0.756906 0.276308 0.752141 0.287595 0.746172 0.294030 0.733047 0.355253 0.756906 0.392321 0.801062 0.430992 0.818969 0.458376 0.861922 0.535717 0.883406 0.567932 0.895328 0.577595 0.896531 0.595316 0.894141 0.611435 0.900109 0.645274 0.907266 0.679114 0.907266 0.692004 0.904875 0.698439 0.890563 0.712954 0.884594 0.720992 0.871469 0.712954 0.859531 0.692004 0.849984 0.675886 0.838062 0.671055 0.829703 0.667827 0.813000 0.671055 0.793906 0.672658 0.787938 0.677489 0.783172 0.683945 0.773625 0.682321 0.761688 0.677489 0.754531 0.674283 0.747359 0.666224 0.747359 0.659768 0.704406 0.651709 0.693672 0.656561 0.673391 0.650105 0.657875 0.640443 0.635203 0.632384 0.610141 0.630781 0.592234 0.617890 0.592234 0.613059 0.570766 0.613059 0.533766 0.601772 0.518250 0.606603 0.499156 0.606603 0.492000 0.598544 0.487234 0.611435 0.484844 0.613059 0.475297 0.606603 0.470531 0.606603 0.458594 0.611435 0.446656 0.611435 0.427563 0.613059
0 1.000000 0.025907 0.969156 0.048418 0.929125 0.059684 0.895750 0.122743 0.870734 0.185802 0.845719 0.318692 0.869063 0.338966 0.880750 0.343460 0.884078 0.345717 0.862391 0.390759 0.839047 0.458333 0.835703 0.467342 0.860719 0.541667 0.910766 0.474093 0.870734 0.550675 0.897422 0.584451 0.897422 0.627257 0.904094 0.688059 0.904094 0.690316 0.922437 0.685802 0.997516 0.681308
32 0.135625 0.040907 0.128625 0.050338 0.122641 0.066519 0.121641 0.084726 0.126625 0.101582 0.133625 0.110338 0.138109 0.114388 0.155094 0.105612 0.171563 0.104262 0.179547 0.108312 0.184547 0.106962 0.187547 0.092806 0.188047 0.079325 0.183047 0.060443 0.176563 0.042257 0.166578 0.036181 0.156094 0.034156 0.146109 0.034156 0.142609 0.035506
0 0.213031 0.042321 0.213031 0.132215 0.224688 0.222089 0.233000 0.251308 0.269625 0.258059 0.301250 0.273776 0.334531 0.359177 0.334531 0.422089 0.326203 0.455802 0.322875 0.505253 0.321219 0.529958 0.344516 0.552426 0.354500 0.554684 0.356172 0.476034 0.374469 0.458059 0.361156 0.381646 0.369484 0.318734 0.367812 0.408608 0.377797 0.446814 0.384453 0.516477 0.397781 0.606371 0.411094 0.628840 0.437719 0.570422 0.459359 0.532215 0.464344 0.478270 0.494312 0.451308 0.499297 0.359177 0.512609 0.179409 0.507625 0.046814 0.507625 0.001878 0.208047 0.004114 0.214703 0.046814
60 1.000000 0.993249 0.914109 0.792785 0.860719 0.677933 0.830703 0.664409 0.809016 0.682426 0.797344 0.684684 0.773984 0.691435 0.773984 0.673418 0.750641 0.668924 0.745625 0.657658 0.713938 0.662152 0.306922 0.671181 0.003344 0.671181 0.001672 0.997743 0.997516 0.995485
55 0.278703 0.770105 0.299906 0.693713 0.313047 0.670527 0.322141 0.662342 0.329219 0.655506 0.332250 0.648692 0.337297 0.639135 0.347406 0.637785 0.353469 0.637785 0.367609 0.617321 0.375688 0.615949 0.384781 0.622764 0.414094 0.611857 0.447437 0.606392 0.473703 0.599578 0.481781 0.598207 0.487844 0.625506 0.491891 0.643228 0.491891 0.651414 0.489875 0.663692 0.487844 0.684156 0.487844 0.693713 0.481781 0.786477 0.481781 0.808312 0.489875 0.808312 0.493906 0.802848 0.495937 0.802848 0.500984 0.820591 0.506031 0.824684 0.512094 0.821962 0.516141 0.811034 0.517156 0.806941 0.530281 0.805591 0.533312 0.800127 0.534328 0.800127 0.536344 0.813776 0.544438 0.815127 0.550500 0.797405 0.552516 0.667785 0.554531 0.647321 0.551500 0.633692 0.541406 0.641878 0.543422 0.663692 0.541406 0.667785 0.534328 0.680063 0.530281 0.674620 0.528266 0.658249 0.531297 0.626857 0.535344 0.606392 0.612125 0.621413 0.677812 0.645970 0.727313 0.670527 0.753594 0.707363 0.766719 0.736013 0.765719 0.774198 0.759656 0.811034 0.752578 0.864240 0.743484 0.879262 0.713172 0.896983 0.713172 0.902447 0.699031 0.918819 0.687906 0.924283 0.655578 0.939283 0.627281 0.944747 0.609094 0.950190 0.586875 0.952932 0.569687 0.965211 0.547469 0.957025 0.539375 0.955654 0.529281 0.952932 0.500984 0.952932 0.485828 0.946097 0.469656 0.957025 0.458547 0.951561 0.446422 0.951561 0.423187 0.952932 0.411062 0.946097 0.402969 0.933819 0.379734 0.927004 0.359531 0.921540 0.349422 0.913354 0.347406 0.912004 0.309000 0.875169 0.295875 0.850612 0.281734 0.836962 0.276672 0.806941 0.276672 0.806941 0.267578 0.789219 0.269609 0.785127
0 0.384453 0.617975 0.354500 0.550570 0.334531 0.525844 0.316219 0.516857 0.327875 0.467426 0.324547 0.435949 0.341188 0.370781 0.329531 0.312363 0.306234 0.274156 0.261297 0.249430 0.231344 0.242700 0.191391 0.260675 0.154781 0.278650 0.129813 0.298882 0.106516 0.334831 0.098187 0.382025 0.099859 0.433713 0.094859 0.485401 0.093203 0.534831 0.106516 0.570781 0.116500 0.586519 0.124828 0.582025 0.138141 0.570781 0.139797 0.550570 0.134813 0.516857 0.134813 0.480907 0.143125 0.449430 0.158109 0.487637 0.178078 0.498882 0.188063 0.505612 0.176422 0.530338 0.153125 0.564051 0.129813 0.617975 0.124828 0.633713 0.131484 0.651688 0.134813 0.662911 0.262969 0.665169 0.277938 0.656181 0.327875 0.665169 0.347844 0.653924 0.372813 0.647194 0.386125 0.644937 0.386125 0.638207
0 0.093625 0.498312 0.038453 0.532173 0.048484 0.667616 0.001672 0.645042 0.010031 0.015232 0.076906 0.200338
0 0.686172 0.003734 0.653703 0.051561 0.659609 0.061519 0.675844 0.069494 0.706828 0.083439 0.730438 0.107363 0.754047 0.149198 0.757000 0.201013 0.765859 0.262764 0.755531 0.324536 0.745203 0.354430 0.751094 0.388312 0.770281 0.412215 0.799797 0.414198 0.808656 0.440105 0.814562 0.440105 0.823406 0.434135 0.832266 0.412215 0.832266 0.378333 0.835219 0.340485 0.839641 0.286688 0.847031 0.252806 0.848500 0.212954 0.854406 0.177089 0.861781 0.147215 0.867688 0.109346 0.876547 0.077468 0.911953 0.067511 0.929672 0.049578 0.940000 0.043586 0.947375 0.035633 0.959188 0.021667 0.959188 0.005738 0.962125 0.000000 0.962125 0.000000
60 0.888750 0.739325 0.893750 0.705612 0.930359 0.683143 0.998594 0.680907 0.998594 0.984262
