0 0.682187 0.424313 0.746797 0.395604 0.771406 0.384667 0.767312 0.366896 0.764234 0.321771 0.767312 0.316292 0.774484 0.273917 0.809344 0.246562 0.841141 0.245188 0.873953 0.286208 0.877031 0.325875 0.865750 0.350479 0.861656 0.388771 0.855500 0.395604 0.917031 0.432521 0.926266 0.440729 0.937531 0.529604 0.938563 0.606167 0.934469 0.634896 0.922156 0.649938 0.885234 0.673167 0.865750 0.696417 0.858578 0.745646 0.804219 0.741542 0.799094 0.674542 0.793969 0.669062 0.762172 0.649938 0.744750 0.610271 0.742688 0.597958 0.753969 0.580187 0.764234 0.567896 0.763203 0.513188 0.741672 0.459875 0.721156 0.435250 0.692438 0.424313
0 0.454156 0.763750 0.505219 0.616000 0.520156 0.607688 0.541328 0.607688 0.569344 0.607688 0.561250 0.604375 0.556266 0.585292 0.563109 0.562875 0.574328 0.537958 0.584281 0.523854 0.601094 0.482354 0.626000 0.429229 0.635328 0.423417 0.647781 0.420917 0.658375 0.421750 0.672687 0.424250 0.690750 0.427563 0.695109 0.428396 0.708797 0.433375 0.716891 0.436687 0.724359 0.439187 0.740547 0.456625 0.750516 0.484833 0.757359 0.502271 0.762969 0.518875 0.764828 0.544604 0.764828 0.564542 0.743047 0.601063 0.750516 0.620146 0.753625 0.636750 0.757984 0.649208 0.770437 0.658333 0.794094 0.669125 0.797203 0.683229 0.800937 0.689875 0.804047 0.721417 0.805297 0.782021 0.800313 0.819375 0.792453 0.846313 0.768016 0.953729 0.790641 1.000000 0.443953 0.997187 0.417703 0.909083 0.422219 0.834250
0 0.099437 0.410979 0.141578 0.354792 0.192141 0.330083 0.246062 0.352542 0.262922 0.375021 0.308422 0.458167 0.308422 0.478396 0.306734 0.507604 0.310109 0.584000 0.320219 0.593000 0.374156 0.613229 0.391016 0.628958 0.404500 0.649167 0.423031 0.716583 0.428094 0.766021 0.417984 0.878396 0.416297 0.907604 0.421344 0.972771 0.085953 0.999729 0.092703 0.945812 0.116297 0.840187 0.117984 0.810979 0.116297 0.763792 0.116297 0.730083 0.121344 0.696375 0.124719 0.680646 0.133141 0.658167 0.136516 0.642438 0.117984 0.624458 0.094375 0.610979 0.082578 0.550292 0.082578 0.536813 0.082578 0.494125 0.097750 0.399729
0 0.274719 0.400000 0.308422 0.456188 0.311797 0.579771 0.385953 0.617979 0.417984 0.687646 0.426406 0.732583 0.428094 0.808979 0.436516 0.811229 0.448313 0.773042 0.461797 0.703375 0.460109 0.629208 0.456734 0.582021 0.460109 0.456188 0.448313 0.426958 0.468547 0.402250 0.453375 0.370792 0.407859 0.355062 0.407859 0.285396 0.401125 0.244937 0.358984 0.213479 0.308422 0.235958 0.300000 0.265167 0.305063 0.303375 0.313484 0.319104 0.323594 0.348312
0 0.165984 0.342750 0.165250 0.325188 0.193062 0.307604 0.210625 0.295896 0.220141 0.280292 0.214281 0.264667 0.214281 0.240271 0.217953 0.216854 0.231859 0.198313 0.256750 0.201229 0.272109 0.210021 0.281625 0.236375 0.283094 0.255896 0.283094 0.267604 0.287484 0.281271 0.287484 0.287125 0.285281 0.292000 0.304312 0.301750 0.320422 0.352500 0.274312 0.398375 0.250891 0.355437 0.227469 0.342750 0.190859 0.331042 0.170375 0.339812 0.168172 0.326167
0 0.804391 0.247021 0.804391 0.235813 0.808594 0.226687 0.817016 0.204958 0.831219 0.193021 0.856984 0.194438 0.863828 0.204958 0.868031 0.202854 0.870656 0.202146 0.871719 0.205646 0.867500 0.209854 0.868031 0.222479 0.875391 0.231604 0.879609 0.234396 0.885391 0.241417 0.885391 0.247021 0.908531 0.287000 0.910641 0.287708 0.923266 0.316458 0.928516 0.331188 0.924312 0.350812 0.919578 0.364146 0.863828 0.385188 0.865406 0.361333 0.866984 0.350812 0.873672 0.330479 0.873641 0.294708 0.867734 0.279771 0.858937 0.268500 0.843312 0.246333 0.805969 0.244917
0 0.472375 0.399583 0.510500 0.384562 0.520031 0.376479 0.513094 0.345292 0.507891 0.314083 0.520031 0.271354 0.525219 0.248250 0.544281 0.236687 0.579812 0.235542 0.607531 0.258646 0.613594 0.293292 0.607531 0.327958 0.600594 0.355687 0.600594 0.364917 0.677703 0.398417 0.684641 0.427292 0.635250 0.421521 0.589344 0.510479 0.559875 0.563604 0.556406 0.599417 0.559016 0.606354 0.510500 0.610979 0.476703 0.693000 0.459375 0.589021 0.462844 0.459646 0.455906 0.426146
27 0.561828 0.602479 0.560359 0.564333 0.581625 0.528125 0.575766 0.435208 0.577219 0.421521 0.565484 0.413688 0.555953 0.414667 0.555219 0.436187 0.550078 0.468458 0.544953 0.607354 0.558156 0.606375
0 0.761094 0.339354 0.751781 0.297104 0.748672 0.293792 0.721969 0.283854 0.712641 0.281375 0.707062 0.265625 0.704578 0.260667 0.706437 0.244104 0.706437 0.239125 0.703328 0.205167 0.697125 0.193583 0.686562 0.188604 0.674750 0.181979 0.662328 0.185292 0.651156 0.192750 0.646797 0.197708 0.638109 0.218417 0.638109 0.242438 0.644313 0.262313 0.647422 0.284687 0.614500 0.305396 0.609531 0.308708 0.605188 0.334375 0.610766 0.372479 0.647422 0.392188 0.677859 0.409583 0.680344 0.425312 0.688422 0.421167 0.722594 0.407917 0.771031 0.383896 0.769172 0.367333 0.764203 0.351604
0 0.542328 0.208250 0.542750 0.186438 0.544797 0.169000 0.548469 0.160271 0.557063 0.150458 0.568500 0.151542 0.577094 0.158083 0.580359 0.164625 0.580766 0.173896 0.584047 0.185354 0.578313 0.212604 0.583641 0.214792 0.607766 0.221875 0.617578 0.230604 0.623297 0.257313 0.623703 0.268771 0.609391 0.272042 0.604484 0.253500 0.591406 0.243687 0.579953 0.237687 0.572188 0.220792 0.565234 0.212063 0.549703 0.207708 0.541109 0.209333
0 0.807984 0.236375 0.798469 0.222938 0.801828 0.208021 0.809656 0.191625 0.809094 0.169979 0.798469 0.146854 0.783922 0.140896 0.767141 0.146854 0.755391 0.158792 0.759875 0.184896 0.760984 0.209521 0.762109 0.224438 0.748672 0.233396 0.720703 0.254271 0.717906 0.287583 0.749234 0.296521 0.757625 0.330833 0.767703 0.369625 0.765469 0.344271 0.763219 0.324875 0.767141 0.305479 0.773297 0.274896 0.785609 0.262958 0.800141 0.250271 0.807984 0.243563
27 0.347313 0.419729 0.339531 0.447896 0.330641 0.477542 0.325078 0.498292 0.320625 0.585771 0.328406 0.600604 0.368437 0.622833 0.361766 0.563542 0.361766 0.527958 0.368437 0.473083 0.368437 0.458271 0.366219 0.437521 0.359547 0.412313
56 0.171375 0.192167 0.179500 0.164375 0.188969 0.157479 0.201375 0.156687 0.211438 0.160042 0.221625 0.170292 0.222375 0.188021 0.221922 0.192958 0.221391 0.190979 0.215359 0.186000 0.210172 0.186000 0.207297 0.184458 0.199828 0.184458 0.188609 0.184458 0.186594 0.190604 0.180266 0.192521 0.174516 0.192896 0.167906 0.194063
27 0.970172 0.395292 0.976781 0.389417 0.988516 0.389417 0.993656 0.403125 0.984844 0.409958 0.983375 0.416813 0.988516 0.442250 0.984844 0.467688 0.984109 0.538104 0.972375 0.551792 0.962844 0.568438 0.961375 0.558646 0.960641 0.558646 0.957703 0.558646 0.951828 0.573313 0.948906 0.583104 0.946703 0.595812 0.945969 0.613417 0.949641 0.620271 0.944500 0.623208 0.935703 0.611458 0.945234 0.549833 0.948906 0.518542 0.956234 0.492125 0.965047 0.426604 0.973844 0.414854 0.973109 0.402146
27 0.417625 0.321083 0.422203 0.312750 0.421656 0.310333 0.417344 0.307563 0.413031 0.308667 0.410250 0.308854 0.410672 0.313667 0.413594 0.318854 0.412484 0.322563 0.409141 0.325708 0.406781 0.327562 0.405672 0.330896 0.405672 0.334604 0.409141 0.342771 0.409141 0.345917 0.409000 0.346104 0.408453 0.347208 0.405250 0.348875 0.402609 0.349063 0.402047 0.352042 0.402609 0.358521 0.417906 0.363333 0.418312 0.342583 0.418031 0.329792 0.417203 0.323500 0.417203 0.320708
67 0.830109 0.596021 0.812578 0.590167 0.794328 0.588229 0.799438 0.562896 0.829375 0.568750 0.832297 0.577500 0.837406 0.582375 0.833031 0.597958
27 0.819500 0.564375 0.821094 0.521854 0.811531 0.470833 0.821891 0.451708 0.821094 0.449583 0.798781 0.448521 0.800375 0.471896 0.790000 0.505917 0.790797 0.554812 0.798781 0.566500 0.800375 0.623896 0.797172 0.631354 0.797172 0.690875 0.804359 0.733396 0.806750 0.746146 0.825078 0.741896 0.825875 0.696188 0.820297 0.651542 0.818703 0.637729 0.805156 0.626021
27 0.064406 0.326958 0.057797 0.313271 0.064406 0.297604 0.074672 0.316188 0.082016 0.361187 0.082750 0.448250 0.066609 0.391521 0.061469 0.369021 0.060000 0.341625 0.062937 0.328917
27 0.929344 0.282688 0.937125 0.280417 0.936750 0.292062 0.939406 0.302417 0.939781 0.303937 0.923281 0.315333 0.928016 0.295604 0.928391 0.291542 0.925172 0.285229 0.925172 0.281688 0.925172 0.280917 0.931047 0.281938
27 0.675750 0.321771 0.670781 0.378917 0.665797 0.397146 0.663938 0.399625 0.659594 0.397146 0.658969 0.391354 0.659594 0.381417 0.659594 0.371479 0.659594 0.367333 0.661453 0.359042 0.663938 0.347458 0.666422 0.335854 0.667047 0.324250 0.668906 0.317625
27 0.207437 0.276937 0.205547 0.283396 0.207234 0.299688 0.190594 0.310083 0.190375 0.305875 0.198172 0.281708 0.196703 0.278333 0.204281 0.278333
27 0.239609 0.347313 0.243937 0.349542 0.243937 0.365063 0.254266 0.379271 0.258266 0.383271 0.259594 0.372604 0.256266 0.357521 0.256266 0.345542 0.256594 0.341104 0.249938 0.330896 0.245937 0.330896
67 0.767391 0.060979 0.754859 0.059937 0.754984 0.071708 0.755500 0.071708 0.759469 0.068292 0.760484 0.069667 0.761641 0.070854 0.762531 0.070854 0.763172 0.068812 0.765219 0.069500 0.768547 0.069667 0.768937 0.061813
67 0.184063 0.102875 0.186563 0.098833 0.192219 0.100604 0.189984 0.101833 0.188797 0.104813 0.188531 0.105854
27 0.191672 0.654146 0.184797 0.659083 0.179516 0.681625 0.179516 0.699958 0.166828 0.742937 0.168422 0.802125 0.168422 0.814125 0.171062 0.850750 0.172641 0.884583 0.166828 0.919104 0.146219 0.958583 0.133000 0.995917 0.192734 1.000000 0.210172 0.933208 0.211750 0.883167 0.211219 0.782396 0.209641 0.740833 0.199062 0.696438 0.205406 0.676000 0.193250 0.661208 0.193250 0.656271
