45 0.407182 0.682813 0.436159 0.691781 0.474134 0.693281 0.514092 0.688047 0.544071 0.670094 0.548079 0.655875 0.530084 0.653641 0.519102 0.642422 0.508100 0.634937 0.496117 0.630453 0.491127 0.622984 0.476138 0.619234 0.454154 0.622234 0.442150 0.631203 0.425177 0.631953 0.408184 0.637187 0.393194 0.643922 0.385198 0.648406 0.395198 0.660375 0.405177 0.678312 0.408184 0.680562
39 0.748580 0.003984 0.738643 0.066156 0.732338 0.073578 0.650167 0.074938 0.643841 0.064797 0.644760 0.000000
39 0.348956 0.195297 0.396117 0.204703 0.405553 0.367063 0.367829 0.381172 0.336388 0.374125 0.345825 0.334125 0.370960 0.310594 0.370960 0.261172 0.355240 0.230594 0.342672 0.200000
39 0.432109 0.000453 0.438560 0.073891 0.517370 0.081109 0.544718 0.071484 0.541503 0.002859
39 0.729081 0.577578 0.724488 0.601594 0.718079 0.608453 0.711649 0.623562 0.672213 0.571391 0.680480 0.541875 0.707996 0.531578 0.730919 0.530891 0.731837 0.578937
39 0.716263 0.623984 0.716263 0.608422 0.724572 0.603234 0.732902 0.548234 0.732902 0.536828 0.734280 0.516062 0.763403 0.514000 0.766180 0.525406 0.757850 0.607313 0.742610 0.618734 0.724572 0.633187
39 0.619562 0.386016 0.613403 0.365594 0.609019 0.357703 0.616931 0.314906 0.620438 0.312922 0.625720 0.301734 0.649478 0.303703 0.647724 0.322141 0.666200 0.329391 0.654760 0.380094
39 0.562610 0.001172 0.561545 0.059422 0.564739 0.070594 0.593528 0.073797 0.642589 0.072203 0.644718 0.067406 0.650042 0.003563
39 0.643674 0.536359 0.646242 0.527719 0.647516 0.497969 0.687286 0.488375 0.727035 0.492203 0.736013 0.500844 0.718058 0.500844 0.673173 0.501813 0.668038 0.517172 0.668038 0.539234 0.661628 0.556516 0.638539 0.541156
45 0.474154 0.384547 0.434029 0.383391 0.412422 0.374141 0.403152 0.339484 0.432484 0.330250 0.464885 0.330250 0.505031 0.334875 0.514280 0.342953 0.500397 0.370672 0.489582 0.381078
49 0.541106 0.466563 0.558998 0.463453 0.570230 0.465641 0.580626 0.472172 0.590626 0.471859 0.604363 0.469063 0.595616 0.461594 0.588956 0.452250 0.591461 0.441344 0.580209 0.439156 0.574802 0.445391 0.560668 0.441344 0.550251 0.447266 0.548601 0.453484 0.543591 0.459406 0.540271 0.463141 0.540271 0.468125
49 0.537077 0.418000 0.546618 0.416500 0.560104 0.420078 0.568058 0.428094 0.569645 0.436422 0.564885 0.439391 0.554155 0.444438 0.550585 0.448016 0.546221 0.433750 0.541044 0.421562
72 0.506284 0.943953 0.455365 0.820625 0.431399 0.730937 0.398434 0.686094 0.398434 0.647984 0.275616 0.582953 0.359499 0.547078 0.392443 0.562781 0.419144 0.552609 0.444489 0.541937 0.461106 0.513500 0.450814 0.485656 0.406472 0.463734 0.362150 0.466109 0.343152 0.475000 0.331273 0.486844 0.312276 0.495141 0.286931 0.507578 0.268727 0.521203 0.250522 0.537203 0.229937 0.547281 0.227683 0.484312 0.299582 0.459641 0.343591 0.383313 0.355908 0.344125 0.355908 0.334906 0.385177 0.318766 0.378539 0.244891 0.339896 0.206047 0.291712 0.176828 0.231983 0.165922 0.185741 0.089688 0.829833 0.085203 1.000000 0.125563 1.000000 0.791484 0.865783 0.813906 0.835825 0.852016 0.874760 0.899109 0.838810 0.908078 0.710000 0.986547 1.000000 0.986547 0.997599 0.901344
0 0.008434 0.475844 0.042756 0.428766 0.008434 0.383812 0.005595 0.223297 0.068497 0.176203 0.191440 0.152672 0.320125 0.171937 0.403048 0.278938 0.428789 0.353844 0.343006 0.454422 0.231503 0.495094 0.248643 0.563594 0.423048 0.647062 0.511712 0.940250 0.817683 0.841797 0.857724 0.807578 0.994969 0.790453 1.000000 0.805422 0.957808 0.828969 1.000000 0.841797 0.989269 0.920984 0.892046 0.903859 0.711900 0.987344 0.005595 0.985188 0.002693 0.477984
39 0.858267 0.909875 0.886555 0.933406 0.870835 0.985156 0.729353 0.985156 0.732505 0.966344 0.776514 0.945156 0.820543 0.919281 0.858267 0.907516 0.820543 0.843984 0.839395 0.825156 0.836242 0.813406 0.798518 0.815750 0.792234 0.818109 0.792234 0.829875 0.792234 0.851047 0.723069 0.872219
