25 0.000000 0.354720 0.019680 0.357360 0.046960 0.369900 0.082160 0.388400 0.095360 0.401600 0.110320 0.410840 0.083920 0.439880 0.053120 0.443180 0.021440 0.435920 0.000000 0.428660
9 0.131360 0.321980 0.152160 0.323060 0.150720 0.337860 0.131733 0.337320
45 0.104880 0.887640 0.044933 0.802240 0.056933 0.779780 0.089893 0.734840 0.182773 0.752800 0.329600 0.764040 0.479413 0.764040 0.551307 0.838200 0.530347 0.865160 0.509360 0.856180 0.335573 0.815740 0.308613 0.851680 0.323600 0.874160 0.374533 0.889880 0.299627 0.889880 0.173787 0.892140
48 0.138933 0.657900 0.129787 0.647140 0.138933 0.635400 0.136320 0.617800 0.153280 0.605080 0.167627 0.608980 0.192400 0.608980 0.213253 0.611920 0.226293 0.619740 0.243253 0.623660 0.247173 0.630500 0.268027 0.641260 0.268027 0.659860 0.269333 0.674520 0.260213 0.684300 0.268027 0.704840 0.265440 0.721480 0.251093 0.730280 0.249787 0.744940 0.245867 0.757660 0.238053 0.753760 0.239360 0.745920 0.221093 0.734180 0.202827 0.716580 0.198907 0.709740 0.163707 0.712680 0.140240 0.695060 0.132400 0.685280 0.142827 0.675500 0.138933 0.655940
0 0.354960 0.438700 0.405680 0.409620 0.456373 0.405140 0.513040 0.445400 0.530960 0.476720 0.417600 0.546080 0.375840 0.633320 0.316187 0.615420 0.286347 0.606480 0.292320 0.566220 0.334080 0.566220 0.346000 0.552780 0.387760 0.530420 0.405680 0.559500 0.384800 0.512520 0.369867 0.505800 0.351973 0.481200 0.351973 0.445400
0 0.339280 0.577060 0.344907 0.565060 0.360933 0.529340 0.367413 0.496880 0.363520 0.481280 0.336267 0.466020 0.334080 0.456940 0.341440 0.440060 0.339707 0.430960 0.313733 0.422840 0.302933 0.425120 0.296000 0.425440 0.294267 0.449480 0.290800 0.454340 0.286480 0.456940 0.281280 0.469920 0.277813 0.477060 0.268293 0.486160 0.260507 0.502400 0.261360 0.516020 0.263520 0.522520 0.275653 0.525120 0.286480 0.516360 0.290800 0.512140 0.289947 0.529020 0.287760 0.533240 0.270453 0.557580 0.268293 0.581940 0.261787 0.595580 0.256160 0.637780 0.271333 0.651740 0.285173 0.655000 0.282133 0.663100 0.283013 0.714080 0.300320 0.716020 0.303787 0.680960 0.305947 0.716680 0.299467 0.722200 0.295120 0.727060 0.273493 0.738760 0.293840 0.739400 0.317653 0.730640 0.321973 0.725780 0.320240 0.711800 0.325440 0.700440 0.329760 0.672200 0.328453 0.659860 0.315920 0.655960 0.325440 0.629020 0.324560 0.623500 0.308107 0.617660 0.296000 0.620900 0.301627 0.610520 0.285173 0.594280 0.287333 0.589400 0.279120 0.569920 0.279973 0.563440 0.299467 0.556940 0.314613 0.559860 0.325440 0.573820
0 0.216053 0.531700 0.212400 0.546620 0.204533 0.566240 0.204533 0.590980 0.203493 0.608660 0.184133 0.605120 0.185707 0.590200 0.188320 0.578420 0.183600 0.555260 0.178373 0.563500 0.173653 0.574100 0.178880 0.587840 0.178880 0.603560 0.179413 0.607880 0.161093 0.606300 0.160053 0.603560 0.156907 0.588640 0.154293 0.570180 0.157947 0.547400 0.143813 0.538760 0.150107 0.532480 0.141707 0.523440 0.149040 0.514020 0.143280 0.499100 0.143280 0.496360 0.152187 0.472400 0.155867 0.465340 0.177840 0.456300 0.182027 0.455120 0.176267 0.444120 0.179413 0.437460 0.187787 0.430000 0.200347 0.430000 0.206640 0.439020 0.204533 0.450020 0.202453 0.451980 0.212400 0.462580 0.228640 0.470840 0.235947 0.506960 0.246960 0.519920 0.240160 0.524620 0.238587 0.536020 0.241200 0.540720 0.235440 0.545820 0.229147 0.543480 0.228640 0.539160 0.228107 0.529740 0.224453 0.524620 0.222880 0.525020 0.218693 0.511660 0.216053 0.508140
0 0.048533 0.617080 0.037067 0.610280 0.043707 0.600760 0.059387 0.595780 0.064827 0.571340 0.064827 0.553220 0.067840 0.539640 0.057600 0.533740 0.059387 0.516540 0.064827 0.506120 0.064827 0.491180 0.064240 0.484840 0.063013 0.478960 0.060613 0.469440 0.056373 0.460380 0.050960 0.459020 0.046720 0.456320 0.046720 0.451780 0.040080 0.446800 0.032827 0.436840 0.073280 0.440020 0.075093 0.443640 0.086560 0.450420 0.099840 0.458120 0.105893 0.468540 0.109520 0.482580 0.111920 0.483940 0.111920 0.499780 0.111920 0.512920 0.114347 0.520160 0.116747 0.527860 0.108293 0.541900 0.105280 0.548240 0.104080 0.555040 0.099840 0.568160 0.090800 0.600320 0.089600 0.602580 0.072080 0.601220 0.061200 0.607100
25 0.205333 0.433720 0.218640 0.429500 0.231920 0.429120 0.233973 0.427980 0.254427 0.432960 0.278960 0.443320 0.281520 0.454040 0.278960 0.454820 0.263627 0.457120 0.245227 0.457880 0.232427 0.457120 0.210453 0.455580 0.203307 0.455200 0.203307 0.452120 0.204827 0.447520 0.204827 0.444460 0.201253 0.436020
26 0.329680 0.485600 0.308933 0.508080 0.302480 0.518800 0.296480 0.526420 0.293253 0.525380 0.290933 0.517420 0.297387 0.511900 0.323227 0.488020 0.347653 0.478000 0.360560 0.478000 0.360560 0.478700 0.342133 0.483880 0.329680 0.490100
26 0.166613 0.546760 0.148320 0.541280 0.145707 0.535020 0.145200 0.530320 0.142587 0.526400 0.145200 0.518960 0.160853 0.511120 0.176533 0.518560 0.197947 0.469200 0.201093 0.462140 0.205253 0.460580 0.207867 0.462920 0.204747 0.469980 0.200053 0.476240 0.183840 0.511900 0.181760 0.521700 0.174960 0.536180 0.171307 0.544800
0 0.123707 0.458120 0.123040 0.454200 0.123040 0.452740 0.121733 0.448360 0.121733 0.445920 0.124987 0.446400 0.130853 0.448840 0.134747 0.450300 0.134747 0.454700 0.134107 0.456640 0.134107 0.457140 0.141253 0.464940 0.143200 0.466880 0.146453 0.469320 0.144507 0.473220 0.141893 0.476160 0.140587 0.478600 0.139307 0.481520 0.139307 0.485900 0.140587 0.491280 0.140587 0.494200 0.140587 0.496140 0.137360 0.500060 0.134107 0.501520 0.132800 0.501520 0.132800 0.494680 0.130187 0.487860 0.127600 0.481040 0.124987 0.474700 0.121093 0.468840 0.119787 0.464460 0.119787 0.461040 0.124987 0.457620 0.124987 0.455680
9 0.193440 0.401880 0.194213 0.426880 0.180267 0.424540 0.180267 0.400720
0 0.136560 0.457500 0.142453 0.453100 0.141253 0.447200 0.148320 0.443980 0.155387 0.446320 0.155387 0.451320 0.155387 0.453100 0.160080 0.456920 0.160880 0.461920 0.161253 0.464260 0.158907 0.471040 0.153413 0.478380 0.152640 0.483680 0.144000 0.495160 0.143227 0.498380 0.140480 0.496320 0.138907 0.480440 0.142453 0.474860 0.144400 0.467800 0.140880 0.461040 0.137733 0.459260
9 0.328107 0.400640 0.326000 0.401940 0.325040 0.403660 0.324453 0.405980 0.324827 0.408860 0.327520 0.409720 0.328880 0.410300 0.334267 0.407860 0.334853 0.406400 0.335227 0.404520 0.333893 0.402360 0.331573 0.400200
9 0.272507 0.386680 0.275013 0.384380 0.279440 0.383800 0.283307 0.384080 0.286187 0.385960 0.287733 0.387400 0.286560 0.399680 0.272320 0.399980
0 0.251120 0.714340 0.292987 0.732280 0.352773 0.669500 0.421520 0.543940 0.520187 0.494620 0.579973 0.478920 0.523173 0.387000 0.505227 0.304040 0.514213 0.239020 0.520187 0.147080 0.582960 0.066360 0.654720 0.050680 0.771307 0.068600 0.855013 0.117940 0.890880 0.212100 0.899840 0.268160 0.872933 0.360080 0.858000 0.391480 0.878933 0.420620 0.959653 0.443040 0.998507 0.472200 1.000000 0.981160 0.998507 0.996860 0.286987 0.992380 0.239173 0.947540 0.080720 0.911660 0.089680 0.887000 0.292987 0.887000 0.379680 0.893720 0.328853 0.871300 0.316880 0.842160 0.334827 0.826460 0.391627 0.833180 0.475333 0.848880 0.544107 0.860080 0.535120 0.797300 0.493280 0.759200 0.412560 0.754700 0.328853 0.759200 0.227200 0.759200 0.107627 0.741260 0.056800 0.777140 0.035867 0.768160 0.026907 0.741260 0.029893 0.678480 0.041867 0.633640 0.065760 0.602240 0.104640 0.606720 0.137520 0.617940 0.143493 0.671740 0.161440 0.707620 0.233173 0.707620
