0 0.683747 0.328094 0.693841 0.319094 0.734262 0.298875 0.717424 0.274156 0.707307 0.262922 0.727518 0.215734 0.771311 0.208984 0.801616 0.211234 0.811733 0.217984 0.831944 0.258422 0.831944 0.260672 0.828571 0.274156 0.815082 0.285391 0.815082 0.294375 0.868993 0.312359 0.892553 0.328094 0.902670 0.382016 0.899297 0.417984 0.899297 0.435953 0.919508 0.451687 0.906042 0.503375 0.953185 0.557297 0.916136 0.570781 0.899297 0.561797 0.892553 0.550563 0.889204 0.546063 0.852155 0.552812 0.848782 0.573031 0.828571 0.615734 0.815082 0.685391 0.815082 0.779781 0.808361 0.820219 0.774684 0.867422 0.754473 0.869656 0.707307 0.858422 0.720796 0.847188 0.673630 0.826969 0.673630 0.824719 0.693841 0.770781 0.697213 0.734828 0.720796 0.698875 0.740984 0.667422 0.757845 0.537078 0.761194 0.514609 0.774684 0.460672 0.757845 0.391016 0.720796 0.370781 0.700585 0.341578
25 0.746066 0.184500 0.693864 0.168516 0.694731 0.158812 0.684450 0.154812 0.668197 0.165094 0.628829 0.154234 0.642529 0.144531 0.687026 0.125125 0.723817 0.111422 0.771733 0.094297 0.845340 0.082875 0.916370 0.072594 0.954005 0.082297 0.987377 0.094297 1.000000 0.101141 1.000000 0.120547 0.948033 0.139969 0.924918 0.151953 0.871874 0.164516 0.823934 0.177078 0.808548 0.168516 0.781148 0.163937 0.753770 0.170797
0 0.851241 0.238156 0.858173 0.231375 0.867892 0.223031 0.884543 0.223031 0.901663 0.235375 0.905831 0.250813 0.894731 0.267781 0.916464 0.286000 0.924333 0.291547 0.917377 0.317172 0.914145 0.329828 0.923864 0.338469 0.919696 0.360078 0.909532 0.390625 0.900281 0.410375 0.899344 0.393406 0.904426 0.377359 0.905363 0.358844 0.911382 0.339391 0.903747 0.325672 0.902459 0.310328 0.908852 0.302938 0.900351 0.277391 0.891827 0.263469 0.892248 0.264609 0.883747 0.252109 0.870539 0.245578
27 0.488056 0.377969 0.518150 0.408109 0.514379 0.431953 0.508735 0.448281 0.521920 0.587625 0.546370 0.597672 0.565199 0.588875 0.548267 0.455813 0.536979 0.423172 0.548267 0.404344 0.585902 0.388016 0.559555 0.389266 0.529438 0.396812 0.501218 0.372953 0.484286 0.372953
25 0.006745 0.206141 0.133443 0.210656 0.138290 0.211938 0.118946 0.222922 0.097658 0.223563 0.084122 0.228078 0.070585 0.231312 0.056066 0.233891 0.035761 0.238406 0.011569 0.246141 0.000000 0.259047 0.003841 0.210016
0 0.927377 0.284609 0.954965 0.282859 0.966792 0.281094 0.982553 0.274969 0.986487 0.273219 1.000000 0.271453 1.000000 0.284609 1.000000 0.325797 0.998314 0.609422 0.986487 0.608547 0.979930 0.605906 0.975995 0.591891 0.972037 0.543687 0.965480 0.493719 0.962857 0.458672 0.954965 0.457797 0.954965 0.470937 0.953653 0.489234 0.953653 0.507625 0.952342 0.527797 0.948407 0.534688 0.932646 0.526797 0.918197 0.512781 0.912927 0.505766 0.914239 0.454047 0.905059 0.418125 0.903747 0.407594 0.903747 0.394453 0.905059 0.378672 0.910304 0.355016 0.914239 0.340984 0.918197 0.323469 0.922131 0.302422 0.923443 0.285781
25 0.003115 0.110563 0.064356 0.124984 0.127377 0.158625 0.129180 0.188672 0.075152 0.206687 0.015714 0.195875 0.003115 0.210297 0.006721 0.200687
0 0.654075 0.217594 0.686370 0.245219 0.680562 0.266219 0.687190 0.278375 0.673115 0.291078 0.673115 0.302125 0.670632 0.319812 0.664848 0.322578 0.647447 0.323672 0.631710 0.323672 0.602740 0.313188 0.595269 0.308766 0.605222 0.276156 0.612670 0.255172 0.620960 0.250750 0.627564 0.220359 0.604379 0.201578 0.636674 0.196609 0.669813 0.209313 0.673115 0.222578
25 0.161663 0.682766 0.138103 0.673781 0.117892 0.691766 0.101054 0.698500 0.067354 0.637828 0.097682 0.579406 0.080843 0.572656 0.037049 0.651312 0.030304 0.651312 0.050515 0.577156 0.074098 0.534453 0.144824 0.415359 0.235761 0.246813 0.269461 0.170406 0.279555 0.116484 0.299766 0.105250 0.303138 0.120969 0.309859 0.123219 0.299766 0.181641 0.313232 0.435578 0.330070 0.678281 0.249251 0.691766 0.195363 0.685016 0.171780 0.691766 0.158314 0.694000 0.144824 0.752437 0.138103 0.759172 0.144824 0.795125 0.168407 0.788391 0.171780 0.763672
0 0.010070 0.255609 0.050398 0.235422 0.100820 0.237672 0.147869 0.255609 0.174754 0.293719 0.174754 0.365469 0.080656 0.616594 0.110890 0.695063 0.131054 0.661438 0.161311 0.677125 0.215082 0.686094 0.255410 0.688344 0.272201 0.697312 0.265480 0.822875 0.221803 0.908078 0.181475 0.988797 0.000000 0.988797 0.000000 0.264578
25 0.292365 0.241250 0.393185 0.234531 0.413349 0.315250 0.423443 0.315250 0.399906 0.230047 0.440234 0.227797 0.463770 0.178469 0.524262 0.165016 0.574660 0.173984 0.618361 0.209859 0.709087 0.218828 0.786370 0.214344 0.756136 0.191922 0.530984 0.129141 0.373021 0.120172 0.302459 0.140359 0.275574 0.149328 0.161311 0.189688 0.114262 0.236766 0.194918 0.247984 0.241967 0.245734
0 0.357939 0.984406 0.330375 0.716781 0.339578 0.635078 0.351803 0.432828 0.299766 0.438969 0.299766 0.344984 0.354871 0.320469 0.455925 0.312297 0.434496 0.222406 0.434496 0.183594 0.566159 0.159078 0.621265 0.218313 0.602904 0.312297 0.716206 0.349078 0.765176 0.438969 0.759040 0.594219 0.725363 0.677984 0.679461 0.733141 0.624333 0.982359 0.517190 0.982359 0.480445 0.814859 0.507986 0.986453 0.489602 0.984406
