0 0.692875 0.771346 0.694125 0.754640 0.695375 0.743527 0.702875 0.741671 0.702875 0.741671 0.704734 0.736566 0.712859 0.728678 0.714109 0.726821 0.714109 0.716148 0.704734 0.696218 0.699125 0.687865 0.695375 0.677680 0.692875 0.669791 0.685687 0.656334 0.682562 0.656798 0.681625 0.657262 0.675703 0.656334 0.671641 0.656798 0.666953 0.663295 0.665078 0.669791 0.665703 0.682297 0.662266 0.694826 0.652906 0.704107 0.648219 0.717077 0.642281 0.740278 0.637281 0.759281 0.635406 0.770882 0.632609 0.785731 0.634469 0.797773 0.634781 0.802413 0.636656 0.814942 0.642906 0.818190 0.646344 0.818190 0.647281 0.807981 0.647594 0.797309 0.647594 0.788028 0.652906 0.761601 0.654156 0.762065 0.658203 0.801485 0.661641 0.821439 0.661641 0.821439 0.666328 0.821439 0.669141 0.866868 0.668828 0.872436 0.678516 0.865940 0.685687 0.859907 0.685063 0.850186 0.687250 0.833480 0.687250 0.825592 0.691312 0.828840 0.716406 0.838608 0.718906 0.814942 0.721406 0.799652 0.720781 0.796868 0.728594 0.820974 0.730469 0.833503 0.738266 0.856218 0.740141 0.862715 0.730781 0.878492 0.728281 0.879420 0.720469 0.875708 0.716719 0.873852 0.715469 0.863643
0 0.813500 0.755800 0.811141 0.731276 0.811719 0.710232 0.816453 0.670812 0.817031 0.639257 0.802281 0.630487 0.802281 0.597193 0.803469 0.553364 0.807594 0.532343 0.818812 0.525336 0.831203 0.531462 0.822344 0.517448 0.824703 0.496404 0.831203 0.480626 0.842406 0.471879 0.855391 0.474501 0.867203 0.488515 0.861891 0.513063 0.864250 0.521810 0.871328 0.534084 0.877828 0.555128 0.881359 0.577912 0.880781 0.610325 0.872516 0.619095 0.876641 0.639257 0.886672 0.647146 0.890219 0.669049 0.890219 0.690093 0.888453 0.742668 0.886094 0.764571 0.877234 0.777726 0.873109 0.804896 0.905563 0.884640 0.903797 0.902158 0.884313 0.896033 0.867797 0.902158 0.849500 0.902158 0.837687 0.896914 0.833562 0.878492 0.819984 0.863596 0.815859 0.838190 0.811141 0.812761 0.812312 0.781230 0.819391 0.760186
0 0.990422 0.471230 0.985219 0.473179 0.982187 0.489258 0.982187 0.503434 0.983484 0.515661 0.984781 0.524687 0.980891 0.527262 0.980453 0.538840 0.973516 0.545916 0.960500 0.556241 0.951828 0.565244 0.952703 0.554292 0.954438 0.540766 0.953563 0.519536 0.952266 0.516311 0.949672 0.518886 0.947500 0.516311 0.944031 0.511160 0.939266 0.516961 0.934484 0.527262 0.936219 0.540139 0.938391 0.553016 0.934922 0.562019 0.927547 0.580696 0.928422 0.607100 0.929281 0.619327 0.932750 0.604524 0.935359 0.607749 0.937531 0.638005 0.945328 0.641230 0.951406 0.641856 0.951828 0.648956 0.947062 0.675360 0.950969 0.675360 0.950094 0.713991 0.954000 0.719768 0.954000 0.736520 0.951828 0.755197 0.951406 0.766148 0.951406 0.778376 0.953141 0.784176 0.955734 0.804130 0.958766 0.826009 0.962234 0.833109 0.960078 0.844687 0.959641 0.862088 0.964844 0.874965 0.966578 0.894269 0.965281 0.909072 0.991297 0.910371
0 0.753641 0.759165 0.724891 0.783898 0.717328 0.878283 0.670406 0.889513 0.671922 0.869281 0.687063 0.860302 0.696141 0.750186 0.712781 0.727726 0.730937 0.658051 0.744563 0.579397 0.746078 0.554687 0.749109 0.514223 0.765750 0.505244 0.780891 0.514223 0.783906 0.559165 0.794500 0.579397 0.805094 0.583898 0.803578 0.682761 0.806609 0.727726 0.805094 0.770418 0.808125 0.831091 0.809641 0.878283 0.806609 0.882761 0.788453 0.889513 0.774828 0.882761 0.768781 0.842320 0.761219 0.786148 0.756672 0.759165
0 0.541328 0.877541 0.550625 0.873295 0.559219 0.864803 0.563516 0.857355 0.557797 0.828654 0.555641 0.805267 0.554203 0.781879 0.557078 0.762738 0.558500 0.743620 0.562078 0.720232 0.562078 0.698956 0.563516 0.676636 0.563516 0.655383 0.551344 0.627749 0.547047 0.616056 0.540609 0.603295 0.534172 0.587355 0.524141 0.584153 0.517703 0.586288 0.512688 0.590534 0.509109 0.599049 0.515547 0.607541 0.517703 0.610743 0.519141 0.622436 0.512688 0.628817 0.510547 0.642622 0.516266 0.657517 0.511266 0.668144 0.506969 0.681949 0.506250 0.696845 0.506250 0.722343 0.506250 0.736172 0.508391 0.742552 0.509109 0.750000 0.511266 0.762738 0.518422 0.786125 0.523422 0.809513 0.524859 0.816961 0.527719 0.836102 0.532016 0.852042 0.532734 0.865847 0.539172 0.877541 0.542750 0.875429
0 0.715562 0.726613 0.687109 0.685638 0.686250 0.654919 0.675047 0.649814 0.667297 0.666450 0.669016 0.642135 0.680219 0.619095 0.675047 0.601160 0.675906 0.564060 0.691422 0.555081 0.706078 0.567889 0.710391 0.599884 0.725906 0.622923 0.735391 0.638283 0.720734 0.699722
31 0.463969 0.735708 0.492750 0.736868 0.502078 0.744965 0.498969 0.750742 0.421172 0.754200 0.401734 0.741485 0.351938 0.577448 0.341047 0.533550 0.344938 0.519698 0.354281 0.502367 0.370609 0.497749 0.381500 0.502367 0.390063 0.512761 0.376062 0.540487 0.376062 0.548585 0.363609 0.577448 0.362828 0.591322 0.368281 0.605174 0.376062 0.616729 0.389281 0.625963 0.408734 0.630603 0.398609 0.668724 0.395500 0.688353 0.396281 0.711462 0.404844 0.711462 0.412625 0.723016 0.434406 0.729930 0.467078 0.736868
0 0.879062 0.535800 0.889594 0.523086 0.886312 0.512320 0.883016 0.496659 0.886969 0.481995 0.900141 0.476125 0.920562 0.486891 0.923859 0.499606 0.921875 0.515244 0.927141 0.526009 0.935703 0.536775 0.935703 0.567100 0.927141 0.589582 0.930437 0.613063 0.930437 0.641438 0.921875 0.682506 0.907391 0.709745 0.898156 0.733225 0.891578 0.773318 0.908703 0.866264 0.899484 0.862343 0.879062 0.812459 0.878406 0.778213 0.890250 0.717564 0.888281 0.671601 0.884328 0.611160 0.880375 0.536821
56 0.792031 0.213318 0.804078 0.213318 0.813828 0.183086 0.815828 0.187773 0.819844 0.187355 0.820703 0.183944 0.817266 0.207355 0.816687 0.210766 0.819844 0.212900 0.819563 0.220974 0.816109 0.227378 0.820703 0.242274 0.819266 0.247378 0.812094 0.221415 0.805500 0.223109 0.797188 0.246961 0.792031 0.247378 0.800062 0.223968 0.789453 0.220974 0.790312 0.213736 0.790875 0.213318
0 0.291984 0.583527 0.299250 0.574408 0.307078 0.578561 0.313781 0.593503 0.309313 0.606775 0.308188 0.620070 0.313781 0.632506 0.316578 0.655754 0.319937 0.674014 0.320484 0.693944 0.322734 0.708886 0.320484 0.721323 0.305391 0.722993 0.303719 0.714687 0.291984 0.711369 0.284719 0.703898 0.283594 0.643295 0.284156 0.619234 0.284719 0.609258 0.284719 0.590998 0.290859 0.579374
56 0.634359 0.203503 0.635750 0.204965 0.661375 0.206427 0.664531 0.263805 0.662953 0.264664 0.660000 0.264965 0.658422 0.259397 0.641062 0.258538 0.640484 0.265267 0.639687 0.267309 0.633187 0.265267 0.631406 0.218422 0.631219 0.208469
0 0.386766 0.748445 0.337547 0.747355 0.333203 0.714037 0.328859 0.702227 0.331750 0.645267 0.345500 0.634501 0.343328 0.602274 0.353469 0.588306 0.363594 0.596891 0.378797 0.660302 0.393266 0.720487
26 0.945969 0.784014 0.910016 0.769188 0.919000 0.703944 0.919000 0.678747 0.924000 0.663921 0.930984 0.610557 0.941969 0.643179 0.948953 0.646125 0.947953 0.674292 0.950953 0.698028 0.951953 0.741021 0.950953 0.784014 0.950953 0.788469
2 0.184156 0.648886 0.184156 0.648886 0.212406 0.614687 0.242391 0.620487 0.235875 0.676636 0.220234 0.679861 0.220234 0.679861 0.207188 0.686961 0.188938 0.686311 0.188938 0.686311
56 0.301859 0.251671 0.307000 0.275568 0.309563 0.283202 0.304656 0.299490 0.315859 0.288747 0.321000 0.288399 0.324500 0.302599 0.325672 0.288747 0.338266 0.286659 0.340141 0.296729 0.342469 0.279745 0.339672 0.276264 0.345047 0.270023 0.343875 0.265522 0.323797 0.272111 0.317266 0.246450 0.301391 0.249930
56 0.425344 0.229838 0.420281 0.256334 0.402750 0.254571 0.402156 0.258097 0.403344 0.260742 0.402453 0.269582 0.398578 0.268260 0.398281 0.273109 0.400656 0.274432 0.399766 0.281949 0.397391 0.293411 0.401266 0.292970 0.404828 0.276636 0.411375 0.276195 0.410766 0.290766 0.414641 0.289002 0.414047 0.277077 0.420578 0.277517 0.436344 0.253689 0.439313 0.247935 0.440812 0.229397
0 0.603828 0.870232 0.605344 0.841021 0.605344 0.841021 0.588688 0.757865 0.585656 0.708422 0.587172 0.685963 0.572047 0.661230 0.564484 0.605058 0.590203 0.587077 0.617437 0.564617 0.618953 0.566845 0.632578 0.593828 0.647703 0.623039 0.637125 0.661230 0.638625 0.744385 0.640141 0.760116 0.634094 0.814037 0.658297 0.892691 0.605344 0.865731
