0 0.315281 0.373819 0.312969 0.348229 0.315937 0.321181 0.322187 0.309479 0.332391 0.309479 0.339297 0.323368 0.342250 0.337257 0.344563 0.351146 0.346859 0.372361 0.348172 0.384792 0.351141 0.389896 0.356734 0.395764 0.359359 0.401597 0.362984 0.416944 0.364297 0.431563 0.365609 0.444722 0.366266 0.450590 0.359688 0.452778 0.353766 0.452778 0.344563 0.452778 0.340609 0.453507 0.338313 0.473993 0.338313 0.487882 0.338313 0.497361 0.344234 0.498090 0.350812 0.496632 0.351797 0.505417 0.346859 0.505417 0.337984 0.506875 0.334688 0.506875 0.327781 0.506875 0.322516 0.506875 0.321859 0.505417 0.311984 0.494444 0.303438 0.490799 0.296859 0.490799 0.291266 0.484201 0.284031 0.479097 0.280078 0.473229 0.283359 0.465208 0.287969 0.455694 0.291594 0.448403 0.295875 0.434514 0.298828 0.426458 0.300469 0.418403 0.306719 0.405243 0.309031 0.397951 0.311656 0.390625 0.313969 0.387708 0.313969 0.384062 0.313969 0.375278
0 0.144828 0.447986 0.149594 0.443507 0.154359 0.456319 0.153094 0.463021 0.156109 0.469167 0.157109 0.493681 0.156859 0.514861 0.159125 0.540521 0.158375 0.553333 0.154609 0.565035 0.154859 0.575069 0.155609 0.581215 0.152094 0.576736 0.150844 0.580104 0.145578 0.580104 0.143312 0.524896 0.138047 0.510417 0.140813 0.479201 0.141562 0.462465 0.143312 0.462465
2 0.035047 0.476146 0.012719 0.481736 0.000000 0.501389 0.001766 0.570660 0.008094 0.566007 0.008094 0.562257 0.036734 0.561319 0.035047 0.494861 0.038000 0.493924 0.038422 0.528542 0.062016 0.526667 0.061594 0.495799 0.063266 0.494861 0.065375 0.528542 0.080547 0.527604 0.089391 0.527604 0.088125 0.517326 0.070859 0.511701 0.063687 0.493924 0.049797 0.483611 0.032094 0.477083
0 0.687625 0.439375 0.687625 0.462743 0.690344 0.484410 0.690344 0.504306 0.692297 0.520764 0.694641 0.532882 0.694641 0.533750 0.694250 0.539792 0.654109 0.543264 0.650219 0.441111 0.649047 0.430729 0.691906 0.428125 0.690344 0.422917 0.685281 0.408194 0.679047 0.396944 0.677109 0.394340 0.673203 0.388299 0.671266 0.384826 0.672422 0.367500 0.672813 0.356250 0.672813 0.338090 0.671266 0.334618 0.666187 0.332014 0.665031 0.326806 0.659578 0.325972 0.654500 0.332014 0.652562 0.345868 0.652172 0.374444 0.652172 0.388299 0.651391 0.396076 0.647891 0.403889 0.647891 0.403889
0 0.719531 0.429306 0.717063 0.424306 0.715500 0.418854 0.713703 0.409514 0.713703 0.397569 0.716609 0.385139 0.718406 0.378160 0.723109 0.371215 0.726906 0.370694 0.728703 0.370694 0.733406 0.376736 0.742359 0.529931 0.720203 0.532292 0.715719 0.529306 0.712813 0.521840 0.710797 0.509896 0.711469 0.494479 0.714828 0.489514 0.715500 0.472083 0.715937 0.461632 0.718188 0.452674 0.718859 0.449201 0.721094 0.443229 0.721547 0.435764 0.745266 0.439861 0.745719 0.448819 0.746609 0.450312 0.750203 0.450799 0.754000 0.448819 0.753781 0.439861 0.751312 0.434375 0.748406 0.429896 0.746172 0.430417
0 0.218297 0.525903 0.224609 0.511181 0.224609 0.503472 0.224609 0.488056 0.225234 0.474722 0.226500 0.465590 0.232812 0.460694 0.241328 0.462083 0.244172 0.478229 0.243547 0.487326 0.242594 0.494340 0.235969 0.500660 0.224297 0.522396 0.222078 0.535035 0.219875 0.538542 0.218609 0.527326
0 0.106984 0.548889 0.110469 0.531840 0.108375 0.516319 0.105578 0.514792 0.105578 0.505486 0.106984 0.499271 0.109063 0.494618 0.107672 0.483785 0.106281 0.476042 0.110469 0.474479 0.113250 0.486875 0.116734 0.494618 0.118828 0.525625 0.116734 0.525625 0.121625 0.551979 0.105578 0.550417
27 0.316109 0.473958 0.322547 0.408229 0.327359 0.406076 0.329938 0.418229 0.322859 0.488958 0.319328 0.485382
2 0.158609 0.489479 0.168734 0.489201 0.167688 0.542986 0.165594 0.538854 0.160125 0.526181 0.159422 0.522292 0.156984 0.518160 0.157562 0.489201
5 0.204266 0.114618 0.308422 0.062917 0.463141 0.044931 0.609781 0.094375 0.828203 0.170799 0.830219 0.173021 0.843375 0.564028 0.851453 0.719097 0.788766 0.782014 0.775625 0.826979 0.761453 0.815729 0.755391 0.793264 0.647188 0.849444 0.623937 0.910104 0.608766 0.910104 0.599656 0.876389 0.532922 0.901111 0.383266 0.907882 0.370109 0.939340 0.340781 0.939340 0.332703 0.914618 0.199219 0.923611 0.183031 0.817986 0.177984 0.696632 0.175953 0.435972 0.189094 0.132569
2 1.000000 0.483854 0.978391 0.539792 0.951297 0.574201 0.940641 0.647326 0.948391 0.720417 0.957094 0.726875 0.986125 0.698924 0.999672 0.703229
