0 0.928520 0.997315 0.932160 0.961429 0.928520 0.918842 0.924880 0.891921 0.921240 0.833621 0.932160 0.791035 0.948540 0.620616 0.954000 0.564581 0.966760 0.517488 1.000000 0.479384 0.999520 0.439015 0.983140 0.356059 0.968580 0.342611 0.955820 0.324655 0.946720 0.264113 0.928520 0.223768 0.903040 0.221527 0.870260 0.239458 0.868440 0.259631 0.866620 0.291034 0.873900 0.311207 0.881180 0.329138 0.888460 0.351576 0.866620 0.365025 0.844780 0.378473 0.837480 0.418842 0.835660 0.447980 0.837480 0.454704 0.837480 0.499557 0.832020 0.537660 0.832020 0.571305 0.837480 0.589236 0.841140 0.598202 0.850240 0.634089 0.853880 0.658744 0.855700 0.683399 0.861160 0.696872 0.862980 0.723768 0.859340 0.768621 0.859340 0.804483 0.873900 0.822414 0.864800 0.822414 0.866620 0.867266 0.873900 0.898645 0.837480 0.932291 0.873900 0.947980 0.893920 0.930049 0.893920 0.963670 0.890280 0.992832 0.924880 0.995074
0 0.685260 0.660369 0.691800 0.697438 0.693120 0.742537 0.691800 0.786059 0.693120 0.821502 0.683960 0.839212 0.664340 0.831158 0.668260 0.768325 0.669560 0.721601 0.663020 0.665222 0.635560 0.666823 0.621160 0.782833 0.622480 0.827931 0.581920 0.840837 0.570140 0.829557 0.598920 0.763498 0.604160 0.663596 0.592380 0.650714 0.595000 0.605591 0.601540 0.504089 0.600220 0.465419 0.606780 0.412266 0.605460 0.384877 0.617240 0.370369 0.630320 0.359089 0.626400 0.318818 0.617240 0.289803 0.623780 0.270468 0.644720 0.264015 0.676120 0.289803 0.681340 0.309138 0.676120 0.351034 0.693120 0.365542 0.710120 0.376798 0.687880 0.438030 0.682660 0.502488 0.681340 0.573374 0.687880 0.629754 0.698360 0.652315
0 0.520040 0.808990 0.543760 0.820222 0.569320 0.820222 0.583920 0.804483 0.580260 0.728079 0.585740 0.680887 0.576620 0.631453 0.596680 0.611232 0.598500 0.582020 0.598500 0.543818 0.589380 0.496626 0.602160 0.480887 0.587560 0.467414 0.563840 0.444951 0.531000 0.415739 0.525520 0.397759 0.531000 0.375271 0.534640 0.366281 0.545600 0.357315 0.562020 0.357315 0.589380 0.359557 0.589380 0.341576 0.578440 0.323596 0.571140 0.298867 0.565660 0.285394 0.541940 0.283153 0.509100 0.296626 0.518220 0.366281 0.492680 0.408990 0.505440 0.543818 0.534640 0.557315 0.554720 0.570788 0.552880 0.606749 0.547420 0.642685 0.536460 0.669655 0.538300 0.732586 0.538300 0.786527
38 0.869880 0.596429 0.874040 0.587192 0.879860 0.574926 0.886520 0.565690 0.895660 0.546232 0.898160 0.539064 0.895660 0.527808 0.895660 0.515517 0.895660 0.504236 0.897320 0.491946 0.899820 0.479655 0.901480 0.470443 0.905640 0.462266 0.911460 0.452020 0.915620 0.441773 0.921440 0.430517 0.928100 0.425394 0.937240 0.419236 0.946380 0.412069 0.949720 0.410025 0.953880 0.410025 0.960520 0.411034 0.966340 0.414113 0.971340 0.419236 0.973840 0.426404 0.976320 0.435616 0.976320 0.444852 0.975500 0.455074 0.973840 0.463276 0.971340 0.474557 0.968840 0.483768 0.964680 0.491946 0.960520 0.499113 0.961360 0.505271 0.958860 0.511404 0.954700 0.519606 0.950540 0.527808 0.947220 0.534975 0.943900 0.538054 0.943060 0.538054 0.928100 0.547266 0.918120 0.547266 0.913120 0.546232 0.908960 0.544187 0.907300 0.543153 0.899820 0.555443 0.894820 0.565690 0.889000 0.582094 0.886520 0.589261 0.880680 0.598473 0.879020 0.601552 0.864880 0.637389 0.859900 0.646601 0.841600 0.684507 0.836620 0.687562 0.833280 0.684507 0.831620 0.681429 0.829120 0.676305 0.849920 0.631256 0.850740 0.630222
0 0.360920 0.807857 0.385340 0.825640 0.389780 0.820172 0.392000 0.810616 0.377560 0.791453 0.376460 0.746330 0.379780 0.693005 0.397540 0.533030 0.403100 0.485172 0.394220 0.422291 0.386440 0.388103 0.369800 0.381256 0.378680 0.360739 0.379780 0.349803 0.378680 0.336133 0.377560 0.330665 0.375340 0.325197 0.363140 0.306059 0.352020 0.293744 0.328720 0.297857 0.312060 0.314261 0.305400 0.336133 0.304280 0.358005 0.317600 0.367586 0.324280 0.378522 0.324280 0.386724 0.305400 0.394926 0.297620 0.412709 0.302060 0.461921 0.302060 0.508424 0.294300 0.543966 0.295400 0.579532 0.298740 0.608227 0.315380 0.619187 0.316500 0.632857 0.315380 0.675246 0.315380 0.702586 0.319840 0.742241 0.323160 0.772315 0.316500 0.783251 0.299840 0.795566 0.292080 0.803768 0.289860 0.813350 0.310940 0.820172 0.310940 0.820172 0.328720 0.806502 0.345360 0.802389 0.345360 0.785985 0.340920 0.776429 0.340920 0.723103 0.342040 0.682069 0.346480 0.657463 0.345360 0.626010 0.353140 0.701207 0.358700 0.753177 0.359800 0.790099 0.359800 0.794187
0 0.671500 0.876404 0.693400 0.811231 0.698860 0.755049 0.689740 0.698867 0.691560 0.651675 0.678800 0.588768 0.682440 0.516847 0.687920 0.453941 0.702520 0.391010 0.708000 0.357315 0.695220 0.323596 0.698860 0.269655 0.724420 0.249433 0.759080 0.267414 0.760900 0.307857 0.775500 0.366281 0.771860 0.408990 0.770040 0.453941 0.770040 0.528079 0.755440 0.552808 0.771860 0.579778 0.790100 0.622463 0.775500 0.665172 0.760900 0.685394 0.770040 0.768547 0.773680 0.851675 0.731720 0.856182 0.728060 0.907857 0.686100 0.910123
0 0.440160 0.683325 0.416980 0.608966 0.393520 0.600887 0.395400 0.567389 0.404780 0.550049 0.399160 0.498079 0.399160 0.461108 0.396340 0.441478 0.393520 0.422980 0.394460 0.410271 0.404780 0.398719 0.421660 0.375616 0.421660 0.375616 0.421660 0.362906 0.416040 0.342118 0.416980 0.320172 0.420720 0.310936 0.425420 0.301699 0.436440 0.289704 0.448360 0.289704 0.458680 0.297537 0.468200 0.311232 0.476160 0.322980 0.472180 0.350369 0.465820 0.358177 0.455500 0.363079 0.465040 0.376773 0.478540 0.389483 0.491240 0.398276 0.499180 0.413941 0.501560 0.422734 0.494420 0.552832 0.488860 0.590985 0.499180 0.604680 0.484100 0.609557 0.472180 0.612512 0.462640 0.594902 0.466620 0.581207 0.462640 0.578276 0.453120 0.577291 0.442800 0.575320 0.434060 0.575320 0.430080 0.586084 0.442000 0.599778 0.442000 0.605665 0.425320 0.614458 0.423480 0.665739 0.420940 0.665837 0.423420 0.743571 0.424040 0.755025 0.423420 0.766453 0.419080 0.778645 0.402820 0.811478 0.415540 0.820271 0.422680 0.819310 0.440160 0.793867 0.442540 0.691158 0.457640 0.687241 0.458420 0.749852 0.463200 0.781158 0.467960 0.803645 0.477480 0.812463 0.481460 0.817340 0.489400 0.818325 0.494960 0.809507 0.475900 0.772340 0.475900 0.727365 0.477480 0.702906 0.477480 0.676478 0.476700 0.664754
0 0.780820 0.355887 0.793540 0.345123 0.794320 0.331429 0.787180 0.321650 0.780040 0.309901 0.781620 0.287414 0.777660 0.270788 0.773680 0.249261 0.792740 0.230665 0.824520 0.220887 0.840400 0.231650 0.861040 0.280567 0.871380 0.321650 0.872960 0.328498 0.888840 0.343153 0.882500 0.354901 0.852320 0.372512 0.843580 0.414557 0.841980 0.430222 0.837220 0.469335 0.833240 0.523128 0.834040 0.583793 0.848340 0.607266 0.848340 0.627808 0.845960 0.697241 0.845960 0.701158 0.855480 0.735394 0.857080 0.775493 0.861040 0.825394 0.859460 0.855714 0.861840 0.862562 0.867400 0.874286 0.871380 0.891896 0.861040 0.901675 0.827680 0.904606 0.826900 0.898744 0.822120 0.904606 0.827680 0.874286 0.798300 0.904606 0.786380 0.906576 0.780820 0.893867 0.810220 0.841034 0.797500 0.673768 0.776060 0.669852 0.790360 0.631724 0.771300 0.570099 0.770500 0.517266 0.771300 0.416527 0.776060 0.364680
0 0.300020 0.615148 0.300020 0.548301 0.302240 0.421429 0.292280 0.377783 0.284520 0.353227 0.264580 0.315025 0.246860 0.304113 0.220260 0.312291 0.203640 0.342315 0.203640 0.376404 0.202540 0.394138 0.208080 0.400961 0.188140 0.424163 0.188140 0.436429 0.198120 0.460985 0.205860 0.521034 0.242420 0.540123 0.245740 0.555123 0.232460 0.567414 0.255720 0.605616 0.270120 0.620616 0.280080 0.628793 0.286740 0.635616 0.272340 0.657438 0.271220 0.728399 0.265680 0.780222 0.271220 0.803424 0.290060 0.829335 0.284520 0.840271 0.262360 0.847094 0.245740 0.856626 0.230240 0.844360 0.225800 0.829335 0.226920 0.695640 0.226920 0.679286
0 0.116820 0.532512 0.109600 0.550271 0.104180 0.585813 0.094580 0.603571 0.092760 0.613202 0.093360 0.642069 0.093360 0.653177 0.111400 0.665025 0.117420 0.670197 0.118620 0.677611 0.122220 0.705000 0.122220 0.728670 0.122820 0.742734 0.121020 0.769384 0.122220 0.782709 0.127040 0.810837 0.127640 0.830099 0.119820 0.841207 0.118620 0.850813 0.116220 0.861182 0.116220 0.862660 0.115600 0.874926 0.150480 0.886773 0.167900 0.879360 0.158880 0.866034 0.190140 0.870493 0.219600 0.870493 0.214180 0.856429 0.184140 0.837168 0.175720 0.806823 0.181720 0.694310 0.188940 0.668399 0.203980 0.668399 0.173920 0.646502 0.127040 0.646502 0.119820 0.631700 0.150480 0.629483 0.175120 0.626527 0.199160 0.607266 0.201560 0.608005 0.186540 0.598399 0.160100 0.582118 0.149880 0.570271 0.128240 0.539163 0.160580 0.505739 0.177080 0.526379 0.200400 0.524631 0.202380 0.502586 0.206360 0.484360 0.206940 0.464754 0.197840 0.448990 0.192160 0.435000 0.183060 0.427980 0.168260 0.415739 0.168840 0.404187 0.183620 0.396699 0.183620 0.367635 0.179920 0.337167 0.164860 0.325961 0.146660 0.323498 0.139260 0.351182 0.133300 0.356429 0.130740 0.367980 0.128180 0.384089 0.122780 0.402291 0.124200 0.414901 0.118500 0.421897 0.111680 0.429261 0.115660 0.430665
38 0.261380 0.670517 0.255940 0.705025 0.265900 0.699458 0.255040 0.549212 0.240580 0.503571 0.252340 0.463498 0.262280 0.440123 0.290300 0.446798 0.304760 0.476847 0.302040 0.523596 0.284860 0.549212 0.278540 0.551429 0.272220 0.664951 0.273120 0.628227 0.266800 0.607069 0.264980 0.620443 0.268600 0.619310
38 0.619140 0.485961 0.622760 0.474828 0.618240 0.465936 0.603780 0.460369 0.602880 0.464828 0.571240 0.459261 0.553160 0.443670 0.531480 0.411379 0.530580 0.385788 0.532380 0.367980 0.543220 0.354631 0.564920 0.355739 0.595640 0.376897 0.607400 0.396921 0.615520 0.438103 0.620940 0.463695 0.648960 0.502660 0.650780 0.509335 0.645340 0.519360 0.664320 0.543842 0.675180 0.560542 0.683300 0.552734 0.670660 0.536059
38 0.420920 0.599409 0.413420 0.626108 0.415920 0.644581 0.419240 0.661010 0.430080 0.672291 0.440080 0.683596 0.445920 0.693842 0.443420 0.815000 0.455100 0.816010 0.456760 0.692833 0.459260 0.684606 0.470940 0.672291 0.476760 0.659975 0.481920 0.646823 0.482000 0.612562 0.477600 0.607611 0.468440 0.608645 0.463420 0.604532 0.457600 0.593251 0.466760 0.585025 0.455920 0.578867 0.443420 0.576823 0.434260 0.579901 0.445100 0.596330 0.438420 0.606601 0.434260 0.611724 0.426760 0.614803
38 0.510340 0.547069 0.507600 0.554532 0.502100 0.566724 0.502100 0.568744 0.498800 0.582291 0.498240 0.597882 0.501000 0.620911 0.504300 0.634433 0.515300 0.652044 0.523540 0.660172 0.524640 0.664926 0.523000 0.692020 0.527400 0.740788 0.527400 0.752291 0.525200 0.788202 0.540040 0.786847 0.541140 0.786847 0.541700 0.785493 0.541700 0.784803 0.540600 0.771946 0.534000 0.656798 0.544440 0.633768 0.547740 0.624975 0.547740 0.624975 0.548840 0.616158 0.552140 0.593128 0.548840 0.572808 0.545000 0.556552 0.545000 0.556552 0.537300 0.559951 0.537300 0.560616 0.537300 0.578916 0.537300 0.580936 0.532900 0.578227 0.532340 0.584335 0.530700 0.589064 0.528500 0.591108 0.524100 0.593128 0.520800 0.591108 0.515300 0.586355 0.515300 0.574163 0.515300 0.570788 0.515300 0.564015
38 0.310720 0.609704 0.317680 0.599015 0.325500 0.601158 0.334180 0.606502 0.342860 0.612906 0.349800 0.616133 0.365440 0.612906 0.380200 0.604360 0.383680 0.591527 0.386280 0.575493 0.388020 0.565862 0.393220 0.558374 0.374120 0.534852 0.354140 0.533768 0.345460 0.535911 0.329840 0.547685 0.327220 0.556232 0.322880 0.575493 0.319420 0.586182 0.317680 0.588325 0.308120 0.590443 0.309860 0.597931
38 0.751080 0.622192 0.772800 0.614163 0.788380 0.598128 0.791260 0.586527 0.789100 0.579384 0.772440 0.573596 0.766280 0.566921 0.766280 0.555764 0.759040 0.556207 0.756880 0.566478 0.733720 0.570025 0.705480 0.584310 0.709100 0.596330 0.721760 0.613719 0.738780 0.620419
0 0.381080 0.393990 0.382220 0.373571 0.386500 0.364409 0.396500 0.352808 0.405660 0.351404 0.415080 0.357734 0.420800 0.369335 0.420800 0.377094 0.406220 0.393621 0.396800 0.405246 0.391640 0.410172
38 0.692820 0.600887 0.705360 0.615468 0.712000 0.621921 0.703620 0.645542 0.719320 0.658399 0.742320 0.657118 0.771600 0.651108 0.784840 0.633522 0.782060 0.618916 0.777880 0.613768 0.730460 0.612044 0.716880 0.605172 0.702240 0.593596 0.697000 0.589286 0.692820 0.591010 0.692820 0.598301
38 0.186540 0.531182 0.215180 0.526970 0.239980 0.534877 0.249820 0.549089 0.231440 0.564360 0.206200 0.564877 0.195520 0.560665 0.189540 0.555936 0.187400 0.546970
0 0.018540 0.826305 0.044620 0.838128 0.055600 0.836429 0.067960 0.868547 0.079620 0.898128 0.082360 0.924310 0.081680 0.940369 0.072060 0.957266 0.072760 0.975025 0.080300 0.994458 0.093340 0.991084 0.107740 0.986010 0.125580 0.997832 0.154400 0.993621 0.172940 0.986847 0.175000 0.980099 0.174300 0.969951 0.160580 0.965739 0.142740 0.956429 0.137260 0.947980 0.123540 0.932783 0.114620 0.903202 0.108300 0.826182 0.126480 0.817241 0.119220 0.753842 0.105880 0.691182 0.102860 0.680000 0.086800 0.622857 0.106160 0.572956 0.114100 0.529581 0.151080 0.562118 0.189820 0.592488 0.211840 0.605493 0.216240 0.619606 0.219760 0.623941 0.224180 0.613079 0.224180 0.610911 0.240020 0.609828 0.241780 0.614163 0.246180 0.600074 0.240900 0.589236 0.231220 0.583793 0.218880 0.584877 0.190700 0.538251 0.157240 0.503547 0.135220 0.460172 0.119420 0.431675 0.114620 0.413079 0.108440 0.375887 0.117360 0.378424 0.126960 0.375049 0.130400 0.365764 0.132460 0.353916 0.139320 0.348867 0.144800 0.344631 0.145480 0.339557 0.143440 0.327734 0.156460 0.315911 0.156460 0.304064 0.167440 0.305764 0.168820 0.290542 0.163320 0.270271 0.157840 0.255049 0.142740 0.244064 0.120100 0.231404 0.104320 0.232241 0.090600 0.233079 0.062460 0.255049 0.057660 0.266897 0.048740 0.293941 0.059720 0.332808 0.031580 0.361527 0.016500 0.390271 0.002080 0.424901 0.000700 0.464631 0.001400 0.638695 0.001400 0.807709 0.001400 0.887980 0.000300 0.910542 0.000000 0.961847 0.018620 0.961847 0.041120 0.955172 0.048200 0.947488 0.049040 0.941330 0.044860 0.931059 0.031120 0.930566 0.021540 0.932611 0.019460 0.930566 0.011960 0.921330
