46 0.699125 0.802757 0.722828 0.774530 0.748922 0.743829 0.763734 0.735514 0.767891 0.729716 0.777375 0.736346 0.776188 0.758775 0.775594 0.784508 0.764328 0.796958 0.753656 0.799453 0.742984 0.803589
0 0.166750 0.377505 0.185250 0.372538 0.200984 0.350481 0.209250 0.338928 0.226172 0.327352 0.237984 0.315777 0.241906 0.310810 0.238766 0.309147 0.234437 0.308600 0.232469 0.305842 0.232078 0.300328 0.229719 0.297024 0.230891 0.292626 0.229719 0.290963 0.229719 0.287659 0.227359 0.286018 0.226172 0.282713 0.227750 0.274442 0.225781 0.267812 0.226562 0.258446 0.232859 0.240810 0.243875 0.235295 0.254109 0.234201 0.265125 0.240810 0.269859 0.262319 0.270250 0.276630 0.271031 0.299781 0.284016 0.303085 0.295438 0.311357 0.304094 0.321838 0.313531 0.341116 0.321406 0.355449 0.327703 0.373632 0.325344 0.376937 0.317078 0.391269 0.306844 0.434814 0.301734 0.451357 0.298578 0.464026 0.294641 0.470088 0.294641 0.482210 0.293078 0.497637 0.290312 0.502604 0.287562 0.511422 0.287562 0.515274 0.269859 0.554967 0.267500 0.571488 0.265125 0.635427 0.267500 0.665733 0.262766 0.669037 0.260016 0.669584 0.257656 0.665186 0.254906 0.661335 0.252141 0.663523 0.249781 0.668490 0.240344 0.670153 0.235219 0.665186 0.238375 0.633764 0.239156 0.618337 0.238375 0.607309 0.239547 0.588031 0.236016 0.568731 0.233250 0.529606 0.233641 0.509759 0.230500 0.506455 0.228531 0.496543 0.228922 0.473392 0.224594 0.432604 0.220266 0.400088 0.213969 0.394026 0.206094 0.394026 0.200203 0.396236 0.193906 0.399540 0.183672 0.404508 0.173438 0.409453 0.163594 0.413873 0.151406 0.422691 0.146281 0.422144 0.146281 0.412757 0.151797 0.404508 0.157297 0.392932 0.167531 0.391269 0.166750 0.380810
0 0.848547 0.573085 0.842141 0.510306 0.867766 0.436324 0.843750 0.418381 0.835734 0.366805 0.843750 0.321969 0.872563 0.292823 0.904578 0.295077 0.919000 0.348884 0.923797 0.402691 0.983031 0.465470 1.000000 0.564136 0.999047 0.716586 0.963828 0.691926 0.923797 0.723326 0.866156 0.716586 0.851750 0.644836 0.842141 0.696411 0.813328 0.689694 0.797312 0.676236 0.826141 0.617943 0.850156 0.582057
46 0.644125 0.762538 0.653125 0.758228 0.655734 0.751597 0.662125 0.752254 0.668750 0.751269 0.678469 0.756915 0.694812 0.764530 0.707609 0.771510 0.715422 0.779453 0.710688 0.787090 0.708078 0.790416 0.703109 0.790744 0.701453 0.797702 0.695766 0.799365 0.693625 0.802013 0.664734 0.800022 0.646734 0.798709 0.635828 0.797702 0.635594 0.786433 0.635828 0.774814 0.640328 0.768840 0.642938 0.765536
46 0.299016 0.703764 0.343719 0.675383 0.349250 0.677965 0.351547 0.684420 0.354781 0.685055 0.358000 0.685055 0.359391 0.686346 0.355234 0.692166 0.344172 0.699256 0.334047 0.705711
0 0.913703 0.340985 0.926594 0.308031 0.933438 0.308031 0.928875 0.291028 0.926594 0.285711 0.925078 0.263392 0.927359 0.250635 0.922812 0.227243 0.945578 0.196433 0.975172 0.190044 0.985812 0.198556 0.996437 0.187921 1.000000 0.198556 1.000000 0.452604 1.000000 0.549344 0.981250 0.464289 0.923563 0.402648 0.917484 0.335667
46 0.721625 0.459519 0.715688 0.465208 0.712250 0.467177 0.707406 0.466958 0.702563 0.472867 0.698500 0.484902 0.700375 0.499562 0.706625 0.500219 0.716625 0.519256 0.729750 0.525821 0.738187 0.526258 0.737875 0.521444 0.746797 0.522757 0.750859 0.519694 0.753828 0.515317 0.749922 0.510941 0.736625 0.498906 0.730844 0.489278 0.728031 0.481400 0.726937 0.474530 0.728500 0.469497 0.730062 0.467965 0.728656 0.459650 0.724438 0.457681 0.720375 0.459431
0 0.567828 0.499278 0.531766 0.489497 0.513156 0.489497 0.517797 0.427615 0.515484 0.398293 0.508500 0.403173 0.499188 0.447155 0.508500 0.479737 0.508500 0.491138 0.488719 0.481357 0.486391 0.424354 0.496859 0.367330 0.501516 0.339628 0.527109 0.320088 0.522453 0.290766 0.529437 0.274486 0.543391 0.271225 0.553859 0.277724 0.562000 0.287505 0.562000 0.303807 0.557359 0.323348 0.568984 0.333129 0.571313 0.491138
46 0.513188 0.724070 0.524438 0.721575 0.530344 0.729869 0.530937 0.741444 0.532703 0.752210 0.538031 0.762166 0.544531 0.767965 0.548094 0.772101 0.548094 0.774573 0.540984 0.777068 0.527984 0.775405 0.507875 0.775405 0.503141 0.775405 0.497813 0.764639 0.495453 0.758840 0.493672 0.753873 0.503141 0.750569
46 0.602219 0.498578 0.603578 0.502867 0.599656 0.512166 0.600000 0.512867 0.603234 0.520744 0.563750 0.518600 0.564250 0.509059 0.569188 0.500481 0.574297 0.490460 0.587062 0.493807 0.594547 0.494748 0.599484 0.495711
46 0.456469 0.749278 0.477156 0.732079 0.482000 0.727090 0.487187 0.724376 0.489125 0.724814 0.492031 0.727090 0.493328 0.729344 0.494625 0.733435 0.494297 0.739759 0.492672 0.744289 0.488469 0.747462 0.483953 0.753348 0.479094 0.759234 0.467781 0.758337 0.459375 0.755624
46 0.457078 0.467352 0.464344 0.487724 0.488969 0.510066 0.486453 0.471269 0.473859 0.457965 0.459312 0.452867 0.455391 0.458337
46 0.631797 0.530547 0.623906 0.535077 0.602359 0.531554 0.604516 0.524508 0.612766 0.520481 0.625344 0.523501 0.630000 0.527527
46 0.691219 0.527374 0.690859 0.526368 0.690500 0.524355 0.690500 0.520328 0.690500 0.518315 0.689062 0.515799 0.686547 0.510766 0.685125 0.508753 0.684766 0.503742 0.684406 0.490153 0.674344 0.489147 0.673266 0.493676 0.671828 0.496696 0.671469 0.502232 0.671828 0.509256 0.672547 0.513786 0.673266 0.524355 0.679734 0.528884 0.683328 0.529387 0.686188 0.528884 0.690859 0.527374
46 0.597547 0.788665 0.597547 0.775930 0.597547 0.767002 0.596938 0.756389 0.604828 0.748753 0.617250 0.753851 0.623016 0.752560 0.639703 0.764464 0.640609 0.767856 0.633937 0.775077 0.634844 0.791641 0.635156 0.796740 0.631516 0.798031 0.599063 0.790810
0 0.924531 0.243873 0.915406 0.248140 0.910344 0.250963 0.908828 0.260197 0.906812 0.266565 0.901750 0.272954 0.900734 0.282888 0.900734 0.292801 0.900734 0.297768 0.900734 0.302735 0.903266 0.304158 0.907313 0.309825 0.909844 0.314070 0.911359 0.319037 0.912875 0.324004 0.913391 0.328271 0.915406 0.332516 0.915922 0.336061 0.916422 0.339606 0.918453 0.336061 0.919469 0.330394 0.922500 0.325427 0.925547 0.320460 0.930094 0.312670 0.933141 0.311247 0.933641 0.308403 0.933641 0.306280 0.931609 0.298490 0.930609 0.293523 0.930609 0.288556 0.927563 0.286433 0.927563 0.278621 0.929078 0.271532 0.927563 0.265864 0.926547 0.258074 0.926047 0.251685 0.925547 0.248840 0.925547 0.243873
46 0.214531 0.678446 0.209734 0.676368 0.201828 0.677418 0.192984 0.677418 0.190406 0.675602 0.191516 0.672254 0.196484 0.669934 0.193531 0.666586 0.185062 0.665799 0.181938 0.661685 0.186906 0.659365 0.204953 0.658578 0.216000 0.658840 0.222453 0.664004 0.225203 0.671729 0.224656 0.672757 0.220969 0.673020 0.218953 0.674311 0.217109 0.674311 0.215078 0.678709
46 0.632125 0.528862 0.638734 0.526543 0.649641 0.531182 0.651297 0.535799 0.647328 0.536718 0.632453 0.536718 0.628172 0.534420 0.633125 0.529322
0 0.000750 0.307068 0.014391 0.279781 0.031922 0.264770 0.057250 0.262035 0.090375 0.277046 0.102063 0.305711 0.093297 0.312516 0.094266 0.330263 0.094266 0.346630 0.092312 0.356171 0.098172 0.380744 0.089391 0.387549 0.088422 0.401204 0.080625 0.406652 0.070891 0.436674 0.066016 0.442123 0.066984 0.474880 0.081609 0.521247 0.091344 0.555361 0.104016 0.601751 0.135187 0.633129 0.150766 0.654945 0.161484 0.653589 0.176094 0.669956 0.187781 0.691794 0.195578 0.708162 0.189734 0.723173 0.189734 0.739540 0.180000 0.735449 0.167328 0.740897 0.156609 0.736805 0.139078 0.709519 0.124469 0.690416 0.121547 0.736805 0.110828 0.780460 0.101094 0.788643 0.093297 0.811838 0.100109 0.860963 0.106938 0.869147 0.109859 0.875974 0.106938 0.903239 0.099141 0.957812 0.097188 0.991926 0.097188 1.000000 0.000750 0.997374 0.000000 0.633129 0.001719 0.511707 0.001719 0.315252
0 0.261562 0.644945 0.266375 0.546061 0.288828 0.498884 0.303281 0.447199 0.314516 0.408993 0.322531 0.384267 0.345000 0.364048 0.361047 0.334836 0.369062 0.303370 0.394734 0.280897 0.436453 0.319103 0.431641 0.361794 0.415594 0.400000 0.423625 0.447199 0.434859 0.449431 0.454109 0.467418 0.462141 0.498884 0.442875 0.510109 0.430047 0.516849 0.430047 0.543829 0.407578 0.528096 0.401156 0.568534 0.422016 0.741575 0.414000 0.737068 0.399547 0.678643 0.333766 0.662932 0.267969 0.660678
