5 0.189469 0.399742 0.393641 0.389063 0.640500 0.382974 0.748172 0.382974 0.766453 0.466721 0.763406 0.523044 0.757312 0.536768 0.766453 0.620492 0.768484 0.623536 0.765437 0.693583 0.677063 0.696628 0.662844 0.702717 0.651672 0.711850 0.629313 0.708806 0.614078 0.705761 0.388563 0.692061 0.367234 0.705761 0.356063 0.708806 0.338797 0.693583 0.336766 0.692061 0.314422 0.696628 0.300187 0.704239 0.274797 0.710328 0.254484 0.692061 0.189469 0.682927 0.177266 0.682927 0.180312 0.541335 0.177266 0.466721 0.186422 0.402787
0 0.385094 0.637892 0.385094 0.588688 0.388078 0.550656 0.398516 0.517096 0.414937 0.503677 0.428375 0.501429 0.438500 0.506792 0.437000 0.491124 0.431031 0.484426 0.425063 0.468759 0.419094 0.453091 0.420578 0.430726 0.426562 0.417307 0.438500 0.408361 0.457906 0.426253 0.459391 0.437447 0.460891 0.462037 0.454922 0.471007 0.456406 0.500070 0.480281 0.515738 0.487750 0.526932 0.492234 0.558244 0.493719 0.589555 0.495219 0.609696 0.495219 0.636557 0.492234 0.665621 0.480281 0.665621 0.386250 0.667869 0.384766 0.667869
0 0.494453 0.550375 0.499687 0.528852 0.511422 0.519063 0.517953 0.504403 0.519266 0.484848 0.514687 0.464309 0.510781 0.448642 0.508813 0.429087 0.523172 0.418314 0.538844 0.416370 0.542750 0.419297 0.547969 0.428103 0.547969 0.444731 0.547328 0.465269 0.549281 0.483864 0.553187 0.492670 0.564281 0.496581 0.581250 0.500492 0.586484 0.505386 0.611922 0.569930 0.611281 0.612974 0.613891 0.661874 0.610625 0.673513 0.591703 0.672553 0.529703 0.673513 0.503594 0.669602 0.498375 0.664707 0.495109 0.638314 0.492500 0.570820 0.492500 0.546370 0.497063 0.534614
2 0.820250 0.585059 0.832906 0.606838 0.839000 0.634941 0.839000 0.647588 0.836656 0.652506 0.833375 0.657424 0.791172 0.653911 0.785078 0.657424 0.781797 0.647588 0.772422 0.641265 0.769609 0.648290 0.763984 0.629321 0.765391 0.618782 0.761641 0.611756 0.763984 0.603325 0.771953 0.582248
9 0.069141 0.370023 0.098250 0.370023 0.102219 0.372014 0.103547 0.469204 0.087672 0.491030 0.070469 0.494988 0.062516 0.397799 0.069141 0.372014
0 0.697891 0.584590 0.699531 0.578454 0.699531 0.573255 0.699328 0.569906 0.698906 0.565621 0.699937 0.561639 0.703000 0.559789 0.705438 0.559789 0.707687 0.561030 0.708703 0.566838 0.707891 0.571429 0.706875 0.575410 0.706875 0.577845 0.708922 0.582131 0.714625 0.585199 0.720547 0.588852 0.722797 0.591007 0.723000 0.593443 0.708500 0.592529 0.703203 0.591007 0.699531 0.590094 0.697078 0.586721
9 0.985078 0.419344 0.987234 0.471288 0.992875 0.469344 0.993734 0.465785 0.997422 0.464801 0.997641 0.458314 0.993953 0.457986 0.994172 0.457002 0.998500 0.454403 0.998062 0.450843 0.994609 0.449859 0.997641 0.447260 0.997641 0.438501 0.993734 0.435902 0.992875 0.435574 0.992437 0.431358 0.996328 0.427143 0.996328 0.422600 0.995687 0.420328 0.992875 0.417400 0.988313 0.417073 0.986797 0.417073
9 0.029859 0.374496 0.048672 0.378899 0.043969 0.487260 0.023984 0.482857 0.020453 0.469649 0.008125 0.467869 0.007531 0.452904 0.009875 0.448501 0.018703 0.448501 0.021641 0.437916 0.021641 0.428244 0.015766 0.422951 0.018109 0.415902 0.021641 0.411499 0.021641 0.400937 0.017516 0.399157 0.017516 0.385082 0.022813 0.384192 0.026344 0.384192
0 0.863703 0.651311 0.862672 0.626253 0.861359 0.622319 0.862922 0.611358 0.861359 0.608993 0.861875 0.602342 0.865016 0.600000 0.863187 0.594895 0.865547 0.592553 0.868672 0.591382 0.869984 0.595691 0.869984 0.597260 0.873125 0.604684 0.872922 0.617049 0.874187 0.623326 0.873344 0.627400 0.874187 0.642787 0.875156 0.652038 0.873531 0.653255 0.871078 0.650211 0.869656 0.643489 0.868234 0.637705 0.867016 0.649602 0.865172 0.651733 0.863750 0.650515
9 0.966078 0.421663 0.966344 0.465363 0.951766 0.468431 0.951500 0.460773 0.943062 0.458478 0.942547 0.448126 0.950484 0.446206 0.949453 0.443138 0.941781 0.440843 0.944344 0.429321 0.947156 0.428946 0.948687 0.420890
