40 0.711234 0.526300 0.716172 0.520609 0.725281 0.517775 0.735547 0.517775 0.746938 0.518899 0.757969 0.522881 0.762141 0.525738 0.763281 0.529157 0.765562 0.553630 0.765562 0.583255 0.756437 0.607166 0.745797 0.626534 0.742766 0.633372 0.744672 0.712529 0.762141 0.720492 0.762141 0.722763 0.756828 0.723911 0.751125 0.728478 0.748469 0.730749 0.745797 0.731311 0.723391 0.731897 0.713125 0.731897 0.708187 0.723911 0.715406 0.714239 0.723766 0.711382 0.729469 0.707963 0.731359 0.697143 0.730984 0.631663 0.724531 0.616276 0.718063 0.603747 0.714656 0.592365 0.710469 0.576979
60 0.006938 0.667541 1.000000 0.662342 0.998188 0.909087 0.947922 0.909087 0.762500 0.815574 0.745172 0.940258 0.691453 0.932459 0.687984 0.950656 0.696641 0.994801 0.460969 0.997401 0.450562 0.924684 0.440172 0.924684 0.429766 0.812998 0.400313 0.828571 0.291141 0.898712 0.211422 0.937658 0.123047 0.929859 0.001734 0.831171
56 0.348594 0.222998 0.430031 0.210164 0.457172 0.199438 0.467172 0.315082 0.350016 0.312951 0.354312 0.289391 0.357172 0.278689 0.362875 0.255129 0.362875 0.240141 0.362875 0.231569
56 0.847109 0.155176 0.833328 0.145504 0.825578 0.153888 0.828156 0.175176 0.812234 0.180351 0.771328 0.168080 0.751094 0.161639 0.736016 0.204215 0.741187 0.210679 0.741609 0.222927 0.743344 0.320375 0.751516 0.315855 0.752375 0.279087 0.793281 0.288103 0.819547 0.270047 0.812234 0.314567 0.821703 0.313934 0.847969 0.160328
43 0.665938 0.812436 0.656094 0.792225 0.652812 0.786768 0.648438 0.776932 0.650984 0.769813 0.658281 0.769274 0.662656 0.774192 0.671031 0.790585 0.679062 0.802599 0.683062 0.813536 0.681250 0.817916 0.676141 0.820094
56 0.657531 0.100585 0.697047 0.113747 0.724844 0.115199 0.764844 0.106417 0.767766 0.162717 0.750219 0.156862 0.738016 0.200000 0.699969 0.206581 0.692656 0.192693 0.657531 0.186112 0.642422 0.172951 0.648750 0.129813 0.649734 0.109344
56 0.203781 0.021522 0.202359 0.008782 0.175422 0.026838 0.174703 0.053419 0.187469 0.056604 0.205906 0.126768 0.215125 0.194801 0.210172 0.272389 0.210875 0.311733 0.232156 0.308525 0.234984 0.216066 0.258391 0.211803 0.274703 0.207541 0.282500 0.197986 0.291719 0.196932 0.298813 0.182037 0.323641 0.182037 0.322937 0.117190 0.330016 0.108689 0.327891 0.075738 0.300953 0.061920 0.223641 0.068290 0.216547 0.062974 0.209453 0.031101
40 0.310031 0.753888 0.331906 0.736229 0.335266 0.658056 0.319281 0.634098 0.307516 0.612670 0.304984 0.563489 0.310031 0.531967 0.366406 0.534496 0.369766 0.557190 0.349578 0.558454 0.334437 0.601312 0.348734 0.658056 0.342844 0.661850 0.343688 0.736229 0.352938 0.752623 0.331062 0.766510 0.326859 0.771546
40 0.380016 0.782881 0.366359 0.787986 0.350641 0.783911 0.342438 0.780820 0.337656 0.771616 0.336969 0.767518 0.340391 0.759321 0.344484 0.753185 0.358156 0.747026 0.360203 0.673279 0.353375 0.667143 0.341078 0.638478 0.336969 0.617986 0.339016 0.563700 0.344484 0.557564 0.372500 0.553466 0.397781 0.566768 0.396422 0.623115 0.384125 0.658946 0.376609 0.670211 0.374547 0.750094 0.384125 0.763419 0.393000 0.770585
40 0.751297 0.521710 0.761125 0.507939 0.785375 0.510890 0.801766 0.515808 0.807016 0.523677 0.805703 0.533489 0.810281 0.580656 0.803734 0.599321 0.793250 0.619953 0.784063 0.635667 0.780797 0.644520 0.775547 0.680867 0.783406 0.727026 0.792594 0.732927 0.796516 0.736862 0.795203 0.747658 0.751953 0.743747 0.748016 0.735878 0.746703 0.731944 0.757844 0.724098 0.766375 0.716229 0.770953 0.649414 0.759156 0.617002 0.760469 0.610117 0.765719 0.579672 0.767031 0.552155 0.768984 0.534473 0.762437 0.518759
40 0.263438 0.288618 0.254406 0.267330 0.252250 0.219578 0.252688 0.208595 0.286266 0.212482 0.288844 0.212482 0.286266 0.265386 0.274641 0.277658 0.272062 0.325410 0.270328 0.335738 0.267750 0.329274
40 0.332328 0.233583 0.327578 0.264614 0.334906 0.285316 0.342672 0.294379 0.343109 0.315059 0.347422 0.314426 0.351734 0.293724 0.364688 0.278852 0.364688 0.248454 0.362094 0.229696
40 0.960453 0.562904 0.975234 0.560351 0.989750 0.562482 1.000000 0.569297 0.999406 0.593162 1.000000 0.617471 0.997984 0.637916 0.988031 0.658806 0.974953 0.670632 0.975813 0.714122 0.975531 0.758009 0.992016 0.766955 0.998563 0.772178 1.000000 0.780703 0.994859 0.783279 0.982344 0.784122 0.972391 0.781569 0.965000 0.781569 0.953063 0.780703 0.951359 0.775597 0.954484 0.764520 0.960172 0.757260 0.964719 0.754286 0.966719 0.672459 0.954203 0.660094 0.945094 0.642178 0.943391 0.620866 0.943109 0.589766 0.945953 0.561639 0.962734 0.558220 0.982063 0.559063
40 0.902438 0.538080 0.919234 0.533045 0.956172 0.535550 0.956172 0.579602 0.949453 0.637471 0.945250 0.636206 0.934344 0.598454 0.922594 0.633700 0.915875 0.646276 0.904969 0.628665 0.900766 0.595948 0.897406 0.577073 0.899078 0.551920
40 0.110422 0.522576 0.138375 0.516112 0.145906 0.514520 0.140531 0.538689 0.141594 0.574122 0.151266 0.614403 0.148047 0.627283 0.142672 0.701405 0.157719 0.712693 0.143750 0.732014 0.112578 0.727190 0.110422 0.717518 0.130844 0.703021 0.133000 0.627283 0.117953 0.609578 0.112578 0.570913
40 0.185000 0.509415 0.159562 0.509415 0.150422 0.509415 0.143297 0.519321 0.140250 0.548267 0.140250 0.577986 0.147875 0.601616 0.157031 0.625246 0.164656 0.635925 0.167203 0.668689 0.166734 0.693934 0.165328 0.714286 0.151750 0.716370 0.151750 0.716370 0.142859 0.730398 0.137719 0.739532 0.147547 0.746534 0.165797 0.747939 0.171406 0.743724 0.178891 0.731803 0.178891 0.717775 0.178891 0.717775 0.174219 0.710773 0.175156 0.663091 0.175156 0.650468 0.179359 0.631522 0.191531 0.613279 0.198547 0.592951 0.199953 0.570515 0.200891 0.569110 0.201828 0.537541 0.201359 0.516511 0.198547 0.512295 0.198547 0.512295
44 0.813875 0.752623 0.831422 0.761265 0.848719 0.773443 0.857359 0.773044 0.854484 0.781288 0.843734 0.779719 0.830375 0.776183 0.818594 0.767939 0.811781 0.759696 0.808109 0.754988 0.809422 0.751452 0.813609 0.752623
44 0.406719 0.804918 0.417078 0.799742 0.419656 0.783583 0.417078 0.771944 0.408875 0.764824 0.392906 0.766768 0.381687 0.779040 0.383844 0.793279 0.390750 0.804918 0.398516 0.804918 0.398953 0.815925 0.404984 0.815925 0.404125 0.807518
42 0.117906 0.763888 0.119578 0.794707 0.117281 0.800632 0.111469 0.804356 0.113547 0.826487 0.106266 0.828337 0.104813 0.800328 0.099828 0.797822 0.099828 0.767939 0.101906 0.760773 0.102125 0.768852 0.103984 0.792529 0.106062 0.789414 0.104188 0.758595 0.107516 0.757963 0.107937 0.767002 0.108141 0.792225 0.110016 0.791920 0.108563 0.757963 0.111891 0.757026 0.112922 0.790984 0.114797 0.790984 0.113969 0.755152 0.115828 0.755785 0.116656 0.762014
40 0.230484 0.218173 0.232219 0.251944 0.246078 0.277916 0.242609 0.327283 0.230484 0.342857 0.261672 0.335059 0.254750 0.322084 0.251281 0.283115 0.254750 0.210398 0.254750 0.210398
40 0.659063 0.223326 0.656313 0.244590 0.662719 0.250773 0.673250 0.263817 0.681953 0.277541 0.682406 0.263115 0.691109 0.256253 0.695234 0.244590 0.695234 0.226066 0.680578 0.224684 0.657688 0.222623
40 0.684047 0.264731 0.684438 0.280984 0.686375 0.286230 0.691422 0.293770 0.692187 0.296674 0.693359 0.303653 0.696844 0.340281 0.694906 0.350726 0.694906 0.354801 0.696063 0.361194 0.706531 0.363513 0.710031 0.361194 0.710031 0.358290 0.706531 0.353068 0.704594 0.350726 0.699172 0.344333 0.700328 0.305995 0.710031 0.290281 0.715062 0.271124 0.714687 0.235667 0.697625 0.234496 0.695297 0.235667 0.696063 0.241475 0.691797 0.257166 0.685594 0.261803
42 0.747078 0.821710 0.747516 0.808103 0.744641 0.806440 0.740656 0.805129 0.736234 0.800796 0.735563 0.792834 0.735563 0.780913 0.735781 0.774262 0.738656 0.772600 0.739984 0.772600 0.744422 0.771288 0.748625 0.771616 0.753937 0.773934 0.755922 0.778923 0.755484 0.794169 0.756594 0.805129 0.755703 0.806440 0.756375 0.818384 0.756594 0.832646 0.754156 0.833326 0.749281 0.834637 0.747734 0.831007
42 0.771969 0.769859 0.775469 0.797447 0.772844 0.805972 0.775031 0.821077 0.767141 0.819766 0.764078 0.803349 0.755750 0.796792 0.754438 0.765269 0.757953 0.765925 0.761016 0.797447 0.761016 0.763958 0.762328 0.773794 0.765828 0.800070 0.765828 0.765925 0.771531 0.800726 0.769344 0.767236
42 0.084547 0.821569 0.086500 0.798314 0.082328 0.797471 0.082891 0.765059 0.085656 0.765059 0.085938 0.792061 0.087047 0.790398 0.088437 0.765480 0.090094 0.765480 0.090094 0.791241 0.092312 0.790820 0.092312 0.765059 0.093984 0.765480 0.095094 0.792061 0.095641 0.792061 0.096484 0.767119 0.099813 0.767541 0.100078 0.797049 0.092875 0.799555 0.092312 0.821991
44 0.691578 0.669953 0.704766 0.676768 0.707031 0.683583 0.702937 0.692436 0.692937 0.699930 0.678625 0.695152 0.673172 0.683911 0.676359 0.679836 0.676578 0.674379 0.675906 0.669953 0.681578 0.668595 0.684312 0.671991
42 0.363078 0.700562 0.362312 0.684731 0.351766 0.690375 0.349500 0.698290
43 0.380469 0.836206 0.376609 0.826417 0.379875 0.809063 0.373938 0.798384 0.374234 0.790820 0.381953 0.785035 0.383437 0.793489 0.389375 0.802834 0.390859 0.809508 0.387000 0.830422
43 0.430031 0.672670 0.425562 0.650094 0.429094 0.647283 0.440156 0.650094 0.438500 0.670913 0.439922 0.682904 0.433797 0.692436 0.425562 0.690328 0.428609 0.674450
43 0.288016 0.768923 0.322797 0.772646 0.324219 0.775831 0.321734 0.777963 0.285875 0.775293
56 0.592578 0.656159 0.598312 0.512061 0.592578 0.509906 0.589703 0.436792 0.605484 0.436792 0.611234 0.329274 0.667188 0.355082 0.740359 0.380890 0.792016 0.370141 0.875234 0.340023 0.868062 0.443255 0.665750 0.438946 0.649969 0.641101 0.602625 0.662600
60 0.120875 0.369415 0.114594 0.465878 0.116172 0.658829 0.023547 0.647049 0.061219 0.367049 0.108313 0.301171 0.237047 0.303536 0.296703 0.298829 0.522766 0.320000 0.667188 0.296464 0.847719 0.305878 0.857141 0.350585 0.737828 0.376464 0.627937 0.345878 0.605969 0.435293 0.580844 0.440000 0.591828 0.512951 0.601250 0.524707 0.594969 0.663536 0.450547 0.665878 0.447406 0.421171 0.386187 0.437658 0.379906 0.334122 0.282578 0.360000 0.125594 0.329415
60 0.470922 0.276440 0.466594 0.211475 0.375578 0.202834 0.339469 0.202834 0.294688 0.204988 0.301906 0.187658 0.348141 0.181171 0.420359 0.166019 0.462266 0.157354 0.528703 0.146534 0.689047 0.176838 0.706391 0.228806 0.625500 0.243958 0.625500 0.287260 0.573484 0.313255 0.570594 0.200656 0.546047 0.202834 0.537375 0.324075 0.481031 0.321897 0.465141 0.321897
56 0.677188 0.445597 0.837203 0.443466 0.981500 0.441311 0.988641 0.563372 0.964344 0.559087 0.958641 0.533396 0.905781 0.539813 0.895781 0.616909 0.877203 0.597635 0.860062 0.509836 0.845766 0.522693 0.838625 0.541967 0.821484 0.541967 0.817203 0.565527 0.808625 0.649040 0.804344 0.661874 0.780047 0.649040 0.785766 0.638314 0.808625 0.559087 0.808625 0.531265 0.805766 0.524824 0.798625 0.511991 0.774344 0.516276 0.758625 0.514122 0.740047 0.524824 0.724328 0.522693 0.714328 0.529110 0.712906 0.550539 0.710047 0.580515 0.715766 0.597635 0.722906 0.616909 0.727188 0.629766 0.727188 0.644754 0.727188 0.653302 0.727188 0.659742 0.710047 0.661874 0.688625 0.649040 0.662906 0.640468 0.648609 0.638314 0.662906 0.447752 0.670047 0.439180
