56 0.923031 0.604515 0.928734 0.606690 0.918391 0.640473 0.911812 0.637636 0.904297 0.637636 0.887375 0.717258 0.904297 0.734326 0.889266 0.771277 0.880797 0.806832 0.875172 0.882199 0.881750 0.866548 0.903359 0.880780 0.934375 0.890733 0.961625 0.882199 0.967266 0.917731 0.976656 0.916312 0.976656 0.903522 0.976656 0.887872 0.974781 0.875083 0.982297 0.865130 0.978547 0.840946 0.971016 0.822482 0.963500 0.769858 0.963500 0.734326 0.992641 0.722931 0.998281 0.685981 1.000000 0.565106 0.989812 0.562270 0.979484 0.565106 0.958813 0.577896 0.935312 0.585012 0.934375 0.594965 0.922156 0.593546 0.922156 0.602080
56 0.800234 0.601726 0.799297 0.608818 0.788047 0.632955 0.766484 0.764894 0.731781 0.776241 0.758047 0.919551 0.757109 0.923806 0.754297 0.922388 0.731781 0.947920 0.737406 0.987660 0.722406 0.989078 0.718656 0.955012 0.684891 0.950757 0.668016 0.950757 0.630500 0.930898 0.624875 0.959267 0.613625 0.949338 0.646453 0.800355 0.646453 0.763475 0.607062 0.729433 0.612687 0.710969 0.617375 0.715225 0.609875 0.665579 0.604250 0.651395 0.608938 0.637210 0.617375 0.654232 0.630500 0.665579 0.645516 0.671253 0.673641 0.657069 0.675516 0.631513 0.671766 0.630095 0.668953 0.617329 0.686766 0.620165 0.686766 0.608818 0.700844 0.605981 0.729906 0.588960 0.748656 0.583286 0.765547 0.587541 0.777734 0.603144
58 0.248406 0.774255 0.248406 0.796643 0.255797 0.821253 0.258750 0.841371 0.254328 0.854799 0.261719 0.857045 0.270578 0.850331 0.282406 0.839149 0.288328 0.832435 0.288328 0.807825 0.286844 0.783215 0.283891 0.765319 0.295719 0.756359 0.300156 0.738463 0.309031 0.720567 0.311984 0.695957 0.309031 0.671348 0.313469 0.660165 0.329734 0.673593 0.329734 0.655697 0.320859 0.651229 0.310500 0.628842 0.310500 0.610946 0.323813 0.613191 0.335641 0.610946 0.334172 0.595295 0.320859 0.588582 0.334172 0.577400 0.350437 0.572931 0.329734 0.550544 0.316422 0.530426 0.300156 0.519243 0.288328 0.508038 0.286844 0.501324 0.310500 0.492388 0.325297 0.492388 0.309031 0.474492 0.285375 0.456596 0.285375 0.440922 0.289813 0.438700 0.314938 0.434232 0.317906 0.431986 0.326766 0.416312 0.316422 0.398416 0.289813 0.380520 0.275016 0.387234 0.266156 0.407376 0.254328 0.400662 0.242484 0.382766 0.227703 0.364870 0.211438 0.364870 0.198141 0.371584 0.207000 0.393948 0.198141 0.400662 0.177437 0.391726 0.162641 0.396194 0.167078 0.427518 0.207000 0.425272 0.215875 0.445414 0.205531 0.470024 0.181875 0.476738 0.187781 0.499102 0.195172 0.516998 0.207000 0.512530 0.202562 0.537139 0.184828 0.543830 0.167078 0.543830 0.189266 0.570686 0.218828 0.572931 0.233625 0.575154 0.224750 0.604232 0.208484 0.615437 0.223266 0.635556 0.249891 0.642269 0.248406 0.660165 0.248406 0.684775 0.248406 0.704917 0.248406 0.731749 0.248406 0.758605 0.251359 0.783215
56 0.798813 0.916123 0.776062 0.911820 0.770391 0.886028 0.759016 0.862364 0.751906 0.827967 0.759016 0.789244 0.760437 0.765603 0.766125 0.741939 0.766125 0.724728 0.770391 0.694634 0.776062 0.662364 0.781750 0.655910 0.795969 0.653759 0.801656 0.653759 0.808766 0.653759 0.808766 0.653759 0.811609 0.649456 0.811609 0.636548 0.811609 0.623664 0.822969 0.612908 0.840031 0.602151 0.862766 0.597849 0.871297 0.597849 0.884094 0.595697 0.903984 0.595697 0.911094 0.623664 0.909672 0.643002 0.908250 0.655910 0.906828 0.668818 0.902578 0.698936 0.901156 0.735485 0.894047 0.761300 0.884094 0.802151 0.879828 0.840851 0.879828 0.881726 0.874141 0.903215 0.848563 0.918274 0.827234 0.922577 0.801656 0.922577 0.790281 0.922577 0.726328 0.903215
72 0.310422 0.514610 0.323781 0.471915 0.285172 0.451678 0.314875 0.435957 0.325266 0.426974 0.314875 0.388771 0.253984 0.411229 0.207938 0.415721 0.173781 0.400000 0.170797 0.278652 0.297047 0.287636 0.297047 0.278652 0.329719 0.285390 0.332703 0.539314 0.337156 0.579764 0.322297 0.582033 0.322297 0.582033 0.332703 0.604492 0.332703 0.604492 0.335672 0.602246 0.323781 0.617967 0.311906 0.620236 0.329719 0.651679 0.329719 0.676407 0.307453 0.669669 0.307453 0.710118 0.291109 0.759551 0.292594 0.779764 0.329719 0.773026 0.328234 0.746076 0.340125 0.743830 0.343094 0.707872
24 0.101984 0.580898 0.110422 0.582269 0.112203 0.577967 0.118094 0.576076 0.133625 0.575792 0.146297 0.578771 0.159328 0.578227 0.170563 0.581466 0.181641 0.584161 0.189672 0.580118 0.191984 0.594161 0.190031 0.607400 0.191813 0.627116 0.190375 0.642766 0.188234 0.662222 0.188063 0.667612 0.187531 0.671135 0.155391 0.673830 0.154687 0.676809 0.155750 0.692199 0.155938 0.700827 0.157891 0.711371 0.161109 0.721631 0.160750 0.723522 0.087563 0.731891 0.076500 0.723783 0.068469 0.724870 0.067938 0.718652 0.070250 0.717589 0.067750 0.711371 0.068109 0.707329 0.076859 0.712459 0.080609 0.710827 0.084891 0.708132 0.082578 0.705697 0.082578 0.692199 0.082031 0.686265 0.082750 0.667896 0.083812 0.662222 0.090781 0.633050 0.094531 0.610638 0.095594 0.605508 0.098641 0.604965 0.098453 0.601986 0.097750 0.600638 0.098453 0.594965 0.097031 0.588771 0.097203 0.584988 0.098984 0.582553 0.101484 0.581206
68 0.635672 0.344704 0.635672 0.288652 0.687187 0.276383 0.698156 0.276714 0.697719 0.349031 0.689156 0.348038 0.636766 0.346714
69 0.604937 0.538416 0.603656 0.505485 0.598109 0.500969 0.597250 0.494515 0.603656 0.494515 0.601516 0.491300 0.601516 0.477092 0.604500 0.467423 0.681281 0.459669 0.734172 0.473239 0.735875 0.478392 0.653984 0.486123 0.651422 0.486123 0.651422 0.493877 0.654828 0.497754 0.654406 0.503570 0.652703 0.535177 0.605781 0.538416
71 0.358500 0.469905 0.366906 0.479693 0.371437 0.483593 0.514953 0.475768 0.513016 0.469905 0.499438 0.462080 0.493625 0.460118
40 0.127625 0.537801 0.128453 0.526548 0.146359 0.526548 0.145797 0.567801 0.142500 0.576548 0.133406 0.574468 0.132859 0.571560 0.134781 0.555721 0.134234 0.540733
40 0.134531 0.542151 0.133859 0.565886 0.132484 0.574137 0.114422 0.574137 0.115109 0.547825 0.115109 0.543191 0.115797 0.539054 0.125328 0.539054 0.133859 0.540615
24 0.243734 1.000000 0.251563 0.981277 0.257656 0.963499 0.270281 0.952979 0.287250 0.950331 0.299437 0.960875 0.304656 0.974704 0.315531 1.000000
