48 0.798391 0.651979 0.843047 0.644542 0.932375 0.527917 0.884000 0.493167 0.856078 0.493167 0.792797 0.542812 0.759313 0.580021 0.790938 0.604833 0.796531 0.656937
48 0.834016 0.646854 0.865563 0.592687 0.923156 0.536896 0.979547 0.510229 0.992891 0.533667 1.000000 0.536896 0.998359 0.613708 0.998359 0.626646 0.954687 0.696979 0.954094 0.695375 0.915891 0.723667 0.891625 0.713958 0.879500 0.689708 0.848578 0.660604 0.840094 0.653333 0.835844 0.644437
48 0.608422 0.819854 0.702812 0.759167 0.744938 0.788396 0.785391 0.826583 0.805625 0.837833 0.797188 0.900750 0.795500 0.936708 0.770219 0.961417 0.736516 0.974917 0.699437 0.974917 0.669094 0.974917 0.630344 0.959167 0.593266 0.932208 0.589891 0.900750 0.605062 0.876021 0.606734 0.846812
48 0.770328 0.668167 0.759156 0.700063 0.757563 0.759583 0.764750 0.804229 0.791844 0.822312 0.799031 0.839312 0.803016 0.864833 0.811781 0.892458 0.831703 0.906292 0.852437 0.909479 0.893094 0.890333 0.903469 0.853146 0.910641 0.801042 0.900266 0.742583 0.885922 0.706437 0.858813 0.669250 0.839688 0.650104 0.829313 0.656479 0.819750 0.654354 0.816562 0.643729 0.805406 0.652229 0.799828 0.649042 0.784672 0.638417
48 0.812109 0.442521 0.795328 0.451479 0.753922 0.470125 0.729313 0.486521 0.711406 0.501458 0.713094 0.511146 0.721484 0.536500 0.717000 0.553667 0.714766 0.567833 0.747219 0.565604 0.762313 0.575292 0.789172 0.543229 0.823297 0.514125 0.847906 0.507417 0.858547 0.503688 0.862453 0.494000 0.861891 0.487271 0.859094 0.482062 0.852391 0.479062 0.847906 0.479062 0.847906 0.467875 0.848469 0.464146 0.847344 0.458937 0.828328 0.449229 0.818266 0.444021
48 0.708844 0.759271 0.689266 0.743063 0.673734 0.726854 0.653484 0.707063 0.654156 0.686354 0.665641 0.627854 0.674406 0.605354 0.689937 0.581958 0.708844 0.566646 0.739891 0.562146 0.752047 0.566646 0.768922 0.574750 0.777703 0.587354 0.785125 0.605354 0.785797 0.624250 0.787141 0.638646 0.783094 0.652167 0.768250 0.669250 0.764875 0.689958 0.756766 0.714271 0.752719 0.732271 0.740562 0.748458
45 0.411391 0.407187 0.398672 0.365812 0.392312 0.345667 0.401062 0.335063 0.427313 0.326583 0.452766 0.328688 0.476625 0.335063 0.481391 0.356271 0.475031 0.372187 0.471063 0.393396 0.464687 0.409292
45 0.251703 0.375292 0.277672 0.363313 0.309625 0.361083 0.327609 0.367292 0.336594 0.374396 0.337250 0.381938 0.332594 0.399708 0.332266 0.410792 0.318953 0.412125 0.289984 0.427667 0.265016 0.435646 0.262031 0.434312 0.267344 0.421896 0.262688 0.411250 0.245375 0.401479 0.258031 0.393042 0.259687 0.383729
56 0.712984 0.379229 0.767531 0.241563 0.876625 0.163646 0.962344 0.168833 0.997406 0.200000 0.993500 0.503896 0.977922 0.519479 0.944812 0.540250 0.857141 0.472729 0.753891 0.420771 0.709094 0.384417
60 0.582391 0.308688 0.616250 0.315458 0.971781 0.541187 1.000000 0.645042 1.000000 0.981375 0.010156 0.988146 0.001688 0.577312 0.033859 0.376417 0.585781 0.310958
48 0.618859 0.651438 0.606516 0.636000 0.597250 0.629833 0.586453 0.613375 0.587234 0.578417 0.608828 0.510542 0.640453 0.466312 0.666672 0.465292 0.687500 0.474542 0.696766 0.498188 0.714500 0.512583 0.717578 0.537271 0.718359 0.557833 0.705250 0.576354 0.678250 0.614396 0.660500 0.645250 0.652016 0.651438
48 0.587828 0.849667 0.562969 0.848854 0.550547 0.855479 0.547437 0.855479 0.531922 0.834771 0.507062 0.829792 0.472281 0.754417 0.466688 0.724604 0.466688 0.703896 0.483469 0.681542 0.497750 0.674083 0.503969 0.664979 0.515766 0.639292 0.527562 0.630187 0.556766 0.626875 0.593406 0.657521 0.658016 0.713021 0.705219 0.760229 0.693422 0.771000 0.630062 0.804125 0.611422 0.831458 0.599625 0.845542
