77 0.324266 0.534430 0.276297 0.559246 0.239844 0.566029 0.191875 0.534430 0.172688 0.514099 0.105531 0.509596 0.063313 0.489283 0.053719 0.446397 0.059484 0.401250 0.065234 0.376415 0.057563 0.353842 0.082500 0.331268 0.097859 0.333529 0.111281 0.344816 0.155422 0.351581 0.180359 0.365129 0.212984 0.410276 0.237922 0.457684 0.226406 0.487022 0.241766 0.489283 0.245594 0.523143 0.268625 0.518621 0.295484 0.529908 0.316594 0.520882 0.324266 0.532169
56 0.090703 0.153548 0.101125 0.149669 0.108812 0.141930 0.115937 0.134835 0.123063 0.128364 0.134031 0.127077 0.153234 0.129669 0.163656 0.139338 0.171891 0.148382 0.182859 0.156765 0.185594 0.181930 0.191641 0.200000 0.198219 0.220662 0.215766 0.229044 0.217422 0.221305 0.220156 0.220018 0.220156 0.216140 0.221797 0.212261 0.220703 0.209044 0.216312 0.207096 0.214672 0.202592 0.217422 0.202592 0.211375 0.196783 0.215219 0.194191 0.220156 0.190974 0.218516 0.178713 0.212484 0.174191 0.219062 0.172261 0.220703 0.162574 0.227297 0.164504 0.228391 0.171618 0.232219 0.173548 0.227844 0.178070 0.227844 0.191618 0.234422 0.196783 0.237719 0.199357 0.232781 0.201287 0.237719 0.206452 0.231125 0.207757 0.231125 0.214853 0.236609 0.220018 0.242656 0.316801 0.242656 0.340680 0.244297 0.457500 0.244844 0.471048 0.244297 0.492996 0.233875 0.485239 0.226734 0.485239 0.226734 0.478143 0.230578 0.470404 0.232781 0.452335 0.222906 0.428456 0.219609 0.394890 0.205891 0.387794 0.196578 0.382629 0.184500 0.375533 0.180672 0.372316 0.168047 0.355533 0.160922 0.354890 0.154891 0.353603 0.153234 0.349081 0.137328 0.349081 0.132938 0.346489 0.126359 0.347794 0.120875 0.348438 0.108812 0.346489 0.105516 0.337463 0.089062 0.331654 0.085219 0.339393 0.081375 0.339393 0.081375 0.331654 0.090156 0.329081 0.112641 0.323272 0.136234 0.312941 0.157078 0.315515 0.176281 0.328419 0.191094 0.331654 0.204797 0.343272 0.218516 0.353603 0.214125 0.281967 0.192188 0.270349 0.175172 0.258732 0.162563 0.258732 0.145562 0.243879 0.126359 0.243879 0.106609 0.254210 0.087406 0.261305 0.058891 0.274210 0.055047 0.274871 0.048469 0.349081 0.032563 0.345202 0.023234 0.349724 0.029812 0.252279 0.029812 0.219357 0.034203 0.215496 0.034203 0.212261 0.036953 0.210331 0.034203 0.204522 0.032563 0.201287 0.029812 0.195496 0.036953 0.186452 0.036953 0.172904 0.036953 0.167096 0.039687 0.164504 0.040234 0.160000 0.046266 0.160000 0.048469 0.169669 0.051203 0.173548 0.047375 0.175478 0.049562 0.192904 0.052859 0.198070 0.049016 0.201949 0.051766 0.204522 0.046828 0.209044 0.050656 0.215496 0.054500 0.223235 0.066016 0.220018 0.085219 0.200643 0.091797 0.164504
56 0.197422 0.837831 0.188297 0.826029 0.021531 0.793879 0.005125 0.768143 0.013328 0.540864 0.034297 0.509761 0.047969 0.469026 0.058906 0.464743 0.068922 0.495827 0.172812 0.517279 0.232047 0.560147 0.297656 0.546213 0.323172 0.529063 0.307687 0.524779 0.287625 0.531213 0.267578 0.516195 0.257562 0.520496 0.255734 0.531213 0.248453 0.536563 0.241156 0.493676 0.273047 0.474393 0.314969 0.489393 0.327734 0.505478 0.331375 0.524779 0.348687 0.517279 0.370562 0.534430 0.382406 0.638419 0.348687 0.642702 0.319531 0.657721 0.319531 0.747776 0.287625 0.778860 0.281250 0.816397
67 0.082750 0.870147 0.063109 0.849688 0.035281 0.845588 0.000000 0.876967 0.000000 0.954724 0.015562 0.961544 0.082813 0.872868
73 0.000000 0.410018 0.012516 0.410313 0.023219 0.406213 0.061281 0.388934 0.065516 0.389228 0.071234 0.395074 0.071234 0.400349 0.065266 0.412059 0.061781 0.417923 0.029687 0.427868 0.000000 0.443088 0.000000 0.435772 0.000000 0.422022
73 0.031313 0.346360 0.066891 0.351636 0.067141 0.376232 0.066141 0.383548 0.065156 0.391158 0.014391 0.414577 0.000000 0.407555 0.000000 0.397298 0.000000 0.360717 0.000000 0.353107
73 0.059891 0.418217 0.000000 0.441673 0.001344 0.487096 0.030609 0.488566 0.056156 0.463658 0.056156 0.451930 0.058641 0.439467
0 0.929688 0.669228 0.887953 0.669228 0.815844 0.662537 0.831031 0.662537 0.713391 0.629044 0.660266 0.611195 0.626109 0.622353 0.609047 0.602261 0.591969 0.577721 0.591969 0.550919 0.591969 0.528603 0.648891 0.544228 0.677344 0.542004 0.696313 0.562096 0.711500 0.571011 0.793078 0.575478 0.884156 0.564320 0.935375 0.575478 1.000000 0.544228 0.996094 0.651379 0.996094 0.689320 0.973328 0.691544 0.960047 0.689320 0.946766 0.704945 0.939172 0.716103 0.935375 0.722794 0.929688 0.765221 0.910719 0.796471 0.905016 0.872353 0.905016 0.919228 0.918297 0.952721 0.961938 0.959412 0.994203 0.950478 0.999891 0.796471 0.994203 0.805386 0.990406 0.742886 1.000000 0.725037
0 0.556437 0.365129 0.546844 0.329007 0.556437 0.292886 0.566031 0.263548 0.604406 0.250000 0.631266 0.261287 0.652375 0.281599 0.658125 0.335772 0.654281 0.365129 0.658125 0.380919 0.671562 0.392206 0.702250 0.396728 0.696500 0.473474 0.702250 0.516360 0.688828 0.538934 0.654281 0.545717 0.587141 0.538934 0.539172 0.538934 0.516141 0.534430 0.508469 0.511857 0.510391 0.473474 0.519984 0.432849 0.525734 0.414779 0.533406 0.385441 0.552594 0.380919
39 0.416781 0.735129 0.449672 0.782445 0.449672 0.896415 0.446016 0.948033 0.464297 0.960938 0.464297 0.978143 0.407641 0.988897 0.294297 0.988897 0.294297 0.963088 0.296125 0.948033 0.281500 0.816838 0.290641 0.775993 0.308922 0.748033 0.318062 0.700717 0.321719 0.662004 0.341828 0.644798 0.356453 0.638346 0.376563 0.638346 0.398500 0.649099 0.409469 0.664154 0.409469 0.687813
60 0.811469 0.647132 0.861625 0.662665 0.921219 0.668879 0.946109 0.670202 0.952141 0.691507 0.953266 0.699926 0.944969 0.713695 0.936672 0.726562 0.934031 0.743860 0.931016 0.764265 0.920453 0.782022 0.909906 0.822849 0.905750 0.900937 0.917437 0.952849 0.956672 0.959062 1.000000 0.951066 1.000000 0.999449 1.000000 1.000000 0.699453 1.000000 0.523687 1.000000 0.404516 1.000000 0.293250 1.000000 0.147672 1.000000 0.109203 0.992776 0.066250 1.000000 0.074250 0.995129 0.087406 0.975625 0.165719 0.882132 0.181156 0.867353 0.193156 0.832371 0.272047 0.823621 0.277766 0.818915 0.283656 0.794835 0.286516 0.780699 0.298797 0.754632 0.312516 0.742537 0.315375 0.723713 0.315375 0.694779 0.317656 0.671250 0.319953 0.665202 0.379969 0.637610 0.374250 0.617445 0.354250 0.533382 0.341672 0.527316 0.326234 0.515882 0.338813 0.513879 0.408656 0.516691 0.496531 0.525551 0.568203 0.529559 0.590453 0.528217 0.593844 0.527776 0.600641 0.527776 0.590078 0.557059 0.599875 0.585901 0.613453 0.609853 0.630422 0.625827 0.655328 0.618732 0.659094 0.614743 0.722453 0.632941 0.718844 0.571949 0.691484 0.558474 0.676547 0.547647 0.671828 0.539154 0.672063 0.537684 0.684016 0.537684 0.726562 0.540037 0.822609 0.547353 0.876359 0.550276 0.914672 0.554375 0.919156 0.557886 0.926125 0.576618 0.922391 0.577794 0.893281 0.573695 0.860438 0.571360 0.803703 0.574577 0.739500 0.571949
