44 0.618656 0.797375 0.617422 0.784667 0.613031 0.773313 0.609297 0.771917 0.603078 0.772813 0.595156 0.778542 0.591047 0.785812 0.585078 0.796062 0.581953 0.804500 0.580422 0.812604 0.580422 0.817333 0.582031 0.821708 0.584734 0.825771 0.587016 0.828229 0.579125 0.841062 0.569922 0.858500 0.560891 0.874021 0.556594 0.880437 0.548828 0.889562 0.543859 0.895417 0.542672 0.897437 0.542250 0.901812 0.544094 0.905312 0.548906 0.908792 0.556078 0.908229 0.560969 0.906875 0.563766 0.903958 0.565516 0.900083 0.569000 0.889208 0.575484 0.874146 0.577750 0.870354 0.585594 0.850979 0.590719 0.841667 0.596391 0.831354 0.598953 0.830312 0.606375 0.828292 0.611172 0.823021 0.616922 0.807938
72 0.724719 0.036521 0.910109 0.011792 0.916859 0.036521 0.920219 0.263479 0.780344 0.265729 0.743266 0.229771 0.729781 0.214042
45 0.308203 0.646833 0.297641 0.635271 0.295375 0.625708 0.296891 0.614146 0.304047 0.605604 0.315734 0.598063 0.328938 0.593542 0.341000 0.590021 0.351938 0.593542 0.362875 0.593021 0.366656 0.585479 0.377969 0.583479 0.392297 0.584979 0.407375 0.587500 0.418687 0.594042 0.423969 0.601583 0.424734 0.615146 0.422469 0.624208 0.415297 0.635271 0.407000 0.648333 0.396437 0.659896 0.382109 0.670458 0.368922 0.677000 0.349297 0.679521 0.338750 0.674979 0.326672 0.668458 0.308578 0.649354
42 0.286875 0.787896 0.315969 0.754188 0.330156 0.735250 0.337781 0.728792 0.340547 0.716333 0.357172 0.678021 0.360625 0.678938 0.364094 0.680792 0.367563 0.682625 0.369281 0.682625 0.368937 0.692333 0.360625 0.722333 0.358203 0.726479 0.343672 0.734333 0.330859 0.746333 0.296922 0.798042 0.286875 0.795271 0.284453 0.789729
41 0.800531 0.827958 0.794469 0.834896 0.784938 0.837208 0.776266 0.837208 0.765875 0.832583 0.752875 0.809479 0.752875 0.693958 0.774547 0.681250 0.791875 0.680104 0.805734 0.685875 0.814391 0.706667
43 0.504766 0.904896 0.551141 0.843042 0.553781 0.833479 0.588484 0.789750 0.584703 0.785208 0.562453 0.804833 0.543609 0.832479 0.544734 0.834000 0.522484 0.863146 0.502500 0.880250 0.495328 0.900354
71 0.313484 0.274167 0.313484 0.323604 0.493813 0.298875 0.478656 0.253938
45 0.741641 0.660729 0.731391 0.664021 0.709672 0.663458 0.699844 0.668396 0.675656 0.662375 0.656812 0.647083 0.645328 0.627958 0.637953 0.612104 0.640422 0.606083 0.650656 0.591875 0.662953 0.586417 0.681391 0.582604 0.685906 0.577688 0.699844 0.574938 0.710078 0.579854 0.716641 0.582604 0.738781 0.586958 0.758859 0.597896 0.769516 0.611562 0.771969 0.626312 0.761312 0.641604
41 0.180047 0.731750 0.175828 0.725521 0.153344 0.593771 0.162250 0.587542 0.188469 0.578792 0.202984 0.581292 0.210016 0.591896 0.215156 0.709292
44 0.434031 0.618646 0.430359 0.601313 0.430359 0.590625 0.433703 0.586625 0.438031 0.584396 0.446047 0.584396 0.453719 0.590187 0.453719 0.590187 0.454719 0.590187 0.469063 0.587958 0.471406 0.585729 0.472734 0.583958 0.514437 0.546583 0.522781 0.559937 0.480406 0.595083 0.473734 0.595083 0.468062 0.598188 0.466734 0.604854 0.462063 0.620875 0.452391 0.639125 0.442047 0.636437 0.435375 0.625771
45 0.658984 0.711667 0.701125 0.765604 0.748313 0.772354 0.792141 0.758854 0.814047 0.727396 0.814047 0.700437 0.802250 0.682458 0.775281 0.668979 0.734828 0.668979 0.697750 0.668979 0.677531 0.671229
43 0.298234 0.636063 0.244875 0.670333 0.214797 0.691021 0.211875 0.676146 0.258938 0.644458 0.296766 0.617937 0.296281 0.630229
56 0.779656 0.339938 0.824422 0.344812 0.836891 0.334063 0.851562 0.337979 0.847891 0.450458 0.843484 0.572729 0.799469 0.560021 0.801672 0.548271 0.795797 0.535563 0.795062 0.475896 0.814141 0.462208 0.784797 0.350688
39 0.317750 0.309083 0.316094 0.289333 0.317750 0.274000 0.319391 0.267417 0.324328 0.261937 0.321031 0.254250 0.324328 0.249875 0.319391 0.242188 0.334188 0.236708 0.340766 0.241104 0.334188 0.245479 0.335828 0.263021 0.340766 0.267417 0.341594 0.304688
44 0.702141 0.723979 0.688219 0.728958 0.682000 0.736917 0.681750 0.743875 0.691453 0.758479 0.687000 0.787354 0.671547 0.840646 0.667875 0.861854 0.669813 0.871521 0.679016 0.870229 0.690141 0.793438 0.694984 0.766333 0.698375 0.757313 0.717250 0.741813 0.715312 0.732771 0.699828 0.721812
41 0.207375 0.286542 0.207781 0.332542 0.230641 0.329333 0.227422 0.274250 0.206172 0.275854
46 0.554875 0.225167 0.555844 0.217042 0.560469 0.219958 0.562422 0.225812 0.561688 0.232625 0.559250 0.236854 0.557547 0.238479 0.550000 0.239771 0.547078 0.239771 0.550969 0.234896 0.552922 0.229708 0.554141 0.226458 0.554875 0.224188
39 0.211656 0.272896 0.217078 0.276292 0.219625 0.271625 0.216750 0.213708 0.211016 0.203500 0.203984 0.177104 0.201438 0.159646 0.192813 0.161771 0.193453 0.175812 0.193766 0.176250 0.193766 0.206896 0.190250 0.217125 0.190250 0.223083 0.195688 0.228188 0.197594 0.234583 0.203672 0.275021 0.205578 0.273750
43 0.443281 0.533063 0.466656 0.517979 0.462891 0.512958 0.438750 0.532562
46 0.543797 0.203042 0.542906 0.210896 0.541656 0.217083 0.539875 0.224458 0.538453 0.228958 0.535953 0.234208 0.534172 0.237292 0.534703 0.240375 0.537922 0.240625 0.546125 0.238958 0.549688 0.237521 0.553797 0.228500 0.553250 0.222792 0.553078 0.213500 0.551828 0.205896 0.549875 0.202333 0.546297 0.200187
42 0.787500 0.603312 0.803719 0.604375 0.802750 0.585542 0.801797 0.580604 0.798906 0.577812 0.797781 0.561104 0.790547 0.569458 0.790547 0.578458 0.785078 0.580396 0.786531 0.602875
42 0.312000 0.554500 0.318328 0.556458 0.341219 0.554188 0.324172 0.566188 0.315891 0.566833 0.312000 0.555792
60 0.084703 0.770000 0.098828 0.642937 0.158828 0.588833 0.289406 0.513521 0.397062 0.499417 0.596469 0.518229 1.000000 0.628833 0.998828 0.991167 0.525875 0.991167 0.072359 0.793521
0 0.620219 0.525458 0.600000 0.509729 0.596625 0.480521 0.571344 0.462542 0.588203 0.395125 0.588203 0.354688 0.610109 0.329958 0.626969 0.311979 0.625281 0.291750 0.606734 0.251312 0.603375 0.210854 0.615172 0.163667 0.633703 0.141208 0.664047 0.141208 0.702812 0.159167 0.729781 0.186146 0.736516 0.235583 0.726406 0.251312 0.717984 0.287271 0.734828 0.307500 0.766859 0.332208 0.773594 0.359167 0.800563 0.424354 0.807297 0.480521 0.792141 0.480521 0.793813 0.525458 0.785391 0.545687 0.761797 0.547938 0.723031 0.543438 0.647188 0.529958
