41 0.374960 0.699517 0.392600 0.651964 0.426620 0.638640 0.463140 0.608187 0.494640 0.600574 0.538720 0.606284 0.565180 0.615801 0.567700 0.615801 0.573980 0.648157 0.579020 0.729970 0.577760 0.817492 0.553840 0.859366 0.489600 0.868882 0.454320 0.851752 0.432900 0.792779 0.395120 0.741390
45 0.747420 0.720574 0.743480 0.743746 0.744280 0.766314 0.747420 0.788882 0.748980 0.796012 0.719120 0.790060 0.708100 0.783535 0.688840 0.750876 0.678620 0.717613 0.669580 0.690906 0.678620 0.680211 0.704960 0.674864 0.708500 0.692085 0.711640 0.703958 0.714000 0.712266 0.717540 0.714048 0.725800 0.715831 0.737200 0.717039 0.748600 0.718792
41 0.166720 0.559728 0.173260 0.628882 0.171620 0.648640 0.137300 0.712840 0.142200 0.754804 0.163460 0.794320 0.166720 0.811601 0.277880 0.836284 0.305660 0.823928 0.305660 0.784441 0.322000 0.722689 0.297500 0.646163 0.286040 0.586888 0.286040 0.572085 0.186340 0.554804
49 0.756320 0.796465 0.742780 0.776012 0.738280 0.744864 0.740200 0.721480 0.751800 0.706888 0.764700 0.695196 0.778240 0.690332 0.790480 0.689366 0.811120 0.689366 0.824000 0.698127 0.834320 0.714683 0.840760 0.736103 0.840120 0.773082 0.832380 0.799396 0.819500 0.812054 0.762120 0.804260
39 0.577500 0.796798 0.590520 0.798671 0.590520 0.779940 0.587420 0.760302 0.589900 0.751873 0.630800 0.732205 0.653100 0.727523 0.654340 0.635801 0.648760 0.625498 0.641960 0.618943 0.642580 0.608640 0.648160 0.603021 0.644440 0.599275 0.645680 0.592719 0.641960 0.578701 0.635140 0.573082 0.640720 0.556224 0.633280 0.534683 0.610340 0.525347 0.585560 0.521601 0.557680 0.530967 0.545900 0.544985 0.542800 0.559033 0.545280 0.572145 0.541560 0.582447 0.536600 0.587130 0.536600 0.609577 0.563880 0.610514 0.578120 0.616133 0.584940 0.625498 0.583080 0.638610 0.578120 0.794924
49 0.461040 0.404260 0.446680 0.385831 0.430180 0.361964 0.430880 0.326163 0.435200 0.299063 0.445240 0.273021 0.469660 0.265438 0.501240 0.281692 0.515600 0.300151 0.519200 0.317492 0.515600 0.339184 0.510580 0.360876 0.502680 0.381480 0.498380 0.390151 0.495500 0.395589 0.489040 0.399909
49 0.310220 0.306344 0.303600 0.258852 0.311880 0.238852 0.341660 0.218882 0.346620 0.215106 0.349100 0.200121 0.353240 0.186375 0.359020 0.171390 0.373100 0.156375 0.375580 0.153867 0.388820 0.150121 0.394600 0.148882 0.397920 0.148882 0.402060 0.147644 0.402060 0.136375 0.402060 0.127644 0.405360 0.111390 0.411160 0.092628 0.419420 0.076405 0.425220 0.063897 0.432660 0.060151 0.452520 0.055136 0.475680 0.078882 0.485620 0.096405 0.483960 0.103897 0.479000 0.131390 0.482300 0.133897 0.492240 0.142628 0.497200 0.148882 0.501340 0.156375 0.502160 0.157644 0.521180 0.151390 0.537740 0.165136 0.549320 0.173867 0.561720 0.198882 0.559240 0.206375 0.559240 0.211360 0.575800 0.225106 0.584060 0.243867 0.589040 0.256375 0.592340 0.272598 0.593160 0.282598 0.591520 0.292598 0.586540 0.298852 0.584900 0.301360 0.512920 0.302598 0.508780 0.305106
40 0.307500 0.312538 0.427760 0.309124 0.605860 0.297130 0.492420 0.502749 0.485620 0.609003 0.441380 0.614139 0.432300 0.504471 0.305240 0.317674
49 0.424400 0.318248 0.429840 0.354804 0.439220 0.387613 0.438720 0.401782 0.438220 0.402538 0.423420 0.418943 0.404640 0.418943 0.389840 0.415982 0.359720 0.359275 0.365640 0.333927 0.383900 0.342870 0.405140 0.330937
49 0.766800 0.692024 0.759740 0.651631 0.759740 0.618973 0.769560 0.603535 0.776240 0.593444 0.789220 0.585710 0.804940 0.585710 0.823420 0.590483 0.829320 0.599396 0.839540 0.616012 0.845820 0.630272 0.845040 0.657583 0.844640 0.674199 0.837180 0.694381 0.831280 0.708066 0.819880 0.694381 0.810060 0.690816 0.797480 0.690816 0.776640 0.690816 0.770740 0.692598
43 0.743400 0.541269 0.741540 0.479547 0.742000 0.466918 0.745720 0.458520 0.754540 0.451511 0.760580 0.452900 0.764300 0.457100 0.762440 0.537764 0.759640 0.562991 0.761500 0.564411 0.763820 0.573535 0.765220 0.614199 0.760120 0.624018 0.745720 0.623323 0.738300 0.623323 0.741080 0.570030
49 0.508180 0.355710 0.512860 0.330665 0.515440 0.321269 0.557920 0.346314 0.546520 0.378399 0.518540 0.425347 0.499380 0.421450 0.495760 0.401088 0.496280 0.376828
49 0.706100 0.669758 0.709820 0.647251 0.719760 0.628489 0.738400 0.620967 0.755160 0.620967 0.756400 0.626586 0.767580 0.689456 0.748960 0.714804 0.737780 0.715740 0.718520 0.716677
49 0.858360 0.772659 0.837540 0.720967 0.839020 0.680514 0.855400 0.655801 0.892580 0.651299 0.911920 0.680514 0.923820 0.720967 0.913420 0.756918 0.889600 0.774894
43 0.787400 0.454502 0.790720 0.474501 0.793200 0.509486 0.798980 0.544501 0.799820 0.574471 0.791540 0.581994 0.784100 0.593233 0.779960 0.594471 0.776640 0.568248 0.773340 0.535740 0.773340 0.487009 0.770860 0.467009 0.779960 0.457009 0.787400 0.461994
49 0.476700 0.484955 0.442480 0.476344 0.423460 0.446647 0.423460 0.416979 0.445020 0.397825 0.471000 0.405499 0.495720 0.397825 0.503940 0.436133 0.497620 0.463897 0.488100 0.481118
60 0.056540 0.838187 0.185960 0.874169 0.395720 0.824713 0.425460 0.793263 0.447780 0.835952 0.505800 0.860665 0.559360 0.853927 0.596540 0.795498 0.648620 0.838187 0.791420 0.871903 0.953580 0.782024 0.998200 0.833716 0.993740 0.905619 0.508780 0.957311 0.182980 0.986526 0.026780 0.984260 0.029760 0.955045
