9 0.626420 0.432914 0.679760 0.431979 0.688180 0.433850 0.683980 0.583984 0.629240 0.589626 0.622220 0.431979
0 0.629920 0.869064 0.634060 0.863957 0.632140 0.855428 0.631820 0.850321 0.634060 0.834572 0.637560 0.832005 0.645520 0.829893 0.651900 0.830321 0.656980 0.840535 0.657620 0.854572 0.653800 0.860963 0.656040 0.866497 0.660180 0.874171 0.662080 0.887380 0.663680 0.900134 0.664320 0.914198 0.664320 0.929519 0.663680 0.936765 0.667180 0.950374 0.666540 0.963155 0.663360 0.971230 0.666540 0.986150 0.666540 0.998075 0.665900 0.998904 0.628320 0.999759 0.628320 0.976364 0.627360 0.960160 0.627060 0.947406 0.627680 0.930374 0.624500 0.917166 0.624180 0.908663 0.625460 0.893316 0.627060 0.878850 0.628000 0.872032
0 0.584280 0.996283 0.584280 0.996283 0.590560 0.978155 0.592980 0.963289 0.592980 0.963289 0.589120 0.946471 0.590080 0.921898 0.587180 0.911551 0.587180 0.911551 0.582820 0.897326 0.586700 0.884385 0.590080 0.881150 0.590560 0.870160 0.596360 0.866257 0.596360 0.866257 0.592020 0.863021 0.594440 0.852032 0.593940 0.846230 0.590560 0.843636 0.593460 0.835882 0.600240 0.827460 0.607020 0.826176 0.616680 0.830695 0.620560 0.839759 0.621520 0.849438 0.619600 0.859813 0.623940 0.865615 0.623940 0.865615 0.629260 0.870160 0.626360 0.886979 0.625400 0.901203 0.622980 0.915428 0.622500 0.916711 0.620080 0.931604 0.622500 0.950348 0.625880 0.962647 0.625880 0.964572 0.629260 0.978155 0.627820 0.992380 0.628300 1.000000
0 0.556900 0.860321 0.553080 0.863984 0.548160 0.869091 0.543240 0.877139 0.542140 0.891765 0.536680 0.900535 0.535580 0.910775 0.538320 0.919545 0.543780 0.932701 0.543780 0.941471 0.545960 0.949519 0.551440 0.917353 0.558540 0.891043 0.559100 0.878610 0.559100 0.869840 0.559100 0.858877
9 0.062340 0.030401 0.131400 0.025909 0.134780 0.228610 0.062340 0.228610
0 0.499600 0.880321 0.510200 0.868503 0.515520 0.855508 0.523460 0.857273 0.523460 0.863182 0.527440 0.874412 0.530540 0.887433 0.527000 0.900428 0.525240 0.910481 0.524800 0.925267 0.526120 0.934706 0.524800 0.941818 0.527000 0.948904 0.523920 0.951872 0.516400 0.951872 0.513300 0.941230 0.511980 0.918743 0.511980 0.898663 0.505780 0.896872 0.504900 0.896872 0.501800 0.886230
0 0.433880 0.921390 0.433880 0.908984 0.430500 0.904465 0.429660 0.897700 0.431340 0.888690 0.434720 0.884171 0.433040 0.877406 0.437260 0.878529 0.438940 0.887540 0.441460 0.897700 0.440620 0.907861 0.439780 0.919118 0.438100 0.920241 0.435560 0.924759
2 0.045220 0.882219 0.066220 0.882914 0.080380 0.894840 0.085100 0.910267 0.088760 0.927112 0.093500 0.938342 0.091920 0.955856 0.088240 0.987433 0.075660 0.988824 0.068840 0.975508 0.045760 0.978316 0.039980 0.978316 0.034740 0.976203 0.012700 0.977594 0.011660 0.986016 0.000000 0.986016 0.000000 0.895562 0.005880 0.884332
2 0.315620 0.955642 0.316000 0.941979 0.319040 0.937914 0.321300 0.925775 0.329260 0.921203 0.342880 0.891845 0.413700 0.890829 0.423920 0.902487 0.434140 0.913610 0.438320 0.939439 0.441720 0.960695 0.441720 0.971337 0.442860 1.000000 0.313740 1.000000 0.314860 0.987540
2 0.166760 0.878957 0.178480 0.876444 0.190940 0.876444 0.192080 0.882995 0.192080 0.886551 0.197360 0.884011 0.196980 0.891604 0.196620 0.892112 0.195100 0.900695 0.197360 0.913315 0.194720 0.918877 0.193220 0.918369 0.190180 0.915829 0.177720 0.914840 0.172800 0.914332 0.168660 0.921898 0.165260 0.920882 0.162600 0.919866 0.159960 0.912300 0.160720 0.904225 0.161480 0.894626 0.162600 0.889064 0.162980 0.880989
0 0.486320 0.876872 0.482260 0.895214 0.483200 0.916872 0.486000 0.931898 0.488800 0.945214 0.488180 0.949385 0.490360 0.953128 0.498160 0.950642 0.501280 0.927727 0.503460 0.907299 0.505640 0.897299 0.500960 0.881872 0.499720 0.874786 0.499720 0.868957 0.499720 0.865214 0.496600 0.861471 0.491920 0.863128 0.489420 0.866043 0.488800 0.871471 0.488800 0.875642
9 0.121440 0.838048 0.125200 0.838342 0.127620 0.859305 0.118780 0.860802
9 0.307420 0.859091 0.298340 0.855936 0.298640 0.831257 0.309480 0.833610
2 0.265300 0.923075 0.264820 0.910802 0.270600 0.895321 0.275920 0.885000 0.302940 0.888235 0.313080 0.905000 0.315980 0.919198 0.313080 0.926952 0.306320 0.929519 0.302460 0.925668 0.279780 0.925668 0.276400 0.929519 0.272540 0.930187 0.270120 0.929519 0.269160 0.924358
9 0.018460 0.830695 0.021600 0.849305 0.028780 0.843904 0.030580 0.828904
9 0.162760 0.849626 0.169660 0.848422 0.169960 0.839733 0.162760 0.837326 0.160860 0.839064
9 0.273880 0.829679 0.275260 0.843342 0.283040 0.843102 0.284260 0.834091 0.282860 0.830374
