0 0.685687 0.750561 0.680625 0.710104 0.680625 0.674158 0.677250 0.644948 0.677250 0.626965 0.677250 0.604491 0.675563 0.579771 0.672188 0.566299 0.684000 0.552807 0.689078 0.543825 0.685687 0.519106 0.689078 0.498877 0.711031 0.498877 0.711031 0.539335 0.719469 0.552807 0.719469 0.541580 0.736359 0.559543 0.738047 0.564054 0.724547 0.586507 0.721156 0.582017 0.719469 0.600000 0.717781 0.622474 0.717781 0.649439 0.717781 0.676403 0.717781 0.705613 0.717781 0.723597 0.717781 0.734823 0.707656 0.755052 0.695828 0.757297 0.692453 0.757297
38 0.524016 0.670894 0.537172 0.685904 0.547516 0.700915 0.558812 0.712183 0.558812 0.725946 0.556922 0.740956 0.551281 0.754719 0.548469 0.765988 0.542812 0.776008 0.532469 0.782266 0.521187 0.784761 0.519313 0.784761 0.511781 0.783513 0.502375 0.772245 0.493906 0.757235 0.492031 0.739709 0.492031 0.714678 0.498609 0.704678 0.504266 0.688399 0.504266 0.669626 0.504266 0.662121 0.506141 0.658378 0.507078 0.658378 0.512719 0.655863 0.507078 0.630832 0.498609 0.633347 0.496734 0.634595 0.493906 0.607069 0.500500 0.602058 0.504266 0.604553
2 0.000062 0.614948 0.013031 0.616175 0.014281 0.625239 0.007781 0.630166 0.000062 0.630582
32 0.884250 0.746383 0.877609 0.757672 0.877609 0.774158 0.887016 0.789730 0.897563 0.790042 0.903984 0.789439 0.909953 0.783326 0.914766 0.773243 0.912703 0.754927 0.906281 0.746091 0.900781 0.742412 0.889078 0.742412 0.883562 0.745156 0.883797 0.747006
2 0.777594 0.623472 0.771625 0.622911 0.768281 0.621060 0.767031 0.617360 0.768016 0.609605 0.769672 0.605156 0.771766 0.599439 0.776625 0.596279 0.780516 0.596091 0.784125 0.595551 0.788016 0.595551 0.787594 0.622911 0.790938 0.624012 0.796766 0.624012 0.798437 0.595177 0.792047 0.595551
2 0.061281 0.624428 0.062031 0.621933 0.063531 0.619938 0.075922 0.619439 0.077234 0.624179 0.079297 0.629418 0.076484 0.630416 0.069531 0.630416 0.064469 0.631414 0.062594 0.631414 0.062031 0.630915
2 0.169891 0.630395 0.169328 0.628919 0.169469 0.626320 0.171141 0.624657 0.173516 0.622973 0.175328 0.620790 0.175922 0.619834 0.178391 0.619834 0.180047 0.619376 0.180625 0.620146 0.181922 0.620146 0.183812 0.620146 0.185344 0.620146 0.187000 0.620936 0.187359 0.622037 0.187594 0.622827 0.188531 0.623597 0.189234 0.625010 0.189234 0.626279 0.189234 0.626902 0.188656 0.627838 0.188188 0.630187 0.186641 0.631767 0.185344 0.631933 0.185000 0.629875 0.184281 0.629418 0.179688 0.629418 0.177563 0.631455 0.176625 0.631601 0.175922 0.632079 0.175672 0.631143 0.175563 0.630353 0.172969 0.630353 0.172375 0.630353 0.172609 0.630977 0.171547 0.632245 0.170375 0.632079
38 0.677328 0.593888 0.680781 0.597235 0.682844 0.599376 0.687891 0.602744 0.686047 0.609148 0.676188 0.610665 0.659438 0.606403 0.657609 0.605489 0.653469 0.603035 0.651875 0.601830 0.650266 0.598773 0.651406 0.596944 0.655531 0.594802 0.662187 0.593888 0.667469 0.592661 0.671141 0.591143 0.675047 0.590520 0.676641 0.590520 0.678016 0.593888
2 0.139516 0.620832 0.134141 0.627796 0.128188 0.629730 0.128047 0.631268 0.126016 0.631455 0.123109 0.629730 0.118906 0.629917 0.117594 0.627027 0.116875 0.620645 0.117891 0.618711 0.120781 0.617755 0.125875 0.617755 0.131234 0.618524 0.135891 0.619293 0.138063 0.619480
2 0.206109 0.627297 0.209500 0.622204 0.212984 0.619709 0.219781 0.619938 0.223781 0.621081 0.224875 0.624012 0.224875 0.626715 0.225047 0.628753 0.223953 0.630333 0.221656 0.630457 0.210359 0.631019 0.206953 0.629106 0.206359 0.628087
2 0.029016 0.630582 0.051953 0.630582 0.052656 0.625800 0.048188 0.620083 0.045500 0.619127 0.045313 0.615800 0.040484 0.612931 0.034750 0.612225 0.026687 0.611019 0.024891 0.615551 0.026328 0.622952 0.025781 0.629148 0.026141 0.631060
2 0.162953 0.629667 0.157500 0.630042 0.154516 0.629023 0.154234 0.624823 0.156344 0.621767 0.161234 0.616528 0.168891 0.616403 0.172719 0.616403 0.175125 0.620998 0.169375 0.624948 0.168703 0.629397 0.163438 0.629792
2 0.078031 0.624906 0.079625 0.620353 0.090328 0.619896 0.091531 0.624158 0.096359 0.624491 0.096016 0.629439 0.079453 0.629543
32 0.657062 0.430811 0.660047 0.429688 0.661234 0.427297 0.661750 0.425364 0.661406 0.421850 0.660391 0.420042 0.658516 0.418565 0.656812 0.418108 0.654328 0.419002 0.653641 0.419584 0.653391 0.422183 0.652969 0.424906 0.653219 0.426840 0.654078 0.429563 0.655953 0.431268
2 0.133859 0.627110 0.135453 0.631372 0.139297 0.629667 0.144094 0.630104 0.154016 0.629667 0.151781 0.621580 0.147297 0.617755 0.138969 0.618170
2 0.275859 0.627568 0.275859 0.623992 0.274203 0.621954 0.269328 0.621767 0.266375 0.622453 0.266125 0.624158 0.264719 0.626383 0.265094 0.628586 0.267922 0.627734 0.271641 0.627734 0.274578 0.627734 0.275734 0.626216
2 0.243984 0.627110 0.244469 0.624678 0.248047 0.620187 0.255578 0.620374 0.258453 0.627755 0.258453 0.629626 0.244688 0.629543
0 0.376625 0.627110 0.390141 0.440603 0.412094 0.427110 0.430672 0.420374 0.430672 0.418129 0.430672 0.397900 0.418844 0.359709 0.440797 0.325988 0.447563 0.325988 0.483031 0.339480 0.483031 0.364200 0.481344 0.402391 0.479656 0.424865 0.494844 0.424865 0.510047 0.456320 0.515109 0.570936 0.506672 0.683306 0.499922 0.728233 0.486406 0.876549 0.479656 0.917006 0.510047 0.930478 0.483031 0.943971 0.454313 0.943971 0.454313 0.865322 0.454313 0.710270 0.444187 0.708025 0.437422 0.939480 0.369875 0.914761 0.373250 0.878794 0.401953 0.878794 0.418844 0.874304 0.400266 0.674304 0.380000 0.681039
