46 0.174219 0.551953 0.210996 0.535625 0.203691 0.507172 0.247656 0.495297 0.229316 0.489797 0.279746 0.458625 0.288906 0.432969 0.362246 0.423797 0.408066 0.447625 0.433281 0.454969 0.428691 0.467797 0.419531 0.475125 0.398906 0.491625 0.382871 0.497125 0.403496 0.513625 0.380566 0.533797 0.369121 0.548469 0.348496 0.552125 0.348496 0.572297 0.364531 0.585125 0.341621 0.596125 0.188066 0.559469
0 0.379219 0.377531 0.393262 0.253938 0.396074 0.119094 0.390449 0.011234 0.244375 0.000000 0.227520 0.101125 0.233145 0.231453 0.264043 0.294375 0.241582 0.391016
0 0.135957 0.281656 0.144961 0.245656 0.144961 0.174547 0.131465 0.124141 0.120215 0.092641 0.077461 0.074641 0.135957 0.023328 0.138203 0.000000 0.237207 0.001734 0.250723 0.008031 0.225957 0.101641 0.229336 0.170953 0.232715 0.236656 0.227090 0.271750 0.221465 0.272656 0.213594 0.318563 0.200078 0.329359
46 0.105957 0.956125 0.093047 0.948391 0.093047 0.940000 0.087402 0.905156 0.056738 0.881922 0.000000 0.878047 0.001895 0.910953 0.037383 0.929031 0.060781 0.950969 0.080137 0.972266 0.105957 0.986469 0.122090 0.967750
46 0.026445 0.781016 0.081543 0.797891 0.124941 0.817594 0.136660 0.842922 0.171836 0.874812 0.147207 0.872938 0.124941 0.864500 0.115547 0.841984 0.076855 0.826984 0.031133 0.823219 0.007676 0.818531 0.000000 0.815719 0.000000 0.791328 0.001816 0.780078 0.005332 0.776328
46 0.179414 0.785156 0.170586 0.785156 0.150000 0.771047 0.150000 0.759281 0.179414 0.735750 0.191172 0.709875 0.208828 0.691047 0.229414 0.676922 0.241172 0.662813 0.223535 0.655750 0.208828 0.648687 0.194121 0.646344 0.167656 0.646344 0.126465 0.643984 0.094121 0.643984 0.035293 0.646344 0.023535 0.660453 0.014707 0.667516 0.014707 0.667516 0.005879 0.676922 0.005879 0.676922 0.005879 0.698109 0.005879 0.719281 0.005879 0.735750 0.014707 0.742813 0.029414 0.749875 0.032344 0.754578 0.052949 0.761641 0.070586 0.763984 0.079414 0.766344 0.094121 0.768687 0.102949 0.768687 0.111758 0.768687 0.123535 0.768687 0.126465 0.768687 0.126465 0.768687 0.132344 0.749875 0.138242 0.813406 0.197051 0.796922 0.208828 0.771047
46 0.548691 0.329031 0.523047 0.321641 0.498945 0.324109 0.447168 0.340922 0.430234 0.348719 0.417930 0.352000 0.402031 0.362672 0.384609 0.372516 0.386152 0.381531 0.397422 0.386453 0.401016 0.387281 0.389219 0.393438 0.395371 0.404500 0.400508 0.407797 0.408184 0.408203 0.436914 0.408203 0.466133 0.403687 0.476895 0.396719 0.464590 0.379078 0.466133 0.364719 0.471777 0.355281 0.477422 0.351172 0.496387 0.351172 0.509727 0.352000 0.515879 0.349531 0.528184 0.351172 0.554336 0.358562 0.577402 0.372922 0.584082 0.370875 0.586133 0.355687 0.581504 0.350766 0.565605 0.337234 0.547148 0.329031
46 0.158438 0.579328 0.184863 0.599359 0.239121 0.612719 0.290605 0.629422 0.329551 0.623859 0.346250 0.597141 0.349043 0.581563 0.333730 0.580438 0.321211 0.584891 0.262773 0.574875 0.219648 0.562641 0.172344 0.557078 0.157051 0.563750 0.150078 0.578219 0.162598 0.586016
46 0.026465 0.661172 0.082344 0.637641 0.150000 0.632937 0.232344 0.644703 0.255879 0.656469 0.285293 0.644703 0.282344 0.625875 0.238242 0.609406 0.164707 0.592938 0.082344 0.602359 0.008828 0.644703 0.008828 0.665875
0 0.026484 0.000000 0.062305 0.094062 0.009434 0.126813 0.024785 0.229125 0.004316 0.317813 0.016250 0.366922 0.000000 0.364188 0.000000 0.000000
46 0.197051 0.844703 0.152949 0.840000 0.108828 0.807063 0.044121 0.788234 0.123535 0.771766 0.164707 0.778828 0.188242 0.800000 0.191172 0.823531 0.185293 0.835297
46 0.013613 0.818984 0.084531 0.826797 0.112637 0.835609 0.127324 0.858109 0.150547 0.871797 0.150547 0.885500 0.139551 0.893312 0.127324 0.893312 0.111426 0.879625 0.082070 0.885500 0.040508 0.885500 0.003828 0.879625 0.000000 0.821906
46 0.557598 0.301156 0.509336 0.297000 0.472969 0.297000 0.466289 0.291063 0.458867 0.284531 0.470000 0.277406 0.490781 0.278594 0.501914 0.277406 0.501914 0.269688 0.507109 0.264937 0.514531 0.259594 0.567246 0.259000 0.596934 0.261969 0.604355 0.270875 0.615488 0.270281 0.602129 0.279781 0.591738 0.286313 0.579121 0.291656 0.562793 0.303531
46 0.530000 0.329547 0.441172 0.336969 0.441172 0.323172 0.474316 0.297719 0.535293 0.296656 0.572422 0.310453 0.563145 0.330594
