0 0.548750 0.869672 0.536750 0.898876 0.499266 0.916862 0.476781 0.896628 0.502266 0.869672 0.499266 0.838197 0.475281 0.759555 0.467781 0.714614 0.461781 0.669672 0.460281 0.624731 0.434797 0.600000 0.398813 0.593255 0.394313 0.584262 0.359828 0.561803 0.329844 0.557307 0.326844 0.541569 0.404812 0.476393 0.419797 0.462927 0.431797 0.429204 0.437797 0.417986 0.430297 0.350562 0.434797 0.319110 0.482781 0.312365 0.488766 0.330328 0.491766 0.361803 0.524750 0.433700 0.533750 0.546066 0.521750 0.685386 0.518750 0.777518 0.541250 0.862927
0 0.028313 0.748829 0.020312 0.707705 0.030609 0.577471 0.028313 0.536347 0.026031 0.462646 0.026031 0.419813 0.021453 0.402670 0.021453 0.378689 0.016891 0.358126 0.019172 0.346112 0.024891 0.274145 0.050047 0.245012 0.061469 0.233021 0.061469 0.214169 0.059188 0.200468 0.068328 0.183326 0.074047 0.179906 0.082047 0.179906 0.092344 0.179906 0.099203 0.190187 0.102641 0.212459 0.102641 0.229602 0.103781 0.238150 0.099203 0.251874 0.098063 0.262155 0.111781 0.282717 0.116359 0.313560 0.116359 0.332412 0.116359 0.354684 0.108344 0.397541 0.107203 0.411241 0.110641 0.471218 0.111781 0.526066 0.112922 0.551756 0.115203 0.591171 0.108344 0.616885 0.103781 0.723115 0.109500 0.733396 0.114063 0.752248 0.103781 0.755691 0.071766 0.736838 0.066047 0.757400 0.048891 0.757400
0 0.790125 0.804496 0.793125 0.671920 0.794625 0.611241 0.788625 0.561803 0.779641 0.498876 0.784125 0.424731 0.788625 0.386511 0.809625 0.359555 0.809625 0.323607 0.827609 0.298876 0.845609 0.298876 0.854594 0.328080 0.856094 0.359555 0.850109 0.379766 0.839609 0.384262 0.851594 0.429204 0.859125 0.493653 0.854828 0.530726 0.850531 0.556487 0.848375 0.601616 0.835484 0.635457 0.845156 0.659602 0.843000 0.759508 0.854828 0.786885 0.829031 0.812670 0.791406 0.804614
0 0.605594 0.328009 0.602531 0.356206 0.600000 0.394309 0.600500 0.432412 0.607625 0.475855 0.608641 0.482717 0.606609 0.501780 0.609656 0.558173 0.609156 0.595457 0.608125 0.614497 0.621359 0.616042 0.649312 0.522295 0.658984 0.502482 0.659484 0.506276 0.662031 0.536019 0.664062 0.548970 0.667109 0.508571 0.671687 0.481124 0.674234 0.506276 0.675766 0.531429 0.678813 0.547447 0.686437 0.536019 0.688984 0.523044 0.677797 0.459789 0.677281 0.434637 0.675766 0.414824 0.674750 0.399578 0.675250 0.344707 0.671687 0.326417 0.658469 0.313466 0.657969 0.305082 0.662031 0.289836 0.671188 0.275363 0.670672 0.260117 0.669656 0.254778 0.666609 0.233443 0.662031 0.219719 0.652375 0.216674 0.647281 0.217424 0.640672 0.219719 0.635078 0.225059 0.632547 0.234192 0.631016 0.250960 0.631016 0.256300 0.628469 0.266979 0.632031 0.274590 0.635078 0.279930 0.633047 0.289836 0.628984 0.298993 0.614234 0.317283 0.607625 0.324122
0 0.487250 0.322623 0.495422 0.319883 0.507234 0.314450 0.509047 0.311733 0.512688 0.306276 0.512688 0.306276 0.515406 0.294028 0.511781 0.284496 0.512688 0.269532 0.516312 0.261358 0.527219 0.242295 0.531750 0.242295 0.538109 0.243653 0.539016 0.250468 0.541750 0.261358 0.552641 0.274965 0.553547 0.302201 0.546281 0.317166 0.545375 0.317166 0.549922 0.318525 0.554469 0.322623 0.566266 0.328056 0.568078 0.329415 0.568984 0.337588 0.567172 0.349836 0.566266 0.356651 0.560813 0.407002 0.574437 0.424707 0.572625 0.438314 0.568984 0.449204 0.549922 0.537682 0.539141 0.668548 0.537328 0.672623 0.525516 0.667166 0.535516 0.524262 0.535516 0.468431 0.525516 0.427611 0.506453 0.394941 0.492828 0.377237 0.487375 0.351382 0.492828 0.324145
0 0.930719 0.731897 0.949516 0.734848 0.953469 0.734848 0.952484 0.718548 0.968312 0.712623 0.971281 0.714098 0.968312 0.690375 0.962375 0.675550 0.963359 0.638478 0.967328 0.605878 0.973250 0.574731 0.977219 0.546557 0.977219 0.510984 0.974250 0.470960 0.974250 0.435363 0.974250 0.407190 0.977219 0.389415 0.982156 0.379040 0.982156 0.361241 0.980188 0.338993 0.976219 0.316768 0.969297 0.304895 0.958422 0.297494 0.951500 0.282670 0.953469 0.266347 0.954469 0.250047 0.947531 0.236698 0.940609 0.233747 0.930719 0.241148 0.928750 0.260422 0.936656 0.273770 0.936656 0.282670 0.932703 0.298970 0.932703 0.315269 0.937641 0.327143 0.947531 0.337518 0.950500 0.356792 0.950500 0.373091 0.950500 0.399789 0.950500 0.429438 0.950500 0.450187 0.950500 0.475410 0.948531 0.505059 0.947531 0.533232 0.943578 0.562881 0.943578 0.591054 0.942594 0.614754 0.940609 0.626628
0 0.329562 0.304403 0.314187 0.298126 0.303937 0.307213 0.296016 0.340023 0.307203 0.367939 0.294156 0.383419 0.281578 0.398782 0.278781 0.388197 0.282516 0.334426 0.300672 0.287658 0.324437 0.275785 0.319313 0.261124 0.332812 0.226909 0.356109 0.222014 0.366359 0.228314 0.367281 0.239485 0.364484 0.256932 0.364484 0.257635 0.357500 0.263208 0.338406 0.294637 0.334219 0.308595 0.338406 0.312904 0.344000 0.308712 0.355172 0.323372 0.342594 0.342927 0.342125 0.342225
0 0.426625 0.418173 0.433937 0.431311 0.441250 0.421452 0.446734 0.411593 0.444906 0.405574 0.442344 0.396253 0.441984 0.383677 0.438328 0.376557 0.436125 0.370515 0.438328 0.364496 0.439422 0.360117 0.436500 0.356276 0.428453 0.352459 0.429922 0.346979 0.435766 0.345878 0.436125 0.342600 0.436500 0.335480 0.437594 0.322881 0.443078 0.321241 0.455859 0.316862 0.459156 0.316862 0.458422 0.312482 0.448188 0.305363 0.438328 0.297143 0.435406 0.287822 0.437234 0.270304 0.440875 0.261546 0.441984 0.252787 0.440875 0.236885 0.436125 0.220468 0.424078 0.217728 0.414578 0.217728 0.410187 0.222646 0.408000 0.230328 0.405078 0.238525 0.404344 0.244005 0.403609 0.260445 0.405078 0.266464 0.406906 0.271405 0.406172 0.277963 0.399953 0.284543 0.389359 0.291663 0.395938 0.292201 0.403250 0.297682 0.406172 0.299883 0.406531 0.304262 0.404344 0.309180 0.400688 0.309742 0.391547 0.312482 0.385703 0.314122 0.386797 0.317400 0.401422 0.325059 0.408359 0.336019 0.408359 0.340398 0.408359 0.352459 0.408359 0.374356 0.408359 0.375457 0.408000 0.385316 0.414937 0.402834 0.407266 0.411593 0.405078 0.448829 0.408734 0.471288 0.415297 0.471288 0.424078 0.455948 0.427734 0.447752 0.426266 0.443372 0.421875 0.436792 0.417500 0.432412 0.409453 0.418173
0 0.490266 0.330328 0.469281 0.289883 0.475281 0.244941 0.482781 0.217986 0.518750 0.229204 0.521750 0.256183 0.520250 0.287635 0.508266 0.316862 0.494766 0.330328
26 0.906969 0.458103 0.906094 0.518033 0.909141 0.529742 0.932156 0.528431 0.941719 0.520632 0.947375 0.517377 0.950844 0.506300 0.950844 0.495878 0.950844 0.475035 0.948672 0.464614 0.943891 0.454215 0.939109 0.447705 0.933031 0.454848 0.927812 0.454848 0.920859 0.455504 0.918266 0.455504 0.918266 0.439883 0.916516 0.415785 0.912172 0.394941 0.908703 0.377354 0.907828 0.370843 0.900875 0.374754 0.901750 0.396909 0.901750 0.417728 0.905656 0.433372 0.907828 0.439227 0.906969 0.455504
26 0.252219 0.434988 0.252719 0.446932 0.261172 0.463326 0.267141 0.471546 0.283078 0.480492 0.278594 0.429766 0.274109 0.437986 0.267141 0.438712 0.260172 0.435738 0.259687 0.432014 0.255703 0.403653 0.257688 0.360398 0.254203 0.346979 0.248734 0.405152
0 0.743516 0.298735 0.734750 0.340023 0.754156 0.362529 0.760406 0.413208 0.760406 0.413208 0.772937 0.439485 0.762922 0.474192 0.762297 0.610258 0.755406 0.617752 0.745391 0.657166 0.735375 0.704075 0.745391 0.717213 0.762297 0.734098 0.762922 0.740679 0.729109 0.735035 0.732859 0.746300 0.720969 0.751007 0.687172 0.728478 0.685922 0.629953 0.680281 0.601803 0.674016 0.544567 0.684656 0.539883 0.690297 0.506089 0.678406 0.446979 0.680906 0.392576 0.684656 0.346581 0.710328 0.327822 0.699687 0.304356 0.711578 0.270585 0.725984 0.260258 0.740375 0.285597 0.742891 0.297799
3 0.457281 0.615738 0.424297 0.615738 0.415312 0.602248 0.395813 0.573044 0.370328 0.550562 0.343344 0.528080 0.319344 0.530328 0.289359 0.550562 0.275875 0.588759 0.307359 0.604496 0.307359 0.604496 0.332844 0.602248 0.313359 0.620234 0.262375 0.620234 0.209906 0.660679 0.188906 0.806745 0.209906 0.892131 0.259375 0.894379 0.323844 0.869672 0.335844 0.820234 0.386813 0.847190 0.493266 0.842693 0.478281 0.874169 0.479781 0.910117 0.542750 0.921358 0.539750 0.838197 0.557734 0.869672 0.590719 0.878642 0.644703 0.851686 0.680688 0.800000 0.686672 0.743817 0.689672 0.671920 0.691172 0.604496 0.670188 0.516862 0.649203 0.496628 0.623703 0.568548 0.595219 0.604496 0.556234 0.606745 0.538250 0.640445 0.518750 0.707869 0.524750 0.791007 0.535250 0.838197 0.536750 0.889883 0.523250 0.910117 0.487266 0.910117 0.506766 0.860679 0.506766 0.813489 0.464781 0.703372 0.472281 0.629204 0.466281 0.617986
