0 0.564531 0.434226 0.564531 0.425263 0.577703 0.418533 0.577703 0.411802 0.577703 0.407321 0.577703 0.405088 0.577703 0.400590 0.568922 0.387145 0.564531 0.380415 0.557938 0.355758 0.560141 0.355758 0.571125 0.344545 0.579906 0.335582 0.588688 0.335582 0.588688 0.333333 0.595281 0.333333 0.595281 0.331085 0.597484 0.328852 0.599672 0.326603 0.606266 0.322121 0.610656 0.322121 0.615047 0.322121 0.621641 0.319888 0.656781 0.333333 0.656781 0.344545 0.656781 0.355758 0.650203 0.375933 0.643609 0.378182 0.654594 0.393876 0.700719 0.400590 0.722687 0.427496 0.724875 0.501499 0.735859 0.582217 0.735859 0.582217 0.744656 0.600144 0.762219 0.609123 0.764422 0.609123 0.777594 0.609123 0.808359 0.609123 0.812750 0.606874 0.834719 0.609123 0.841297 0.615837 0.854484 0.638262 0.836906 0.653955 0.771016 0.658453 0.766609 0.651722 0.753438 0.642743 0.751234 0.638262 0.749047 0.633780 0.731469 0.622568 0.720484 0.624817 0.720484 0.656204 0.729281 0.701053 0.713891 0.701053 0.724875 0.710016 0.819328 0.712265 0.832516 0.707767 0.834719 0.703285 0.841297 0.698804 0.852281 0.701053 0.887438 0.745885 0.898406 0.772791 0.889625 0.777273 0.865469 0.775040 0.861078 0.772791 0.825922 0.741403 0.727078 0.748134 0.665578 0.741403 0.656781 0.631547 0.643609 0.624817 0.557938 0.631547 0.478859 0.748134 0.456891 0.781770 0.428344 0.790734 0.426141 0.781770 0.428344 0.781770 0.428344 0.772791 0.432734 0.757097 0.500828 0.638262 0.562328 0.559793 0.568922 0.546332 0.571125 0.537368 0.577703 0.532887 0.586500 0.514944 0.579906 0.510463 0.566719 0.467863 0.566719 0.434226
0 0.125156 0.294992 0.134813 0.263126 0.133328 0.257049 0.141500 0.244163 0.154141 0.244163 0.160828 0.238852 0.156375 0.216077 0.156375 0.201675 0.170484 0.197799 0.180156 0.208421 0.185359 0.216013 0.187594 0.235742 0.185359 0.244848 0.199484 0.254705 0.198000 0.277432 0.202453 0.292600 0.203938 0.303222 0.192797 0.305502 0.192797 0.297161 0.192797 0.284258 0.189078 0.284258 0.187594 0.303987 0.166781 0.304737
0 0.730234 0.303046 0.731281 0.280670 0.741719 0.258309 0.746938 0.244450 0.751109 0.227400 0.764672 0.217815 0.785547 0.223142 0.781375 0.239123 0.787641 0.252982 0.800172 0.262568 0.800172 0.282807 0.729187 0.308373
56 0.324484 0.478278 0.325563 0.449314 0.320750 0.444402 0.319141 0.426364 0.318609 0.377193 0.318609 0.367352 0.328781 0.360255 0.338953 0.358612 0.388734 0.360797 0.395688 0.372265 0.400516 0.381563 0.398906 0.412711 0.398906 0.436746 0.405859 0.442217 0.408547 0.479920 0.401578 0.484290 0.397828 0.477193 0.394078 0.452600 0.386594 0.449314 0.386063 0.479378 0.373203 0.469537 0.372141 0.452600 0.349109 0.450415 0.343234 0.453684 0.338406 0.473365 0.334125 0.484290 0.321813 0.477193
0 0.108047 0.358915 0.117938 0.352392 0.129000 0.347640 0.131906 0.344083 0.132484 0.338724 0.133063 0.332201 0.135984 0.327448 0.137719 0.322695 0.148187 0.313190 0.154016 0.312600 0.161000 0.314386 0.166813 0.319139 0.168563 0.325072 0.170297 0.329234 0.172047 0.333987 0.170891 0.344673 0.182516 0.352982 0.195312 0.362488 0.201141 0.375550 0.205203 0.388022 0.204047 0.389203 0.094672 0.387432
0 0.227000 0.234466 0.210344 0.247225 0.202016 0.228086 0.205141 0.203636 0.208266 0.191946 0.220750 0.163238 0.231172 0.147305 0.244703 0.146236 0.253031 0.152616 0.258250 0.170686 0.259281 0.185566 0.283234 0.214864 0.279078 0.227624 0.274906 0.228676 0.265531 0.227624 0.256156 0.223365 0.253031 0.212743 0.242625 0.193604 0.234297 0.193604 0.227000 0.196794 0.221797 0.202105 0.217625 0.216986 0.218672 0.226555 0.225969 0.231866
0 0.305266 0.295965 0.329922 0.272281 0.327016 0.262424 0.326047 0.240702 0.334750 0.237257 0.343453 0.238740 0.355531 0.255008 0.354094 0.276730 0.377281 0.283142 0.380672 0.299426 0.377766 0.306332 0.303813 0.303365
0 0.057984 0.221802 0.057984 0.210558 0.062578 0.210558 0.065328 0.210558 0.067156 0.210558 0.076328 0.210558 0.081828 0.214306 0.089172 0.220861 0.081828 0.243333 0.086422 0.252695 0.097422 0.256427 0.102016 0.259250 0.098344 0.270478 0.097422 0.299506 0.076328 0.304179 0.041484 0.304179 0.028641 0.296699 0.030469 0.268612 0.035062 0.256427 0.042391 0.250813 0.050656 0.245199 0.053406 0.242392 0.054312 0.240526 0.053406 0.221802
0 0.510437 0.220766 0.511203 0.209761 0.501969 0.210558 0.513125 0.205455 0.513891 0.202313 0.525047 0.195231 0.539281 0.201515 0.542750 0.216842 0.543516 0.219585 0.539281 0.227432 0.535828 0.229394 0.536203 0.234896 0.559672 0.253349 0.559281 0.274163 0.557750 0.276523 0.538125 0.262392 0.535828 0.248246 0.528125 0.242360 0.528125 0.227432 0.512734 0.219585
0 0.672375 0.284960 0.675281 0.283493 0.675750 0.275120 0.680578 0.266762 0.684922 0.263317 0.687328 0.263317 0.691188 0.263317 0.696969 0.265279 0.701797 0.267735 0.703719 0.272663 0.704203 0.277576 0.705172 0.278565 0.705172 0.280048 0.672859 0.303174 0.664672 0.308086 0.701797 0.310064 0.703719 0.286938 0.707578 0.292345 0.708547 0.306619 0.714328 0.311531 0.714813 0.306124 0.709500 0.302679
32 0.175437 0.565311 0.172563 0.560494 0.172063 0.557751 0.172063 0.554306 0.173406 0.550175 0.176437 0.545694 0.179813 0.543285 0.183516 0.542600 0.189922 0.543126 0.194984 0.544498 0.198859 0.548804 0.200375 0.554131 0.200375 0.557400 0.200047 0.561021 0.197344 0.565311 0.192797 0.567895 0.190937 0.568756 0.188578 0.569793 0.184203 0.569793 0.180656 0.568581
