3 0.187866 0.576203 0.193640 0.561312 0.202552 0.552703 0.210962 0.549563 0.227741 0.556609 0.229310 0.566016 0.229310 0.575422 0.237699 0.605984 0.238222 0.618125 0.247155 0.625578 0.254498 0.637328 0.251339 0.645938 0.243473 0.658484 0.239812 0.665531 0.209895 0.671016 0.203075 0.667094 0.207803 0.646328 0.201506 0.638500 0.209895 0.633016 0.202029 0.619297 0.196255 0.595797 0.186297 0.586781 0.180000 0.581688
2 0.926067 0.524828 0.997741 0.518406 1.000000 0.638328 0.969059 0.640469 0.931799 0.640469 0.923180 0.649031 0.891653 0.649031 0.885921 0.638328 0.885921 0.631906 0.880188 0.631906 0.877322 0.623328 0.885921 0.576219 0.908849 0.529109
3 0.250000 0.624734 0.284749 0.600187 0.269728 0.577047 0.262197 0.573531 0.290377 0.546891 0.299770 0.560219 0.307280 0.571437 0.297887 0.582656 0.303515 0.589672 0.311967 0.595984 0.313849 0.602984 0.325126 0.621922 0.324184 0.626141 0.311967 0.619828 0.305397 0.624031 0.321360 0.640859 0.311025 0.656297 0.293201 0.664000 0.275356 0.657000 0.267845 0.652078 0.261276 0.646469 0.258452 0.640156
2 0.766046 0.556891 0.787782 0.555812 0.796485 0.563125 0.794310 0.569078 0.792134 0.578547 0.781987 0.579359 0.780167 0.571516 0.772552 0.567453 0.769665 0.563125 0.766402 0.560141
3 0.765962 0.560734 0.762678 0.560734 0.759561 0.560984 0.757741 0.563672 0.757741 0.564906 0.759393 0.568328 0.760711 0.568203 0.760711 0.570531 0.760711 0.574344 0.759874 0.577281 0.759059 0.579109 0.759059 0.584391 0.758745 0.588188 0.758891 0.594437 0.762343 0.598594 0.766109 0.599453 0.773347 0.599703 0.779895 0.596891 0.784163 0.592844 0.784498 0.589406 0.783180 0.583531 0.780230 0.580953 0.779247 0.580578 0.779582 0.579734 0.778598 0.577281 0.780397 0.576047 0.780397 0.574828 0.781548 0.575188 0.781213 0.572250 0.779582 0.570047 0.777594 0.568094 0.775962 0.566500 0.773661 0.565641 0.772845 0.563672 0.771695 0.561344 0.770544 0.560250 0.769895 0.559391
2 0.868389 0.558422 0.851799 0.558422 0.843494 0.567016 0.839351 0.583703 0.840293 0.591797 0.848598 0.594187 0.852113 0.591328 0.853703 0.588234 0.858180 0.586797 0.862008 0.570828 0.866151 0.563906
2 0.809226 0.565453 0.807950 0.569484 0.809540 0.573500 0.811444 0.577297 0.825397 0.579188 0.831423 0.579656 0.833013 0.573031 0.833013 0.568766 0.832699 0.565938 0.823494 0.563094
0 0.651987 0.637937 0.659895 0.605469 0.661883 0.589234 0.644100 0.581859 0.644100 0.556766 0.646067 0.527250 0.665837 0.513969 0.681632 0.505109 0.687573 0.496250 0.687573 0.485922 0.691527 0.463781 0.715230 0.453453 0.740920 0.460828 0.744874 0.488875 0.754749 0.518391 0.764644 0.580375 0.768577 0.652703 0.750795 0.652703 0.750795 0.682219 0.742908 0.714687 0.752782 0.730922 0.764644 0.730922 0.762657 0.739781 0.752782 0.747156 0.738954 0.750109 0.727092 0.747156 0.715230 0.717641 0.719184 0.691078 0.715230 0.667453 0.711276 0.664500 0.695481 0.670406 0.689540 0.739781 0.691527 0.758969 0.679665 0.766344 0.646067 0.764875 0.655941 0.756016 0.665837 0.750109 0.667803 0.717641 0.661883 0.694031 0.659895 0.668938 0.665837 0.640891 0.659895 0.637937 0.657929 0.637937
20 0.346004 0.716172 0.349017 0.626281 0.373096 0.549875 0.391151 0.484703 0.394142 0.453250 0.400167 0.421781 0.502469 0.376844 0.547594 0.361109 0.619812 0.365609 0.682992 0.372344 0.716088 0.376844 0.725125 0.385828 0.725125 0.415047 0.722113 0.433016 0.682992 0.482453 0.655921 0.520656 0.649895 0.529656 0.637866 0.565609 0.646883 0.599312 0.664937 0.644250 0.664937 0.659984 0.643891 0.675719 0.619812 0.644250 0.613787 0.590328 0.589728 0.603813 0.577678 0.662234 0.616799 0.711672 0.634854 0.729656 0.562636 0.738641 0.514498 0.725156 0.493452 0.677969 0.472385 0.612797 0.436276 0.659984 0.442301 0.689203 0.385126 0.756609 0.367071 0.756609
0 0.003305 0.716047 0.036360 0.711109 0.039665 0.619750 0.062803 0.580250 0.059498 0.538266 0.046276 0.493828 0.019833 0.464203 0.013222 0.459266 0.003305 0.456797
