13 0.640164 0.753594 0.728806 0.753000 0.880187 0.753000 0.997775 0.753891 1.000000 0.770859 1.000000 0.801313 0.942927 0.797797 0.718712 0.802484 0.692834 0.802484 0.682295 0.803063 0.679227 0.790484 0.673958 0.783453 0.665176 0.775250 0.657283 0.775844 0.644122 0.786375 0.641499 0.794875 0.638852 0.838484 0.641054 0.868937 0.640164 0.912250 0.634918 0.954125 0.636651 1.000000 0.612529 1.000000 0.610328 0.992469 0.609906 0.983391 0.604192 0.970812 0.606393 0.916063 0.606393 0.857813 0.609016 0.790484 0.611218 0.770578 0.619977 0.755344 0.631405 0.750672
13 0.203138 0.828094 0.209344 0.891656 0.250773 0.880594 0.236276 0.757609 0.230047 0.699578 0.213489 0.714781 0.002225 0.723063 0.006370 0.770047 0.051944 0.767281 0.066440 0.743797 0.082998 0.754844 0.089227 0.790781 0.138923 0.789391 0.149274 0.742422 0.161710 0.732750 0.196909 0.790781 0.213489 0.808750
13 0.322553 0.812984 0.326604 0.749984 0.321194 0.744578 0.321194 0.734672 0.319859 0.721172 0.311756 0.696875 0.302318 0.696875 0.291522 0.711281 0.286136 0.729281 0.238923 0.725672 0.241616 0.719375 0.236206 0.709469 0.224075 0.695969 0.214637 0.699578 0.207892 0.720281 0.097260 0.721172 0.101311 0.707672 0.102646 0.690578 0.136393 0.697781 0.191686 0.707672 0.205176 0.695969 0.229461 0.689672 0.237564 0.704078 0.280726 0.704078 0.295574 0.694172 0.325246 0.693281 0.357635 0.705875 0.341452 0.714875 0.354941 0.805781 0.345480 0.816578 0.321194 0.814781
13 0.714239 0.999406 0.685363 0.993484 0.680913 0.975688 0.700913 0.962344 0.709813 0.857078 0.725363 0.836328 0.749789 0.845219 0.772014 0.897109 1.000000 0.901563 1.000000 0.999406 0.763138 0.987547 0.778689 0.999406 0.738689 0.996437
13 0.641686 0.868141 0.641686 0.810734 0.648056 0.791609 0.668782 0.783109 0.681522 0.791609 0.687892 0.803297 0.679930 0.829875 0.683115 0.838375 1.000000 0.846875 0.995386 0.895781 0.762787 0.900031 0.762787 0.879828 0.746838 0.850078 0.729321 0.843688 0.708618 0.887281 0.705433 0.897906 0.664005 0.904281
13 0.091499 0.789219 0.148618 0.792531 0.153583 0.759406 0.152342 0.741172 0.164754 0.731234 0.175925 0.739516 0.180890 0.761891 0.179649 0.780109 0.194543 0.798328 0.194543 0.912625 0.143653 0.945750 0.112600 0.941609 0.107635 0.925875 0.125012 0.924219 0.128735 0.843047 0.110117 0.840563 0.098946 0.815719
13 0.113653 0.949641 0.117377 0.978625 0.067728 1.000000 0.025527 0.996844 0.025527 0.899938 0.003162 0.904906 0.000000 0.774047 0.055316 0.769078 0.066487 0.744234 0.090070 0.763281 0.090070 0.809656 0.104965 0.819609 0.111171 0.944672
13 0.370773 0.777703 0.357424 0.713562 0.358314 0.704063 0.363653 0.698719 0.384122 0.693375 0.393021 0.709406 0.393911 0.749781 0.400141 0.777109 0.393021 0.781859 0.385902 0.788391 0.372553 0.791953
13 0.689110 0.804359 0.995855 0.800844 0.996604 0.845594 0.729813 0.837047 0.688361 0.837547 0.680820 0.835547 0.681569 0.825984
13 0.232834 0.726875 0.289859 0.727922 0.300211 0.725500 0.306956 0.711312 0.307986 0.699906 0.313700 0.739672 0.320960 0.739328 0.324051 0.754891 0.322506 0.771484 0.320960 0.820250 0.334941 0.822672 0.321475 0.833391 0.306440 0.839969 0.266019 0.842391 0.238009 0.841344 0.245269 0.815406 0.241124 0.769766 0.244239 0.749016 0.236464 0.737250 0.233349 0.729984
13 0.339297 0.714828 0.350726 0.715438 0.353489 0.708719 0.358970 0.707188 0.367658 0.802734 0.361265 0.803953 0.352108 0.802734 0.347541 0.799688 0.342037 0.735578 0.340211 0.721234
13 0.402529 0.768797 0.405176 0.765266 0.400937 0.719750 0.396183 0.717625 0.392998 0.718328 0.400937 0.771969
13 0.599672 0.767172 0.598525 0.759453 0.598806 0.753844 0.598244 0.748438 0.598244 0.742250 0.606347 0.737234 0.614145 0.737047 0.690000 0.737047 0.775972 0.737047 0.863396 0.737234 1.000000 0.735891 1.000000 0.743609 1.000000 0.755969 0.958056 0.758281 0.916370 0.757906 0.802319 0.757328 0.680164 0.755781 0.621101 0.757516 0.614731 0.762344 0.613583 0.789391 0.608665 0.833031 0.608665 0.870313 0.610094 0.903531 0.609532 0.935594 0.608665 0.949500 0.606042 0.952203 0.595340 0.951625 0.590422 0.946594 0.589251 0.939453 0.589555 0.915687 0.591874 0.882094 0.590703 0.844422 0.592155 0.806000 0.596487 0.789391 0.596487 0.782812
