28 0.563653 0.628203 0.539930 0.571672 0.455199 0.588641 0.446745 0.649687 0.543326 0.653078
26 0.295621 0.511984 0.302787 0.506422 0.307564 0.503234 0.319508 0.506422 0.329040 0.508016 0.331429 0.513578 0.325457 0.519156 0.314731 0.526328 0.301592 0.529516 0.288454 0.542250 0.276534 0.551016 0.264590 0.560562 0.247892 0.574094 0.234754 0.586047 0.222834 0.603562 0.210890 0.608344 0.201335 0.612328 0.190609 0.620281 0.187026 0.622672 0.190609 0.604359 0.189415 0.594016 0.232365 0.560562 0.253864 0.543844 0.261007 0.534281 0.275340 0.524734 0.290843 0.518359 0.294426 0.514375 0.295621 0.510391
62 0.498501 0.178484 0.499859 0.282422 0.687073 0.277859 0.692529 0.180312 0.506698 0.178484
0 0.428009 0.468391 0.441663 0.451000 0.476440 0.442719 0.477681 0.436922 0.454075 0.422016 0.456557 0.403797 0.471475 0.396344 0.498782 0.401313 0.511194 0.418703 0.511194 0.434438 0.534778 0.451000 0.527330 0.423672 0.516159 0.411250 0.512436 0.402141 0.516159 0.395516 0.534778 0.392188 0.542225 0.407937 0.557119 0.441063 0.545948 0.454313 0.539742 0.472531 0.528571 0.481641 0.521124 0.448516 0.473958 0.444375 0.457541 0.465203 0.455269 0.466719 0.435667 0.467219
0 0.455691 0.467391 0.462225 0.452672 0.476956 0.444500 0.495738 0.443953 0.510445 0.446141 0.519438 0.453219 0.520258 0.467391 0.522717 0.478844 0.518618 0.493563 0.507986 0.514281 0.504731 0.536094 0.503911 0.548094 0.496557 0.555719 0.483489 0.539906 0.466323 0.527375 0.458970 0.519734 0.463864 0.508828 0.466323 0.491391 0.461429 0.475031 0.460609 0.472313
26 0.700866 0.616344 0.713981 0.607062 0.727096 0.606516 0.741007 0.594484 0.745925 0.592297 0.751663 0.590109 0.754941 0.587937 0.762295 0.587391 0.766393 0.589563 0.767213 0.592844 0.764754 0.601047 0.763115 0.608703 0.762295 0.614156 0.762295 0.617437 0.764754 0.621266 0.761475 0.626188 0.718899 0.677547 0.694333 0.662797 0.694333 0.650219 0.697611 0.633828 0.698431 0.627828
28 0.464403 0.658391 0.494637 0.663422 0.501429 0.667953 0.503700 0.722891 0.510492 0.743047 0.520304 0.750609 0.525597 0.760188 0.521827 0.768750 0.496885 0.764719 0.472717 0.764219 0.458361 0.760188 0.458361 0.719859 0.462904 0.696688 0.464403 0.682578 0.465925 0.675516 0.462155 0.668469
26 0.619274 0.507109 0.597119 0.567422 0.576721 0.593422 0.563443 0.614703 0.572295 0.631266 0.601546 0.641312 0.634333 0.642500 0.641405 0.633031 0.641405 0.617078 0.633443 0.620625 0.619274 0.618844 0.604192 0.614109 0.601546 0.609984 0.606862 0.598156 0.613958 0.590469 0.629016 0.580422 0.646721 0.570969 0.658244 0.560906 0.671546 0.514797 0.679508 0.499422 0.670656 0.494703 0.656487 0.515391 0.641405 0.547312 0.628126 0.566234 0.620140 0.575688 0.603325 0.579234 0.604192 0.569781 0.617494 0.547906 0.627236 0.523078 0.629016 0.517750
0 0.837752 0.608547 0.832365 0.770203 0.817564 0.771094 0.817564 0.731578 0.822951 0.699250 0.804098 0.689375 0.800047 0.601359 0.770445 0.600469 0.770445 0.578922 0.797377 0.525922 0.813513 0.490000 0.822951 0.461266 0.828314 0.458578 0.820258 0.450500 0.812178 0.450500 0.814871 0.443312 0.814871 0.432531 0.818899 0.429844 0.825621 0.419953 0.831007 0.422656 0.831007 0.437016
0 0.392623 0.479156 0.393045 0.423828 0.406932 0.420172 0.425457 0.426359 0.433466 0.439844 0.432201 0.455563 0.428829 0.464563
0 0.344637 0.930719 0.344637 0.952625 0.278970 0.983922 0.248478 0.980797 0.253185 0.960453 0.264895 0.933859 0.267260 0.894734 0.269602 0.852500 0.267260 0.824328 0.264895 0.796172 0.250843 0.753922 0.232084 0.775828 0.194543 0.857187 0.178126 0.897859 0.187518 0.933859 0.210960 0.929156 0.213302 0.929156 0.225035 0.933859 0.227377 0.943234 0.131241 0.971406 0.110141 0.968266 0.107775 0.951063 0.119508 0.940109 0.131241 0.836844 0.145316 0.749234 0.150000 0.699156 0.182834 0.658484 0.173443 0.647531 0.152342 0.619375 0.150000 0.609984 0.119508 0.603719 0.147658 0.563047 0.175785 0.509844 0.222693 0.505156 0.253185 0.428484 0.321194 0.433187 0.335246 0.462906 0.339953 0.484812 0.314145 0.502031 0.372787 0.523938 0.389180 0.548969 0.414988 0.613109 0.377471 0.620937 0.377471 0.644406 0.361054 0.647531 0.386838 0.671000 0.351663 0.675687 0.356370 0.750797 0.351663 0.819641 0.332904 0.885344 0.330562 0.936984
6 0.003372 0.270219 0.936347 0.274719 0.899297 0.285953 0.889204 0.802812 0.350281 0.802812 0.360398 0.780344 0.353653 0.647750 0.380609 0.632016 0.397447 0.620781 0.390703 0.566859 0.343560 0.501687 0.343560 0.458984 0.343560 0.454500 0.306511 0.436516 0.266089 0.434266 0.242506 0.445500 0.229040 0.481453 0.212201 0.503937 0.168407 0.539891 0.148197 0.607297 0.151569 0.645500 0.171780 0.688203 0.124614 0.769094 0.111148 0.800563 0.003372 0.791578
0 0.694262 0.798125 0.694262 0.777375 0.694262 0.759578 0.694262 0.722516 0.694262 0.694344 0.696487 0.661734 0.696487 0.636516 0.700937 0.602422 0.700937 0.574250 0.712038 0.552016 0.712038 0.519391 0.707588 0.506047 0.696487 0.504578 0.683162 0.491234 0.678712 0.467500 0.649813 0.454156 0.616487 0.454156 0.612037 0.482328 0.614262 0.503094 0.609813 0.516437 0.592037 0.556469 0.578712 0.587594 0.576487 0.617250 0.589836 0.645422 0.600937 0.669141 0.600937 0.694344 0.600937 0.725484 0.600937 0.749203 0.596487 0.771438 0.592037 0.787750 0.605386 0.795156 0.640937 0.795156
