60 0.666844 0.676250 0.662891 0.680646 0.659156 0.685625 0.672328 0.697333 0.680453 0.708458 0.677391 0.709625 0.670141 0.710792 0.666406 0.711979 0.668375 0.726021 0.665531 0.728063 0.658063 0.729250 0.647969 0.726313 0.642906 0.718708 0.642031 0.711979 0.636547 0.704938 0.637422 0.698500 0.640938 0.693812 0.641594 0.690313 0.638750 0.685042 0.635891 0.680354 0.627109 0.680938 0.620297 0.676833 0.620297 0.670396 0.621844 0.668646 0.623156 0.664250 0.623156 0.658396 0.622500 0.655187 0.647078 0.654896 0.659375 0.654896 0.661578 0.663083 0.666187 0.674500
25 0.277469 0.397937 0.298344 0.469917 0.480469 0.471833 0.425766 0.396021 0.376094 0.394104 0.360250 0.391208 0.358813 0.396979
60 0.351109 0.782479 0.368922 0.791875 0.397937 0.790208 0.414094 0.779708 0.419891 0.758729 0.413672 0.749333 0.400828 0.738833 0.391719 0.726687 0.385500 0.725021 0.369344 0.725021 0.354422 0.730542 0.346547 0.743250 0.341578 0.750437 0.339094 0.754854 0.342000 0.765354 0.344891 0.769229 0.349031 0.764250 0.353188 0.750437 0.351938 0.742708 0.353594 0.741604 0.364375 0.744354 0.365609 0.753187 0.367266 0.762583 0.363547 0.772542 0.355250 0.780813
0 0.998766 0.891750 0.987016 0.896229 0.988688 0.907417 0.970234 0.917104 0.972469 0.935750 0.966875 0.962604 0.959594 0.982000 0.951766 0.997667 0.998203 1.000000 0.999313 0.963354 0.999313 0.936500 1.000000 0.915625 1.000000 0.895479
0 0.331781 0.727833 0.332766 0.720396 0.334750 0.714917 0.338359 0.711854 0.342953 0.715583 0.348359 0.724125 0.350172 0.728938 0.350344 0.735708 0.348359 0.740313 0.342625 0.743375 0.338687 0.748854 0.338516 0.749062 0.340000 0.754750 0.342625 0.759583 0.347547 0.769646 0.349359 0.767458 0.351156 0.759583 0.352641 0.753667 0.356906 0.751687 0.359359 0.753875 0.358047 0.764396 0.355266 0.771167 0.352641 0.782333 0.350828 0.782333 0.336219 0.779063 0.329000 0.814500 0.310609 0.805104 0.301906 0.794583 0.302234 0.780375 0.306844 0.766792 0.313078 0.747312 0.316188 0.738792 0.322437 0.734187 0.327187 0.728063
56 0.204781 0.852292 0.204781 0.844833 0.211000 0.840688 0.221563 0.833250 0.222797 0.823313 0.222797 0.814187 0.232734 0.808396 0.242062 0.810062 0.245156 0.800938 0.247031 0.791833 0.252000 0.780229 0.261313 0.772792 0.262562 0.786854 0.262562 0.805083 0.252000 0.829938 0.254484 0.851458 0.253859 0.872167 0.258828 0.887917 0.256344 0.897021 0.251375 0.892042 0.248266 0.876312 0.247641 0.861396 0.233984 0.853958 0.217203 0.851458 0.209141 0.858917 0.206031 0.877958 0.206656 0.898667 0.201687 0.896188 0.197953 0.872167 0.200438 0.854771
0 0.737437 0.635250 0.731078 0.647146 0.726297 0.657771 0.724063 0.660729 0.719281 0.658188 0.724063 0.648417 0.723109 0.641625 0.720875 0.648000 0.716422 0.648000 0.714188 0.644167 0.714188 0.639917 0.718328 0.638229 0.720563 0.636937 0.720234 0.618688 0.722781 0.602958 0.730109 0.583854 0.739672 0.570250 0.747000 0.569833 0.749875 0.578333 0.751141 0.585542 0.749234 0.591062 0.747328 0.594458 0.745734 0.597875 0.738719 0.613167 0.737125 0.618688 0.740953 0.622083 0.740625 0.629292
56 0.487266 0.883667 0.468422 0.886021 0.464891 0.886417 0.456937 0.886813 0.461062 0.867958 0.464594 0.866000 0.503766 0.868750 0.514063 0.840083 0.525844 0.819271 0.537328 0.842042 0.541453 0.859708 0.532328 0.877771 0.522906 0.879750 0.526141 0.890333 0.521438 0.908021 0.518188 0.915875 0.520844 0.940208 0.517906 0.960229 0.515250 0.922938 0.513781 0.916646 0.497875 0.908792 0.486391 0.908396 0.483437 0.935500 0.481094 0.898583 0.484328 0.896229 0.513781 0.893479
25 0.435297 0.408104 0.528219 0.412313 0.563609 0.416542 0.629359 0.477208 0.480172 0.471312
25 0.295656 0.470854 0.394250 0.460729 0.449859 0.464104 0.495875 0.511292 0.526203 0.545667 0.528734 0.560500 0.365422 0.551729 0.325484 0.552417 0.309812 0.526792
25 0.680047 0.376271 0.686125 0.373021 0.747531 0.367354 0.804078 0.406271 0.794344 0.409500 0.788266 0.415187 0.713484 0.401396 0.740422 0.408896 0.743109 0.409187 0.736844 0.456688 0.734828 0.456104
0 0.769266 0.676188 0.771547 0.646458 0.777828 0.637313 0.780688 0.615208 0.786984 0.609875 0.789844 0.607604 0.797266 0.590062 0.807563 0.597688 0.805844 0.619021 0.812125 0.638083 0.809844 0.652562 0.800125 0.654083 0.793844 0.679229 0.784688 0.693708 0.786406 0.711250 0.779547 0.721917 0.766969 0.720396 0.769828 0.702104 0.770406 0.686104
25 0.187141 0.377375 0.211672 0.378063 0.238234 0.382833 0.281906 0.396792 0.294688 0.432896 0.304906 0.448896 0.307969 0.458104 0.302609 0.457750 0.249219 0.453333 0.212687 0.448208 0.186375 0.445833 0.174109 0.450937 0.124812 0.450937 0.111016 0.450271 0.113063 0.428125 0.113578 0.389292 0.114844 0.385896 0.144219 0.380771
60 0.140422 0.839521 0.143719 0.789687 0.179984 0.789687 0.219000 0.789687 0.220109 0.843188 0.185484 0.842458 0.184938 0.876896 0.192078 0.868833 0.193172 0.871021 0.186031 0.878354 0.186578 0.884208 0.203063 0.893750 0.197578 0.896667 0.184375 0.884937 0.176141 0.891542 0.166250 0.899604 0.172297 0.888604 0.165703 0.882750 0.161297 0.876146 0.166797 0.873229 0.177234 0.873958 0.176688 0.844646 0.142609 0.845375
56 0.663219 0.888208 0.656750 0.903875 0.648828 0.922292 0.649125 0.927771 0.650000 0.936792 0.650000 0.938750 0.641484 0.940708 0.643828 0.932083 0.643828 0.923854 0.630906 0.919146 0.621500 0.917979 0.625906 0.899167 0.623266 0.893292 0.625016 0.886250 0.624438 0.881542 0.617672 0.881146 0.590937 0.881937 0.583297 0.915625 0.584469 0.919937 0.592109 0.892125 0.594172 0.893292 0.587125 0.927771 0.587125 0.932875 0.597109 0.905437 0.600047 0.920333 0.595344 0.945396 0.598578 0.945396 0.603281 0.924250 0.601812 0.946979 0.604156 0.945396 0.608281 0.919542 0.610328 0.908583 0.611219 0.896833 0.614437 0.894083 0.615625 0.887021 0.617094 0.882333 0.625313 0.879583 0.632953 0.878812 0.665859 0.872542 0.665281 0.863521 0.633547 0.867833 0.630609 0.867042 0.649125 0.829042 0.660578 0.845896 0.665281 0.856854
25 0.939031 0.507333 0.944781 0.507729 0.948516 0.518458 0.946516 0.520375 0.947078 0.523833 0.948812 0.525354 0.963469 0.531500 0.967500 0.531875 0.968656 0.531500 0.969797 0.530354 0.969797 0.526896 0.979578 0.517312 0.984469 0.508500 0.999703 0.509646 0.999703 0.572917 0.992516 0.569458 0.987922 0.586708 0.983891 0.584417 0.989062 0.567167 0.972672 0.559500 0.974984 0.552583 0.960312 0.536479 0.950531 0.533042 0.949672 0.533792 0.948234 0.539938 0.948516 0.541458 0.939891 0.540313 0.932422 0.535333 0.915734 0.526896 0.906250 0.518458 0.914016 0.508104 0.920906 0.508104
56 0.600562 0.786792 0.604328 0.769229 0.605266 0.761687 0.624094 0.771729 0.624094 0.784292 0.624094 0.796833 0.625031 0.800604 0.627859 0.793083 0.628812 0.784292 0.630688 0.769229 0.636344 0.749146 0.633516 0.729042 0.621266 0.721521 0.609031 0.715250 0.595844 0.790563
0 0.096328 0.915063 0.098531 0.913104 0.087516 0.906271 0.082391 0.901375 0.080187 0.888667 0.083859 0.871042 0.088250 0.852458 0.091922 0.843667 0.094859 0.839750 0.095594 0.830958 0.086781 0.823125 0.080922 0.817250 0.077984 0.811375 0.083859 0.811375 0.089719 0.819208 0.091922 0.821167 0.095594 0.809438 0.096328 0.799646 0.097797 0.784979 0.103656 0.782042 0.095594 0.762479 0.093391 0.745854 0.098531 0.741938 0.102922 0.739000 0.111734 0.738021 0.115391 0.746833 0.117594 0.756604 0.117594 0.761500 0.115391 0.769333 0.120531 0.773229 0.129344 0.783021 0.130797 0.803562 0.129344 0.817250 0.130797 0.836813 0.130797 0.849542 0.128609 0.857354 0.121266 0.868125 0.114672 0.885729 0.113937 0.902354 0.113937 0.913104 0.113937 0.922896 0.119797 0.932667 0.124203 0.938542 0.116125 0.953208 0.102922 0.959083 0.100719 0.962021 0.102922 0.949313 0.086047 0.946375 0.086047 0.943438 0.099266 0.938542 0.102922 0.934625 0.102922 0.930729 0.108797 0.922896
56 0.292000 0.739958 0.299547 0.767542 0.303688 0.776646 0.304187 0.782812 0.303688 0.792229 0.302469 0.799354 0.301984 0.809438 0.304906 0.813000 0.322203 0.809750 0.329016 0.810729 0.337297 0.810083 0.343141 0.809104 0.343141 0.810729 0.341922 0.817229 0.341438 0.824354 0.333891 0.851646 0.329266 0.851313 0.332672 0.845146 0.334375 0.837667 0.335844 0.833771 0.337781 0.825979 0.338766 0.818854 0.333641 0.816896 0.322437 0.816896 0.311484 0.817542 0.304906 0.821771 0.299313 0.824354 0.292000 0.857167 0.289328 0.855854 0.289078 0.853583 0.294437 0.826312 0.296141 0.818854 0.296875 0.810729 0.297125 0.804875 0.295406 0.798396 0.294688 0.797083 0.289563 0.826312 0.285922 0.824688 0.292000 0.791896 0.292484 0.773708 0.290062 0.743521
56 0.518094 0.725562 0.521375 0.727146 0.526469 0.724771 0.529156 0.718375 0.535141 0.706021 0.558750 0.702833 0.553375 0.726750 0.552781 0.737521 0.539016 0.741104 0.536328 0.745896 0.534828 0.743896 0.529750 0.746292 0.527063 0.775396 0.525562 0.775792 0.524375 0.746688 0.525562 0.735521 0.515703 0.723167 0.514797 0.734333 0.512109 0.748292 0.510906 0.747083 0.513906 0.710000 0.519891 0.721167 0.520781 0.723167
0 0.762328 0.643771 0.748969 0.643771 0.744953 0.639604 0.739609 0.630708 0.740953 0.622375 0.735609 0.617625 0.744953 0.595667 0.754766 0.587937 0.755203 0.574875 0.760547 0.574292 0.765453 0.575479 0.767234 0.585563 0.767672 0.592687 0.770344 0.620604 0.774797 0.633667 0.770344 0.641979
25 0.738547 0.429062 0.811344 0.406396 0.817437 0.404667 0.883687 0.455229 0.877156 0.460458 0.793469 0.450583 0.758594 0.431396 0.742469 0.433729
56 0.162750 0.895500 0.162203 0.861188 0.154922 0.858187 0.124719 0.863417 0.131984 0.846271 0.131984 0.829854 0.139812 0.824625 0.143734 0.840292 0.165547 0.839542 0.168906 0.854458 0.167234 0.860438 0.165547 0.896229
0 0.621750 0.688104 0.633781 0.676437 0.642547 0.683729 0.643094 0.693937 0.638719 0.701229 0.646375 0.715104 0.649656 0.727500 0.654031 0.732604 0.658406 0.737708 0.646922 0.745729 0.639813 0.745729 0.639813 0.732604 0.623937 0.725312 0.615734 0.721667 0.610813 0.712917 0.613547 0.702688 0.629406 0.697583
56 0.607922 0.607750 0.623766 0.608667 0.625391 0.594688 0.629359 0.585062 0.634016 0.578854 0.647766 0.591583 0.639375 0.603708 0.635641 0.613333 0.632375 0.615208 0.626562 0.616438 0.622828 0.617687 0.618641 0.620479 0.617938 0.622354 0.607453 0.620167
56 0.126422 0.721917 0.109063 0.722854 0.120172 0.770958 0.128156 0.779292 0.145156 0.781604 0.155922 0.781146 0.157297 0.767729 0.145844 0.765875 0.135438 0.763563 0.130578 0.758021 0.127813 0.750604 0.127453 0.741813 0.127813 0.734875
56 0.474031 0.733000 0.477812 0.708354 0.513250 0.707854 0.509109 0.741042 0.505344 0.769188 0.502703 0.770708 0.503828 0.757625 0.504203 0.747063 0.504578 0.742042 0.477812 0.734000
0 0.802844 0.968292 0.798891 0.998167 0.839094 1.000000 0.839094 0.993771 0.845031 0.976208 0.854906 0.969167 0.854906 0.962146 0.855563 0.956000 0.849641 0.941063 0.845031 0.930521 0.823938 0.940167 0.824594 0.953354 0.828547 0.956875 0.813391 0.950729 0.802188 0.964771
0 0.674906 0.732167 0.668500 0.720583 0.673781 0.712542 0.677922 0.710042 0.678297 0.695458 0.683578 0.685396 0.690000 0.679854 0.696781 0.696958 0.697906 0.699979 0.709219 0.706521 0.696781 0.719583 0.682453 0.724104 0.679062 0.739187 0.677547 0.744729 0.671516 0.751771 0.661328 0.743729 0.662078 0.735667 0.666609 0.735167
60 0.582078 0.599083 0.596328 0.604062 0.605438 0.605312 0.614313 0.598146 0.614313 0.592229 0.610578 0.586625 0.602406 0.581646 0.590250 0.577604 0.586516 0.577604 0.576703 0.577604 0.568531 0.578833 0.565500 0.586312 0.569234 0.592542 0.576937 0.597833
60 0.187750 0.740958 0.226828 0.740958 0.226828 0.714562 0.188234 0.719729 0.183891 0.719729 0.183406 0.740958 0.162172 0.740958 0.167484 0.731937 0.171828 0.725521 0.176172 0.721646
0 0.813062 0.757396 0.841422 0.753792 0.844109 0.752896 0.841422 0.743896 0.836016 0.741187 0.841422 0.727688 0.837359 0.718687 0.826563 0.725875 0.824531 0.735792 0.824531 0.736687 0.819812 0.735792 0.811031 0.750188 0.811031 0.760083
0 0.184594 0.363458 0.182844 0.357271 0.184016 0.352646 0.187625 0.350896 0.192125 0.350896 0.195156 0.354958 0.196172 0.357854 0.199797 0.360750 0.202547 0.369250 0.203703 0.376208 0.192406 0.377750 0.180828 0.378896 0.181109 0.376000 0.182844 0.372146 0.183000 0.370208
0 0.150781 0.371917 0.148891 0.364354 0.147000 0.362396 0.145734 0.358458 0.143641 0.352854 0.139016 0.349208 0.134391 0.352854 0.134594 0.359313 0.133125 0.362104 0.132281 0.369104 0.134391 0.374167 0.137328 0.376396 0.144484 0.376958 0.149531 0.374729 0.149734 0.369958
25 0.096859 0.452875 0.245594 0.449167 0.292719 0.459021 0.311203 0.530479 0.078375 0.539104 0.087625 0.488583 0.092234 0.449167
