62 0.886453 0.564695 0.886453 0.564695 0.878625 0.567066 0.875500 0.588239 0.875500 0.609413 0.889594 0.651761 0.898984 0.684695 0.909953 0.712934 0.922484 0.720000 0.930313 0.731761 0.942844 0.743521 0.949109 0.757653 0.936578 0.880000 0.920906 0.880000 0.920906 0.880000 0.916219 0.903521 0.911516 0.927066 0.850438 0.917653 0.842609 0.868239 0.842609 0.861174 0.834766 0.830587 0.834766 0.809413 0.834766 0.785892 0.831641 0.764695 0.831641 0.734108 0.833203 0.701174 0.836344 0.684695 0.841031 0.668239 0.845734 0.651761 0.852000 0.637653 0.856703 0.625892 0.861391 0.602347 0.864531 0.585892 0.869234 0.576479 0.873922 0.567066
0 0.375125 0.298568 0.357391 0.327113 0.372594 0.382277 0.342203 0.412723 0.330797 0.437465 0.325734 0.498357 0.327000 0.564953 0.332063 0.593498 0.329531 0.601103 0.373859 0.646784 0.411859 0.650587 0.428328 0.622042 0.413125 0.587793 0.390328 0.566854 0.423250 0.593498 0.443516 0.608709 0.457453 0.589695 0.468844 0.574460 0.437187 0.536408 0.420719 0.469812 0.414391 0.412723 0.401719 0.391808 0.408063 0.363263 0.391594 0.296667 0.375125 0.292840 0.365000 0.306174
24 0.706766 0.770516 0.697047 0.794577 0.692187 0.812817 0.689766 0.815728 0.670344 0.831784 0.665969 0.847089 0.663062 0.878474 0.659656 0.919319 0.670344 0.922230 0.735406 0.920047 0.734438 0.874084 0.730062 0.815000 0.725703 0.788732 0.719391 0.773427
73 0.828906 0.402089 0.866406 0.400164 0.875297 0.408756 0.872750 0.435493 0.834625 0.436455 0.822547 0.422136 0.825719 0.403991
26 0.253812 0.557136 0.268422 0.550047 0.283891 0.541667 0.291609 0.537136 0.297625 0.533920 0.300203 0.541667 0.309656 0.543592 0.310953 0.547465 0.319969 0.561667 0.322969 0.571995 0.318672 0.580376 0.313516 0.585540 0.299344 0.585540 0.309234 0.604906 0.318250 0.604906 0.320391 0.621033 0.307078 0.625563 0.291609 0.625563 0.274000 0.619742 0.272719 0.611362 0.292047 0.618451 0.304500 0.616526 0.307938 0.613944 0.296766 0.597793 0.292469 0.586831 0.265844 0.594577 0.260688 0.590047 0.254672 0.573920 0.255531 0.566831
73 0.799922 0.578826 0.807719 0.592347 0.818219 0.589202 0.849109 0.594601 0.849109 0.576573 0.827812 0.572066 0.806219 0.551808 0.802922 0.559460 0.801125 0.571620 0.799625 0.577042
65 0.777281 0.769812 0.765641 0.754202 0.766469 0.743568 0.811984 0.737958 0.826125 0.756056 0.822797 0.763568
73 0.837250 0.312207 0.870109 0.325141 0.885766 0.325141 0.884453 0.338075 0.863594 0.335329 0.836469 0.324366
65 0.326016 0.686455 0.319719 0.699624 0.301469 0.703521 0.293828 0.705728 0.293078 0.705728 0.299375 0.694812 0.308750 0.680916 0.322313 0.675704 0.324531 0.679061 0.325531 0.681455 0.325891 0.682582
65 0.819547 0.712300 0.826750 0.726643 0.826172 0.731620 0.823047 0.734836 0.812328 0.733967 0.809797 0.734836 0.790891 0.735423 0.779797 0.736009 0.774922 0.728991 0.771609 0.718451 0.771609 0.711432 0.775109 0.705869 0.781344 0.705563 0.786609 0.707911 0.809219 0.708498 0.816422 0.708498
65 0.395594 0.585023 0.411156 0.585728 0.413312 0.592207 0.411406 0.597254 0.408281 0.600845 0.404703 0.595798 0.398234 0.591502 0.396563 0.586807
65 0.330813 0.717535 0.335656 0.721596 0.347641 0.718803 0.364891 0.710892 0.358625 0.699531 0.332672 0.708732 0.329672 0.712160 0.329672 0.713662
0 0.093609 0.897653 0.086172 0.786033 0.093609 0.743615 0.084688 0.658803 0.063891 0.596315 0.053484 0.576221 0.068344 0.489155 0.077266 0.437817 0.111437 0.402113 0.138172 0.368615 0.139656 0.312817 0.121828 0.277113 0.129266 0.236925 0.138172 0.212371 0.164922 0.185587 0.200578 0.178897 0.242188 0.203451 0.258531 0.252559 0.249609 0.312817 0.246641 0.335141 0.246641 0.375329 0.240687 0.402113 0.228813 0.411033 0.242188 0.478005 0.249609 0.536033 0.251094 0.596315 0.276359 0.676667 0.285266 0.692277 0.307547 0.698991 0.316469 0.723545 0.289719 0.765939 0.273375 0.779343 0.282297 0.832911 0.251094 0.890939 0.268922 0.933357 0.169375 0.897653 0.161953 0.886479 0.120344 0.904343
