0 0.002500 0.614720 0.013240 0.629067 0.028020 0.629067 0.072360 0.689947 0.101900 0.781307 0.118020 0.917413 0.085780 0.960400 0.056240 1.000000 0.003840 0.999813
56 0.125620 0.846267 0.168740 0.791280 0.200600 0.826267 0.216540 0.841280 0.216540 0.858773 0.182800 0.910000 0.187480 0.920000 0.176220 0.930000 0.153740 0.926267 0.158420 0.900000 0.163100 0.871280 0.139680 0.865013 0.134980 0.865013
0 0.089760 0.728533 0.084180 0.716773 0.090640 0.685040 0.080060 0.679947 0.074780 0.666240 0.074780 0.650960 0.077720 0.644693 0.083600 0.642347 0.093000 0.653707 0.099460 0.632533 0.114160 0.615707 0.117220 0.612320 0.112220 0.612693 0.104580 0.615440 0.098400 0.615440 0.096360 0.608400 0.093880 0.583787 0.146180 0.569680 0.143540 0.555600 0.134720 0.541867 0.118860 0.537573 0.102980 0.541493 0.098000 0.548133 0.094180 0.559893 0.094180 0.574400 0.143540 0.595947 0.144420 0.606907 0.147060 0.614347 0.151460 0.615520 0.157640 0.643733 0.155280 0.645307 0.159100 0.661360 0.162920 0.662933 0.166160 0.705413 0.126200 0.708160 0.124440 0.715200 0.123840 0.719120 0.124900 0.742880 0.127440 0.785467 0.104780 0.778240 0.101900 0.776533 0.095520 0.752267 0.107020 0.748000
0 0.880160 0.430613 0.873720 0.455787 0.872020 0.481520 0.872020 0.496987 0.867300 0.513573 0.864720 0.522160 0.864720 0.533600 0.855100 0.558053 0.857860 0.561733 0.907980 0.575680 0.921200 0.627813 0.947080 0.659387 0.953700 0.533813 0.956980 0.506133 0.962140 0.458640 0.965560 0.416293 0.962560 0.395707 0.955700 0.384827 0.946680 0.375680 0.892620 0.387680 0.896040 0.363093 0.923080 0.355653 0.937680 0.352773 0.953120 0.344187 0.949700 0.314453 0.942400 0.295547 0.935520 0.282400 0.923080 0.276667 0.912780 0.275520 0.908060 0.276107 0.904620 0.302987 0.900340 0.335627 0.896040 0.356213
0 0.517620 0.764027 0.540440 0.746907 0.551860 0.741200 0.516180 0.682213 0.519040 0.617520 0.560420 0.600373 0.596100 0.600373 0.616080 0.642240 0.598960 0.680293 0.559000 0.682213 0.566140 0.708853 0.568980 0.754507 0.524740 0.781147 0.520460 0.769733
0 0.037660 0.598293 0.035520 0.598293 0.035520 0.591440 0.034240 0.589173 0.032080 0.584587 0.032940 0.580027 0.035940 0.575467 0.034660 0.569760 0.033380 0.562907 0.033380 0.554347 0.035080 0.546907 0.041080 0.538347 0.050920 0.536640 0.059500 0.535493 0.067620 0.534933 0.078760 0.538933 0.084320 0.545200 0.090760 0.556053 0.090760 0.569173 0.091600 0.582320 0.091600 0.585733 0.090320 0.609707 0.036380 0.626267 0.033800 0.631413 0.032080 0.634827 0.039800 0.644533 0.051780 0.655387 0.059060 0.673093 0.066780 0.682213 0.071060 0.689067 0.075760 0.693067 0.078760 0.686800 0.077480 0.675947 0.075340 0.666800 0.074900 0.654240 0.077040 0.645120 0.084760 0.643413 0.088620 0.643973 0.090320 0.638827 0.090320 0.628000
0 0.399720 0.525627 0.414740 0.558400 0.424320 0.575440 0.424640 0.646773 0.360140 0.661253 0.322140 0.671280 0.310640 0.673840 0.272600 0.682800 0.269080 0.665333 0.265900 0.664053 0.259180 0.676400 0.258540 0.683627 0.252800 0.685333 0.243860 0.683627 0.237800 0.681093 0.234280 0.677253 0.232040 0.670027 0.231080 0.657253 0.232680 0.645333 0.240660 0.641920 0.249600 0.641493 0.250560 0.637227 0.252160 0.632133 0.258240 0.634667 0.262060 0.640640 0.271000 0.640213 0.290800 0.630000 0.306760 0.621040 0.310280 0.609973 0.313160 0.578053 0.313160 0.553787 0.313160 0.550800 0.315100 0.549893 0.313700 0.524400 0.384640 0.507387 0.367100 0.490373 0.357540 0.488267 0.354360 0.474427 0.347980 0.471253 0.345580 0.465920 0.343980 0.453173 0.336020 0.435093 0.328840 0.423413 0.307320 0.419173 0.292960 0.426613 0.285000 0.427653 0.279420 0.434053 0.268260 0.436160 0.266660 0.442560 0.261880 0.448933 0.270640 0.459547 0.275420 0.465920 0.275420 0.474427 0.285800 0.484000 0.284200 0.493573 0.283400 0.504213 0.288180 0.510587 0.300940 0.510587 0.311300 0.514827
56 0.382060 0.897120 0.394280 0.893067 0.394280 0.886933 0.389700 0.864533 0.380540 0.802027 0.411100 0.797280 0.415680 0.802027 0.418740 0.819680 0.426380 0.878800 0.423340 0.888987 0.426380 0.890347 0.431480 0.880827 0.427920 0.787093 0.426900 0.669547 0.354540 0.690613 0.363720 0.758560 0.351500 0.753120 0.341300 0.744960 0.333160 0.744960 0.328560 0.764667 0.353540 0.780960 0.362700 0.789120 0.368820 0.801333 0.372900 0.815600
0 0.191560 0.529813 0.202280 0.496800 0.217960 0.485787 0.229520 0.482507 0.250960 0.489093 0.257580 0.499013 0.274080 0.521013 0.278200 0.591413 0.260040 0.633227 0.242720 0.635440 0.248500 0.609013 0.236120 0.611227 0.208060 0.658533 0.186600 0.666240 0.175880 0.585920 0.194040 0.577120 0.201460 0.624427 0.200640 0.579307 0.271600 0.557307 0.266660 0.536400 0.250140 0.541893 0.220440 0.550720 0.200640 0.555120 0.198980 0.552907 0.180840 0.561707 0.176720 0.559520 0.175060 0.546320 0.191560 0.539707
0 0.282640 0.534613 0.271200 0.524747 0.276740 0.520320 0.271200 0.517867 0.250900 0.488827 0.239460 0.482427 0.238340 0.475067 0.239460 0.480480 0.239460 0.464720 0.240200 0.463733 0.227640 0.454880 0.230600 0.452427 0.237600 0.454400 0.252380 0.453413 0.259760 0.435680 0.269360 0.436187 0.267880 0.439627 0.266400 0.446027 0.262700 0.448987 0.275260 0.466693 0.277100 0.477013 0.285960 0.484400 0.287060 0.510480 0.305160 0.513920 0.313280 0.524747 0.313340 0.546053 0.289280 0.554267 0.294320 0.556507 0.293200 0.575893 0.283120 0.584853 0.281440 0.602000 0.300460 0.607227 0.310540 0.575147 0.312220 0.552027
0 0.436520 0.555067 0.448320 0.528080 0.428080 0.496640 0.434840 0.447200 0.476960 0.449440 0.482020 0.480907 0.480340 0.507867 0.487080 0.539333 0.478660 0.570773 0.441580 0.584267
56 0.056760 0.998320 0.078280 0.969600 0.118940 0.915387 0.144460 0.873947 0.122940 0.903707 0.119740 0.893067 0.134900 0.870747 0.155620 0.871813 0.152440 0.888827 0.134100 0.997253
52 0.217280 0.712453 0.223700 0.702213 0.242060 0.697093 0.260860 0.694800 0.278780 0.693680 0.295020 0.690827 0.311680 0.688533 0.319360 0.687413 0.328760 0.690240 0.340300 0.705067 0.328340 0.731253 0.312960 0.750053 0.298860 0.758587 0.277940 0.761440 0.275380 0.761440 0.277500 0.739227 0.272820 0.730693 0.262560 0.731253 0.249740 0.736373 0.241640 0.740373 0.240360 0.727840 0.237780 0.723280 0.226260 0.714747 0.217280 0.724987 0.213020 0.731253
0 0.390620 0.490133 0.385940 0.504693 0.369540 0.490133 0.365640 0.482853 0.364860 0.476613 0.358620 0.474533 0.353160 0.462053 0.350820 0.463093 0.351600 0.451653 0.360180 0.444373 0.369540 0.444373 0.375020 0.448533 0.378920 0.465173 0.396080 0.484933 0.398420 0.496373
0 0.862920 0.523733 0.873040 0.514747 0.888200 0.451840 0.898320 0.393413 0.911800 0.332747 0.918540 0.296773 0.923600 0.240587 0.894940 0.139467 0.738200 0.038347 0.650560 0.076560 0.605060 0.128240 0.600000 0.159707 0.594940 0.215893 0.574720 0.267573 0.566300 0.339467 0.576400 0.409147 0.576400 0.478800 0.574720 0.546213 0.600000 0.618133 0.615160 0.645093 0.596620 0.681040 0.573040 0.734987 0.544380 0.795653 0.512360 0.863067 0.493820 0.899013 0.470220 0.948453 0.438200 0.934987 0.392700 0.883307 0.355620 0.824880 0.343820 0.732747 0.301680 0.665307 0.210680 0.683307 0.188760 0.741733 0.182020 0.797893 0.198880 0.838347 0.202240 0.883307 0.217420 0.917013 0.239320 0.961947 0.286520 0.984427 0.337080 0.982160 0.399440 0.979920 0.436520 0.988907 0.520780 0.988907 0.573040 0.979920 0.610120 0.979920 0.669100 0.984427 0.728080 0.984427 0.807300 0.977680 0.854500 0.979920 0.876400 0.988907 0.947200 0.984427 0.969100 0.979920 0.994380 0.982160 0.999440 0.984427 1.000000 0.894533 1.000000 0.824880 1.000000 0.759707 1.000000 0.705760 0.999440 0.701280 0.977520 0.681040 0.969100 0.674320 0.930340 0.631600 0.928660 0.615893 0.903380 0.575440 0.881460 0.561947 0.857860 0.537227
