50 0.634848 0.530828 0.704687 0.489109 0.763419 0.513828 0.798331 0.512281 0.830080 0.493750 0.847544 0.478297 0.884045 0.450484 0.895152 0.439672 0.872937 0.399500 0.858652 0.365500 0.847544 0.345422 0.811027 0.331516 0.825313 0.291344 0.799920 0.227984 0.780883 0.218719 0.787223 0.201719 0.798331 0.197094 0.811027 0.198625 0.869759 0.243437 0.903098 0.275891 0.925313 0.277438 1.000000 0.274344 1.000000 0.486016 1.000000 0.546281 0.987223 0.560187 0.939599 0.574094 0.904687 0.493750 0.880867 0.492203 0.869759 0.507656 0.912616 0.629719 0.947544 0.699234 0.961830 0.742500 0.958652 0.816672 0.928491 0.839844 0.874527 0.841391 0.834848 0.825937 0.798331 0.796578 0.788812 0.753312 0.795169 0.719328 0.798331 0.705422 0.806276 0.680703 0.772937 0.640531 0.734847 0.615812 0.647544 0.594172 0.626918 0.572547
50 0.694912 0.211250 0.717512 0.233250 0.749534 0.214906 0.802263 0.224078 0.822970 0.306578 0.760835 0.405578 0.696790 0.442250 0.630883 0.449578 0.574382 0.431250 0.617689 0.310250 0.619583 0.275406 0.621461 0.214906 0.657239 0.202078
50 0.577448 0.675266 0.567175 0.647500 0.594559 0.650828 0.599117 0.648609 0.616228 0.637500 0.626485 0.647500 0.661862 0.655266 0.678973 0.676375 0.700642 0.690797 0.721172 0.696359 0.748539 0.752984 0.745120 0.789625 0.733724 0.816281 0.715473 0.832938 0.677817 0.844047 0.667560 0.856250 0.651589 0.856250 0.655008 0.876234 0.683531 0.939531 0.668700 0.969516 0.634478 0.983953 0.608234 0.989500 0.587705 0.996156 0.531814 0.985062 0.504446 0.978391 0.485040 0.970625 0.480482 0.945078 0.485040 0.926203 0.516982 0.920656 0.547785 0.906219 0.577448 0.872906 0.592279 0.829609 0.594559 0.799625 0.595698 0.770750 0.608234 0.741875 0.594559 0.730781 0.578587 0.704125 0.578587 0.685250
50 0.844013 0.148125 0.807849 0.091781 0.812665 0.026062 0.817496 0.000234 0.882600 0.004922 0.911541 0.019016 0.950112 0.054219 0.962183 0.087094 0.930835 0.124641 0.894655 0.148125
51 0.797624 0.802641 0.772472 0.868312 0.732440 0.948453 0.702713 0.964031 0.680995 0.954016 0.724446 0.870531 0.741589 0.787063 0.750738 0.743656 0.778186 0.739203 0.795329 0.779266 0.795329 0.779266
51 0.934944 0.124750 0.966982 0.094719 1.000000 0.073922 1.000000 0.120125 0.988347 0.146703 0.972921 0.157094 0.951557 0.152469 0.921894 0.143234
51 0.853852 0.405188 0.795152 0.405188 0.797817 0.444156 0.819165 0.459734 0.885875 0.451953 0.891204 0.441563
51 0.910979 0.142969 0.963933 0.154938 0.988507 0.168547 1.000000 0.184219 0.998684 0.210203 0.977079 0.186687 0.968170 0.190812 0.956308 0.181734 0.940209 0.173500 0.921990 0.163188 0.916067 0.158641 0.909711 0.151219 0.902087 0.151641 0.897849 0.147922 0.895313 0.144219 0.904205 0.142969 0.913515 0.143797
51 0.559567 0.480047 0.559567 0.480047 0.671669 0.440797 0.696260 0.451328 0.703146 0.474297 0.664799 0.519297 0.623483 0.529828
51 0.451429 0.259813 0.468507 0.221656 0.483579 0.213844 0.509711 0.214812 0.532825 0.218734 0.535827 0.225578 0.534831 0.233406 0.527801 0.257859 0.528796 0.264703 0.527801 0.268609 0.527801 0.269594 0.507705 0.274484 0.483579 0.269594 0.469518 0.268609 0.441380 0.266656
50 0.372536 0.838672 0.375233 0.857938 0.377929 0.871094 0.382440 0.888609 0.390530 0.903516 0.421140 0.908766 0.454462 0.905266 0.471557 0.886859 0.485072 0.863203 0.461653 0.863203 0.435554 0.866703 0.422953 0.852687 0.422953 0.836906 0.413050 0.832531 0.379727 0.833406 0.371637 0.836906
50 0.522408 0.320563 0.511477 0.348516 0.508732 0.381797 0.504639 0.392438 0.499165 0.403094 0.491413 0.410187 0.482295 0.411078 0.464061 0.401313 0.453579 0.390672 0.459968 0.371141 0.466340 0.360938 0.479117 0.356063 0.483210 0.347625 0.488234 0.343188 0.493692 0.342297 0.496437 0.336094 0.493242 0.322781 0.503275 0.315687 0.516035 0.313016
51 0.911894 0.286391 0.836597 0.223187 0.796340 0.163797 0.779454 0.160000 0.761284 0.148625 0.715843 0.106922 0.674286 0.061422 0.667801 0.031078 0.668700 0.020047 0.705056 0.020047 0.758347 0.071938 0.862536 0.159203 0.886758 0.189859 0.923098 0.218156 0.930369 0.222875 0.932793 0.227594 0.918266 0.244109 0.918266 0.258250
51 0.286902 0.753375 0.161958 0.755625 0.117994 0.793922 0.122632 0.832203 0.229053 0.845719 0.168909 0.884016 0.124944 0.974094 0.210546 0.947078 0.256822 0.879500 0.282279 0.838969 0.432665 0.827703 0.432665 0.748875 0.333178 0.744375
