0 0.669281 0.490917 0.669281 0.573875 0.652469 0.587333 0.639016 0.589583 0.612109 0.582854 0.602016 0.573875 0.602016 0.558187 0.610422 0.544729 0.610422 0.495396 0.600344 0.347417 0.598656 0.286875 0.596969 0.210646 0.593609 0.159083 0.580156 0.129937 0.561656 0.100792 0.556609 0.046979 0.554937 0.035771 0.598656 0.035771 0.600344 0.038000 0.627234 0.071646 0.649109 0.118729 0.676016 0.145625 0.687781 0.217375 0.692828 0.257729 0.704594 0.316042 0.701234 0.347417 0.697875 0.383292 0.684422 0.432625 0.682734 0.457292 0.682734 0.475229 0.682734 0.497646
2 0.392703 0.202250 0.392703 0.200000 0.394563 0.170146 0.389500 0.143188 0.389500 0.136437 0.391187 0.127458 0.392875 0.122958 0.397922 0.118458 0.423203 0.118458 0.433328 0.116208 0.458609 0.136437 0.463656 0.158917 0.467031 0.174646 0.465344 0.179146 0.465344 0.190375 0.458609 0.197125 0.431641 0.199354 0.394563 0.199354
2 0.662234 0.137479 0.673375 0.126333 0.684891 0.117500 0.701969 0.114708 0.727406 0.116563 0.743437 0.119354 0.753891 0.124000 0.762266 0.145375 0.765750 0.160708 0.737172 0.158396 0.705797 0.158854 0.680703 0.158854 0.670937 0.154667 0.667109 0.150958
2 0.579891 0.120833 0.572891 0.129187 0.570672 0.139521 0.569188 0.151333 0.571781 0.153792 0.576937 0.154792 0.583219 0.155271 0.587641 0.159708 0.593547 0.163646 0.595391 0.151833 0.597984 0.125250 0.590594 0.127229 0.585437 0.120333
2 0.447453 0.093729 0.442281 0.090729 0.441297 0.086313 0.442859 0.081229 0.448828 0.069875 0.451375 0.069083 0.464578 0.067271 0.467016 0.067667 0.468875 0.069229 0.473375 0.077562 0.475625 0.083437 0.476016 0.092688 0.467609 0.092833 0.466828 0.100917 0.452250 0.098812 0.450297 0.097646
2 0.569875 0.101521 0.566141 0.100813 0.563297 0.100813 0.559391 0.100813 0.557078 0.101042 0.555313 0.102708 0.553000 0.106479 0.550156 0.110042 0.548031 0.113125 0.546250 0.113354 0.543406 0.111688 0.541641 0.111688 0.540563 0.112417 0.540219 0.114771 0.540391 0.115479 0.542516 0.115729 0.544656 0.116438 0.543938 0.119271 0.543047 0.121646 0.542344 0.123542 0.540563 0.124729 0.537906 0.125667 0.537547 0.126854 0.537187 0.129458 0.537187 0.132292 0.537375 0.134438 0.537375 0.135854 0.539141 0.136792 0.539328 0.140104 0.539328 0.142479 0.539859 0.146271 0.540031 0.147208 0.542516 0.149104 0.544125 0.148875 0.545891 0.148396 0.546609 0.146021 0.548203 0.145562 0.551047 0.145562 0.553703 0.145562 0.554781 0.145562 0.556375 0.148875 0.556375 0.150292 0.556906 0.152188 0.557438 0.152188 0.558688 0.154563 0.560281 0.154563 0.562594 0.154563 0.565437 0.153854 0.567391 0.146750 0.567922 0.146271 0.568797 0.145313 0.571641 0.145313 0.572000 0.145083 0.571828 0.140104 0.571828 0.136563 0.571828 0.133958 0.572891 0.129229 0.576078 0.124000 0.578391 0.121646 0.580000 0.119271 0.580000 0.119271 0.579109 0.117854 0.577156 0.114542 0.575203 0.110979 0.575375 0.106958 0.574313 0.104354 0.574313 0.102708 0.573953 0.102708 0.571469 0.101979 0.570406 0.101979
2 0.444109 0.057417 0.448297 0.058250 0.452703 0.057417 0.455844 0.057417 0.460250 0.059104 0.464453 0.061604 0.465078 0.066083 0.465078 0.069167 0.461516 0.069729 0.453969 0.069438 0.451031 0.069438 0.448516 0.070562 0.446625 0.074188 0.445359 0.077833 0.444312 0.081458 0.442641 0.082875 0.441375 0.081750 0.440125 0.082021 0.438031 0.080625 0.438234 0.077562 0.439281 0.075875 0.436969 0.074188 0.436562 0.072792 0.436562 0.070000 0.436766 0.066083 0.437187 0.065250 0.440750 0.063562 0.442016 0.061062 0.442844 0.060208 0.443687 0.059104 0.446406 0.057979
2 0.676562 0.160771 0.740609 0.157021 0.767344 0.162646 0.791281 0.178604 0.815906 0.205812 0.827875 0.204875 0.828578 0.205812 0.832797 0.214250 0.831391 0.221771 0.858828 0.237708 0.834906 0.316542 0.827875 0.341875 0.746234 0.340937 0.742016 0.354062 0.717391 0.352188 0.705422 0.332479 0.730750 0.318417 0.713156 0.283688
26 0.680906 0.375271 0.689328 0.510104 0.765172 0.494375 0.717984 0.366292 0.694375 0.377521
2 0.153375 0.984417 0.655625 0.829354 0.948875 0.004646 1.000000 0.006896 0.997750 0.982167
11 0.318969 0.048667 0.355984 0.050479 0.380437 0.012437 0.376703 0.000667 0.284656 0.001125 0.287375 0.012437
