0 0.170172 0.494521 0.173484 0.494125 0.173937 0.475375 0.173937 0.471750 0.175000 0.468333 0.175156 0.457250 0.175750 0.439333 0.173484 0.438125 0.172125 0.437313 0.171672 0.434708 0.173187 0.431292 0.172594 0.428167 0.170484 0.426437 0.168484 0.426750 0.166828 0.427833 0.166594 0.431458 0.167187 0.432854 0.168125 0.434437 0.167656 0.436000 0.164484 0.437104 0.161531 0.441500 0.158828 0.460646 0.159063 0.465500 0.161297 0.463146 0.162125 0.460021 0.162594 0.455458 0.164125 0.454042 0.164125 0.470063 0.163891 0.473667 0.164828 0.474917 0.164953 0.492646 0.168719 0.492188 0.168828 0.476021 0.170594 0.475229
0 0.375703 0.497938 0.379906 0.495417 0.384750 0.495979 0.386438 0.501312 0.384969 0.504958 0.388969 0.512833 0.395719 0.518438 0.402672 0.520417 0.410453 0.523771 0.406875 0.526021 0.386656 0.521250 0.375484 0.519000 0.369797 0.516187 0.369375 0.513396 0.374859 0.509458 0.375484 0.505521 0.380734 0.506813 0.376844 0.499063
0 0.128891 0.493750 0.127453 0.481542 0.126969 0.468042 0.126969 0.457771 0.125047 0.466750 0.123109 0.462896 0.125516 0.452625 0.127937 0.441063 0.128406 0.439771 0.129375 0.432063 0.137094 0.433354 0.136609 0.439771 0.142391 0.451979 0.139500 0.466125 0.136609 0.479604 0.136125 0.491813 0.135156 0.493750 0.132750 0.486667 0.132266 0.475104 0.130828 0.478333 0.132266 0.490521
0 0.198734 0.495792 0.202375 0.496146 0.203938 0.490938 0.204969 0.473604 0.209391 0.472917 0.207828 0.464938 0.206266 0.459750 0.208094 0.455938 0.208094 0.449688 0.206266 0.446229 0.206016 0.443812 0.201594 0.439292 0.199516 0.443104 0.196141 0.446917 0.195359 0.454542 0.197172 0.463562 0.197172 0.471875 0.197953 0.481229 0.199000 0.483313 0.198219 0.492667 0.197687 0.496833
0 0.103047 0.436042 0.101937 0.434000 0.101250 0.431417 0.100688 0.430667 0.100406 0.430479 0.100125 0.430292 0.099719 0.430104 0.098328 0.429917 0.097484 0.430854 0.097359 0.433812 0.097906 0.436604 0.098469 0.437896 0.097766 0.439187 0.096516 0.439375 0.096234 0.436792 0.095688 0.434938 0.094437 0.435125 0.094016 0.437146 0.094297 0.438813 0.093328 0.439938 0.092906 0.441604 0.093594 0.443083 0.094578 0.444562 0.096234 0.446042 0.097078 0.446792 0.097359 0.450312 0.097359 0.452167 0.096234 0.456979 0.095688 0.462542 0.095547 0.465687 0.095406 0.469021 0.095125 0.470521 0.094984 0.476062 0.094984 0.478854 0.095125 0.482750 0.093187 0.483771 0.093328 0.486542 0.093328 0.487479 0.093875 0.488771 0.095828 0.488771 0.096516 0.488771 0.097219 0.486917 0.097766 0.484313 0.099016 0.472271 0.099578 0.470417 0.100266 0.468563 0.100688 0.466354 0.100688 0.467271 0.101109 0.470042 0.102766 0.470792 0.102766 0.475417 0.102906 0.478021 0.102766 0.487479 0.104437 0.487479 0.105000 0.486542 0.105281 0.483021 0.105547 0.475979 0.106109 0.472458 0.106672 0.466896 0.106391 0.452542 0.105281 0.452167 0.103469 0.445687 0.103469 0.439750 0.102766 0.439562 0.102906 0.437896
0 0.112531 0.494167 0.114625 0.493875 0.117234 0.493875 0.117531 0.491792 0.115594 0.490500 0.114328 0.490500 0.114328 0.486729 0.114469 0.485042 0.115000 0.483458 0.115375 0.479667 0.115375 0.476896 0.115375 0.475896 0.115766 0.476250 0.117172 0.474354 0.117812 0.469542 0.117812 0.465958 0.117344 0.464292 0.117344 0.459458 0.117500 0.451458 0.117172 0.448521 0.117016 0.444333 0.117344 0.442854 0.117812 0.442854 0.118906 0.447062 0.120328 0.449792 0.120953 0.454187 0.121438 0.455250 0.122063 0.457979 0.124109 0.458396 0.125688 0.458396 0.126469 0.456708 0.125844 0.454187 0.122844 0.449375 0.122219 0.447271 0.121438 0.443479 0.120797 0.439500 0.120016 0.436979 0.117656 0.433417 0.115766 0.432771 0.114813 0.432354 0.114500 0.430687 0.114500 0.430042 0.115766 0.427312 0.115922 0.426896 0.115766 0.424583 0.115125 0.422917 0.114031 0.421437 0.111359 0.421646 0.110094 0.422500 0.109312 0.427958 0.109781 0.428583 0.110563 0.429833 0.110563 0.430687 0.110563 0.432146 0.108359 0.433208 0.106781 0.433833 0.105375 0.435083 0.105375 0.435083 0.105219 0.435292 0.104734 0.435937 0.103641 0.436354 0.103641 0.440750 0.103484 0.443687 0.103797 0.448521 0.104891 0.452312 0.106625 0.451458 0.107422 0.451250 0.108047 0.452729 0.108047 0.453979 0.108672 0.456708 0.108672 0.460063 0.108828 0.463229 0.108828 0.463437 0.108828 0.468479 0.108828 0.469521 0.108828 0.471208 0.108828 0.473729 0.108828 0.474354 0.110563 0.476875 0.112297 0.479604 0.111188 0.485688 0.111516 0.489042 0.112141 0.492188
0 0.217625 0.471542 0.217625 0.482292 0.217469 0.489979 0.217797 0.489083 0.218781 0.490187 0.218281 0.491292 0.217297 0.491500 0.215484 0.491729 0.214828 0.491729 0.214172 0.487563 0.214344 0.473292 0.214016 0.471104 0.213016 0.469125 0.211875 0.471542 0.212359 0.487125 0.212531 0.489979 0.210891 0.489750 0.209234 0.488646 0.209406 0.468479 0.209406 0.468479 0.209406 0.462979 0.209406 0.457500 0.209406 0.455083 0.207266 0.454438 0.207766 0.450708 0.208578 0.446312 0.208250 0.441708 0.210063 0.438854 0.210891 0.437333 0.212031 0.434687 0.210391 0.432063 0.211219 0.426792 0.214828 0.425917 0.215984 0.430521 0.216484 0.434042 0.219281 0.437771 0.221578 0.440833 0.221250 0.446979 0.220266 0.450271 0.218781 0.455979 0.218281 0.464521 0.217953 0.468917
0 0.227172 0.491542 0.226531 0.490271 0.226062 0.482896 0.226531 0.465854 0.228109 0.459750 0.228437 0.450292 0.227328 0.450708 0.224484 0.458917 0.223375 0.459542 0.222594 0.458708 0.222281 0.458292 0.221641 0.453667 0.225281 0.440604 0.226859 0.437875 0.224797 0.431562 0.225906 0.426521 0.229531 0.424833 0.230484 0.425458 0.231109 0.427979 0.231906 0.431979 0.232531 0.434729 0.236172 0.436187 0.239797 0.439562 0.241219 0.441042 0.241844 0.445667 0.242000 0.452604 0.242484 0.462083 0.241844 0.464396 0.237578 0.466063 0.237750 0.472375 0.237750 0.479771 0.237266 0.481021 0.236641 0.489021 0.236641 0.491750 0.236797 0.498292 0.232688 0.497021 0.232688 0.487979 0.232688 0.480812 0.232688 0.478500 0.230328 0.478500 0.230797 0.485875 0.231109 0.491125 0.231437 0.494292 0.231109 0.496396 0.230328 0.497646 0.228906 0.497854 0.226859 0.497854 0.226219 0.495958 0.226219 0.493854
0 0.244672 0.437792 0.243250 0.433333 0.242094 0.424917 0.243891 0.420292 0.244156 0.419771 0.245828 0.416354 0.248531 0.416854 0.249938 0.421833 0.252266 0.430417 0.250844 0.435563 0.250844 0.441229 0.248531 0.444313 0.245828 0.445000 0.245312 0.440708
0 0.080109 0.444271 0.079641 0.439979 0.079187 0.435396 0.080797 0.433250 0.085375 0.435104 0.085844 0.445188 0.087453 0.446729 0.089969 0.454667 0.087672 0.460187 0.085844 0.464458 0.085844 0.473646 0.084922 0.481292 0.084688 0.488021 0.080563 0.488021 0.079187 0.479458 0.078500 0.467229 0.077813 0.460792 0.075281 0.458958 0.074828 0.453146 0.075062 0.445813 0.079422 0.442750
0 0.270891 0.438667 0.270891 0.431000 0.269859 0.428937 0.269344 0.427063 0.269219 0.424167 0.268969 0.421792 0.268969 0.420417 0.269344 0.419562 0.270250 0.418708 0.270891 0.418021 0.270891 0.416333 0.271266 0.414958 0.273578 0.415125 0.274078 0.416833 0.274078 0.417854 0.275750 0.419396 0.276250 0.420250 0.277281 0.421437 0.276516 0.423146 0.274984 0.428271 0.274594 0.430146 0.273703 0.432021 0.273438 0.434563 0.273578 0.437979 0.273578 0.439187 0.271531 0.440542
33 0.714813 0.250000 0.709172 0.248562 0.703438 0.254042 0.708094 0.256208 0.708531 0.263292 0.714813 0.258958 0.717516 0.255479
0 0.177281 0.465646 0.174109 0.481875 0.175172 0.466000 0.175172 0.439896 0.173578 0.437771 0.174906 0.429646 0.176484 0.426833 0.178875 0.427188 0.180453 0.430708 0.180453 0.437062 0.184953 0.442708 0.185219 0.448354 0.182578 0.463875 0.181781 0.491396 0.177281 0.489646
0 0.263578 0.416438 0.263125 0.410229 0.264484 0.408271 0.265312 0.407917 0.265578 0.404146 0.264313 0.402917 0.261203 0.404375 0.259016 0.409000 0.258281 0.417646 0.260750 0.421417 0.261484 0.428000 0.262109 0.430562 0.267594 0.432250 0.266953 0.423375 0.267687 0.419104 0.264313 0.417042 0.263578 0.416063
