0 0.125937 0.662368 0.117828 0.669665 0.117828 0.662368 0.118781 0.649928 0.117828 0.636770 0.114484 0.621412 0.107797 0.600215 0.103500 0.589258 0.100156 0.574641 0.099688 0.573158 0.097297 0.586340 0.090609 0.585598 0.087266 0.560000 0.093000 0.531507 0.097297 0.522727 0.102078 0.510287 0.112094 0.499330 0.113531 0.490550 0.119734 0.480311 0.131672 0.490550 0.130719 0.500789 0.136453 0.503708 0.146000 0.518325 0.151734 0.551244 0.151250 0.574641 0.150781 0.587057 0.142656 0.596555 0.140750 0.612656 0.130719 0.634569 0.126422 0.649211 0.126422 0.660909
0 0.205219 0.648732 0.210125 0.667129 0.207406 0.729809 0.210672 0.767416 0.216141 0.772440 0.227047 0.757392 0.234687 0.763230 0.240703 0.762392 0.237969 0.742344 0.246703 0.675478 0.249984 0.646220 0.261984 0.639545 0.255984 0.588565 0.255437 0.540096 0.232516 0.520024 0.231969 0.502488 0.230328 0.492464 0.225953 0.483254 0.221594 0.482416 0.211766 0.488278 0.210672 0.503325 0.212859 0.520024 0.189938 0.539258 0.186109 0.571842 0.182297 0.613636 0.192656 0.645407 0.203031 0.652919
0 0.704953 0.500766 0.709172 0.498182 0.712969 0.503971 0.720547 0.516890 0.725187 0.534952 0.728141 0.554952 0.726453 0.559474 0.723500 0.561411 0.718437 0.560120 0.718437 0.571100 0.724344 0.583995 0.727719 0.594330 0.728984 0.605311 0.725609 0.605957 0.721391 0.595622 0.712547 0.581411 0.712969 0.608517 0.711703 0.616268 0.708328 0.605957 0.707484 0.549809 0.704109 0.515598
0 0.802172 0.530861 0.809656 0.519402 0.815703 0.499785 0.819266 0.493780 0.824969 0.492153 0.822469 0.488876 0.825328 0.472512 0.829594 0.469258 0.832797 0.468158 0.837781 0.475789 0.838141 0.482344 0.837078 0.489426 0.836719 0.493780 0.850969 0.510694 0.852734 0.521579 0.850609 0.540670 0.847750 0.549928 0.843844 0.552129 0.843484 0.554306 0.839922 0.571746 0.838500 0.580478 0.839203 0.587010 0.836719 0.593565 0.841703 0.606651 0.851672 0.615909 0.851672 0.628995 0.847750 0.639904 0.843125 0.640455 0.840641 0.628995 0.839563 0.621914 0.831375 0.604450 0.831016 0.613182 0.829234 0.627368 0.828172 0.634450 0.819625 0.631723 0.815359 0.624091 0.816063 0.617010 0.821047 0.615909 0.823906 0.617536 0.822828 0.601722 0.821766 0.595191 0.818203 0.582105 0.817141 0.565742 0.817484 0.551579 0.817484 0.539043 0.818203 0.536842 0.819625 0.513947 0.810375 0.532488 0.803594 0.536842
0 0.034859 0.656411 0.052531 0.656411 0.054359 0.653612 0.062891 0.652679 0.063813 0.647560 0.061984 0.645215 0.054047 0.643804 0.053141 0.611148 0.054969 0.586890 0.057703 0.567297 0.060453 0.566364 0.058938 0.540215 0.056797 0.523900 0.058625 0.518756 0.061984 0.514091 0.061375 0.509880 0.057703 0.505694 0.054359 0.509426 0.051922 0.515478 0.047656 0.505215 0.048563 0.500550 0.051922 0.498230 0.052531 0.488421 0.058016 0.486555 0.052219 0.482368 0.049781 0.475359 0.044297 0.473038 0.040031 0.472560 0.036375 0.477225 0.035766 0.486100 0.036078 0.493086 0.035156 0.498230 0.029984 0.509880 0.028453 0.515024 0.029984 0.536029 0.030891 0.546746 0.029703 0.568636 0.031750 0.575359 0.032625 0.585670 0.032922 0.596890 0.032922 0.637249 0.033500 0.648469
0 0.054234 0.507010 0.056281 0.495646 0.064219 0.491340 0.072156 0.500742 0.070609 0.512488 0.077781 0.524641 0.079062 0.545024 0.077266 0.565383 0.077016 0.573995 0.087500 0.607703 0.081109 0.614354 0.086219 0.628852 0.080078 0.634330 0.076250 0.616699 0.068828 0.613182 0.065750 0.592034 0.064219 0.591244 0.062422 0.626507 0.062422 0.636699 0.058844 0.639043 0.053719 0.635909 0.053219 0.630813 0.055266 0.628062 0.056031 0.591244 0.056797 0.572823 0.061906 0.565789 0.056797 0.523062 0.061406 0.516794 0.061656 0.511316 0.058594 0.505455
0 0.154094 0.525861 0.150031 0.540096 0.153516 0.552536 0.159609 0.558325 0.163109 0.568995 0.163109 0.577895 0.178797 0.579234 0.173266 0.567679 0.173266 0.548995 0.174141 0.544091 0.173562 0.533421 0.168625 0.532966 0.162234 0.530742 0.165141 0.516077 0.166297 0.513397 0.161656 0.509833 0.154969 0.512512
26 0.259250 0.519330 0.253250 0.529665 0.253250 0.534258 0.256672 0.540646 0.262250 0.540646 0.264594 0.536220 0.263844 0.528206 0.263641 0.525072 0.261172 0.523110
26 0.850031 0.580335 0.841922 0.584402 0.832406 0.578421 0.841922 0.552273 0.843734 0.554426
26 0.066859 0.577105 0.071313 0.574833 0.071313 0.569139 0.072438 0.561723 0.075406 0.559450 0.078016 0.562297 0.080250 0.571986 0.081734 0.580526 0.084703 0.590789 0.086938 0.599330 0.086562 0.608445 0.078750 0.612440 0.070578 0.612440 0.069828 0.611292 0.068719 0.607297 0.068344 0.598182 0.068719 0.593062 0.065359 0.579952
26 0.721453 0.563612 0.721453 0.573804 0.721453 0.580455 0.723000 0.585957 0.723766 0.590646 0.726828 0.590646 0.729906 0.589091 0.731687 0.585167 0.731438 0.582033 0.731438 0.576555 0.731438 0.571842 0.729391 0.564402 0.728875 0.562057 0.728109 0.558517 0.725812 0.551866 0.722484 0.554211 0.722234 0.560096
0 0.181078 0.566794 0.181484 0.570478 0.184672 0.571077 0.186078 0.566196 0.188469 0.547536 0.188266 0.538349 0.189266 0.530407 0.190078 0.525191 0.190469 0.520598 0.190469 0.514785 0.188672 0.504091 0.186672 0.497966 0.188266 0.494593 0.188266 0.487871 0.184281 0.486029 0.182281 0.490933 0.180484 0.495215 0.180078 0.498565 0.179484 0.508062 0.179688 0.521818 0.179484 0.528876 0.181078 0.533756 0.180875 0.547823 0.180875 0.567105
6 0.500578 0.620622 0.527234 0.641029 0.522797 0.584330 0.550938 0.586603 0.552422 0.659163 0.582031 0.684115 0.595359 0.684115 0.596844 0.652368 0.596844 0.616077 0.598328 0.582081 0.617578 0.582081 0.626469 0.597943 0.616094 0.620622 0.604250 0.629689 0.619063 0.629689 0.626469 0.650096 0.627953 0.672775 0.624984 0.690909 0.702000 0.677321 0.715328 0.661435 0.710891 0.618349 0.706437 0.573014 0.699031 0.538995 0.702000 0.495909 0.697563 0.473230 0.675344 0.455096 0.657562 0.441483 0.627953 0.439211 0.596844 0.446029 0.476891 0.455096 0.497625 0.504976 0.499094 0.532177 0.503547 0.602488
6 0.325828 0.474713 0.425625 0.441005 0.481406 0.476962 0.496078 0.526411 0.488750 0.623038 0.460859 0.652249 0.434438 0.663493 0.378672 0.641005 0.375734 0.641005 0.355188 0.625287 0.305281 0.488206 0.315563 0.476962
