73 0.103688 0.469882 0.064313 0.475812 0.053484 0.290494 0.088922 0.284565
73 0.201906 0.462847 0.203406 0.314188 0.170500 0.311929 0.177984 0.458329
73 0.100797 0.525482 0.113000 0.698047 0.120312 0.694376 0.114953 0.680423 0.120797 0.646659 0.116406 0.559247 0.115922 0.545294 0.119828 0.526941 0.119828 0.521812
65 0.460922 0.650635 0.499750 0.613482 0.512812 0.640800 0.492141 0.659388 0.468188 0.656118 0.461656 0.651176
73 0.153734 0.325224 0.157969 0.459459 0.179203 0.458400 0.174953 0.312447
73 0.120297 0.029247 0.131844 0.029247 0.138437 0.180000 0.134047 0.184965 0.131297 0.184965 0.120297 0.033388
73 0.129609 0.462635 0.120500 0.305624 0.141750 0.302588 0.150859 0.461106
73 0.103328 0.293106 0.115969 0.294635 0.125078 0.470682 0.106359 0.460776 0.100281 0.309882
73 0.024922 0.289459 0.027281 0.340941 0.031406 0.403506 0.036703 0.478047 0.030219 0.477600 0.029641 0.472729 0.022563 0.368447 0.018141 0.291247
73 0.198922 0.003388 0.195922 0.003388 0.192938 0.005624 0.200422 0.188071 0.222844 0.190306 0.218359 0.149765 0.218359 0.134000 0.209391 0.003388 0.198922 0.001129 0.197422 0.001129
65 0.357500 0.829271 0.363094 0.848518 0.366687 0.848518 0.379063 0.838282 0.385859 0.821435 0.378266 0.801600 0.358687 0.826847
73 0.174984 0.052918 0.191437 0.052918 0.207891 0.176800 0.198922 0.176800 0.185453 0.061929
73 0.138250 0.605506 0.133234 0.614047 0.124234 0.519506 0.131578 0.520518
73 0.192125 0.360047 0.192359 0.343365 0.192578 0.324965 0.194391 0.308635 0.196656 0.308635 0.212719 0.311012 0.212484 0.339953 0.213625 0.401271 0.214078 0.432941 0.211359 0.440447 0.204578 0.450659 0.194391 0.444518 0.196875 0.380824
73 0.085422 0.679012 0.070500 0.553176 0.094375 0.696988 0.089906 0.703741
0 0.343219 0.988400 0.064172 0.986141 0.111922 0.741200 0.164156 0.525459 0.222344 0.426588 0.241750 0.390635 0.282047 0.352424 0.285031 0.269294 0.277562 0.208612 0.295469 0.152424 0.323828 0.116471 0.347703 0.098494 0.408891 0.105247 0.461109 0.156918 0.482000 0.251318 0.486484 0.298494 0.471562 0.332212 0.458125 0.390635 0.437234 0.419859 0.411875 0.460306 0.402922 0.467035 0.373062 0.462541 0.365609 0.440071 0.347703 0.480518 0.368594 0.556918 0.365609 0.635576 0.362625 0.680518 0.361125 0.714235 0.414859 0.655812 0.450672 0.626588 0.479016 0.619859 0.476031 0.637835 0.459625 0.642329 0.493937 0.671529 0.501406 0.669294 0.493937 0.694000 0.479016 0.723224 0.461109 0.747929 0.426797 0.752424 0.389484 0.792894 0.323828 0.867035 0.349187 0.846824 0.340234 0.927718 0.337250 0.981647
62 0.809031 0.997929 0.659922 0.848235 0.657156 0.796259 0.664062 0.340965 0.679250 0.303529 0.875297 0.349271 0.999547 0.372141 1.000000 0.787953 0.974687 0.790024 0.934656 0.914753 0.922234 0.937624 0.947078 1.000000 0.810406 1.000000 0.810406 1.000000
