0 1.000000 1.000000 0.905000 0.999142 0.925438 0.829414 0.933812 0.765607 0.942203 0.700377 0.943250 0.683556 0.954250 0.617636 0.969953 0.596590 0.985672 0.580460 0.990391 0.570523 1.000000 0.547385 0.999562 0.529289 0.981594 0.527887 0.974672 0.516799 0.972953 0.478389 0.967766 0.451088 0.959813 0.450167 0.957406 0.441841 0.963969 0.428870 0.960859 0.406213 0.961547 0.384456 0.965344 0.382615 0.971563 0.383996 0.981938 0.361318 0.989188 0.346527 0.982141 0.335879 0.979172 0.322134 0.982141 0.314519 0.990797 0.311757 1.000000 0.312364
2 0.126766 0.557322 0.079828 0.528305 0.061781 0.515418 0.062984 0.499310 0.082234 0.497699 0.117141 0.486423 0.146016 0.488033 0.197766 0.496088 0.239875 0.539582 0.251906 0.550879 0.259125 0.578264 0.274781 0.583096 0.278391 0.618536 0.277187 0.628201 0.263938 0.639477 0.254312 0.626590 0.196562 0.637866 0.178500 0.639477 0.155641 0.604038 0.148422 0.584707 0.129172 0.560544
2 0.208656 0.471590 0.268578 0.463494 0.302672 0.456862 0.310906 0.456862 0.331250 0.471590 0.351047 0.482636 0.370281 0.503243 0.395016 0.513536 0.399969 0.520900 0.408219 0.540042 0.421953 0.573891 0.424703 0.588619 0.420312 0.604079 0.403266 0.612908 0.377422 0.615126 0.337844 0.622469 0.317500 0.621736 0.310906 0.595251 0.302672 0.575377 0.308156 0.531213 0.319156 0.559916 0.318062 0.567280 0.327953 0.567280 0.327953 0.560649 0.329047 0.547406 0.324656 0.533410 0.319156 0.520167 0.292766 0.498075 0.277922 0.489247 0.261984 0.480418 0.236703 0.473787 0.240000 0.500293 0.247141 0.512071 0.252094 0.533410 0.252094 0.544456 0.248234 0.545188 0.240000 0.537824 0.229000 0.525314 0.214156 0.516485 0.198766 0.507657 0.192172 0.501025 0.193813 0.491464 0.198766 0.482636
0 0.490047 0.595732 0.493922 0.598515 0.498047 0.597113 0.499859 0.591590 0.497281 0.586046 0.499094 0.575690 0.501922 0.571883 0.505547 0.560126 0.505547 0.545586 0.505516 0.530377 0.505000 0.514121 0.507078 0.508243 0.509391 0.502720 0.512750 0.495795 0.511984 0.483682 0.510953 0.470900 0.504234 0.462950 0.497781 0.462950 0.497000 0.458787 0.495969 0.448075 0.489766 0.445649 0.485125 0.450481 0.487437 0.457406 0.487187 0.463640 0.485125 0.467427 0.482000 0.469017 0.479313 0.473598 0.476266 0.480293 0.473203 0.484226 0.469172 0.483745 0.468078 0.485858 0.468813 0.489142 0.472844 0.489958 0.478344 0.488975 0.482125 0.489142 0.483719 0.487657 0.484578 0.494686 0.482609 0.500105 0.482000 0.502385 0.485656 0.516297 0.487938 0.525753 0.484750 0.537364 0.487938 0.548661 0.490000 0.561172 0.492953 0.578870 0.492047 0.586192 0.491359 0.591695
7 0.540250 0.544331 0.542172 0.519812 0.536391 0.512071 0.539766 0.489477 0.528672 0.468828 0.525297 0.468828 0.524828 0.452699 0.520484 0.448180 0.514703 0.457218 0.514219 0.467531 0.511328 0.471402 0.499281 0.461715 0.495906 0.446234 0.488672 0.442364 0.484812 0.446234 0.485297 0.468828 0.474219 0.478494 0.473250 0.481736 0.470844 0.427531 0.530609 0.418494 0.568203 0.421067 0.573016 0.446883 0.570125 0.448180 0.563859 0.454623 0.557594 0.456569 0.550844 0.466234 0.550359 0.477866 0.547953 0.484958 0.548922 0.515941 0.552297 0.516569 0.553266 0.541109 0.541687 0.541109 0.542172 0.515941 0.534938 0.506904 0.536875 0.509477 0.533016 0.519812 0.530125 0.523682 0.531094 0.542385 0.519516 0.544331 0.509875 0.512699 0.506984 0.540460 0.510844 0.546904
2 0.762344 0.454289 0.746984 0.489540 0.739859 0.509372 0.739859 0.519644 0.739859 0.531402 0.739859 0.543159 0.740406 0.549017 0.742609 0.549017 0.743703 0.549017 0.743703 0.540941 0.744250 0.538013 0.790328 0.544623 0.829266 0.541674 0.832016 0.522594 0.833234 0.506423 0.827422 0.483745 0.817734 0.453285 0.764000 0.453285
0 0.455125 0.700586 0.475031 0.683054 0.475031 0.664121 0.475031 0.652197 0.469797 0.626255 0.467172 0.614331 0.473453 0.591883 0.479734 0.565941 0.480797 0.542803 0.488641 0.529477 0.483938 0.507029 0.479734 0.495816 0.471891 0.489498 0.466125 0.484582 0.461406 0.481778 0.459844 0.478285 0.462984 0.464958 0.461406 0.454435 0.458797 0.446715 0.450938 0.444623 0.446750 0.446025 0.440453 0.449519 0.437844 0.454435 0.437313 0.460042 0.437313 0.467761 0.437844 0.475481 0.437844 0.481778 0.432078 0.489498 0.421078 0.501423 0.414797 0.509142 0.410594 0.514038 0.406938 0.514749 0.398547 0.511946 0.393844 0.515439 0.393313 0.521067 0.400125 0.525962 0.405359 0.525272 0.412703 0.521757 0.416891 0.518954 0.423172 0.515439 0.428937 0.512636 0.433125 0.509142 0.434172 0.507741 0.435219 0.517552 0.434703 0.521757 0.431031 0.523159 0.431547 0.528075 0.438359 0.532992 0.444125 0.565941 0.437844 0.584875 0.438359 0.619247 0.438359 0.655000 0.438891 0.669728 0.439406 0.680251 0.442031 0.687280 0.445687 0.692887 0.450938 0.696381 0.452500 0.696381 0.454078 0.695690
0 0.243906 0.481987 0.259047 0.481987 0.275875 0.493243 0.291016 0.500000 0.306156 0.511255 0.321297 0.520272 0.328016 0.572071 0.322969 0.569812 0.314562 0.542782 0.314562 0.578828 0.317922 0.619372 0.312875 0.686946 0.306156 0.693703 0.287641 0.691444 0.277562 0.684686 0.280922 0.653159 0.269141 0.599100 0.265781 0.592343 0.250641 0.583326 0.250641 0.545042 0.243906 0.524770 0.238859 0.504498
2 0.379438 0.513808 0.374281 0.513808 0.367391 0.510753 0.353641 0.493096 0.362812 0.480816 0.416109 0.478515 0.437891 0.474686 0.437891 0.476987 0.429297 0.490021 0.417250 0.507678 0.395484 0.516109 0.403500 0.526862 0.419547 0.572887 0.443047 0.563682 0.441891 0.531464 0.416687 0.526862
0 0.562406 0.455439 0.565406 0.469561 0.571813 0.474079 0.574062 0.487197 0.575953 0.504331 0.577828 0.513891 0.574437 0.517929 0.571437 0.506841 0.570312 0.517929 0.568422 0.556736 0.568047 0.565293 0.561641 0.562782 0.552609 0.560774 0.554875 0.534561 0.551859 0.517929 0.549234 0.515418 0.546594 0.511883 0.549234 0.480649 0.551859 0.473075 0.555625 0.470063 0.553750 0.463494 0.556000 0.457950
2 0.642141 0.460523 0.642141 0.460523 0.661625 0.460021 0.662750 0.457008 0.667625 0.457008 0.670234 0.456004 0.673234 0.458515 0.682234 0.460021 0.687109 0.470544 0.680359 0.481590 0.679234 0.485105 0.687859 0.496632 0.689359 0.505167 0.690844 0.506674 0.689719 0.518703 0.689719 0.526736 0.690094 0.529749 0.682234 0.532762 0.680734 0.538787 0.680359 0.544791 0.673234 0.545293 0.671734 0.540795 0.654125 0.541297 0.653375 0.524728 0.658625 0.522218 0.655250 0.513703 0.653000 0.500649 0.654125 0.495628 0.652625 0.493619 0.650750 0.486611 0.650375 0.482092 0.642516 0.476569 0.640266 0.475063 0.638766 0.467531 0.637266 0.462029 0.632766 0.460523 0.627156 0.466527 0.626406 0.472552 0.629781 0.481088 0.628281 0.484603 0.625281 0.489121 0.623781 0.492615 0.622656 0.496632 0.626781 0.498640 0.626781 0.504665 0.626406 0.508180 0.629406 0.511193 0.629406 0.520711 0.632766 0.523222 0.633891 0.540293 0.617406 0.541297 0.616281 0.538787 0.615531 0.538787 0.615906 0.545795 0.606922 0.545795 0.604297 0.540795 0.604297 0.534770 0.603172 0.526736 0.602797 0.512699 0.605797 0.503661 0.606922 0.496130 0.614781 0.485607 0.619281 0.472552 0.624906 0.463033 0.632766 0.458515 0.637266 0.458515 0.637859 0.460837 0.642453 0.460837
41 0.883781 0.671109 0.880031 0.652510 0.895047 0.645962 0.916828 0.647971 0.919844 0.674623 0.904844 0.693075 0.890375 0.698870 0.897609 0.730502 0.923156 0.725335 0.917859 0.714372 0.906766 0.714372 0.902906 0.711778 0.899547 0.705335
0 0.695000 0.462113 0.695000 0.452573 0.699281 0.456381 0.700703 0.462113 0.700703 0.464017 0.700703 0.469728 0.706406 0.473536 0.706406 0.481172 0.706406 0.483075 0.706406 0.490711 0.706406 0.496423 0.706406 0.498326 0.706406 0.509770 0.709250 0.538368 0.709250 0.547908 0.702125 0.553619 0.697859 0.551715 0.697859 0.551715 0.693578 0.553619 0.692156 0.525021 0.692156 0.519310 0.692156 0.511674 0.686469 0.494519 0.682187 0.486883 0.680766 0.483075 0.686469 0.477364 0.689313 0.469728 0.692156 0.467824 0.692156 0.467824 0.692156 0.465921 0.692156 0.460188 0.690734 0.456381
0 0.511578 0.471987 0.516344 0.467029 0.517938 0.451423 0.521641 0.448598 0.526406 0.452845 0.526406 0.469163 0.532766 0.469163 0.539656 0.486883 0.539656 0.495398 0.537000 0.502490 0.534359 0.510272 0.534359 0.520921 0.532234 0.523745 0.533297 0.543598 0.535406 0.565586 0.535406 0.581904 0.524297 0.581904 0.524297 0.581904 0.522172 0.582615 0.520578 0.577636 0.525359 0.573389 0.526406 0.564874 0.524297 0.554247 0.515297 0.523745 0.511047 0.521632 0.508406 0.507448 0.511578 0.497510 0.510000 0.473410
36 0.431563 0.706987 0.457469 0.707636 0.459875 0.699916 0.486750 0.683222 0.495859 0.688368 0.499219 0.680000 0.496344 0.678075 0.489141 0.673577 0.491547 0.667803 0.476188 0.665879 0.464672 0.681946 0.452187 0.691569 0.446438 0.687071 0.429641 0.694791 0.428203 0.705711
0 0.634734 0.567803 0.632891 0.538284 0.632891 0.523515 0.631781 0.514665 0.627375 0.510732 0.625172 0.500879 0.624438 0.493996 0.627016 0.483661 0.628484 0.480209 0.628109 0.475795 0.627750 0.470858 0.628484 0.462992 0.636937 0.459059 0.638766 0.462992 0.639141 0.469393 0.642078 0.475293 0.646859 0.478243 0.649438 0.479728 0.652375 0.486130 0.654578 0.496464 0.654203 0.509749 0.657156 0.516632 0.658250 0.520565 0.658625 0.524498 0.655312 0.527469 0.653844 0.534351 0.652734 0.542218 0.653469 0.546151 0.656047 0.551088 0.651266 0.556485 0.648703 0.556485 0.645750 0.553054 0.644281 0.548117 0.643547 0.539268 0.642078 0.545167 0.642453 0.550586 0.641719 0.562406 0.641719 0.569791 0.642453 0.574707 0.641719 0.578138 0.638031 0.578640 0.634359 0.578640
2 0.720219 0.506193 0.736766 0.506444 0.736953 0.500962 0.733609 0.493494 0.728766 0.487761 0.728766 0.476820 0.729141 0.463368 0.714266 0.463117 0.702547 0.466109 0.706078 0.470586 0.713328 0.481799 0.718172 0.498473 0.718719 0.505711
36 0.269547 0.688473 0.264422 0.689895 0.257359 0.690502 0.256453 0.693912 0.256906 0.698347 0.259766 0.703389 0.264875 0.705000 0.266375 0.699351 0.266531 0.697134 0.267438 0.695523 0.272844 0.693912 0.276609 0.695126 0.276906 0.701172 0.280062 0.704393 0.283375 0.704184 0.285781 0.701967 0.285937 0.692301 0.284437 0.692510 0.291203 0.690293 0.302484 0.694519 0.312562 0.686067 0.326547 0.674979 0.329703 0.679414 0.330766 0.684854 0.335719 0.684644 0.338578 0.683452 0.339484 0.682238 0.338578 0.677197 0.337828 0.674184 0.333172 0.673787 0.332266 0.672761 0.333469 0.666925 0.333016 0.664519 0.319625 0.662301 0.308641 0.667322 0.288484 0.677406 0.268031 0.688682
24 0.271937 0.496590 0.272531 0.491820 0.275781 0.488264 0.282578 0.487866 0.289687 0.490251 0.298859 0.503305 0.283766 0.496192 0.281984 0.500146 0.280813 0.507678 0.293828 0.526297 0.289984 0.528264 0.286719 0.527092 0.271047 0.503305 0.256250 0.515983 0.258031 0.520753 0.263656 0.540544 0.261281 0.542531 0.255063 0.534205 0.250922 0.522720 0.251516 0.515983
2 0.819109 0.457322 0.830766 0.494331 0.833203 0.506653 0.835453 0.511088 0.836156 0.507824 0.840703 0.470523 0.836312 0.459205 0.835969 0.456025 0.820078 0.454665 0.818047 0.457385
9 0.520828 0.138891 0.527828 0.134916 0.528359 0.126255 0.537781 0.126255 0.541016 0.128787 0.546125 0.193326 0.532125 0.196569 0.528359 0.194393 0.519469 0.196569 0.518937 0.183954 0.525125 0.181778 0.530250 0.179623 0.530250 0.168452 0.525391 0.172762 0.520828 0.177448 0.518125 0.170962 0.520016 0.162678 0.527016 0.158703 0.527828 0.151862 0.521359 0.152218 0.516516 0.153661 0.514094 0.147176 0.514359 0.140314 0.520281 0.137448
36 0.523156 0.581255 0.536297 0.580439 0.537313 0.577720 0.539531 0.576381 0.539937 0.579623 0.538516 0.583410 0.537313 0.582594 0.534734 0.586213 0.534109 0.587594 0.533078 0.586757 0.531406 0.586067 0.531625 0.582720 0.530578 0.582866 0.530062 0.584665 0.529234 0.585502 0.526422 0.585230 0.526109 0.584247 0.525391 0.584665 0.523313 0.585084 0.523313 0.588159 0.519984 0.586904 0.520609 0.583431 0.520391 0.581611
0 0.563281 0.463556 0.566734 0.459540 0.566266 0.451109 0.570516 0.448577 0.574453 0.448577 0.576031 0.452364 0.575406 0.459540 0.580766 0.462280 0.582328 0.466088 0.585328 0.478745 0.583750 0.490335 0.584547 0.494351 0.582016 0.498766 0.580922 0.504895 0.579969 0.527866 0.578875 0.533368 0.577609 0.541590 0.573828 0.542636 0.569891 0.544121 0.570516 0.532510 0.568156 0.527238 0.567844 0.515649 0.568953 0.502782 0.570516 0.499833 0.570516 0.492238 0.571000 0.487594 0.570359 0.478305 0.570672 0.472406 0.568156 0.469038 0.566422 0.469038
24 0.505453 0.494665 0.503172 0.468954 0.502484 0.466213 0.502031 0.464372 0.500656 0.462531 0.498375 0.462845 0.497922 0.464372 0.497687 0.465293 0.483750 0.467134 0.482609 0.468347 0.482609 0.489456 0.482609 0.496506 0.484672 0.496799
36 0.482562 0.611548 0.480656 0.606444 0.483203 0.601778 0.488281 0.601360 0.488281 0.597950 0.493031 0.597531 0.498109 0.599644 0.500656 0.594979 0.500328 0.592427 0.507312 0.591590 0.510484 0.593703 0.508266 0.598808 0.506359 0.603473 0.505406 0.606444 0.503500 0.607301 0.502234 0.612824 0.498750 0.614100 0.496203 0.611966 0.493672 0.610272 0.490172 0.611548 0.485422 0.611548
9 0.896453 0.353033 0.922750 0.352029 0.921625 0.380690 0.899453 0.379665 0.897203 0.353033
0 0.740047 0.515586 0.735922 0.500502 0.728406 0.490460 0.728406 0.461799 0.733656 0.456255 0.734047 0.446715 0.738547 0.445711 0.743047 0.457259 0.749812 0.468828 0.748313 0.493975 0.741172 0.512071
9 0.566844 0.187657 0.546922 0.189268 0.544531 0.120460 0.564047 0.119916
36 0.635063 0.581213 0.626922 0.586653 0.632187 0.592741 0.638406 0.590502 0.642953 0.587929 0.646547 0.584080 0.650375 0.580879 0.651328 0.576402 0.651328 0.576402 0.647984 0.570962 0.647031 0.571276 0.645828 0.575439 0.642719 0.578954 0.638891 0.581527
36 0.702328 0.542531 0.692766 0.544142 0.687984 0.543075 0.680797 0.544142 0.680609 0.547197 0.692469 0.546674 0.691375 0.548933 0.694859 0.551464 0.700437 0.550816 0.704125 0.548808 0.704328 0.544268 0.708313 0.542259 0.705625 0.542008
9 0.792516 0.422427 0.799859 0.423515 0.799859 0.431151 0.794156 0.432259 0.793750 0.425146
0 0.003391 0.396820 0.049109 0.380962 0.055891 0.405900 0.060969 0.439916 0.055891 0.503410 0.116859 0.539686 0.130406 0.548745 0.159203 0.594100 0.182906 0.616778 0.193062 0.657594 0.213391 0.732427 0.213391 0.793661 0.204922 0.820858 0.176141 0.820858 0.172750 0.820858 0.171047 0.866213 0.198156 0.922908 0.204922 0.988661 0.033875 0.988661 0.015250 0.965983 0.015250 0.986402
