9 0.131297 0.220563 0.193203 0.220563 0.193203 0.384991 0.127547 0.382739
9 0.518516 0.226004 0.569672 0.227655 0.573812 0.292420 0.571734 0.382064 0.526797 0.384559 0.511594 0.382064 0.513672 0.237617 0.513672 0.229325 0.517812 0.226004
2 0.513750 0.964034 0.513750 0.954240 0.515109 0.952383 0.516406 0.949118 0.516922 0.947411 0.525281 0.946942 0.529422 0.947711 0.531234 0.950281 0.532984 0.953302 0.533172 0.955947 0.534141 0.956342 0.534406 0.957899 0.533234 0.959681 0.533109 0.961388 0.533172 0.963415 0.532469 0.965047 0.525531 0.965272 0.525141 0.965122 0.524828 0.963189 0.522500 0.961632 0.521906 0.963640 0.517578 0.964034
2 0.473344 0.962946 0.479703 0.962946 0.482156 0.964409 0.483625 0.963827 0.483875 0.962645 0.485578 0.963227 0.488031 0.965291 0.490484 0.964409 0.490484 0.961463 0.490234 0.958818 0.489750 0.950582 0.487797 0.944709 0.483625 0.941463 0.470891 0.941463 0.467703 0.945591 0.466484 0.949118 0.465984 0.952645 0.465984 0.955891 0.466234 0.958818 0.466719 0.961764 0.466969 0.962345 0.467953 0.962345 0.471141 0.962946
2 0.863094 0.961238 0.867422 0.961388 0.867688 0.956848 0.873641 0.956848 0.874047 0.953265 0.894203 0.953114 0.894063 0.972120 0.879047 0.972758 0.871750 0.971782 0.866063 0.973565 0.862953 0.971951 0.860797 0.967411 0.862953 0.967242 0.862547 0.961876 0.863906 0.961557
2 0.144984 0.941520 0.126734 0.941520 0.123656 0.946135 0.117234 0.948612 0.118250 0.959099 0.120312 0.959719 0.123906 0.962195 0.126484 0.961876 0.129047 0.959719 0.146016 0.959418 0.139078 0.949850
9 0.461531 0.913471 0.467562 0.914259 0.468422 0.928218 0.464984 0.927186 0.463906 0.925628 0.460672 0.922008 0.463250 0.920450
2 0.043875 0.956398 0.051531 0.956210 0.051531 0.948161 0.050906 0.938799 0.043719 0.940094 0.043094 0.939362 0.036078 0.940094 0.036078 0.945910 0.038891 0.945722 0.038422 0.948349 0.036703 0.950413 0.035609 0.955272 0.042625 0.955835
9 0.490078 0.920488 0.489656 0.913508 0.496750 0.913771 0.496109 0.926435 0.489656 0.927205
9 0.548547 0.915441 0.553656 0.915272 0.553656 0.919981 0.553594 0.926210 0.553312 0.926867 0.548344 0.927298 0.547781 0.916022
11 0.217625 0.925910 0.215172 0.926173 0.213828 0.927655 0.213266 0.928724 0.213266 0.932083 0.213719 0.934240 0.214828 0.934766 0.218641 0.934503 0.219641 0.933827 0.220547 0.931144 0.220547 0.928462 0.219984 0.926454
9 0.519016 0.914559 0.524766 0.914728 0.526156 0.918480 0.525203 0.920582 0.522000 0.921632 0.520109 0.921276 0.519234 0.919625 0.517922 0.917692
