60 0.664281 0.797396 0.693500 0.849354 0.726625 0.901292 0.732469 0.981812 0.730516 0.987021 0.266891 0.984417 0.007797 1.000000 0.003891 0.833771 0.000000 0.825979 0.048703 0.802604 0.023375 0.862333 0.048703 0.948042 0.163641 0.953250 0.253250 0.854542 0.262984 0.792208 0.225969 0.719479 0.409094 0.620771 0.432469 0.672729 0.461688 0.670125 0.483109 0.644146 0.533766 0.677917 0.590266 0.672729 0.609734 0.636354 0.648703 0.714292 0.726625 0.675333 0.712984 0.558437 0.775328 0.600000 0.798703 0.618188 0.833766 0.662333 0.792859 0.750646 0.783109 0.776625 0.736359 0.711687
44 0.056187 0.752187 0.065719 0.745250 0.069172 0.752187 0.083047 0.779896 0.121156 0.843437 0.148016 0.850375 0.148016 0.875792 0.136750 0.885021 0.119422 0.889646 0.109031 0.873479 0.105562 0.848063 0.109031 0.841125 0.053578 0.756792
58 0.671609 0.279667 0.697766 0.298937 0.682922 0.399021 0.671281 0.404375 0.672078 0.386708 0.654016 0.365292 0.631938 0.377062 0.622703 0.401688 0.608656 0.397417 0.604641 0.298396 0.625922 0.282875 0.652812 0.282875 0.666062 0.158042 0.682109 0.049937 0.692953 0.009792 0.694953 0.000688 0.709000 0.003896 0.692547 0.058500 0.678500 0.136167 0.668859 0.208479 0.661641 0.274854 0.660844 0.286083
41 0.428672 0.669229 0.444109 0.676083 0.459547 0.670750 0.469266 0.657042 0.475547 0.633417 0.469266 0.595312 0.465266 0.577021 0.449250 0.561000 0.422391 0.570917 0.417250 0.597583 0.415531 0.637229 0.415531 0.648646 0.425812 0.666187 0.430969 0.669229
43 0.053359 0.774292 0.049203 0.779333 0.049203 0.786375 0.051094 0.793396 0.057500 0.799438 0.071078 0.829604 0.082391 0.853250 0.093703 0.880396 0.114453 0.922125 0.118969 0.932187 0.122000 0.933187 0.125016 0.934188 0.126141 0.931687 0.127656 0.924646 0.126141 0.911563 0.114453 0.877875 0.094094 0.844688 0.086922 0.832125 0.071453 0.797437 0.064297 0.780333 0.062031 0.775813
51 0.544766 0.962333 0.535203 0.934687 0.551141 0.905979 0.563109 0.907042 0.576656 0.977208 0.580641 0.995271 0.547953 0.999521 0.547156 0.975083 0.540781 0.962333
51 0.457078 0.859771 0.464813 0.836521 0.467922 0.826729 0.473719 0.822583 0.485734 0.821042 0.492312 0.821042 0.498891 0.826208 0.498109 0.844792 0.503922 0.859771 0.485734 0.910875 0.453203 0.899000 0.438484 0.885062
42 0.184359 0.855500 0.190250 0.856875 0.195797 0.856875 0.197531 0.855500 0.199969 0.853188 0.201359 0.838833 0.202750 0.812458 0.201359 0.796271 0.193719 0.787937 0.194422 0.762021 0.196500 0.742604 0.198234 0.714375 0.199969 0.705583 0.191641 0.703729 0.184703 0.707438 0.183313 0.718542 0.184000 0.733333 0.189203 0.770354 0.189203 0.788396 0.187469 0.797188 0.180531 0.800438 0.180187 0.807833 0.179844 0.816167 0.180875 0.830979 0.180875 0.843458 0.183656 0.853646 0.184359 0.859187
51 0.498453 0.948000 0.525375 0.958146 0.534141 0.967104 0.538828 0.973354 0.539703 0.980750 0.545563 0.991688 0.547891 0.999479 0.500797 0.996750 0.477688 0.979979 0.481203 0.967500 0.485000 0.958917 0.489688 0.949938
56 0.311922 0.668021 0.313969 0.624354 0.317047 0.598437 0.308859 0.561604 0.305797 0.538417 0.342625 0.607979 0.366156 0.636625 0.339563 0.631167 0.328297 0.666646
51 0.588078 0.935646 0.597766 0.913750 0.596719 0.896333 0.592719 0.887625 0.588500 0.881167 0.582188 0.881729 0.579234 0.881729 0.576078 0.882563 0.572281 0.886771 0.568281 0.892667 0.566594 0.896042 0.565750 0.898021 0.566594 0.908125 0.566797 0.909521 0.568281 0.912063 0.569750 0.913750 0.569750 0.916833 0.569750 0.921042 0.569969 0.922729 0.570375 0.925542 0.571859 0.927229 0.573750 0.928917 0.574172 0.930604 0.572062 0.934521 0.571641 0.934812 0.573125 0.943229 0.575016 0.948854 0.576703 0.952500 0.579437 0.948021 0.583438 0.948583 0.584281 0.948583 0.584078 0.944083 0.584078 0.942104
39 0.767141 0.537479 0.760047 0.574646 0.767141 0.590187 0.768656 0.591542 0.788922 0.597604 0.796531 0.592875 0.817813 0.526667 0.796016 0.534771 0.782344 0.540854 0.766625 0.534104
51 0.421187 0.784396 0.419156 0.779875 0.418141 0.778958 0.418141 0.773979 0.421187 0.771708 0.425609 0.770354 0.429344 0.767646 0.432734 0.764917 0.436141 0.761292 0.438516 0.759042 0.439187 0.765375 0.433078 0.772167 0.430016 0.775333 0.428656 0.778063 0.425266 0.782125
51 0.572969 0.788792 0.539922 0.764750 0.538922 0.756750 0.566969 0.764750 0.570969 0.783437
51 0.406141 0.902792 0.417281 0.876333 0.427437 0.856333 0.431313 0.856333 0.444906 0.877500 0.424984 0.920021
0 0.329703 0.177708 0.331906 0.160104 0.335578 0.131750 0.348047 0.102396 0.360516 0.091646 0.386187 0.089687 0.397203 0.089687 0.417734 0.104354 0.433141 0.116083 0.444141 0.132729 0.450750 0.156188 0.453687 0.172833 0.452219 0.182604 0.447812 0.197271 0.444875 0.201188 0.462484 0.215854 0.477891 0.223687 0.491094 0.235417 0.502109 0.258896 0.514578 0.294104 0.526312 0.328354 0.531453 0.381167 0.531453 0.433021 0.533641 0.466271 0.534375 0.475062 0.533641 0.486813 0.565922 0.507354 0.576203 0.512250 0.567391 0.518104 0.557859 0.530833 0.557859 0.546479 0.533641 0.537667 0.511641 0.536687 0.492562 0.553312 0.473484 0.563104 0.467625 0.583646 0.463219 0.568979 0.441953 0.563104 0.428000 0.570937 0.423609 0.577771 0.421406 0.584625 0.418469 0.606146 0.416266 0.622771 0.366391 0.641354 0.351719 0.625708 0.339234 0.600271 0.323828 0.581688 0.313562 0.552354 0.310625 0.533750 0.304031 0.513229 0.300359 0.505396 0.279078 0.501479 0.269547 0.478000 0.263672 0.460396 0.258547 0.425187 0.263672 0.401708 0.263672 0.381167 0.260750 0.370417 0.261484 0.360625 0.261484 0.338125 0.261484 0.310750 0.269547 0.279438 0.275422 0.263792 0.291562 0.243250 0.299625 0.238354 0.312094 0.225646 0.327500 0.221729 0.322375 0.212938 0.322375 0.200208 0.323094 0.188479 0.326766 0.186521 0.328969 0.187500
0 0.288203 0.689896 0.257859 0.635958 0.266297 0.548312 0.262922 0.451687 0.234266 0.312354 0.215734 0.267417 0.166859 0.229208 0.112922 0.211229 0.097750 0.184271 0.101125 0.150562 0.102813 0.107875 0.075844 0.058417 0.028656 0.008979 0.000000 0.006750 0.001688 0.831458 0.048875 0.793250 0.057297 0.755062 0.064047 0.732583 0.075844 0.761792 0.107859 0.748313 0.160109 0.723604 0.183703 0.719104 0.217422 0.728083 0.252813 0.716854
0 0.805625 0.008979 0.797188 0.085396 0.844375 0.087646 0.884828 0.215729 0.847750 0.388771 0.753375 0.388771 0.717984 0.404500 0.728094 0.460667 0.751687 0.534833 0.814047 0.534833 0.862922 0.507875 0.891578 0.528083 0.783703 0.791021 0.724719 0.667417 0.716297 0.507875 0.687641 0.496625 0.670781 0.541583 0.610109 0.415729 0.586516 0.460667 0.559547 0.503375 0.562922 0.564042 0.567984 0.602250 0.672469 0.757313 0.719656 0.907875 0.994375 0.905625 0.997750 0.002250 0.810672 0.002250
