3 0.363234 0.449771 0.369953 0.485646 0.348094 0.496854 0.351453 0.532729 0.405266 0.530500 0.433859 0.557396 0.452359 0.604479 0.470859 0.611208 0.568391 0.644833 0.539797 0.781604 0.536438 0.806271 0.534750 0.835417 0.623875 0.848875 0.618828 0.817479 0.595297 0.795062 0.627234 0.649333 0.628922 0.602250 0.521297 0.561875 0.539797 0.523771 0.563344 0.505833 0.632281 0.505833 0.655828 0.499104 0.670969 0.476687 0.632281 0.445292 0.554937 0.416146 0.528031 0.357854 0.654141 0.353354 0.723094 0.478917 0.748313 0.496854 0.755047 0.523771 0.753359 0.564125 0.746641 0.631396 0.743281 0.658292 0.761766 0.703146 0.768500 0.756958 0.768500 0.810771 0.744953 0.866813 0.723094 0.887000 0.689469 0.878021 0.655828 0.855604 0.628922 0.869062 0.571750 0.866813 0.533078 0.860083 0.521297 0.873542 0.482625 0.909417 0.452359 0.873542 0.443953 0.938563 0.425453 0.963229 0.405266 0.983417 0.368281 0.987896 0.332953 0.978917 0.306047 0.963229 0.292594 0.943042 0.285875 0.916146 0.277469 0.864583 0.238797 0.846646 0.257281 0.779375 0.275781 0.685208 0.235422 0.584312 0.258969 0.537229 0.326234 0.534979 0.326234 0.460979
0 0.496437 0.225896 0.450938 0.212396 0.425656 0.225896 0.410484 0.250604 0.407109 0.295542 0.422281 0.320271 0.422281 0.327021 0.397000 0.351729 0.383516 0.387688 0.383516 0.423646 0.375094 0.486563 0.381828 0.531500 0.427328 0.547229 0.442500 0.610167 0.488016 0.630375 0.558797 0.652854 0.573969 0.652854 0.543625 0.762958 0.531828 0.792188 0.530141 0.821396 0.572281 0.837125 0.611047 0.846104 0.617781 0.830375 0.614406 0.823646 0.595875 0.803417 0.585766 0.787687 0.590813 0.756229 0.614406 0.679812 0.624531 0.614646 0.619469 0.592188 0.595875 0.574208 0.550375 0.574208 0.526766 0.562958 0.518344 0.524771 0.523406 0.488813 0.594187 0.509042 0.622844 0.518021 0.622844 0.504542 0.641375 0.504542 0.676766 0.482062 0.676766 0.464083 0.670031 0.455104 0.654859 0.452854 0.634641 0.457354 0.622844 0.461833 0.597562 0.457354 0.560484 0.428125 0.545313 0.414646 0.530141 0.387688 0.516656 0.367458 0.504859 0.358479 0.489688 0.347229 0.482953 0.349479 0.482953 0.338250 0.503172 0.327021 0.506547 0.306792 0.521719 0.259604 0.514969 0.243875 0.498125 0.225896
0 0.188766 0.752813 0.188766 0.737083 0.188766 0.683146 0.195500 0.658417 0.173594 0.635958 0.171906 0.591021 0.173594 0.537083 0.192141 0.503375 0.203938 0.474167 0.219094 0.447187 0.241016 0.444938 0.271344 0.487646 0.291578 0.539333 0.257859 0.559542 0.244375 0.602250 0.239328 0.638208 0.239328 0.667417 0.246062 0.710104 0.251125 0.743813 0.225844 0.755062 0.200563 0.755062
0 0.106828 0.372021 0.125750 0.363604 0.136562 0.345583 0.146469 0.340771 0.145562 0.329958 0.142859 0.316750 0.154578 0.302333 0.168094 0.305937 0.174406 0.315542 0.169906 0.337167 0.163594 0.343187 0.177109 0.347979 0.182516 0.373208 0.178906 0.392437 0.167203 0.411667 0.159094 0.421271 0.166297 0.452521 0.175312 0.453729 0.186125 0.447708 0.188828 0.475354 0.193328 0.505396 0.191531 0.519812 0.185219 0.535417 0.170797 0.525813 0.158187 0.489771 0.149172 0.462125 0.139266 0.445312 0.132953 0.440500 0.136562 0.411667 0.128453 0.394854 0.110422 0.380437 0.107719 0.376812
0 0.170406 0.424708 0.175750 0.400792 0.181078 0.380729 0.184484 0.378146 0.193703 0.367146 0.195641 0.365854 0.191750 0.360042 0.191266 0.360042 0.188359 0.354854 0.188844 0.348396 0.190781 0.338688 0.191750 0.329646 0.192719 0.329646 0.195156 0.326396 0.198063 0.325750 0.204375 0.323812 0.211641 0.327708 0.215047 0.331583 0.217469 0.334813 0.216500 0.341271 0.216016 0.343229 0.213094 0.358104 0.214563 0.363271 0.224250 0.367792 0.232016 0.369729 0.232500 0.373625 0.233469 0.378146 0.236391 0.382021 0.238812 0.383979 0.240266 0.387854 0.239781 0.393021 0.236391 0.400792 0.225719 0.406604 0.223281 0.415021 0.223281 0.420188 0.223281 0.427958 0.223281 0.433771 0.221828 0.434417 0.219891 0.435062 0.219891 0.444771 0.217953 0.451875 0.211156 0.460938 0.207281 0.468708 0.200969 0.479688 0.194672 0.498458 0.193219 0.501687 0.185453 0.450583 0.189328 0.442187 0.189328 0.440229 0.182547 0.437000 0.179625 0.432479 0.175750 0.429250
0 0.096672 0.766167 0.099375 0.773729 0.093422 0.780937 0.080719 0.782375 0.073422 0.784917 0.069359 0.784917 0.065844 0.779500 0.068547 0.770854 0.072062 0.757875 0.075578 0.750292 0.079094 0.744521 0.076938 0.742729 0.080453 0.737312 0.083156 0.726854 0.081266 0.717125 0.081531 0.709917 0.081266 0.701979 0.082344 0.691896 0.084234 0.682875 0.084234 0.674583 0.083969 0.665937 0.082062 0.659813 0.080172 0.634937 0.076391 0.610062 0.073422 0.604646 0.069906 0.616542 0.067203 0.625917 0.066922 0.634937 0.065844 0.639979 0.062875 0.647917 0.061250 0.652958 0.059094 0.658375 0.057469 0.663062 0.055844 0.671708 0.054484 0.678917 0.052328 0.690812 0.051250 0.696938 0.049359 0.705229 0.049359 0.712812 0.048266 0.719292 0.046656 0.722187 0.050969 0.727583 0.050172 0.730479 0.049359 0.736604 0.049359 0.738771 0.049891 0.747063 0.052875 0.756063 0.053141 0.762188 0.052875 0.765437 0.051781 0.768333 0.043406 0.773375 0.037187 0.780583 0.017984 0.785271 0.014203 0.785271 0.009344 0.784187 0.007719 0.773375 0.014469 0.767604 0.023125 0.762563 0.024750 0.754625 0.025563 0.745250 0.024750 0.741292 0.023937 0.739125 0.025016 0.729021 0.028000 0.710271 0.029344 0.699833 0.032047 0.685042 0.030422 0.673875 0.028531 0.661604 0.028797 0.633500 0.029078 0.609688 0.030156 0.595271 0.030156 0.588062 0.030969 0.546958 0.028797 0.544083 0.030969 0.527854 0.030969 0.519938 0.033406 0.469104 0.035297 0.449625 0.035297 0.443500 0.030703 0.431604 0.021781 0.427646 0.007438 0.421146 0.002844 0.418625 0.000406 0.418271 0.000141 0.369604 0.007438 0.370313 0.019875 0.372833 0.024484 0.369958 0.031234 0.372125 0.035297 0.371396 0.039625 0.369604 0.055578 0.368875 0.061516 0.369604 0.066125 0.367792 0.069625 0.365625 0.070438 0.362396 0.068016 0.354458 0.068016 0.347958 0.067203 0.338583 0.068016 0.328500 0.068281 0.326333 0.071531 0.317688 0.075578 0.313354 0.079094 0.310479 0.087484 0.307958 0.091531 0.306146 0.095859 0.306875 0.104516 0.311563 0.107484 0.316958 0.109656 0.321292 0.110187 0.334979 0.109375 0.341479 0.108563 0.343646 0.108844 0.349417 0.105594 0.353729 0.103437 0.356250 0.102891 0.359500 0.102891 0.370313 0.106406 0.377167 0.109656 0.382583 0.117766 0.386187 0.127500 0.392312 0.133172 0.398083 0.134797 0.402396 0.135609 0.412500 0.136141 0.422229 0.135328 0.428000 0.133719 0.441708 0.132625 0.451063 0.128844 0.479917 0.126141 0.482792 0.121813 0.480271 0.113969 0.482083 0.109375 0.486042 0.111812 0.499021 0.112891 0.508396 0.112891 0.516333 0.115594 0.528938 0.121547 0.549500 0.122891 0.553458 0.117766 0.559583 0.114781 0.579063 0.114250 0.588792 0.114250 0.597792 0.111812 0.609333 0.110187 0.633500 0.106672 0.651521 0.106953 0.668458 0.103703 0.705229 0.101531 0.723625 0.099375 0.740562 0.103969 0.750667 0.108031 0.757146 0.104781 0.762563 0.099641 0.764000 0.095859 0.764354
0 0.223016 0.435896 0.223016 0.428167 0.225328 0.408083 0.236922 0.400354 0.240406 0.384896 0.232297 0.375625 0.232297 0.370979 0.232297 0.353979 0.240406 0.330812 0.247359 0.324625 0.254312 0.321542 0.267062 0.327708 0.269375 0.333896 0.271703 0.343167 0.272859 0.367896 0.280969 0.383354 0.294891 0.398812 0.305312 0.442083 0.313438 0.480729 0.304156 0.547188 0.284453 0.533271 0.277500 0.527083 0.270547 0.513188 0.267062 0.476083 0.264750 0.452896 0.220703 0.446729 0.220703 0.432813
0 0.343828 0.374958 0.346500 0.379708 0.358516 0.382083 0.367422 0.392771 0.376781 0.418312 0.383469 0.443250 0.382578 0.459292 0.379906 0.528771 0.353625 0.538271 0.353172 0.505021 0.364312 0.497292 0.362531 0.450375 0.336250 0.449187 0.323344 0.454542 0.325563 0.500271 0.337141 0.506208 0.337141 0.513333 0.335359 0.540646 0.323781 0.535896 0.299734 0.543021 0.309531 0.476521 0.312203 0.464625 0.303734 0.414167 0.293500 0.398708 0.298844 0.388021 0.313984 0.380896 0.317094 0.372583 0.309078 0.358937 0.313531 0.334000 0.328234 0.327458 0.340266 0.336375 0.344266 0.341708 0.346500 0.360708
0 0.920844 0.425042 0.913937 0.398292 0.910188 0.391604 0.903906 0.384937 0.905797 0.369042 0.907672 0.358187 0.905797 0.348146 0.903906 0.342312 0.897641 0.341458 0.891375 0.342312 0.890750 0.344812 0.885734 0.353167 0.890125 0.361521 0.888875 0.373229 0.888875 0.374896 0.886359 0.374896 0.885109 0.374896 0.875078 0.379917 0.871312 0.383250 0.868812 0.389937 0.868188 0.394958 0.868188 0.408333 0.865672 0.422542 0.865672 0.431729 0.868188 0.442604 0.868188 0.451792 0.866313 0.466833 0.865047 0.478542 0.865047 0.501938 0.865672 0.516146 0.868188 0.542042 0.870063 0.558771 0.870687 0.570458 0.872578 0.588854 0.873828 0.599708 0.880719 0.602229 0.890125 0.598875 0.893266 0.593875 0.891375 0.587188 0.900156 0.587188 0.903906 0.587188 0.905797 0.588854 0.908922 0.588854 0.910188 0.582167 0.907672 0.572146 0.903281 0.566292 0.900781 0.562104 0.900781 0.550417 0.901406 0.545396 0.901406 0.535354 0.900156 0.516146 0.900156 0.510292 0.898906 0.495250 0.900156 0.476854 0.901406 0.462646 0.903906 0.456813 0.910812 0.456813 0.912687 0.458479 0.911438 0.453458 0.905797 0.445938 0.910188 0.433396 0.915828 0.429229
0 0.947281 0.512708 0.949828 0.529250 0.949516 0.539000 0.950781 0.558062 0.955859 0.588583 0.954594 0.597062 0.942203 0.601292 0.944422 0.607667 0.951094 0.609771 0.960953 0.606375 0.966359 0.604688 0.970484 0.600458 0.973344 0.586042 0.971766 0.550438 0.975578 0.551292 0.983203 0.570354 0.987969 0.587313 0.993703 0.605104 0.999422 0.607229 1.000000 0.600875 1.000000 0.584354 1.000000 0.565687 0.998469 0.550021 0.992734 0.538146 0.998781 0.535604 1.000000 0.523729 0.997516 0.501271 0.993703 0.490667 0.994328 0.479646 0.999734 0.468625 1.000000 0.395312 0.997828 0.388104 0.995609 0.378354 0.994969 0.370292 0.993703 0.358000 0.990203 0.351229 0.986391 0.348687 0.977797 0.350792 0.968906 0.356729 0.968578 0.374542 0.968578 0.381750 0.972391 0.391479 0.962219 0.402938 0.961906 0.415646 0.960000 0.448708 0.958406 0.475833 0.956188 0.488979 0.955547 0.497021 0.956188 0.505938 0.955234 0.511438
0 0.648484 0.357563 0.648484 0.353583 0.648047 0.345042 0.645922 0.335917 0.649766 0.333083 0.655312 0.330792 0.666000 0.331937 0.671547 0.336500 0.674969 0.347313 0.676672 0.358708 0.677953 0.365542 0.681812 0.371812 0.686500 0.374083 0.694625 0.373521 0.695047 0.376937 0.699328 0.391750 0.701453 0.400292 0.704453 0.415667 0.707438 0.423646 0.707859 0.428771 0.706156 0.436750 0.704453 0.439604 0.677109 0.396875 0.658312 0.369542 0.650187 0.361000
0 0.953922 0.353333 0.944766 0.359229 0.940687 0.373271 0.936266 0.407229 0.938984 0.450708 0.961734 0.442542 0.961406 0.419458 0.963437 0.404062 0.966500 0.395000 0.964109 0.371896 0.963437 0.357875 0.958344 0.351979
67 0.335016 0.432583 0.333578 0.438917 0.347422 0.437271 0.347219 0.430375
67 0.224797 0.526292 0.223859 0.511292 0.235734 0.510042 0.237609 0.527958 0.230734 0.527125 0.229484 0.534208 0.226672 0.528792
0 0.764000 0.505333 0.741781 0.628771 0.765859 0.638667 0.773266 0.574458 0.799188 0.572000 0.801047 0.576937 0.795484 0.631250 0.825109 0.641125 0.838078 0.626312 0.828812 0.604083 0.828812 0.579396 0.851047 0.562104 0.851047 0.510271 0.860297 0.468292 0.856594 0.364583 0.836234 0.354708 0.826969 0.305333 0.797344 0.278167 0.767703 0.332479 0.730672 0.396688 0.771406 0.413958
