0 0.068375 0.281710 0.068375 0.262881 0.075062 0.255340 0.075062 0.247822 0.075906 0.237775 0.079250 0.226487 0.087641 0.226487 0.094328 0.226487 0.102703 0.240281 0.101875 0.255340 0.096844 0.262881 0.120297 0.315597 0.126156 0.323138 0.126156 0.340726 0.133703 0.360796 0.142078 0.428595 0.141234 0.431101 0.148781 0.454965 0.152125 0.458712 0.161344 0.459977 0.169719 0.463747 0.166359 0.470023 0.148781 0.476300 0.145422 0.477541 0.132859 0.476300 0.097687 0.378384 0.079250 0.318126 0.070875 0.286745
0 0.106797 0.284754 0.108516 0.279625 0.100359 0.269344 0.099078 0.260351 0.106797 0.250070 0.119219 0.255855 0.123516 0.269977 0.124375 0.275761 0.124797 0.285410 0.133375 0.296323 0.138516 0.310468 0.143656 0.318806 0.146656 0.329087 0.151797 0.339368 0.153094 0.347073 0.158656 0.347728 0.159516 0.350281 0.159516 0.359297 0.153937 0.358642 0.151797 0.357354 0.157797 0.377283 0.159094 0.399766 0.160797 0.408759 0.159953 0.423536 0.165094 0.438314 0.171516 0.446019 0.180094 0.444098 0.179234 0.452436 0.165516 0.453724 0.155656 0.455012 0.148797 0.452436 0.148797 0.438314 0.143234 0.402318 0.136797 0.380492 0.134656 0.358009 0.129078 0.341288 0.127375 0.323302 0.119656 0.304684 0.117078 0.305972 0.110656 0.291194
0 0.048719 0.301920 0.032641 0.274215 0.016578 0.268197 0.011750 0.280234 0.019781 0.303115 0.011750 0.315152 0.010141 0.356112 0.025406 0.386206 0.039062 0.413911 0.063984 0.486159 0.072812 0.495785 0.078437 0.490984 0.074422 0.452436 0.074422 0.452436 0.072016 0.434379 0.086469 0.474122 0.089688 0.487354 0.115391 0.483747 0.109781 0.471710 0.102547 0.460866 0.080844 0.391030 0.087281 0.399461 0.087281 0.399461 0.088078 0.378993 0.069594 0.329602 0.056750 0.304309
0 0.205516 0.404988 0.202234 0.404988 0.197141 0.405527 0.194953 0.402248 0.192391 0.395691 0.192031 0.388033 0.189109 0.380937 0.187297 0.368361 0.185109 0.356347 0.179266 0.348689 0.175984 0.337775 0.173078 0.330117 0.172344 0.319742 0.174531 0.309344 0.175266 0.295691 0.174531 0.289133 0.180000 0.286956 0.182922 0.290773 0.185109 0.302248 0.185109 0.308267 0.189844 0.311546 0.192766 0.323560 0.194219 0.336136 0.198953 0.345410 0.197859 0.356885 0.200781 0.365082 0.202234 0.373841 0.202969 0.386393 0.204797 0.394052 0.206609 0.400070 0.205516 0.402787 0.203328 0.403888
0 0.855406 0.237002 0.855406 0.230890 0.859859 0.224778 0.857500 0.222178 0.858000 0.215340 0.859734 0.210703 0.855156 0.210328 0.857266 0.206815 0.859734 0.204590 0.864062 0.198829 0.864188 0.195316 0.863437 0.191991 0.864547 0.187728 0.866031 0.188267 0.868875 0.190117 0.870125 0.192155 0.870484 0.194941 0.872219 0.200141 0.873203 0.204403 0.873328 0.209040 0.873328 0.212553 0.873078 0.215878 0.871844 0.221452 0.870609 0.226628 0.870984 0.231827 0.870734 0.237752 0.866281 0.237939 0.865906 0.229040 0.864188 0.228852 0.860219 0.232927 0.860719 0.237190
0 0.289047 0.299321 0.288344 0.297213 0.287234 0.293864 0.288906 0.290304 0.291281 0.289672 0.293109 0.292810 0.293797 0.295972 0.292828 0.299742 0.291422 0.300375 0.293375 0.304754 0.293375 0.309789 0.294500 0.312927 0.296313 0.316276 0.298547 0.318384 0.299672 0.321522 0.298000 0.324239 0.298000 0.327588 0.298547 0.331148 0.301344 0.339321 0.304141 0.345199 0.306375 0.346229 0.310156 0.344988 0.309875 0.348759 0.306375 0.351265 0.304422 0.351686 0.303453 0.350000 0.301906 0.347283 0.300375 0.344567 0.299531 0.341850 0.296875 0.339532 0.297016 0.344567 0.297719 0.348970 0.298828 0.351686 0.299812 0.354614 0.297719 0.355667 0.294359 0.355035 0.293375 0.354403 0.293656 0.350422 0.293516 0.347073 0.293375 0.343091 0.292969 0.334098 0.291562 0.328009 0.290594 0.325293 0.289328 0.321311 0.288344 0.315246 0.286953 0.307283 0.286391 0.302248 0.287516 0.299953
36 0.181000 0.354731 0.184766 0.354731 0.189234 0.362482 0.191594 0.360023 0.190406 0.349087 0.195125 0.349789 0.200766 0.381194 0.202891 0.386112 0.204531 0.397424 0.204531 0.402717 0.200531 0.406230 0.194406 0.407658 0.189938 0.395995 0.189703 0.389649 0.185703 0.369180 0.183812 0.364239 0.184063 0.361077
0 0.780672 0.234731 0.780672 0.229415 0.781375 0.224824 0.785156 0.224824 0.783750 0.221991 0.783750 0.218454 0.786109 0.217377 0.788469 0.217752 0.789875 0.220211 0.789406 0.225878 0.791531 0.228712 0.792953 0.232600 0.793422 0.237541 0.779969 0.235082
0 0.727812 0.190656 0.730906 0.210539 0.730906 0.233232 0.731219 0.246651 0.731219 0.251733 0.731219 0.257283 0.737078 0.257283 0.744172 0.249415 0.744172 0.235995 0.742016 0.225363 0.740156 0.207775 0.742938 0.200375 0.745406 0.195269 0.740781 0.180023
0 0.765656 0.236674 0.777734 0.236393 0.777734 0.232834 0.769859 0.220492 0.769313 0.217752 0.765469 0.215831 0.763469 0.218852 0.762906 0.222670 0.763094 0.225691 0.765844 0.225972 0.766016 0.227073 0.764922 0.230351 0.763094 0.232834 0.763469 0.234192 0.765109 0.236932
0 0.709078 0.739789 0.746469 0.710656 0.747969 0.690468 0.724031 0.679251 0.718047 0.665808 0.715062 0.656838 0.712062 0.638899 0.707578 0.611991 0.707578 0.591827 0.715062 0.587330 0.715062 0.553700 0.700094 0.531288 0.700094 0.488689 0.704578 0.470749 0.704578 0.446066 0.704578 0.421405 0.692625 0.394496 0.692625 0.365363 0.692625 0.313794 0.689625 0.273419 0.710563 0.251007 0.725531 0.235316 0.724031 0.210656 0.743484 0.192717 0.753953 0.177026 0.768906 0.154590 0.797328 0.138899 0.825750 0.132178 0.845203 0.123208 0.836234 0.091827 0.827250 0.082857 0.811922 0.083583 0.791344 0.112881 0.735781 0.131405 0.705953 0.156066 0.662734 0.177658 0.646281 0.177658 0.630844 0.180749 0.634953 0.166862 0.624672 0.134473 0.605125 0.111358 0.588656 0.106721 0.575281 0.114426 0.557797 0.128314 0.546469 0.169953 0.543391 0.205410 0.554703 0.240890 0.521781 0.256300 0.502234 0.260937 0.480625 0.257845 0.465187 0.257845 0.441531 0.260937 0.424047 0.260937 0.405516 0.240890 0.392141 0.245504 0.385969 0.264005 0.387000 0.277892 0.396266 0.291780 0.415812 0.288689 0.436391 0.291780 0.467250 0.299485 0.486797 0.305644 0.502234 0.301030 0.515609 0.296393 0.526922 0.331874 0.568078 0.327237 0.583516 0.385831 0.590719 0.419766 0.584547 0.441358 0.577344 0.449063 0.575281 0.466019 0.550594 0.504590 0.539266 0.532342 0.530016 0.580398 0.517672 0.608150 0.517672 0.657611 0.524875 0.690117 0.514578 0.754895 0.498125 0.805902 0.510469 0.825948 0.539266 0.824403 0.544422 0.804356 0.550594 0.770422 0.548531 0.724169 0.565000 0.684075 0.581453 0.633185 0.593797 0.606979 0.606156 0.576136 0.617469 0.552998 0.627750 0.536042 0.649359 0.576136 0.662734 0.605433 0.668906 0.617775 0.673031 0.654778 0.678172 0.693326 0.686406 0.724169 0.694625 0.745761
36 0.547250 0.829204 0.670188 0.800000 0.674688 0.815738 0.662687 0.829204 0.670188 0.860679 0.694172 0.880890 0.704672 0.856183 0.703172 0.831452 0.716672 0.806745 0.724156 0.800000 0.722656 0.777518 0.713672 0.764051 0.772141 0.687635 0.748156 0.689883 0.700172 0.746066 0.629703 0.761803 0.545750 0.804496 0.505266 0.806745 0.479781 0.811241 0.469281 0.826955 0.502266 0.829204
