0 0.112703 0.730708 0.115516 0.723188 0.114109 0.700625 0.111297 0.694979 0.115516 0.669583 0.115516 0.652667 0.107062 0.642312 0.116234 0.626333 0.119750 0.620687 0.116937 0.608458 0.120453 0.600000 0.126109 0.598104 0.129625 0.600938 0.131750 0.616917 0.138797 0.611271 0.136688 0.590583 0.135266 0.584000 0.139500 0.586833 0.143734 0.605646 0.144438 0.613167 0.140906 0.623500 0.140203 0.648896 0.140203 0.686521 0.140203 0.700625 0.134563 0.727896 0.141625 0.731646 0.140906 0.735417 0.128219 0.735417 0.133156 0.701563 0.127516 0.687458 0.122578 0.701563 0.121172 0.735417 0.112000 0.736354
0 0.608828 0.737812 0.621328 0.723104 0.628672 0.715271 0.637500 0.716250 0.650000 0.720167 0.660297 0.727021 0.667641 0.728000 0.659562 0.735854 0.654406 0.740750 0.658828 0.749583 0.663234 0.761333 0.664703 0.768208 0.658094 0.766250 0.657344 0.772125 0.658094 0.783896 0.655875 0.789771 0.650734 0.784875 0.649266 0.791729 0.648531 0.801542 0.645594 0.807417 0.637500 0.805458 0.646328 0.812312 0.648531 0.820167 0.645594 0.837812 0.644859 0.861333 0.642641 0.881917 0.644859 0.896625 0.647797 0.916229 0.654406 0.949562 0.654406 0.962313 0.652203 0.977021 0.650734 0.993688 0.650000 1.000000 0.619125 1.000000 0.615438 0.993688 0.607359 0.967208 0.608828 0.928000 0.603672 0.892708 0.597797 0.869187 0.600000 0.834875 0.609563 0.815250 0.616172 0.802521 0.620594 0.795646 0.620594 0.780958 0.613969 0.766250 0.605891 0.759375 0.606625 0.742708 0.614703 0.733896
0 0.791625 0.744958 0.783125 0.721333 0.783500 0.711500 0.784234 0.684917 0.783875 0.681958 0.784609 0.672625 0.783125 0.668187 0.776859 0.668187 0.777234 0.678021 0.775750 0.689354 0.765781 0.691312 0.768734 0.695250 0.776484 0.697708 0.776859 0.742979 0.780547 0.745458 0.780922 0.725771 0.787187 0.747417
0 0.819859 0.784833 0.821453 0.792937 0.822031 0.798167 0.820578 0.802417 0.817969 0.804521 0.810000 0.804521 0.809422 0.805500 0.819141 0.813417 0.825656 0.824229 0.828984 0.852438 0.829125 0.880437 0.830719 0.895687 0.839266 0.926583 0.848969 0.957292 0.852891 0.975271 0.857953 0.988021 0.857953 0.996125 0.857375 1.000000 0.852016 1.000000 0.844484 1.000000 0.843609 0.992458 0.841000 0.976229 0.840578 0.966187 0.830719 0.946292 0.828547 0.953438 0.827969 0.959625 0.836656 0.988583 0.838109 1.000000 0.791328 1.000000 0.786250 0.997854 0.785234 0.990333 0.788859 0.991104 0.802906 0.997479 0.808703 0.996312 0.809000 0.989938 0.809859 0.978938 0.811016 0.950729 0.803641 0.948229 0.779297 0.940687 0.771484 0.937208 0.773656 0.907479 0.768438 0.881979 0.767125 0.872312 0.764672 0.838917 0.764813 0.830604 0.775094 0.809167 0.777844 0.806458 0.780750 0.803187 0.777266 0.793708 0.778000 0.787333 0.778859 0.780396 0.780172 0.758750 0.789297 0.746208 0.799578 0.736542 0.807687 0.736938 0.814062 0.741771 0.819281 0.751229 0.820578 0.763771 0.820719 0.780000
0 0.884125 0.807167 0.884859 0.740667 0.899531 0.707396 0.891453 0.693708 0.883391 0.673167 0.876781 0.642854 0.871656 0.629146 0.859906 0.635021 0.859172 0.657521 0.854781 0.699583 0.851109 0.728917 0.854781 0.738708 0.857703 0.763167 0.859172 0.804250 0.863578 0.812063 0.887047 0.809125
0 0.079687 0.846417 0.078188 0.838875 0.075547 0.834833 0.074406 0.830813 0.074781 0.825792 0.073656 0.820771 0.072141 0.814229 0.082703 0.789583 0.087609 0.784562 0.089500 0.782042 0.088734 0.774000 0.095531 0.766958 0.097797 0.766958 0.101188 0.767458 0.103828 0.768979 0.106094 0.772000 0.106844 0.776521 0.106094 0.782542 0.107219 0.786062 0.110609 0.788583 0.117406 0.804167 0.120047 0.811208 0.120422 0.814729 0.119281 0.821271 0.117031 0.825292 0.117031 0.827292 0.118531 0.837854 0.118906 0.839875 0.125328 0.843896 0.126078 0.848917 0.122687 0.852938 0.117406 0.855458 0.114391 0.857979 0.113250 0.862000 0.108734 0.863500 0.102688 0.861000 0.089875 0.858479 0.088359 0.858479 0.084969 0.859479 0.079687 0.853437
26 0.816125 0.917958 0.809703 0.951646 0.801562 0.949938 0.772453 0.939667 0.770734 0.911125 0.769453 0.888271 0.767734 0.880854 0.766891 0.910542 0.761750 0.975062 0.766453 0.981917 0.789578 0.992750 0.804141 1.000000 0.810125 1.000000 0.811422 0.980208 0.812703 0.955646 0.819125 0.921958
0 0.410516 0.735292 0.401359 0.735292 0.403188 0.695312 0.406125 0.687500 0.406484 0.684583 0.408688 0.675792 0.411234 0.666042 0.413797 0.655813 0.412703 0.648500 0.411969 0.640688 0.413438 0.632396 0.414531 0.622646 0.415625 0.618250 0.418563 0.618750 0.417094 0.638729 0.419656 0.645562 0.421109 0.639229 0.421844 0.636792 0.425875 0.636792 0.431000 0.639708 0.431000 0.648979 0.430625 0.651417 0.428797 0.654833 0.431719 0.657271 0.431719 0.659229 0.429891 0.665063 0.427703 0.673854 0.425500 0.684083 0.426234 0.688479 0.426609 0.692875 0.425141 0.700667 0.423672 0.722625 0.423672 0.738229 0.417094 0.736271 0.416359 0.700667 0.413078 0.703104 0.412344 0.713833
0 0.462844 0.810521 0.473703 0.809313 0.476422 0.798458 0.469187 0.783979 0.471891 0.773104 0.479141 0.765875 0.476422 0.750188 0.484562 0.741729 0.491813 0.740521 0.497250 0.756208 0.496344 0.768292 0.505391 0.769500 0.516250 0.809313 0.520781 0.826208 0.528016 0.826208 0.528016 0.832250 0.514437 0.831042 0.508109 0.825021 0.481859 0.829833 0.478234 0.839500 0.470984 0.834667 0.470984 0.827417 0.455609 0.822604
26 0.874687 0.668917 0.896203 0.712417 0.880594 0.735083 0.873297 0.743875 0.861156 0.720271 0.866016 0.701771 0.866016 0.698521 0.871562 0.697604 0.875031 0.699917 0.876078 0.699000 0.876422 0.691583 0.876078 0.682792 0.876766 0.675396 0.874000 0.668917
0 0.478375 0.742292 0.476734 0.719875 0.478375 0.703479 0.474687 0.697479 0.475094 0.673437 0.475094 0.653208 0.477969 0.637917 0.482891 0.633542 0.487813 0.639562 0.486984 0.649396 0.491500 0.656500 0.496000 0.663042 0.498875 0.671250 0.497234 0.677250 0.493547 0.686542 0.482891 0.690917 0.484937 0.699125 0.495594 0.699125 0.493953 0.736271 0.490266 0.741187 0.489031 0.738458 0.486984 0.725354 0.485750 0.712771 0.484937 0.714417 0.483703 0.732458 0.479203 0.742292
0 0.948734 0.793708 0.957953 0.791125 0.957953 0.791125 0.955047 0.772354 0.955047 0.772354 0.952625 0.760083 0.955047 0.749083 0.955047 0.749083 0.953594 0.746500 0.951656 0.739375 0.950688 0.730958 0.951656 0.724500 0.951656 0.717375 0.949703 0.716083 0.951656 0.708333 0.949703 0.701208 0.945344 0.697979 0.943891 0.696688 0.938062 0.699917 0.940500 0.712854 0.933703 0.717375 0.926906 0.715438 0.921578 0.719333 0.924000 0.726438 0.924000 0.726438 0.933703 0.729667 0.933703 0.729667 0.937094 0.729667 0.938547 0.737437 0.938062 0.754250 0.938547 0.769125 0.941469 0.782063 0.941953 0.789833 0.946797 0.791125 0.948250 0.795646
26 0.044516 0.690937 0.044000 0.715479 0.069766 0.707063 0.066078 0.684625 0.060297 0.666396 0.054516 0.667083 0.051359 0.684625 0.041891 0.685333
33 0.975875 0.377583 0.994609 0.359750 0.998625 0.348167 0.990266 0.348604 0.983906 0.359313 0.962844 0.377583 0.976219 0.377146
33 0.035687 0.294313 0.044453 0.299812 0.048078 0.297125 0.052562 0.292062 0.053062 0.288125 0.055172 0.284854 0.052391 0.281708 0.049859 0.280687 0.047750 0.281375 0.046312 0.282042 0.044797 0.283292 0.043437 0.284979 0.043016 0.286208 0.043359 0.287437 0.043859 0.288125 0.043781 0.289813 0.042516 0.291604 0.037375 0.289021 0.034156 0.288000 0.033156 0.287792 0.031625 0.288688 0.030531 0.290604 0.030875 0.291833 0.031469 0.293187 0.034156 0.294313 0.035344 0.294313 0.035594 0.294313
33 0.481937 0.334938 0.485234 0.331521 0.488172 0.329313 0.490469 0.328458 0.491469 0.330896 0.491469 0.333104 0.490656 0.335292 0.489734 0.338479 0.488906 0.339708 0.487906 0.340917 0.487719 0.341292 0.487344 0.344833 0.488172 0.352792 0.479469 0.365625 0.478547 0.363417 0.482313 0.357792 0.484047 0.354854 0.485141 0.352792 0.485234 0.349979 0.485875 0.346542 0.486062 0.345333 0.486156 0.343375 0.485422 0.341042 0.482766 0.341042 0.475703 0.349604 0.469094 0.358417 0.465703 0.361458 0.462406 0.362083 0.460391 0.359271 0.462406 0.358167 0.466719 0.356813 0.475063 0.345938
26 0.438625 0.651625 0.440859 0.651625 0.443078 0.663250 0.444703 0.680271 0.445516 0.686750 0.446125 0.691333 0.443687 0.698896 0.444500 0.706729 0.445516 0.707542 0.449766 0.700521 0.453813 0.698896 0.453609 0.686750 0.447141 0.685667 0.444906 0.669187 0.442484 0.652708 0.440656 0.648937 0.438422 0.650562
0 0.436094 0.670208 0.433375 0.682000 0.432688 0.688792 0.430656 0.697396 0.429969 0.706896 0.429641 0.721833 0.428281 0.731354 0.428953 0.737687 0.435062 0.737229 0.435406 0.732250 0.434734 0.718667 0.435406 0.711875 0.438469 0.702375 0.440844 0.697396 0.441187 0.711417 0.441187 0.723208 0.441859 0.732708 0.441859 0.736333 0.445594 0.736792 0.446953 0.736333 0.446953 0.723646 0.447297 0.709604 0.447969 0.704625 0.451703 0.698750 0.454094 0.698292 0.454094 0.690604 0.452391 0.684708 0.450687 0.680625 0.450687 0.676104 0.450344 0.672021 0.452047 0.660833 0.452047 0.655396 0.450344 0.652229 0.450016 0.641813 0.447969 0.636833 0.445250 0.634562 0.442547 0.635938 0.441187 0.639104 0.440500 0.643625 0.440500 0.647708 0.439484 0.653146 0.437437 0.655854 0.435750 0.657208 0.434734 0.658125 0.432688 0.660833 0.431672 0.661292 0.429297 0.667625 0.431000 0.670354 0.434047 0.670354 0.434734 0.670354
0 0.715172 0.687563 0.718578 0.680312 0.722984 0.677146 0.721297 0.669000 0.719938 0.665375 0.716875 0.659479 0.714844 0.654500 0.717547 0.652687 0.720266 0.653604 0.726047 0.649979 0.729109 0.649521 0.732844 0.652687 0.736578 0.659042 0.734531 0.668542 0.738953 0.676250 0.741672 0.676250 0.742000 0.691188 0.742344 0.704313 0.739297 0.711562 0.743031 0.721521 0.743031 0.731937 0.740312 0.741458 0.737594 0.759313 0.741672 0.791917 0.740312 0.802333 0.737594 0.794625 0.729437 0.782854 0.722313 0.777417 0.728766 0.764292 0.728766 0.739375 0.724687 0.724896 0.721297 0.710396 0.717547 0.694104
33 0.503188 0.580208 0.500422 0.582792 0.494734 0.582604 0.488797 0.582229 0.483125 0.582229 0.481453 0.581500 0.482016 0.578542 0.490031 0.579646 0.497922 0.579833 0.503328 0.577438 0.508297 0.570250 0.515219 0.565625 0.523656 0.573750 0.522422 0.576875 0.516875 0.586104 0.511906 0.589792 0.500281 0.598104 0.495297 0.600500 0.492672 0.600500 0.493219 0.598104 0.500422 0.595708 0.508438 0.589792 0.512031 0.585917 0.507187 0.582792
33 0.569500 0.527875 0.573297 0.532917 0.573297 0.534437 0.568750 0.542021 0.566469 0.538479 0.557000 0.550604 0.551313 0.557167 0.549422 0.558187 0.551313 0.551625 0.555109 0.547063 0.555859 0.543542 0.561172 0.536958 0.561547 0.535458 0.554344 0.538979 0.545641 0.547063 0.543750 0.546562 0.548672 0.539500 0.558141 0.533938 0.562688 0.533938
33 0.727063 0.456021 0.737281 0.446229 0.742391 0.443250 0.751969 0.436021 0.757703 0.436438 0.749734 0.445396 0.740469 0.451771 0.730563 0.457729 0.727687 0.460292 0.726422 0.456021
33 0.064391 0.407271 0.071453 0.402083 0.074656 0.403146 0.077047 0.404604 0.078031 0.408854 0.078437 0.412313 0.080531 0.412437 0.081719 0.408979 0.080328 0.404062 0.077844 0.401688 0.076547 0.398083 0.075453 0.392521 0.071562 0.390917 0.068375 0.391458 0.064484 0.392771 0.060500 0.394500 0.058609 0.397563 0.058406 0.403667 0.060297 0.410188 0.060891 0.417104 0.061687 0.418687 0.059406 0.424146 0.057312 0.428646 0.056906 0.432500 0.057609 0.433167 0.060500 0.430771 0.065484 0.422812 0.063891 0.414312
26 0.478766 0.667292 0.482516 0.689417 0.483406 0.695125 0.484656 0.698687 0.486437 0.700604 0.490375 0.698937 0.494828 0.697271 0.498031 0.696792 0.499281 0.696792 0.499109 0.691563 0.497141 0.686562 0.495891 0.683229 0.494656 0.681083 0.493219 0.682042 0.489297 0.684896 0.486797 0.685854 0.484844 0.685854 0.480563 0.665875 0.480563 0.665625
26 0.761297 0.729771 0.760781 0.751979 0.762109 0.759875 0.763266 0.761146 0.763734 0.763438 0.762984 0.764854 0.766125 0.777979 0.770813 0.778104 0.773016 0.775937 0.770047 0.764854 0.768047 0.762167 0.766031 0.758083 0.766984 0.751583 0.766125 0.744958 0.765469 0.740875 0.764031 0.737312 0.763547 0.734500 0.763547 0.728146 0.763172 0.727625 0.763172 0.727625 0.762219 0.727625 0.761453 0.729917
0 0.653937 0.975271 0.642141 0.856188 0.655625 0.793250 0.675844 0.770792 0.675844 0.741583 0.675844 0.696625 0.706187 0.671917 0.733141 0.710104 0.733141 0.748313 0.750000 0.802250 0.765172 0.887646 0.765172 0.961792 0.766859 0.988771
