0 0.267100 0.630627 0.253520 0.675672 0.247480 0.691433 0.226360 0.713970 0.214280 0.722985 0.208240 0.734239 0.206740 0.747761 0.206740 0.763522 0.220320 0.777015 0.218800 0.788298 0.200700 0.792806 0.185600 0.790537 0.188620 0.740985 0.193160 0.711702 0.214280 0.664418 0.223340 0.644149 0.220320 0.610358 0.218800 0.574328 0.209760 0.538298 0.199180 0.518030 0.191640 0.486478 0.191640 0.454955 0.191640 0.432418 0.194660 0.425672 0.190140 0.407672 0.187120 0.378388 0.187120 0.355851 0.199180 0.349104 0.212780 0.346836 0.224840 0.346836 0.238420 0.360358 0.233900 0.376119 0.232380 0.389642 0.233900 0.398657 0.242960 0.407672 0.250500 0.430179 0.255020 0.445940 0.256540 0.461701 0.258040 0.533791 0.259540 0.547284 0.271620 0.554060 0.282180 0.554060 0.292740 0.565313 0.301800 0.578836 0.312360 0.628388 0.313880 0.668925 0.303320 0.704955 0.298780 0.745493 0.300300 0.768030 0.300300 0.788298 0.286720 0.792806 0.274640 0.781522 0.264080 0.774776 0.262560 0.752239 0.264080 0.725224 0.273140 0.684687 0.282180 0.639642
36 0.286960 0.558478 0.294540 0.548925 0.291620 0.561075 0.292200 0.564567 0.299200 0.564567 0.303280 0.542836 0.302100 0.529791 0.299200 0.508060 0.296860 0.452418 0.291620 0.424597 0.293380 0.407224 0.293960 0.394179 0.291620 0.379403 0.274160 0.361164 0.263660 0.368985 0.256100 0.376806 0.260180 0.547164 0.274160 0.560209 0.262500 0.571522 0.282880 0.587164 0.276480 0.597582 0.264260 0.580209
36 0.781800 0.692806 0.774620 0.701582 0.766100 0.692806 0.765460 0.685015 0.758920 0.682060 0.751720 0.682060 0.749760 0.671343 0.752380 0.664507 0.757600 0.662567 0.762180 0.665493 0.763500 0.662567 0.762180 0.655731 0.724260 0.594239 0.712500 0.573731 0.712500 0.588388 0.708560 0.592299 0.700060 0.593254 0.693520 0.578627 0.685680 0.578627 0.677840 0.573731 0.681100 0.562030 0.686980 0.558119 0.690920 0.558119 0.693520 0.556179 0.681760 0.536657 0.677180 0.519075 0.681100 0.512269 0.681760 0.496627 0.690920 0.511284 0.709220 0.559105 0.737340 0.591313 0.768720 0.648896 0.784420 0.668418 0.789000 0.682060 0.800760 0.690866 0.808620 0.693791 0.811880 0.702567 0.806660 0.700627 0.794220 0.693791
0 0.158340 0.295224 0.140560 0.302448 0.133280 0.322985 0.134080 0.349522 0.130040 0.356776 0.129240 0.367642 0.115480 0.373672 0.109820 0.390567 0.091220 0.465403 0.096880 0.504000 0.100940 0.525731 0.098500 0.588507 0.105780 0.598149 0.109820 0.676597 0.114680 0.758687 0.111440 0.774358 0.113060 0.792478 0.126800 0.811791 0.146220 0.808179 0.142180 0.787642 0.138120 0.773164 0.141360 0.761104 0.131660 0.704358 0.133280 0.672985 0.138120 0.653672 0.137320 0.633164 0.139740 0.617463 0.141360 0.605403 0.159160 0.634358 0.168040 0.668149 0.166440 0.746597 0.160780 0.765910 0.164000 0.785224 0.175320 0.791284 0.181800 0.785224 0.190700 0.616269 0.178560 0.565582 0.165620 0.531761 0.166440 0.511254 0.177760 0.530567 0.186640 0.580060 0.197160 0.593343 0.202020 0.569194 0.192300 0.541433 0.181800 0.496776 0.180980 0.461761 0.173700 0.441254 0.175320 0.395403 0.170480 0.382119 0.183420 0.335045 0.187460 0.331433 0.183420 0.324179 0.173700 0.296418
0 0.307880 0.706985 0.320800 0.708179 0.329700 0.705761 0.323240 0.699731 0.314340 0.688866 0.311920 0.670776 0.316760 0.644209 0.320000 0.616448 0.317580 0.589910 0.320800 0.556119 0.331320 0.544030 0.329700 0.528358 0.315140 0.519910 0.310300 0.506627 0.311100 0.472836 0.314340 0.440239 0.319200 0.414896 0.320800 0.396806 0.315960 0.387134 0.315140 0.376269 0.319200 0.355761 0.315140 0.336448 0.303020 0.332836 0.298980 0.332836 0.286840 0.369045 0.286040 0.372657 0.290080 0.384716 0.295740 0.401612 0.291700 0.416119 0.286840 0.448687 0.296540 0.477672 0.298160 0.519910 0.301400 0.540418 0.298160 0.560955 0.295740 0.571791 0.307060 0.617672 0.314340 0.645433 0.311920 0.669552 0.306260 0.699731
0 0.921520 0.567224 0.921520 0.558597 0.922200 0.552030 0.916420 0.544776 0.918040 0.529254 0.917580 0.524776 0.915740 0.524090 0.914340 0.525463 0.913200 0.525821 0.912040 0.521672 0.913660 0.517194 0.916420 0.510298 0.919440 0.503731 0.921740 0.499940 0.921740 0.495791 0.924280 0.493731 0.925220 0.491642 0.923820 0.490269 0.923600 0.487522 0.924060 0.482328 0.926600 0.478896 0.929600 0.478209 0.931680 0.482687 0.932620 0.485433 0.932620 0.486806 0.932140 0.492328 0.934700 0.495433 0.935160 0.506836 0.934920 0.514090 0.933540 0.520627 0.931460 0.527522 0.928680 0.538567 0.928220 0.548597 0.928680 0.552388 0.932140 0.556866 0.926360 0.564448 0.926360 0.567224 0.925680 0.568597 0.922440 0.568955
36 0.189500 0.637791 0.191200 0.583821 0.191000 0.570119 0.193260 0.570955 0.195120 0.579881 0.194000 0.588836 0.194940 0.591910 0.197180 0.595821 0.200000 0.593881 0.200000 0.603672 0.200180 0.609821 0.206180 0.609254 0.208420 0.608687 0.211800 0.608687 0.214800 0.618209 0.211800 0.624925 0.208800 0.628537 0.203000 0.633015 0.198680 0.633851 0.197740 0.678597 0.196440 0.703015 0.194740 0.713612 0.193880 0.739045 0.194740 0.742866 0.197000 0.738627 0.202400 0.736925 0.207800 0.739045 0.209780 0.746687 0.205520 0.758119 0.200980 0.764478 0.194440 0.770000 0.190760 0.772537 0.186780 0.785254 0.184220 0.800925 0.180240 0.799254 0.183380 0.782299 0.185640 0.767463 0.186500 0.686507
36 0.373920 0.356776 0.382480 0.350418 0.460100 0.349343 0.467220 0.349343 0.476480 0.356776 0.479340 0.358925 0.480040 0.347224 0.485740 0.344030 0.490720 0.338716 0.471500 0.329134 0.457960 0.329134 0.463660 0.323821 0.464380 0.315343 0.460820 0.311075 0.457960 0.313194 0.452980 0.318507 0.448000 0.323821 0.446580 0.329134 0.445140 0.331284 0.398860 0.333403 0.397440 0.329134 0.398860 0.320657 0.394580 0.314269 0.388180 0.321701 0.388180 0.324896 0.383900 0.329134 0.381760 0.334448 0.367520 0.348269 0.367520 0.353582 0.371080 0.356776
36 0.294780 0.508269 0.328500 0.516119 0.335080 0.536388 0.332460 0.548149 0.328940 0.556000 0.324120 0.561881 0.300480 0.566448 0.296980 0.559254 0.298720 0.548149 0.301360 0.538358 0.299160 0.527881 0.296540 0.521343
0 0.387180 0.750269 0.408360 0.750269 0.408360 0.698358 0.444660 0.603522 0.453720 0.678030 0.453720 0.732209 0.458260 0.745761 0.476420 0.750269 0.480940 0.750269 0.473380 0.716418 0.474900 0.535821 0.468840 0.486149 0.476420 0.422955 0.490020 0.355224 0.477920 0.350716 0.467340 0.413910 0.459780 0.418448 0.446160 0.391343 0.428020 0.400388 0.420460 0.411672 0.375080 0.355224 0.355420 0.357493 0.406840 0.438746 0.414400 0.506478 0.417420 0.585493 0.415920 0.626119 0.385660 0.743493
0 0.709140 0.539313 0.666980 0.514597 0.665480 0.474149 0.799480 0.395493 0.829600 0.334836 0.868740 0.357313 0.853680 0.442687 0.883800 0.559552 0.834120 0.676418 0.817560 0.662925 0.840140 0.564060 0.831100 0.564060 0.805500 0.651672 0.810020 0.701134 0.769380 0.638209 0.814540 0.552806 0.781420 0.555045 0.749800 0.521343 0.737760 0.566299 0.716680 0.575284
