0 0.914203 0.000000 0.903094 0.058229 0.906422 0.156063 0.919766 0.222792 0.905313 0.295437 0.945344 0.305812 0.954234 0.320646 0.954234 0.267271 0.968688 0.199063 0.969797 0.144208 0.982031 0.096771 1.000000 0.089354 0.997609 0.062667 0.982031 0.061188 0.967578 0.001875
0 0.275094 0.026750 0.269328 0.017354 0.256531 0.017771 0.251078 0.022479 0.248531 0.031000 0.249156 0.040396 0.251078 0.047229 0.252047 0.051063 0.250125 0.055750 0.244688 0.060021 0.240203 0.062583 0.230594 0.082208 0.228047 0.095438 0.227719 0.100562 0.230281 0.103979 0.228359 0.106958 0.223875 0.120625 0.221953 0.152625 0.225484 0.155188 0.231234 0.153479 0.235078 0.133417 0.236687 0.125750 0.241484 0.125313 0.243078 0.124896 0.250437 0.102708 0.260359 0.109521 0.263891 0.105250 0.269969 0.102271 0.277969 0.104396 0.282766 0.110375 0.285969 0.113792 0.287250 0.121896 0.287891 0.126604 0.294297 0.131292 0.297484 0.125750 0.294922 0.115500 0.295563 0.107813 0.297484 0.103979 0.298125 0.103542 0.294922 0.090750 0.289813 0.076250 0.282766 0.063437 0.274766 0.058750 0.274453 0.054896 0.278609 0.046375 0.275406 0.031000
0 0.711688 0.185792 0.710656 0.180958 0.708578 0.177521 0.708063 0.176812 0.706516 0.175792 0.704437 0.175104 0.701859 0.174063 0.700562 0.173375 0.698234 0.170604 0.696156 0.170604 0.693828 0.173021 0.689172 0.172333 0.687109 0.172333 0.681156 0.168542 0.678563 0.164062 0.679859 0.144396 0.684516 0.123333 0.687109 0.114021 0.688922 0.109542 0.691766 0.106771 0.694344 0.106083 0.697453 0.105042 0.695641 0.105042 0.693062 0.105042 0.692016 0.103667 0.694094 0.093313 0.696688 0.089188 0.700047 0.085042 0.700562 0.078833 0.703406 0.069854 0.709359 0.062958 0.717391 0.060187 0.724891 0.061583 0.729281 0.064333 0.731609 0.066750 0.732141 0.070896 0.736016 0.072625 0.740938 0.074687 0.744031 0.077437 0.741187 0.077437 0.736797 0.081250 0.734203 0.084688 0.732656 0.085042 0.731094 0.085042 0.732656 0.088146 0.734469 0.091250 0.734469 0.092979 0.731875 0.094708 0.732906 0.098500 0.731609 0.099188 0.732141 0.101250 0.732391 0.103333 0.733953 0.106771 0.732906 0.108854 0.726188 0.108500 0.725406 0.109187 0.732656 0.113333 0.738859 0.119542 0.743000 0.125750 0.747656 0.131271 0.752062 0.136792 0.756719 0.141292 0.761375 0.143354 0.768109 0.143354 0.774312 0.142312 0.783375 0.140583 0.790625 0.144729 0.794250 0.150250 0.798125 0.155771 0.801484 0.160250 0.803047 0.163708 0.802000 0.165771 0.800203 0.164062 0.800453 0.167167 0.800203 0.170271 0.798641 0.170271 0.794250 0.161979 0.793984 0.167167 0.793719 0.171292 0.791656 0.170271 0.789062 0.164062 0.787250 0.158187 0.782078 0.168896 0.780016 0.167167 0.783109 0.160250 0.784672 0.155771 0.784672 0.152667 0.782078 0.153021 0.766813 0.161979 0.762156 0.165083 0.752313 0.160250 0.741187 0.153354 0.733688 0.147833 0.736281 0.163708 0.737047 0.169917 0.737047 0.170958 0.735500 0.173375 0.731609 0.174417 0.725141 0.174063 0.719453 0.170604 0.720484 0.177167 0.721781 0.181646 0.722562 0.184062 0.724906 0.188917 0.726172 0.189479 0.732203 0.193062 0.739734 0.193667 0.745687 0.191542 0.746828 0.187271 0.747734 0.183625 0.747516 0.179958 0.744312 0.175396 0.742250 0.171438 0.745453 0.166562 0.752984 0.173562 0.760078 0.177833 0.761906 0.180875 0.758922 0.189708 0.771719 0.200979 0.779031 0.211333 0.780859 0.218646 0.783828 0.226875 0.785594 0.234646 0.790578 0.254187 0.795266 0.273333 0.797312 0.288979 0.799375 0.294833 0.799656 0.296417 0.784422 0.294833 0.781187 0.292896 0.775906 0.277646 0.772109 0.265917 0.769172 0.256146 0.769469 0.266313 0.772109 0.281562 0.774453 0.289771 0.762719 0.288188 0.752750 0.285458 0.750406 0.267875 0.748937 0.251458 0.748359 0.240500 0.748359 0.234250 0.742781 0.231917 0.734875 0.221750 0.729000 0.220958 0.726078 0.215500 0.723141 0.208854 0.725187 0.201417 0.724016 0.195167 0.724016 0.190479
0 0.978422 0.103958 0.976375 0.116833 0.977266 0.121125 0.982234 0.123458 0.982234 0.125792 0.981938 0.131250 0.975797 0.151417 0.968781 0.164292 0.970828 0.184583 0.967906 0.190042 0.964969 0.219958 0.962344 0.237896 0.958828 0.247646 0.957656 0.253104 0.964969 0.253104 0.972281 0.248833 0.969063 0.246083 0.968781 0.242979 0.968781 0.238292 0.968781 0.226208 0.974047 0.195771 0.976969 0.184854 0.979313 0.184083 0.986906 0.189938 0.991297 0.194604 0.996859 0.198896 0.999484 0.201229 0.992172 0.219187 1.000000 0.229312 0.999484 0.185646 1.000000 0.170813 0.999203 0.125292 1.000000 0.121396 0.998906 0.089521 0.979891 0.093812 0.983406 0.068958 0.984281 0.068958 0.991891 0.063896 0.994516 0.060771 0.999203 0.060771 0.998687 0.038979 1.000000 0.002479 0.996266 0.000000 0.981063 0.000937 0.977547 0.001708 0.976969 0.007958 0.979313 0.011854 0.984578 0.014187 0.984578 0.020813 0.984281 0.028229 0.986906 0.032917 0.988672 0.033687 0.989844 0.043333 0.987203 0.052292 0.977547 0.055813
0 0.095875 0.144312 0.116719 0.143917 0.126547 0.146313 0.128937 0.138354 0.129234 0.120104 0.128937 0.114937 0.125656 0.098250 0.122984 0.088729 0.121187 0.083563 0.117922 0.076021 0.119406 0.064104 0.119406 0.050604 0.114344 0.041854 0.109281 0.038688 0.102719 0.038688 0.095578 0.042646 0.089328 0.052583 0.094094 0.056562 0.095875 0.060521 0.095875 0.071646 0.097359 0.076812 0.099156 0.078396 0.093781 0.087125 0.089922 0.100229 0.089625 0.111750 0.087828 0.123667 0.081281 0.131208 0.081281 0.132000 0.091109 0.141146 0.092891 0.144708
0 0.647437 0.197062 0.644141 0.184604 0.652922 0.135521 0.656234 0.113542 0.661719 0.098875 0.674906 0.073958 0.669969 0.057854 0.651281 0.039521 0.644141 0.032208 0.639734 0.012417 0.632047 0.003625 0.622156 0.003625 0.616656 0.010208 0.615562 0.017542 0.605672 0.023396 0.613359 0.032208 0.618312 0.046854 0.622703 0.050521 0.625453 0.051250 0.627656 0.057104 0.623250 0.065896 0.620500 0.077625 0.615016 0.086417 0.613906 0.097417 0.611719 0.106938 0.611719 0.117188 0.614453 0.120854 0.615562 0.129646 0.613906 0.141375 0.613359 0.156042 0.613906 0.169229 0.613906 0.182417 0.617203 0.194125 0.617766 0.196333
25 0.641594 0.019250 0.662703 0.007042 0.682406 0.017375 0.712672 0.027687 0.733781 0.044583 0.709156 0.052083 0.669047 0.053021 0.651453 0.044583 0.644406 0.029562 0.621891 0.052083 0.614859 0.040833 0.606406 0.030500 0.582484 0.043646 0.581781 0.044583 0.578969 0.059583 0.603594 0.063354
0 0.540469 0.019021 0.548250 0.019021 0.555547 0.023563 0.558453 0.033271 0.557969 0.040417 0.556031 0.046250 0.555547 0.052729 0.553594 0.057917 0.555547 0.059854 0.560891 0.063104 0.569641 0.065042 0.572062 0.069583 0.574500 0.076062 0.577422 0.082542 0.576109 0.088729 0.583406 0.104292 0.577078 0.110125 0.564438 0.117250 0.562984 0.130854 0.566875 0.141875 0.567844 0.161979 0.567359 0.177542 0.565422 0.180771 0.559094 0.181417 0.552281 0.184667 0.543047 0.184667 0.537703 0.182083 0.530891 0.182083 0.528953 0.174938 0.531375 0.143188 0.533813 0.125667 0.533813 0.116604 0.523125 0.114000 0.518734 0.110771 0.520203 0.094563 0.522625 0.077063 0.526031 0.064750 0.533813 0.062146 0.537703 0.057604 0.540141 0.052417 0.538188 0.046583 0.536250 0.036875 0.535766 0.028437 0.537703 0.023896 0.539641 0.020667 0.540625 0.020021
0 0.522656 0.128708 0.512781 0.160917 0.511672 0.160917 0.489062 0.149792 0.467766 0.147437 0.457234 0.153000 0.461188 0.139833 0.462281 0.127250 0.453062 0.124312 0.446688 0.119042 0.444063 0.097979 0.446469 0.087146 0.453937 0.069000 0.459422 0.061375 0.467109 0.055521 0.477422 0.047333 0.477422 0.035042 0.474359 0.035917 0.466234 0.038542 0.466234 0.035625 0.466453 0.032104 0.473469 0.024208 0.474578 0.014833 0.478750 0.010146 0.493672 0.007521 0.499828 0.009563 0.500922 0.016583 0.504875 0.019813 0.513219 0.028583 0.513219 0.034458 0.512109 0.034750 0.504438 0.034146 0.503328 0.049667 0.501797 0.053479 0.513438 0.074563 0.519141 0.102667
25 0.770891 0.069979 0.763984 0.067958 0.745781 0.068854 0.732984 0.070208 0.732984 0.066833 0.735344 0.063250 0.739547 0.060104 0.744438 0.056729 0.757078 0.047729 0.775281 0.033125 0.787750 0.023917 0.795500 0.014042 0.808313 0.009312 0.819094 0.015375 0.823641 0.021437 0.847578 0.036958 0.873875 0.054021 0.877578 0.058292 0.880609 0.062792 0.875719 0.063021 0.837297 0.067062 0.811344 0.065708 0.785219 0.067729
27 0.497750 0.127062 0.499031 0.120667 0.490734 0.069583 0.494250 0.058938 0.485625 0.059354 0.488172 0.065750 0.485938 0.078938 0.491047 0.121937 0.495844 0.124083
0 0.805734 0.079125 0.807266 0.073375 0.806859 0.068750 0.806437 0.064292 0.819641 0.064479 0.820063 0.070792 0.818812 0.077458 0.818531 0.080063 0.821313 0.081917 0.823953 0.085604 0.827984 0.094333 0.829094 0.102479 0.826594 0.104146 0.825484 0.109146 0.823672 0.112292 0.820328 0.116750 0.816297 0.119167 0.813250 0.119521 0.811719 0.117125 0.808516 0.117125 0.806437 0.123979 0.805469 0.126375 0.804766 0.126375 0.802266 0.123229 0.802266 0.135458 0.801578 0.139542 0.800734 0.139167 0.800594 0.130083 0.799484 0.119521 0.798234 0.116938 0.797266 0.111187 0.790031 0.107479 0.784469 0.101187 0.785594 0.097479 0.788922 0.093771 0.800453 0.082458 0.802547 0.081167
0 0.863984 0.114875 0.872156 0.114875 0.871344 0.111604 0.870938 0.100167 0.870938 0.094708 0.872969 0.089792 0.875016 0.079438 0.872156 0.076708 0.868891 0.078354 0.866438 0.081083 0.866438 0.087063 0.866438 0.089792 0.859891 0.095792 0.857844 0.106146 0.856625 0.112687
