45 0.624000 0.481542 0.596172 0.480417 0.575922 0.486042 0.553141 0.500667 0.540484 0.522042 0.535422 0.552417 0.537109 0.571521 0.546391 0.601896 0.576766 0.637896 0.628219 0.645771 0.658594 0.630021 0.686422 0.583896 0.684734 0.545667 0.677984 0.526542 0.660281 0.500667 0.632438 0.483792 0.625687 0.482667
45 0.378125 0.309521 0.383594 0.290792 0.400766 0.278313 0.432750 0.266854 0.462406 0.272062 0.485813 0.282458 0.499078 0.303271 0.500625 0.334479 0.490484 0.359458 0.469422 0.380271 0.456156 0.386500 0.434312 0.391708 0.420266 0.390667 0.404656 0.377146 0.383594 0.357375 0.379687 0.342813 0.375797 0.329292
45 0.490719 0.374708 0.473844 0.382583 0.460359 0.396062 0.455297 0.399437 0.450234 0.419687 0.452766 0.445562 0.468781 0.481542 0.492406 0.499542 0.520250 0.504042 0.553984 0.496167 0.584359 0.456813 0.587734 0.426437 0.570859 0.385938 0.543016 0.370208 0.505906 0.363458 0.493250 0.372458
45 0.888922 0.296792 0.887234 0.318417 0.895625 0.340792 0.916891 0.361688 0.942625 0.378104 0.957172 0.397479 0.968906 0.401208 0.999687 0.384813 0.999125 0.308729 0.986250 0.296792 0.967797 0.283354 0.944859 0.275896 0.930875 0.274417 0.908500 0.277396 0.893953 0.287833
45 0.707422 0.165521 0.689875 0.172917 0.688031 0.200021 0.702812 0.243125 0.718516 0.260375 0.772094 0.251750 0.795188 0.230813 0.797969 0.200021 0.783188 0.175375 0.738844 0.163062 0.720359 0.163062
45 0.291391 0.473458 0.284094 0.439813 0.298125 0.401667 0.325609 0.380729 0.373281 0.372500 0.406938 0.382229 0.424875 0.409896 0.424328 0.458521 0.404125 0.489167 0.376078 0.514604 0.346359 0.519083 0.318312 0.502625 0.305406 0.491417
48 0.290766 0.892771 0.297156 0.843771 0.299547 0.828854 0.309938 0.770250 0.318734 0.741500 0.330719 0.719125 0.353094 0.719125 0.362672 0.710604 0.373859 0.723375 0.376266 0.732958 0.413812 0.727646 0.417812 0.754271 0.413812 0.771313 0.422609 0.794750 0.407422 0.887458 0.380250 0.911958 0.344297 0.916208 0.294766 0.901292
42 0.866094 0.924896 0.864250 0.945063 0.883438 0.997729 0.882703 1.000000 0.903375 1.000000 0.878641 0.931292 0.869047 0.905208 0.841359 0.811854 0.835094 0.813333 0.826969 0.807917 0.821437 0.803979 0.814422 0.784292 0.816266 0.778896 0.824016 0.780354 0.830656 0.784792 0.838406 0.809896
44 0.777859 0.825417 0.791937 0.814917 0.802281 0.800979 0.820312 0.803625 0.843234 0.818937 0.855297 0.839542 0.865484 0.869208 0.869625 0.895354 0.867734 0.934083 0.857344 0.960854 0.849781 0.972750 0.850594 0.981396 0.856000 1.000000 0.840375 0.999563 0.836516 0.984125 0.830625 0.975708 0.813453 0.964354 0.797672 0.948167 0.788703 0.934667 0.776625 0.908938 0.772219 0.890833 0.769906 0.861208 0.772531 0.837667
43 0.779516 0.917437 0.770594 0.924896 0.770594 0.965062 0.778406 1.000000 0.813000 1.000000 0.800172 0.956125 0.790688 0.939771 0.782875 0.919688
45 0.996375 0.620937 0.954297 0.563521 0.945875 0.528521 0.944891 0.504104 0.958250 0.484958 0.976078 0.476375 0.988953 0.470437 1.000000 0.468458
51 0.429313 0.584667 0.429313 0.581854 0.460922 0.555000 0.472641 0.577792 0.479656 0.585604 0.482000 0.590917 0.471703 0.602167 0.462094 0.603104 0.445703 0.600917 0.447344 0.582792
39 0.558297 0.118833 0.558297 0.087438 0.558297 0.051562 0.563344 0.029146 0.566703 0.011208 0.603703 0.000000 0.627234 0.006729 0.628922 0.024667 0.627234 0.038125 0.627234 0.067271 0.627234 0.080708 0.627234 0.100896 0.627234 0.109875 0.622203 0.125563 0.617156 0.143500 0.605375 0.152458 0.593609 0.145750 0.565016 0.130042
39 0.314375 0.076208 0.297094 0.072000 0.286625 0.060313 0.281500 0.048625 0.280531 0.043750 0.279563 0.036604 0.279563 0.033687 0.278094 0.029146 0.277125 0.025563 0.276156 0.019729 0.276391 0.016146 0.276391 0.009646 0.277859 0.004458 0.277359 0.001854 0.342141 0.000563 0.342141 0.003167 0.343359 0.005750 0.343594 0.008687 0.344328 0.011937 0.343844 0.016792 0.343844 0.020042 0.344812 0.022646 0.346031 0.028167 0.346031 0.033354 0.345547 0.041479 0.345797 0.044062 0.347016 0.053167 0.344094 0.061271 0.330453 0.072000
45 0.216422 0.665792 0.190500 0.643729 0.186906 0.592854 0.194094 0.547729 0.218578 0.522792 0.256016 0.498792 0.302078 0.498792 0.330156 0.518937 0.343828 0.536229 0.346703 0.587083 0.330875 0.634125 0.300641 0.670604 0.261766 0.680187 0.241609 0.678271
45 0.710938 0.832042 0.732422 0.837250 0.771484 0.832042 0.804688 0.806000 0.820312 0.748708 0.806641 0.691417 0.787109 0.657562 0.732422 0.626312 0.701172 0.626312 0.660156 0.641937 0.640625 0.678396 0.638672 0.717458 0.646484 0.753917 0.666016 0.792979 0.691406 0.819021
39 0.643547 0.003938 0.624188 0.128667 0.651609 0.156625 0.691938 0.143729 0.700000 0.126521 0.717734 0.006083
45 0.469797 0.684771 0.458047 0.740708 0.454703 0.785458 0.463094 0.812292 0.484906 0.863750 0.508391 0.863750 0.557047 0.895063 0.592281 0.877167 0.614094 0.848083 0.644297 0.816771 0.642625 0.751896 0.632547 0.691500 0.562078 0.646750 0.531875 0.646750 0.486578 0.664646
