69 0.562406 0.608771 0.704234 0.632729 0.690250 0.900417 0.689250 0.927062 0.635312 0.952354 0.596359 0.979000 0.586375 0.984312 0.548422 0.960354 0.544422 0.803208 0.541422 0.619792 0.566391 0.599813
45 0.625250 0.474937 0.660422 0.475729 0.659813 0.462000 0.668906 0.455521 0.670719 0.442583 0.669516 0.433688 0.613125 0.436937 0.618578 0.459562
39 0.417828 0.533167 0.416391 0.482167 0.421078 0.464354 0.425047 0.460021 0.424687 0.454250 0.431187 0.453292 0.431547 0.459063 0.439844 0.480229 0.442375 0.529312 0.440938 0.531229 0.425766 0.533646 0.416750 0.533167
39 0.462422 0.422771 0.462828 0.428250 0.457500 0.437542 0.455047 0.443542 0.456688 0.485063 0.462828 0.493250 0.462422 0.530396 0.469391 0.530958 0.482500 0.527667 0.478000 0.461563 0.474719 0.439167 0.468984 0.428792 0.468984 0.421688
39 0.708609 0.478813 0.721547 0.479125 0.723922 0.473375 0.723703 0.460667 0.721656 0.455979 0.720188 0.452667 0.720750 0.439354 0.720750 0.420917 0.710437 0.421354 0.710312 0.455521 0.706469 0.460979 0.706016 0.469583 0.706344 0.477604
39 0.567813 0.467167 0.576828 0.467167 0.576828 0.480333 0.581547 0.488917 0.579828 0.510083 0.563516 0.506083 0.563516 0.489479 0.570391 0.480896
39 0.443891 0.421771 0.443891 0.431542 0.442969 0.434396 0.440531 0.436021 0.438688 0.437250 0.437781 0.440500 0.436547 0.443354 0.436547 0.444167 0.435641 0.468625 0.438391 0.473500 0.440531 0.477167 0.440531 0.480021 0.442063 0.489000 0.442359 0.529729 0.442359 0.530958 0.442359 0.531375 0.446641 0.532188 0.448172 0.531771 0.448172 0.525667 0.448172 0.508146 0.449078 0.502854 0.450000 0.498354 0.451219 0.489396 0.451828 0.486958 0.453062 0.484104 0.453969 0.483687 0.456109 0.483292 0.457328 0.483292 0.456719 0.438063 0.455813 0.436833 0.454281 0.435208 0.453359 0.434792 0.452750 0.433979 0.451219 0.432354 0.450922 0.430729 0.450922 0.428292 0.450922 0.422167 0.450609 0.420958 0.447250 0.420958 0.444812 0.420958 0.443578 0.421771
39 0.489844 0.450917 0.488813 0.456104 0.488031 0.464750 0.488547 0.470979 0.487516 0.483771 0.486734 0.493104 0.497625 0.477542 0.500219 0.469583 0.501516 0.467521 0.500219 0.464063 0.496859 0.461979 0.493734 0.458521 0.497109 0.452979 0.495813 0.449875
39 0.591125 0.536792 0.573469 0.539729 0.574578 0.520312 0.578328 0.518250 0.578328 0.514437 0.583844 0.513833 0.583844 0.517667 0.592672 0.520896 0.592891 0.536792
39 0.485406 0.449500 0.486328 0.458417 0.483344 0.470083 0.485875 0.495583 0.482641 0.507250 0.478266 0.506333 0.477344 0.493417 0.474578 0.464854 0.475969 0.458729 0.476891 0.451667 0.477578 0.440604 0.475047 0.431688 0.478266 0.423396 0.483563 0.423104 0.486328 0.427708 0.486797 0.431688 0.486797 0.435688
60 0.556578 0.996708 0.869984 0.836938 0.999031 0.889167 0.999031 0.995687 0.568109 0.999771
72 0.003375 0.209146 0.180344 0.220375 0.214047 0.966438 0.138203 0.988917 0.001688 0.979917
