46 0.026333 0.126281 0.001278 0.114688 0.011583 0.098953 0.014528 0.085703 0.052833 0.064156 0.077861 0.063328 0.101417 0.051734 0.176500 0.042625 0.216278 0.057531 0.214806 0.069125 0.219222 0.078250 0.213306 0.081563 0.217750 0.085703 0.192694 0.083219 0.203000 0.103922 0.195639 0.124625 0.210361 0.145328 0.204472 0.150297 0.182389 0.163547 0.201528 0.184250 0.182389 0.196687 0.198583 0.217391 0.185944 0.230594 0.175611 0.246078 0.161833 0.238328 0.150361 0.247375 0.133167 0.233172 0.109056 0.235109 0.103333 0.211875 0.093000 0.206719 0.064333 0.209297 0.043667 0.211875 0.033333 0.208000 0.026472 0.205422 0.016139 0.200906 0.008111 0.199609 0.002361 0.161547 0.002361 0.140891
46 0.623167 0.791813 0.616750 0.799062 0.575972 0.773719 0.537333 0.753188 0.496583 0.759234 0.496583 0.778547 0.462250 0.765266 0.447222 0.790609 0.477278 0.821984 0.453667 0.846125 0.457944 0.863031 0.464389 0.895609 0.464389 0.928203 0.449361 0.948719 0.470833 0.984922 0.472972 0.986141 0.496583 1.000000 0.505167 1.000000 0.846333 0.995797 0.857056 0.969234 0.854917 0.969234 0.827028 0.968031 0.848472 0.943891 0.839889 0.933031 0.850611 0.929406 0.867778 0.900438 0.876361 0.872688 0.846333 0.860609 0.835611 0.860609 0.803417 0.850953 0.831306 0.820781 0.788389 0.820781 0.764778 0.808719 0.758361 0.793031 0.700417 0.796641 0.642472 0.802687 0.582417 0.806297 0.651056 0.795437
46 0.716083 0.150109 0.634167 0.185703 0.663944 0.208750 0.734694 0.233875 0.783111 0.231781 0.816611 0.215031 0.809167 0.164766 0.730972 0.160578
46 0.421528 0.113625 0.416250 0.104281 0.421528 0.092391 0.435139 0.081344 0.441917 0.077094 0.462333 0.075391 0.477417 0.072844 0.494028 0.079641 0.512917 0.080500 0.524250 0.079641 0.532556 0.091969 0.533306 0.105984 0.522750 0.121703 0.513667 0.128078 0.508389 0.131469 0.497806 0.110234 0.488750 0.116172 0.489500 0.125094 0.486500 0.125094 0.474417 0.117875 0.469861 0.131891 0.463083 0.132313 0.453250 0.126375 0.449472 0.131469 0.437389 0.128078 0.429833 0.121281 0.429833 0.118297
46 0.796083 0.530438 0.827722 0.518125 0.853278 0.514687 0.905611 0.509219 0.901972 0.494844 0.855722 0.464031 0.826500 0.451031 0.779056 0.442813 0.704806 0.459250 0.686556 0.477047 0.710889 0.531125 0.738889 0.535234
46 0.558861 0.773000 0.566417 0.749609 0.581556 0.730484 0.596667 0.724109 0.608000 0.721984 0.617444 0.742172 0.609889 0.759188 0.602333 0.788953 0.598556 0.801703 0.592889 0.803828 0.591000 0.802766 0.566417 0.777250
46 0.320417 0.052906 0.340083 0.044953 0.358528 0.044609 0.384972 0.045641 0.391722 0.049094 0.399722 0.066047 0.415083 0.088172 0.419389 0.099594 0.413250 0.102359 0.397889 0.096828 0.381889 0.086453 0.384972 0.106859 0.377583 0.108922 0.365917 0.107203 0.359750 0.114469 0.346861 0.117578 0.337000 0.114469 0.329028 0.116531 0.316111 0.115844 0.307500 0.112391 0.309972 0.107547 0.317944 0.093016 0.320417 0.076078 0.323472 0.063625
46 0.889611 0.646109 0.877139 0.656641 0.852167 0.659750 0.805694 0.665219 0.788361 0.664437 0.773111 0.660922 0.771722 0.649219 0.793917 0.632844 0.811944 0.631672 0.843139 0.632062 0.861167 0.639469
46 0.781222 0.180703 0.787472 0.215844 0.797472 0.230609 0.798722 0.236234 0.807472 0.236234 0.812444 0.227094 0.818694 0.209516 0.809944 0.185625 0.798722 0.177891 0.788722 0.173672 0.786222 0.169453 0.781222 0.170859
46 0.768778 0.481313 0.755806 0.472047 0.753806 0.466156 0.751806 0.460250 0.751306 0.456594 0.754806 0.456594 0.755806 0.449859 0.758306 0.449859 0.770278 0.459969 0.776778 0.471484 0.779778 0.481031
46 0.340389 0.196000 0.327056 0.190047 0.314639 0.183594 0.314639 0.176359 0.316028 0.168344 0.317417 0.155422 0.328889 0.165500 0.339917 0.171438 0.347278 0.174547 0.347722 0.180484 0.344972 0.189797
13 0.688028 0.714281 0.775750 0.714281 0.992778 0.742859 0.988167 0.984422 0.886583 0.984422 0.886583 0.815578 0.688028 0.771422 0.637222 0.758438 0.614139 0.735062 0.563361 0.750656 0.498694 0.737656 0.489472 0.781812 0.429444 0.774031 0.434056 0.685719 0.438667 0.667531 0.489472 0.667531 0.494083 0.672734 0.632611 0.706500
