0 0.762156 0.167700 0.759000 0.165329 0.765719 0.148709 0.769266 0.136831 0.772031 0.114249 0.774016 0.108310 0.780734 0.106526 0.780734 0.098826 0.776391 0.093474 0.774406 0.086338 0.775203 0.077441 0.776781 0.062582 0.782313 0.057840 0.794172 0.060822 0.797734 0.073873 0.793781 0.081596 0.791016 0.089906 0.794969 0.101197 0.805641 0.108920 0.812750 0.126737 0.819469 0.154624 0.822625 0.178991 0.830016 0.210164 0.813109 0.183592 0.811563 0.169742 0.809266 0.170892 0.792344 0.167418 0.780813 0.172042 0.767734 0.170892 0.759281 0.166268
0 0.115656 0.040258 0.130641 0.038052 0.145422 0.054390 0.141344 0.065892 0.141859 0.086573 0.143391 0.108779 0.128594 0.109531 0.130641 0.101878 0.131141 0.077371 0.132172 0.063592 0.119938 0.052864 0.114328 0.046737
0 0.441906 0.254296 0.435078 0.211620 0.427984 0.210352 0.427125 0.194554 0.432250 0.158709 0.439063 0.143779 0.438203 0.125423 0.446156 0.122864 0.450703 0.133967 0.458094 0.138239 0.464063 0.162559 0.468031 0.193286 0.459516 0.202230 0.458937 0.236808 0.450984 0.258146
0 0.370297 0.240446 0.387344 0.231901 0.391328 0.192653 0.387625 0.166620 0.381375 0.154671 0.375125 0.156385 0.367750 0.185869 0.372016 0.195258
29 0.688062 0.194812 0.765844 0.215047 0.753875 0.255493 0.707500 0.259977 0.662641 0.259977 0.650672 0.226291 0.653656 0.215047
0 0.099453 0.050915 0.102891 0.055446 0.101625 0.097183 0.095109 0.098028 0.092547 0.101854 0.098219 0.114648 0.098219 0.123568 0.091422 0.129108 0.091141 0.107817 0.090000 0.080587 0.088016 0.066948 0.090281 0.058005 0.090281 0.048216 0.093969 0.039695 0.096813 0.035446 0.101062 0.038427 0.101906 0.043967
0 0.639797 0.148732 0.640594 0.144695 0.638844 0.141596 0.636297 0.140869 0.634562 0.142535 0.635188 0.150164 0.634562 0.151362 0.632969 0.155164 0.628844 0.155657 0.627891 0.159953 0.627891 0.167817 0.626469 0.176385 0.624875 0.185681 0.628375 0.189507 0.629328 0.195939 0.629484 0.205235 0.629484 0.211901 0.629953 0.214531 0.629000 0.223826 0.626938 0.230258 0.632016 0.239084 0.637250 0.240986 0.641375 0.242418 0.643125 0.235986 0.641219 0.229554 0.639484 0.225258 0.639953 0.221197 0.637422 0.216667 0.637250 0.210728 0.638203 0.207371 0.641859 0.204038 0.640750 0.193803 0.640266 0.189977 0.643609 0.183075 0.646141 0.177817 0.643922 0.173052 0.643609 0.168521 0.643766 0.162089 0.642969 0.159695 0.639641 0.157089 0.638687 0.154460 0.639641 0.151596
0 0.339391 0.121385 0.340781 0.105423 0.343547 0.100235 0.346078 0.100235 0.345625 0.093310 0.354391 0.093310 0.354391 0.099202 0.353922 0.104038 0.354391 0.108545 0.358078 0.114789 0.358766 0.122770 0.358531 0.125540 0.363609 0.125540 0.367531 0.133498 0.374453 0.136620 0.369375 0.141127 0.359922 0.135235 0.352313 0.135587 0.346547 0.132113 0.342844 0.127958
0 0.398078 0.144648 0.395250 0.146455 0.393656 0.154906 0.393250 0.163967 0.388422 0.166972 0.390438 0.188122 0.390438 0.206221 0.387219 0.226761 0.392438 0.246667 0.397672 0.253310 0.399281 0.236408 0.398875 0.227371 0.400484 0.249085 0.406516 0.255141 0.411734 0.228568 0.413750 0.206221 0.412937 0.166972 0.406109 0.156103 0.404500 0.146455 0.400078 0.143427
0 0.308281 0.127066 0.308703 0.101901 0.316000 0.087700 0.321156 0.087066 0.326312 0.101901 0.328469 0.121268 0.340922 0.127066 0.352516 0.139319 0.307844 0.129648
0 0.326187 0.188239 0.329641 0.185657 0.334812 0.185000 0.338266 0.187606 0.337406 0.192793 0.336969 0.196033 0.336969 0.198615 0.335687 0.201854 0.337406 0.210282 0.338266 0.217418 0.340422 0.227793 0.339563 0.230376 0.338266 0.233638 0.338266 0.236878 0.339125 0.243991 0.340000 0.247887 0.340000 0.253075 0.340000 0.256315 0.336969 0.256972 0.330938 0.256972 0.330938 0.252418 0.330938 0.241408 0.330938 0.234272 0.329203 0.226502 0.328781 0.221315 0.328781 0.208991 0.328344 0.202512 0.327047 0.199272 0.326187 0.196033 0.324469 0.192793 0.326625 0.188239 0.327484 0.187606
0 0.558219 0.137441 0.558891 0.131408 0.562906 0.122324 0.562906 0.114272 0.562906 0.106714 0.562906 0.101174 0.562578 0.096127 0.561234 0.093615 0.557547 0.095117 0.554187 0.099155 0.553844 0.102676 0.554187 0.103685 0.552172 0.113263 0.551500 0.118310 0.548813 0.124859 0.549828 0.130892 0.550500 0.135423 0.554187 0.136948 0.557875 0.136948
0 0.381750 0.574319 0.373469 0.603545 0.369578 0.599906 0.372500 0.577958 0.368125 0.581620 0.346219 0.617441 0.340391 0.600634 0.337469 0.596244 0.341359 0.565540 0.366172 0.518756 0.403156 0.394460 0.444031 0.328662 0.465453 0.297958 0.484922 0.268709 0.512656 0.253357 0.536500 0.249695 0.536016 0.199249 0.538938 0.173662 0.550609 0.153192 0.563750 0.146620 0.582234 0.146620 0.589047 0.146620 0.601703 0.151009 0.613875 0.165634 0.613875 0.194131 0.613391 0.216808 0.613875 0.222653 0.620203 0.244577 0.610469 0.248239 0.611922 0.258474 0.604625 0.262864 0.607547 0.267981 0.606578 0.280399 0.606094 0.285516 0.575922 0.303803 0.582234 0.312582 0.591000 0.326479 0.594406 0.339624 0.597328 0.355704 0.602672 0.373991 0.609000 0.386408 0.617281 0.396643 0.619219 0.401033 0.614844 0.408357 0.621172 0.412746 0.635766 0.422981 0.642578 0.433944 0.671781 0.477066 0.677141 0.484390 0.700984 0.473427 0.705844 0.471221 0.703406 0.482911 0.694656 0.492418 0.692219 0.496080 0.702438 0.496080 0.713625 0.500470 0.717031 0.503404 0.717031 0.512887 0.710719 0.512160 0.695625 0.511432 0.693687 0.514366 0.697578 0.517277 0.703906 0.521667 0.710719 0.528991 0.712172 0.535563 0.710719 0.537746 0.705844 0.536291 0.693687 0.529718 0.690766 0.528239 0.685406 0.528239 0.684922 0.531901 0.696594 0.544343 0.698547 0.553099 0.698547 0.556761 0.693188 0.558967 0.682000 0.538474 0.680047 0.539225 0.681516 0.561150 0.681516 0.566995 0.679563 0.566268 0.676156 0.557488 0.672750 0.539953 0.665453 0.526056 0.655234 0.512887 0.650859 0.504131 0.626031 0.480000 0.606094 0.452958 0.596359 0.433216 0.568609 0.396643 0.551094 0.424437 0.521406 0.472676 0.515078 0.496808 0.502437 0.501197 0.499031 0.515094 0.503406 0.534836 0.516547 0.553099 0.524813 0.566995 0.562781 0.637911 0.589047 0.683967 0.586625 0.713944 0.576891 0.799484 0.573000 0.847746 0.573484 0.860164 0.573000 0.900376 0.600250 0.938380 0.610469 0.953005 0.630906 0.957394 0.630422 0.968357 0.621656 0.970563 0.527734 0.959601 0.526766 0.945704 0.536984 0.918662 0.539906 0.866737 0.536500 0.816291 0.530172 0.781197 0.536500 0.711761 0.517516 0.691291 0.498047 0.678122 0.490750 0.701526 0.480047 0.732958 0.475672 0.761479 0.472750 0.792183 0.460578 0.818498 0.455719 0.851385 0.459609 0.894531 0.471781 0.914272 0.484922 0.923779 0.493188 0.933263 0.490266 0.936925 0.407547 0.940587 0.417266 0.893075 0.428469 0.895986 0.434312 0.743192 0.454750 0.694930 0.446469 0.666432 0.429437 0.668615 0.416781 0.627676 0.383203 0.564085
0 0.663531 0.257160 0.658250 0.286972 0.658250 0.332700 0.655594 0.366502 0.642359 0.364507 0.622516 0.370470 0.609281 0.380423 0.615891 0.386385 0.626484 0.394343 0.614578 0.410235 0.637062 0.398310 0.635750 0.422160 0.641047 0.428122 0.646328 0.406268 0.664859 0.392347 0.682063 0.380423 0.688672 0.362512 0.695297 0.348615 0.697937 0.336667 0.697937 0.316808 0.703234 0.328732 0.700594 0.346620 0.708531 0.392347 0.715141 0.424155 0.711172 0.444038 0.707203 0.450000 0.707203 0.471878 0.707203 0.503685 0.716469 0.507653 0.716469 0.517582 0.709859 0.515610 0.709859 0.529531 0.721766 0.557347 0.741609 0.620962 0.745578 0.628920 0.742938 0.692535 0.724406 0.714413 0.716469 0.752183 0.701906 0.805869 0.688672 0.821761 0.670156 0.827723 0.666187 0.839671 0.666187 0.859531 0.672797 0.879413 0.682063 0.887371 0.695297 0.929131 0.705875 0.939061 0.719109 0.937066 0.723078 0.923169 0.719109 0.903286 0.721766 0.873451 0.728375 0.887371 0.731031 0.879413 0.720437 0.869484 0.729703 0.821761 0.752203 0.774061 0.762781 0.736291 0.774687 0.718380 0.772047 0.766103 0.779984 0.825751 0.789250 0.895329 0.787922 0.925141 0.786609 0.931103 0.782641 0.962911 0.802484 0.962911 0.826297 0.966901 0.842188 0.962911 0.872625 0.964906 0.883203 0.956948 0.873937 0.943028 0.858062 0.935094 0.843500 0.921174 0.828953 0.909249 0.815719 0.857559 0.811750 0.778028 0.814391 0.720376 0.824984 0.676643 0.823656 0.654765 0.810422 0.615000 0.818359 0.591150 0.827625 0.565305 0.823656 0.499695 0.823656 0.461925 0.822328 0.442042 0.815719 0.408239 0.821016 0.350587 0.811750 0.294930 0.811750 0.261127 0.817047 0.261127 0.839531 0.286972 0.864672 0.340657 0.885500 0.400822 0.879156 0.428662 0.871219 0.466737 0.880766 0.467488 0.887922 0.438474 0.912797 0.491127 0.921437 0.476056 0.930500 0.465376 0.918031 0.442887 0.926797 0.451455 0.932172 0.441737 0.925547 0.430117 0.928203 0.418192 0.903547 0.392770 0.868656 0.275047 0.831594 0.215399 0.798516 0.167700 0.752203 0.169671 0.744250 0.139859 0.748234 0.129930 0.742938 0.104085 0.740281 0.098099 0.721766 0.068286 0.700594 0.060329 0.676766 0.078239 0.675453 0.112019 0.684703 0.145822 0.692656 0.175634 0.701906 0.181620 0.711172 0.195516 0.709859 0.203474 0.728375 0.205469 0.754844 0.219390 0.765437 0.233310 0.756172 0.247207 0.728375 0.261127 0.684703 0.261127
