9 0.377516 0.018650 0.372297 0.078439 0.372297 0.117131 0.372297 0.143523 0.374906 0.175169 0.374906 0.178692 0.440031 0.169895 0.427016 0.166392 0.420500 0.159346 0.423094 0.140000 0.429609 0.131203 0.430922 0.125928 0.424406 0.113629 0.417891 0.113629 0.420500 0.101308 0.424406 0.090759 0.429609 0.087236 0.437422 0.083713 0.433516 0.078439 0.427016 0.069641 0.420500 0.064367 0.413984 0.053819 0.394437 0.053819 0.387922 0.043270 0.389234 0.030949 0.389234 0.022152 0.378812 0.022152
0 0.942531 0.409051 0.944734 0.403650 0.943531 0.389873 0.943734 0.378797 0.948922 0.370696 0.958328 0.368544 0.967922 0.372321 0.970125 0.376920 0.969734 0.393122 0.969922 0.406350 0.973938 0.407426 0.976734 0.410127 0.979531 0.412300 0.988328 0.432553 0.987125 0.436055 0.974531 0.438228 0.966125 0.437954 0.956531 0.437954 0.949531 0.436603 0.935531 0.436329 0.928719 0.436329 0.927922 0.436055 0.931734 0.426878 0.937125 0.412574
9 0.040312 0.230190 0.039016 0.178101 0.035281 0.154684 0.030906 0.158186 0.023297 0.159937 0.015516 0.159937 0.022969 0.170000 0.029609 0.174810 0.029125 0.179198 0.018594 0.180717 0.018750 0.187068 0.031391 0.195169 0.030266 0.199536 0.018750 0.198882 0.021016 0.207637 0.028484 0.212236 0.033828 0.224051 0.034969 0.232152
0 0.097609 0.588291 0.083609 0.591899 0.072938 0.583797 0.074281 0.569388 0.067609 0.545084 0.067609 0.522574 0.068937 0.509072 0.064281 0.492890 0.064938 0.470380 0.066937 0.452384 0.070937 0.428966 0.070937 0.414578 0.066937 0.402869 0.058953 0.394768 0.053609 0.376772 0.058953 0.352468 0.071609 0.316456 0.082281 0.309262 0.094281 0.324557 0.096937 0.339873 0.097609 0.353376 0.098281 0.372278 0.097609 0.396582 0.094281 0.404662 0.094281 0.425380 0.097609 0.442468 0.100281 0.459578 0.106281 0.465886 0.103609 0.483882 0.103609 0.510886 0.104281 0.540591 0.102281 0.565781 0.102281 0.582890
0 0.941000 0.343797 0.935312 0.342089 0.931219 0.335696 0.932484 0.323354 0.932484 0.320380 0.929641 0.310169 0.930266 0.282068 0.929953 0.271835 0.931844 0.266308 0.941312 0.267152 0.939734 0.274388 0.945094 0.283333 0.944781 0.291435 0.944141 0.297384 0.931844 0.296962 0.931844 0.300359 0.947937 0.300359 0.946031 0.309726 0.942562 0.315696 0.941938 0.318671 0.942562 0.320802 0.942562 0.328038 0.946672 0.341667 0.946672 0.345506 0.946984 0.349747 0.938781 0.353165 0.938469 0.346772
26 0.060281 0.388038 0.061453 0.392363 0.062609 0.397848 0.063781 0.400612 0.065516 0.402954 0.066109 0.404916 0.068141 0.405696 0.071047 0.408460 0.072203 0.408840 0.074250 0.423376 0.073656 0.450865 0.069594 0.455570 0.051859 0.454789 0.050406 0.454789 0.047203 0.453207 0.041094 0.444958 0.042547 0.437890 0.050984 0.411203 0.050984 0.404536 0.056219 0.402173 0.057094 0.388481 0.060187 0.389684
0 0.593750 0.370148 0.554641 0.368882 0.554969 0.339072 0.560328 0.314367 0.566312 0.282025 0.575781 0.273502 0.586500 0.279030 0.588703 0.296920 0.587438 0.319916 0.594375 0.327996
0 0.924469 0.328523 0.926359 0.320042 0.929813 0.309873 0.931688 0.303080 0.930125 0.286561 0.928859 0.272996 0.924781 0.267067 0.920703 0.262827 0.919453 0.254768 0.916938 0.252637 0.911594 0.253080 0.908141 0.258165 0.908781 0.264515 0.913172 0.268755 0.914422 0.269177 0.911922 0.273418 0.911922 0.288249 0.910969 0.294177 0.908469 0.297996 0.908469 0.303080 0.911281 0.305633 0.911922 0.328101 0.916313 0.332764 0.921016 0.335295 0.921016 0.341224 0.921328 0.350992 0.919766 0.356920 0.924469 0.357342 0.932312 0.350992 0.934516 0.341667
0 0.000000 0.580759 0.001688 0.588966 0.043219 0.599895 0.043219 0.588966 0.033078 0.586224 0.026000 0.565717 0.042203 0.508291 0.034094 0.457700 0.042203 0.438565 0.037141 0.415316 0.040172 0.396160 0.036125 0.379768 0.028016 0.357890 0.021938 0.345570 0.028016 0.336013 0.028016 0.325063 0.030047 0.315485 0.024984 0.307300 0.012828 0.296350 0.002703 0.296350 0.003719 0.513755 0.009797 0.520591 0.003719 0.550675 0.000672 0.562975
0 0.637156 0.321646 0.648016 0.321646 0.657438 0.350992 0.658875 0.363692 0.650906 0.367616 0.643672 0.352932 0.633531 0.341203
9 1.000000 0.162785 0.919672 0.169684 0.917969 0.219536 1.000000 0.210338
0 0.065203 0.331709 0.064828 0.324241 0.062922 0.323460 0.062156 0.316498 0.058328 0.313650 0.059281 0.293544 0.062719 0.292511 0.061203 0.287342 0.064438 0.284768 0.068078 0.287089 0.067125 0.291477 0.070750 0.296371 0.070172 0.309008 0.070172 0.319325 0.068078 0.323460 0.067500 0.330169 0.067313 0.331203
0 0.358484 0.342300 0.355719 0.332574 0.347406 0.327342 0.343531 0.327342 0.336328 0.337806 0.333562 0.366224 0.348516 0.367722 0.353500 0.359494 0.352938 0.350527 0.356828 0.347532 0.359031 0.340802
24 0.185484 0.336498 0.189844 0.338755 0.192516 0.351414 0.189500 0.367215 0.188500 0.363143 0.183141 0.344177 0.181469 0.337405 0.152031 0.341920 0.153375 0.359093 0.150031 0.385274 0.150031 0.383017 0.147359 0.352764 0.148688 0.340106
9 0.205437 0.157215 0.225078 0.154030 0.227437 0.239937 0.208578 0.242068 0.203875 0.159346
0 0.896891 0.293291 0.892781 0.281793 0.890266 0.278819 0.889312 0.272426 0.887734 0.269030 0.885531 0.267743 0.880172 0.267743 0.880797 0.274979 0.882063 0.276266 0.882063 0.278397 0.875125 0.289873 0.875125 0.298819 0.877016 0.301814 0.872922 0.317975 0.877328 0.330338 0.878594 0.334156 0.879219 0.337574 0.880797 0.336709 0.880172 0.340970 0.874812 0.341392 0.874812 0.347363 0.880484 0.348629 0.883328 0.347363 0.883328 0.336709 0.886797 0.337996 0.888047 0.340970 0.894047 0.350759 0.891203 0.350759 0.894984 0.350759 0.894984 0.347363 0.895625 0.337574 0.893734 0.333734 0.891516 0.324789 0.892156 0.320105 0.890891 0.318840 0.895312 0.299240 0.894984 0.300105 0.897203 0.300105 0.896891 0.300949 0.897516 0.307764 0.892781 0.316287 0.892469 0.317975 0.878281 0.317131 0.877641 0.317553 0.874812 0.317131 0.872281 0.317553 0.876078 0.300527
0 0.955562 0.338397 0.954609 0.311287 0.955078 0.291287 0.956047 0.281603 0.958906 0.274494 0.959859 0.270633 0.960344 0.265464 0.962250 0.260295 0.965594 0.257068 0.968938 0.257722 0.971813 0.260295 0.971328 0.264177 0.972766 0.268692 0.973719 0.271920 0.973719 0.277089 0.974203 0.284831 0.973719 0.300949 0.975641 0.322890 0.981844 0.345485 0.978500 0.349367 0.975156 0.342257 0.967984 0.320970 0.961297 0.342257
9 0.048906 0.195021 0.047953 0.228586 0.064688 0.231814 0.065641 0.190506
9 0.011672 0.195211 0.021750 0.193692 0.024359 0.246603 0.011297 0.248122
9 0.251500 0.161920 0.266687 0.161350 0.269641 0.238249 0.254453 0.233122 0.252766 0.163629
9 0.125984 0.183017 0.138187 0.181181 0.140891 0.185464 0.140219 0.190949 0.141125 0.219641 0.140891 0.222089 0.139766 0.224219 0.136156 0.224831 0.134563 0.225148 0.130953 0.222089 0.126875 0.223312 0.126422 0.223312 0.125984 0.215992 0.125297 0.211097 0.130500 0.210802 0.132078 0.210802 0.132078 0.207743 0.125078 0.208038 0.122578 0.194620 0.125984 0.193692 0.130953 0.193692 0.129813 0.190654 0.125984 0.189430 0.125297 0.186076 0.125984 0.182405
0 0.267734 0.355380 0.275344 0.376498 0.289719 0.367932 0.284219 0.363924 0.277031 0.359367 0.272813 0.334240 0.271109 0.300570 0.269422 0.291435 0.272813 0.278861 0.268156 0.275443 0.260125 0.280000 0.255891 0.294283 0.256734 0.311413 0.258437 0.323397 0.253781 0.336540 0.246172 0.359367 0.244906 0.369641 0.252094 0.373650 0.254625 0.371350 0.250828 0.367932 0.253781 0.357658 0.260547 0.346814 0.261813 0.346245
0 0.177891 0.544367 0.175094 0.564114 0.179969 0.565063 0.182766 0.573523 0.196687 0.575401 0.197391 0.568819 0.197391 0.563186 0.194609 0.553776 0.193906 0.520865 0.188328 0.502996 0.193203 0.490781 0.194609 0.445633 0.198781 0.440928 0.197391 0.394852 0.208531 0.394852 0.209922 0.377932 0.203656 0.350654 0.193906 0.337489 0.182062 0.332785 0.182062 0.312089 0.176500 0.299873 0.168828 0.299873 0.160469 0.303629 0.154906 0.330907 0.154906 0.340295 0.142359 0.360992 0.137484 0.376983 0.134703 0.392975 0.136797 0.411772 0.144453 0.429641 0.148641 0.447511 0.150719 0.480422 0.151422 0.502996 0.151422 0.520865 0.152109 0.556603 0.159781 0.582932 0.170922 0.579177 0.174406 0.570717 0.169531 0.556603 0.167438 0.516160 0.173016 0.460675 0.175797 0.524620
2 0.997781 0.364979 1.000000 0.604726 0.889266 0.610443 0.880812 0.631371 0.878000 0.638987 0.862500 0.642785 0.861078 0.602827 0.858266 0.557152 0.875172 0.555253 0.873766 0.488650 0.923094 0.363080 0.941406 0.342131 1.000000 0.355464 0.999187 0.382089
