55 0.132453 0.528187 0.135828 0.429318 0.138641 0.425809 0.164484 0.418090 0.170672 0.394249 0.185297 0.386530 0.207219 0.351462 0.195406 0.293255 0.204969 0.282027 0.206656 0.270819 0.213953 0.242768 0.230828 0.239961 0.242625 0.247680 0.244875 0.272924 0.255000 0.305185 0.245438 0.315692 0.246563 0.351462 0.274109 0.390039 0.287594 0.399864 0.285922 0.419493 0.320203 0.425809 0.321891 0.447544 0.324141 0.526082 0.312891 0.535205 0.136953 0.532398 0.131328 0.530994
55 0.275375 0.904405 0.263797 0.868285 0.275375 0.858421 0.289062 0.828226 0.294844 0.823626 0.299062 0.827563 0.306422 0.824932 0.310109 0.834133 0.322219 0.840039 0.322750 0.846608 0.326953 0.851209 0.330109 0.861053 0.331703 0.866959 0.325906 0.903743 0.310641 0.912281 0.291156 0.913587 0.280109 0.909649
55 0.142422 0.752944 0.150594 0.790546 0.192484 0.790175 0.204359 0.778382 0.196516 0.764678 0.198094 0.750994 0.205141 0.737290 0.205141 0.723606 0.198875 0.713821 0.191031 0.713821 0.173000 0.713821 0.163594 0.712846 0.147266 0.727349 0.142656 0.742300
55 0.186891 0.891442 0.193125 0.834464 0.230500 0.826686 0.251266 0.862963 0.257500 0.896628 0.222187 0.922534 0.213891 0.922534
55 0.095500 0.973606 0.087297 0.982320 0.089344 0.990507 0.094672 1.000000 0.141031 1.000000 0.145938 0.991520 0.146766 0.986920 0.157016 0.979747 0.156609 0.970546 0.144719 0.963372 0.132000 0.959805 0.113953 0.957758 0.101234 0.962359 0.095500 0.966959 0.094672 0.973099
55 0.117281 0.877622 0.117281 0.877622 0.127453 0.910448 0.127453 0.910448 0.173484 0.907466 0.173484 0.907466 0.180656 0.868674 0.176469 0.847037 0.169297 0.831384 0.169297 0.831384 0.157344 0.814971 0.135219 0.838830 0.117875 0.864951 0.117875 0.864951 0.117281 0.870916
55 0.324781 0.748051 0.316469 0.784425 0.266500 0.794815 0.256078 0.753255 0.285234 0.701306 0.303969 0.709084
55 0.336203 0.891696 0.336203 0.869337 0.327250 0.846998 0.333219 0.820936 0.352625 0.820936 0.363078 0.843275 0.364563 0.858168 0.361578 0.886101
55 0.175625 0.667778 0.167969 0.633392 0.187109 0.618129 0.189406 0.599981 0.209297 0.602846 0.225375 0.606667 0.233797 0.625770 0.236094 0.637213 0.226906 0.671598
55 0.214422 0.993567 0.220984 0.980858 0.229719 0.976316 0.234812 0.951813 0.214422 0.939103 0.202047 0.934561 0.195875 0.953626 0.198781 0.970877 0.210063 0.990858 0.211875 0.993119
55 0.114516 0.899727 0.099359 0.901287 0.090500 0.876062 0.089234 0.850838 0.100609 0.833489 0.117047 0.825614 0.141062 0.822456 0.137266 0.835068 0.119578 0.879220
43 0.287828 0.409766 0.332375 0.395867 0.409406 0.371559 0.468797 0.351871 0.478078 0.353041 0.469719 0.376199 0.432609 0.388928 0.412187 0.393548 0.309172 0.424815
0 0.688078 0.973041 0.675469 0.640448 0.700688 0.514600 0.574609 0.462924 0.527766 0.379766 0.470125 0.355049 0.520563 0.278655 0.565594 0.271910 0.632250 0.312359 0.677281 0.395497 0.754734 0.413489 0.785344 0.332593 0.754734 0.321345 0.715109 0.321345 0.709703 0.213489 0.697094 0.148324 0.680875 0.085400 0.747531 0.038207 0.781750 0.013489 0.810562 0.006745 0.857406 0.049435 0.882625 0.112359 0.873609 0.217973 0.911438 0.262924 0.956469 0.334834 0.972688 0.384269 0.969078 0.552807 0.969078 0.608986 0.978094 0.640448 0.987094 0.678655 0.949266 0.811228 0.922250 0.847193 0.934859 0.979766
