0 0.363375 0.986812 0.295979 0.940656 0.295979 0.885719 0.249083 0.786812 0.190479 0.749453 0.155313 0.558234 0.161167 0.430766 0.172896 0.441766 0.272521 0.367031 0.222708 0.316484 0.225646 0.287906 0.196333 0.235172 0.246146 0.191203 0.319417 0.167031 0.369229 0.184609 0.389750 0.193406 0.404396 0.204391 0.421979 0.217578 0.436625 0.257141 0.421979 0.296703 0.421979 0.320875 0.430771 0.334063 0.451292 0.338469 0.477646 0.336266 0.492312 0.334063 0.504021 0.334063 0.509896 0.334063 0.509896 0.305500 0.533333 0.221984 0.550917 0.195609 0.589021 0.186812 0.603667 0.186812 0.621250 0.193406 0.630042 0.213188 0.627104 0.219781 0.621250 0.232969 0.615375 0.250547 0.615375 0.254937 0.615375 0.272531 0.615375 0.281312 0.615375 0.296703 0.568500 0.402203 0.536271 0.419781 0.521604 0.421984 0.515750 0.424172 0.495229 0.430766 0.489375 0.435172 0.477646 0.441766 0.495229 0.472531 0.495229 0.492312 0.492312 0.501094 0.489375 0.514281 0.495229 0.540656 0.495229 0.560438 0.495229 0.586812 0.495229 0.606594 0.495229 0.637359 0.495229 0.648359 0.465937 0.861531 0.463000 0.881312 0.480583 0.890109 0.486437 0.892313 0.489375 0.905500 0.495229 0.920875 0.486437 0.934062 0.465937 0.953844 0.465937 0.956047 0.460083 0.969234 0.442500 0.989016 0.372167 0.986812 0.363375 0.982422 0.363375 0.982422
0 0.802708 0.091375 0.794000 0.104437 0.786875 0.116906 0.790042 0.124047 0.790042 0.129984 0.788458 0.131766 0.778958 0.131766 0.765500 0.126422 0.767083 0.122266 0.774208 0.106219 0.783708 0.086625 0.784500 0.073563 0.782125 0.059906 0.780542 0.048625 0.786083 0.038531 0.796375 0.030219 0.797958 0.020125 0.813000 0.010625 0.820917 0.025469 0.822500 0.035563 0.824875 0.049219 0.835958 0.056937 0.835958 0.064656 0.829625 0.076531 0.830417 0.094937 0.835167 0.113344 0.845458 0.122266 0.846250 0.128203 0.838333 0.129391 0.819333 0.129391 0.813792 0.122859 0.812208 0.112156
0 0.333250 0.155391 0.344583 0.154687 0.341750 0.149719 0.344583 0.143344 0.340813 0.138375 0.341750 0.113563 0.346479 0.102922 0.349312 0.085906 0.343646 0.063922 0.341750 0.049750 0.328521 0.038391 0.316229 0.034141 0.313396 0.030594 0.311500 0.019969 0.304875 0.016422 0.294479 0.019250 0.290688 0.029188 0.296375 0.036984 0.297313 0.039812 0.287854 0.045484 0.284083 0.068891 0.285979 0.093703 0.285979 0.098672 0.298271 0.099375 0.305833 0.112844 0.305833 0.151844 0.321896 0.158234 0.322833 0.153266 0.319063 0.107172 0.326625 0.115688
0 0.490521 0.073906 0.485167 0.089984 0.495875 0.101219 0.488375 0.121312 0.488375 0.133359 0.498021 0.143000 0.509792 0.142188 0.534437 0.141391 0.532292 0.129344 0.523729 0.125328 0.521583 0.118891 0.532292 0.093187 0.520500 0.084359 0.528000 0.066688 0.515146 0.021703 0.507667 0.025719 0.493729 0.027328 0.490521 0.038562 0.495875 0.048203 0.488375 0.071500
0 0.702104 0.040984 0.690646 0.049141 0.691854 0.057281 0.697896 0.068156 0.702708 0.079469 0.699688 0.084906 0.693063 0.084906 0.681583 0.113891 0.674937 0.122953 0.679167 0.127922 0.690646 0.128375 0.693063 0.126563 0.689438 0.123406 0.699083 0.103016 0.706333 0.127016 0.712375 0.127922 0.724458 0.124312 0.714792 0.120687 0.711167 0.096688 0.706333 0.090797 0.712979 0.072234 0.719021 0.053203 0.716604 0.044156 0.720833 0.037813 0.716604 0.029656 0.712375 0.028750 0.705729 0.031016 0.701500 0.037813
0 0.203042 0.070063 0.206000 0.063437 0.210417 0.059562 0.212625 0.054047 0.219979 0.051281 0.224417 0.052938 0.228083 0.055141 0.230292 0.057359 0.231771 0.058469 0.242083 0.060125 0.247979 0.063437 0.253146 0.070063 0.255354 0.076141 0.250917 0.095484 0.253146 0.110953 0.254604 0.120891 0.253875 0.142438 0.251667 0.142438 0.238396 0.110391 0.236188 0.102109 0.235458 0.097687 0.232500 0.093828 0.225146 0.093266 0.215563 0.094375 0.205250 0.091063
28 0.236500 0.101062 0.249167 0.153594 0.240125 0.162203 0.234083 0.162656 0.229250 0.158578 0.224417 0.107406 0.218979 0.102422 0.204500 0.102422 0.204500 0.092922 0.232271 0.092016 0.235896 0.100609
0 0.635000 0.063047 0.633646 0.053297 0.635000 0.047578 0.635438 0.044562 0.633208 0.039172 0.626917 0.038844 0.619312 0.043547 0.615271 0.054641 0.613917 0.062047
26 0.663792 0.071984 0.673250 0.063281 0.676208 0.057203 0.686208 0.057000 0.687563 0.052328 0.697292 0.044625 0.703229 0.042609 0.708896 0.041797 0.713771 0.045641 0.711333 0.048687 0.710792 0.061453 0.711604 0.064891 0.716729 0.070359 0.713229 0.076844 0.708354 0.077859 0.703500 0.069766 0.703229 0.065500 0.705938 0.064078 0.704854 0.060234 0.707292 0.055375 0.706750 0.044438 0.704854 0.044031 0.695396 0.050313 0.693229 0.057203 0.692417 0.065906 0.695125 0.066516 0.695667 0.070359 0.701063 0.073203 0.700250 0.079687 0.704313 0.081719 0.706479 0.079281 0.700250 0.088406 0.688104 0.083938 0.674854 0.076250 0.664604 0.076047
28 0.682833 0.101297 0.667104 0.102422 0.660000 0.110563 0.658500 0.118156 0.668229 0.122359 0.679104 0.122359 0.689208 0.104391 0.682083 0.101578
28 0.311687 0.106500 0.311687 0.145453 0.273583 0.153250 0.273583 0.098703
28 0.538146 0.105062 0.539021 0.071938 0.563688 0.072266 0.564562 0.106688 0.563250 0.107328 0.561521 0.105391 0.544208 0.105062 0.542917 0.109938 0.542479 0.104734 0.539021 0.104406
28 0.594375 0.107875 0.590792 0.105797 0.589208 0.103406 0.575312 0.103406 0.573313 0.106688 0.570937 0.103109 0.569750 0.071234 0.594771 0.071828 0.597167 0.103109 0.594771 0.107281
28 0.459562 0.089594 0.468646 0.083109 0.490729 0.083750 0.492458 0.104531 0.489417 0.112000 0.490729 0.123359 0.466479 0.121094 0.464312 0.116875 0.459562 0.115562 0.455667 0.114922 0.455667 0.107781 0.456521 0.106156 0.460854 0.103234
28 0.522896 0.119266 0.531875 0.105234 0.536000 0.124328 0.533750 0.127141 0.520271 0.127141 0.512771 0.127422 0.504917 0.129391 0.501542 0.128547 0.506042 0.110563 0.513521 0.110281 0.515771 0.110844
24 0.447083 0.066719 0.439417 0.067109 0.430729 0.066328 0.427667 0.055219 0.430229 0.044094 0.435333 0.039500 0.441979 0.040266 0.449146 0.042953 0.452708 0.054453
26 0.717354 0.075609 0.704792 0.085047 0.703083 0.089750 0.717937 0.091031 0.725938 0.091031 0.721937 0.076469 0.719646 0.076047
