0 0.821672 0.524075 0.822688 0.518595 0.822891 0.513724 0.824313 0.508852 0.826344 0.501522 0.828172 0.497869 0.829188 0.493302 0.836906 0.491171 0.844828 0.493911 0.848687 0.499696 0.852750 0.511593 0.853969 0.520117 0.851328 0.530773 0.856000 0.539906 0.858250 0.542646 0.866984 0.555433 0.874500 0.573115 0.876531 0.602951 0.876125 0.613607 0.869625 0.632810 0.866781 0.658689 0.865969 0.674848 0.854578 0.711991 0.849906 0.725691 0.847469 0.735152 0.846453 0.749766 0.849297 0.774426 0.848687 0.793021 0.850719 0.823162 0.853156 0.834122 0.852750 0.841452 0.837313 0.842974 0.835891 0.845714 0.832641 0.845714 0.827766 0.845105 0.822891 0.844496 0.818000 0.844801 0.818000 0.840515 0.821062 0.833208 0.826141 0.824075 0.826547 0.822553 0.827969 0.806417 0.825125 0.777166 0.825328 0.760726 0.824719 0.748852 0.823703 0.742155 0.822688 0.735761 0.811906 0.736674 0.810688 0.726909 0.809062 0.682459 0.808250 0.675152 0.808250 0.663560 0.810688 0.640726 0.810281 0.633724 0.811703 0.624286 0.809469 0.628244 0.810078 0.633419 0.809469 0.636464 0.806828 0.634333 0.803984 0.634333 0.800937 0.635855 0.798094 0.638899 0.793625 0.641639 0.792000 0.641335 0.791391 0.635246 0.792406 0.630679 0.796672 0.626417 0.799719 0.623068 0.805812 0.607518 0.812312 0.584988 0.819219 0.563677 0.825937 0.555738 0.832031 0.550866 0.832844 0.550562 0.831219 0.548735 0.830203 0.543560 0.826953 0.543255 0.826344 0.540211 0.827156 0.538080 0.824922 0.536253 0.825328 0.533208 0.823906 0.531077 0.823500 0.528033 0.821672 0.527119
0 0.104953 0.880890 0.095953 0.651686 0.094453 0.620234 0.076469 0.712365 0.068969 0.703372 0.094453 0.564052 0.101953 0.541569 0.109453 0.492131 0.131938 0.505621 0.128937 0.541569 0.157422 0.561803 0.169422 0.703372 0.154422 0.714614 0.151422 0.604496 0.143937 0.714614 0.133437 0.779766 0.136438 0.851686 0.125937 0.871920 0.113953 0.874169
0 0.200359 0.588899 0.203906 0.561265 0.204625 0.549555 0.206750 0.543185 0.218094 0.527237 0.218094 0.520867 0.215969 0.501733 0.220219 0.494286 0.228734 0.492155 0.232984 0.492155 0.235828 0.505972 0.235828 0.520867 0.238656 0.526183 0.242922 0.536815 0.241500 0.540000 0.246469 0.551686 0.250719 0.564450 0.250719 0.581452 0.249297 0.586768 0.244328 0.579321 0.240781 0.576136 0.240078 0.586768 0.240078 0.603770 0.240781 0.613349 0.240781 0.635667 0.236531 0.661171 0.234406 0.679251 0.234406 0.695199 0.230859 0.713255 0.225891 0.723888 0.225891 0.730258 0.227312 0.739836 0.221641 0.733466 0.218797 0.719649 0.218797 0.713255 0.225891 0.709016 0.220937 0.701569 0.216672 0.697307 0.216672 0.686674 0.222344 0.683490 0.222344 0.676066 0.223766 0.670749 0.225187 0.661171 0.222344 0.651616 0.222344 0.637799 0.219516 0.622904 0.217391 0.616534 0.216672 0.611218 0.219516 0.600586 0.215250 0.592084 0.208875 0.588899 0.201078 0.589953
0 0.028703 0.608829 0.029609 0.567658 0.037859 0.560796 0.036937 0.547752 0.036484 0.543630 0.036484 0.531967 0.038313 0.527143 0.042438 0.524403 0.047469 0.522342 0.051141 0.522342 0.055266 0.528525 0.059844 0.533325 0.058000 0.536066 0.055719 0.543630 0.055719 0.555293 0.056172 0.560094 0.063953 0.565597 0.068547 0.573817 0.073578 0.591663 0.077234 0.602646 0.079531 0.612951 0.079984 0.622553 0.075859 0.626674 0.075859 0.635597 0.075859 0.652763 0.075859 0.663045 0.069453 0.689813 0.068547 0.700117 0.067625 0.706979 0.072656 0.720023 0.079078 0.712482 0.076781 0.735129 0.074500 0.744052 0.086859 0.765785 0.089609 0.762365 0.093719 0.765105 0.093719 0.774028 0.093266 0.780890 0.091891 0.787752 0.095563 0.796674 0.096937 0.800117 0.090984 0.812904 0.089141 0.812225 0.084562 0.812225 0.083188 0.802599 0.082281 0.793677 0.080453 0.786815 0.078609 0.778571 0.072656 0.775152 0.068547 0.768290 0.066703 0.773770 0.067625 0.790937 0.067625 0.795738 0.068547 0.799860 0.069906 0.803302 0.074031 0.808782 0.076781 0.809461 0.080453 0.817026 0.083188 0.820445 0.080453 0.819766 0.076328 0.819766 0.074031 0.819766 0.069453 0.819766 0.065328 0.818384 0.058922 0.817705 0.055266 0.817026 0.054344 0.815644 0.053422 0.802599 0.055266 0.798478 0.056641 0.794379 0.056641 0.779274 0.054344 0.764848 0.053422 0.756628 0.054344 0.745644 0.051141 0.746323 0.037859 0.710586 0.037859 0.694122 0.038313 0.687260 0.037406 0.679016 0.035563 0.685199 0.034187 0.679719 0.034187 0.674215 0.035563 0.672834 0.037859 0.671475 0.044734 0.666674 0.044734 0.661874 0.044266 0.661171 0.042891 0.644707 0.042891 0.638525 0.041984 0.638525 0.035109 0.621358 0.030078 0.608314
0 0.960484 0.542295 0.973953 0.562482 0.981750 0.568852 0.986719 0.620937 0.977500 0.641147 0.969703 0.674098 0.968281 0.733630 0.968984 0.760187 0.964734 0.764450 0.962609 0.782529 0.951969 0.833536 0.957641 0.853747 0.939203 0.859063 0.934234 0.854801 0.934234 0.839930 0.920766 0.851616 0.908000 0.855855 0.904453 0.839930 0.912953 0.834614 0.912953 0.819719 0.906578 0.760187 0.902328 0.726183 0.905156 0.690047 0.914375 0.660281 0.916500 0.632646 0.910125 0.632646 0.903031 0.609251 0.908703 0.593302 0.917219 0.605012 0.922172 0.602881 0.917219 0.580562 0.918641 0.575246 0.925719 0.557166 0.932109 0.551850 0.929266 0.536979 0.927859 0.516768 0.927859 0.508267 0.934953 0.499766 0.943453 0.495504 0.955516 0.499766 0.959062 0.515714 0.959062 0.529532 0.957641 0.540164
0 0.723594 0.581077 0.718766 0.554590 0.732422 0.537728 0.740453 0.536534 0.749297 0.550960 0.749297 0.559391 0.746891 0.571429 0.746891 0.581077 0.742875 0.583466 0.750094 0.588290 0.753312 0.588290 0.760547 0.593115 0.767766 0.611171 0.769375 0.617190 0.767766 0.621991 0.767766 0.674965 0.769375 0.694239 0.774188 0.703864 0.770984 0.721920 0.760547 0.721920 0.758937 0.725527 0.758937 0.744801 0.754922 0.748407 0.753312 0.756838 0.758125 0.779719 0.757328 0.812225 0.757328 0.827869 0.757328 0.841101 0.748484 0.841101 0.748484 0.827869 0.746891 0.809813 0.735641 0.747213 0.726812 0.745995 0.724391 0.771288 0.720375 0.817026 0.721187 0.841101 0.713953 0.845925 0.705922 0.850749 0.703516 0.845925 0.708328 0.838688 0.709141 0.824262 0.711547 0.818244 0.708328 0.795363 0.706719 0.755621 0.705125 0.733958 0.707531 0.670164 0.708328 0.635246 0.703516 0.644871 0.697094 0.652108 0.692266 0.642459 0.693062 0.623208 0.696281 0.608759 0.700297 0.615972 0.706719 0.602740 0.715562 0.591897 0.722797 0.588290 0.721984 0.582272
56 0.373906 0.696909 0.404641 0.693419 0.404172 0.734614 0.433984 0.745785 0.432125 0.756253 0.414891 0.785597 0.425609 0.807237 0.399047 0.819087 0.384609 0.819789 0.366453 0.819789 0.365047 0.796745 0.366453 0.754169 0.368313 0.737400 0.368313 0.724848
0 0.887859 0.694543 0.895172 0.699719 0.897328 0.704871 0.891734 0.709391 0.882687 0.707471 0.879672 0.699719 0.879234 0.687447 0.878375 0.666159 0.879672 0.658408 0.880531 0.653255 0.880531 0.646792 0.879672 0.637119 0.871922 0.633255 0.871922 0.630656 0.874938 0.617119 0.877516 0.588712 0.876234 0.577752 0.871922 0.558384 0.865031 0.548712 0.870625 0.542904 0.873641 0.539672 0.874938 0.530632 0.873641 0.524192 0.874078 0.514497 0.882250 0.510632 0.885266 0.512576 0.889578 0.517728 0.889578 0.520304 0.890437 0.527400 0.890437 0.535152 0.889141 0.540328 0.885266 0.544192 0.887422 0.545480 0.893453 0.550632 0.895172 0.560960 0.895172 0.577752 0.898188 0.591944 0.900766 0.615831 0.903781 0.622927 0.901625 0.629368 0.898188 0.618407 0.896469 0.616464 0.896891 0.608080 0.895172 0.601616 0.894734 0.615176 0.893453 0.635176 0.889578 0.651967 0.888281 0.650679 0.885703 0.660351 0.886984 0.673255 0.886984 0.689391
0 0.318234 0.503630 0.324781 0.497237 0.329609 0.496370 0.332156 0.495105 0.333016 0.491265 0.333297 0.483607 0.335859 0.473396 0.337266 0.468712 0.339547 0.466581 0.340109 0.485738 0.345797 0.488290 0.349484 0.487869 0.349484 0.491686 0.348641 0.494262 0.348641 0.495948 0.350906 0.501054 0.354891 0.506604 0.357156 0.516815 0.360000 0.529602 0.360281 0.532576 0.355453 0.535550 0.357437 0.566206 0.354031 0.565363 0.347500 0.562810 0.346359 0.558548 0.345516 0.551311 0.342672 0.542787 0.338406 0.538103 0.337266 0.537682 0.331875 0.537682 0.327047 0.539813 0.324203 0.538103 0.324203 0.531710 0.324203 0.522787 0.324484 0.515550 0.324203 0.511710 0.322500 0.507869 0.320234 0.504895
26 0.274984 0.660679 0.271344 0.706089 0.266500 0.718806 0.261656 0.727892 0.249531 0.727892 0.242266 0.716089 0.242266 0.700656 0.247719 0.682482 0.254984 0.655246 0.267109 0.657963 0.276797 0.635246 0.269531 0.615269 0.271344 0.597119 0.270141 0.570773 0.278625 0.569860 0.273781 0.592576 0.273781 0.615269 0.277406 0.633443 0.277406 0.665222
56 0.245312 0.692014 0.240203 0.690328 0.235656 0.687775 0.231688 0.689461 0.234234 0.714169 0.239063 0.728642 0.256969 0.734169 0.255547 0.738009 0.246453 0.743536 0.243672 0.764098 0.249859 0.764098 0.254172 0.771967 0.258500 0.774754 0.253859 0.785386 0.243984 0.771054 0.241516 0.774754 0.247078 0.796487 0.236266 0.818712 0.238125 0.824707 0.249234 0.800187 0.263750 0.831194 0.264984 0.825176 0.252328 0.797424 0.253563 0.791405 0.271469 0.820562 0.271766 0.815457 0.257266 0.789555 0.262203 0.777986 0.267141 0.779836 0.265281 0.763630 0.265594 0.751148 0.263438 0.740515 0.262516 0.738665 0.264047 0.731710 0.258797 0.730796 0.250156 0.726159 0.243984 0.716909 0.243984 0.706276 0.242438 0.701171
0 0.176109 0.580398 0.185234 0.581358 0.186547 0.583326 0.189156 0.585293 0.189156 0.590164 0.198953 0.590164 0.200906 0.565714 0.200906 0.558876 0.204172 0.553981 0.206781 0.542248 0.202859 0.524637 0.202859 0.522670 0.199594 0.519742 0.195688 0.517799 0.190469 0.514848 0.193719 0.502131 0.192422 0.493326 0.187203 0.489415 0.185234 0.490398 0.183281 0.492365 0.181328 0.501171 0.181328 0.506042 0.181328 0.508993 0.176750 0.516815 0.174141 0.527564 0.176750 0.546159 0.177406 0.549087 0.176750 0.559859 0.172844 0.574520 0.175453 0.585293
41 0.905031 0.593794 0.907969 0.612131 0.913250 0.622810 0.916656 0.620726 0.918672 0.596347 0.906734 0.595199
41 0.813937 0.633583 0.816031 0.632318 0.814359 0.631265 0.813937 0.628126 0.816734 0.624965 0.819406 0.623724 0.811828 0.623513 0.811281 0.625176 0.812531 0.635059 0.813516 0.638618 0.814500 0.641991 0.815203 0.644286 0.820375 0.643021 0.820516 0.641147 0.819406 0.640515 0.817437 0.641780 0.816453 0.641991 0.815750 0.639883 0.815750 0.638829
0 0.632703 0.761803 0.617703 0.858431 0.617703 0.930328 0.625203 0.968548 0.605719 0.964051 0.569734 0.970796 0.563734 0.948314 0.566734 0.840445 0.559234 0.786511 0.566734 0.721358 0.568234 0.678642 0.536750 0.678642 0.517250 0.665176 0.508266 0.640445 0.520250 0.626956 0.550250 0.635948 0.577234 0.595504 0.572734 0.573044 0.574234 0.530328 0.601219 0.507869 0.608719 0.548314 0.611719 0.575269 0.634203 0.620234 0.655187 0.676393 0.655187 0.721358 0.647703 0.764051
