0 0.102578 0.636667 0.173203 0.636667 0.250562 0.739792 0.274109 0.872083 0.322875 0.972979 0.331281 1.000000 0.085766 0.998104 0.003359 1.000000 0.001688 0.589583 0.005047 0.511104 0.001688 0.006604 0.040359 0.008854 0.058859 0.040250 0.085766 0.118729 0.089125 0.210646 0.090812 0.311542 0.048766 0.464021
45 0.999031 0.681417 0.982156 0.666938 0.927891 0.652479 0.882078 0.655688 0.836266 0.678187 0.826625 0.692667 0.830234 0.720000 0.826625 0.729646 0.816969 0.734458 0.814562 0.737667 0.816969 0.740896 0.827828 0.745708 0.831437 0.753750 0.829031 0.768229 0.827828 0.798771 0.838672 0.810021 0.865203 0.824479 0.889312 0.834125 0.903781 0.840563 0.907391 0.834125 0.918250 0.821271 0.930313 0.811625 0.943563 0.813229 0.964063 0.819667 0.984563 0.826083 0.993000 0.830917 1.000000 0.832521
0 0.545297 0.718333 0.511750 0.709396 0.469797 0.698208 0.473156 0.662417 0.478188 0.590813 0.451344 0.523708 0.441281 0.418563 0.453016 0.275375 0.503359 0.232875 0.501672 0.161292 0.518453 0.109833 0.568797 0.112083 0.587250 0.112083 0.612422 0.141146 0.625844 0.190375 0.622484 0.248542 0.666109 0.300000 0.701344 0.452125 0.701344 0.543833 0.687922 0.666875 0.671141 0.689250 0.632547 0.678062 0.624156 0.653458 0.570469 0.664646 0.563766 0.671354
48 0.379828 0.714771 0.369453 0.748354 0.370438 0.758896 0.394641 0.761521 0.442047 0.756271 0.449953 0.724000 0.448953 0.715438 0.429203 0.706875 0.386250 0.709521
48 0.284906 0.825229 0.344875 0.826979 0.356734 0.810292 0.368594 0.767250 0.361344 0.759333 0.320500 0.754063 0.290844 0.754937 0.279641 0.818208
45 0.712609 0.757604 0.728016 0.751729 0.769094 0.758583 0.783047 0.771292 0.792578 0.800625 0.784500 0.845625 0.782313 0.849542 0.770563 0.791833 0.758828 0.791833 0.764703 0.832917 0.748562 0.800625 0.744891 0.808458 0.762500 0.876938 0.758828 0.879854 0.748562 0.887688 0.725078 0.821167 0.698672 0.759562 0.687672 0.776188 0.681063 0.793792 0.691344 0.815313 0.693547 0.849542 0.709672 0.879854 0.727281 0.886708
44 0.686250 0.735208 0.702156 0.770312 0.710922 0.787854 0.717500 0.798813 0.719703 0.820021 0.720797 0.826604 0.724078 0.818563 0.725734 0.808312 0.725734 0.799542 0.722984 0.781271 0.716406 0.765188 0.710922 0.749104 0.703250 0.729354 0.692281 0.715479 0.681859 0.722042 0.687891 0.736667
56 0.071125 0.626813 0.074031 0.557750 0.081297 0.531937 0.096781 0.517104 0.101141 0.515167 0.106469 0.519687 0.111781 0.536458 0.114203 0.555813 0.108391 0.568083 0.100656 0.578396 0.097266 0.595187 0.097750 0.609375 0.089516 0.620354 0.080328 0.627458
45 0.582500 0.854354 0.593609 0.892521 0.597875 0.902771 0.609844 0.908458 0.611547 0.888521 0.623094 0.871437 0.627359 0.865167 0.631641 0.855479 0.638469 0.860604 0.655125 0.878271 0.657688 0.888521 0.661969 0.889104 0.663672 0.869729 0.665812 0.857771 0.661109 0.841812 0.643172 0.828146 0.632484 0.824729 0.602578 0.829292 0.591906 0.835542 0.585063 0.845229 0.582500 0.852646
48 0.368906 0.755146 0.366625 0.811396 0.369203 0.817479 0.380594 0.821646 0.448422 0.815188 0.448141 0.811000 0.446141 0.752500 0.436172 0.754396
48 0.246828 0.766042 0.261906 0.754104 0.262844 0.745313 0.268500 0.735896 0.270391 0.725208 0.276984 0.720187 0.280750 0.707625 0.280750 0.701333 0.277453 0.690021 0.271797 0.681229 0.268500 0.676208 0.259078 0.677458 0.202063 0.669292 0.211016 0.692542 0.233625 0.719563 0.242109 0.744687 0.246828 0.763542
39 0.376016 0.666229 0.376234 0.650521 0.377109 0.630729 0.378422 0.616479 0.381906 0.607167 0.382125 0.601354 0.387797 0.596417 0.390203 0.583604 0.391062 0.578958 0.394563 0.578375 0.396313 0.590583 0.397609 0.594958 0.403062 0.601063 0.405469 0.602229 0.406563 0.608917 0.409828 0.619979 0.410703 0.638000 0.411797 0.658667 0.411141 0.665063 0.404812 0.670875 0.379078 0.667667 0.375141 0.667667
48 0.447094 0.749250 0.454984 0.820104 0.493766 0.838292 0.519609 0.831583 0.521766 0.804771 0.520328 0.747333
48 0.370422 0.730812 0.364266 0.754812 0.361891 0.758583 0.292266 0.755437 0.288938 0.762375 0.286109 0.760479 0.286578 0.749750 0.304109 0.713750 0.350047 0.713125 0.365687 0.711854 0.370891 0.719437
45 0.244062 0.611708 0.250078 0.659750 0.255750 0.661979 0.265078 0.663771 0.313797 0.667771 0.322797 0.667771 0.335484 0.659750 0.338813 0.652646 0.338813 0.605479 0.334484 0.594375 0.317469 0.583250 0.299453 0.579250 0.297453 0.579250 0.281094 0.581021 0.279766 0.581458 0.269750 0.585917 0.253406 0.595250 0.252078 0.596146 0.250406 0.598812 0.249078 0.600583 0.245406 0.609937
39 0.411859 0.669292 0.412359 0.642438 0.408828 0.616271 0.405312 0.602167 0.395250 0.587417 0.393234 0.578021 0.398266 0.561229 0.398266 0.559229 0.402297 0.558542 0.403797 0.564583 0.404313 0.572646 0.407328 0.579354 0.413875 0.582708 0.413875 0.590771 0.414375 0.596812 0.415375 0.606875 0.420922 0.664583 0.421422 0.669958 0.411359 0.670625 0.409844 0.666604
48 0.448766 0.747396 0.458250 0.707229 0.523531 0.719125 0.520187 0.752604 0.443188 0.751125
25 0.565031 0.754042 0.549953 0.778938 0.560000 0.803833 0.561437 0.842125 0.549234 0.851687 0.547078 0.827771 0.540609 0.817229 0.546359 0.679375 0.552812 0.494625 0.567781 0.120354 0.537734 0.103000 0.518703 0.129708 0.508687 0.137708 0.453609 0.132375 0.380516 0.132375 0.323438 0.123021 0.248328 0.094979 0.155188 0.113688 0.087094 0.123021 0.071078 0.069625 0.053047 0.042917 0.030016 0.000188 0.827141 0.000188 0.854172 0.000188 0.881094 0.050229 0.928578 0.068854 0.991438 0.152667 0.973281 0.150792 0.869922 0.160104 0.695328 0.158250 0.614328 0.165688 0.591984 0.122854
