32 0.174720 0.604720 0.175280 0.602620 0.178427 0.601300 0.182933 0.600680 0.185973 0.602020 0.187413 0.603820 0.188480 0.606720 0.187893 0.609860 0.186293 0.611540 0.180987 0.612800 0.177227 0.612620 0.174160 0.609680 0.173840 0.607560 0.173920 0.605460
0 0.663120 0.435880 0.641040 0.438360 0.607920 0.444160 0.599067 0.438360 0.596853 0.414340 0.597973 0.399440 0.593547 0.382040 0.596853 0.369620 0.604587 0.357200 0.605707 0.339800 0.609013 0.333180 0.617840 0.328220 0.624480 0.327380 0.644347 0.330700 0.648773 0.342300 0.643253 0.353060 0.636613 0.360520 0.642133 0.374600 0.647653 0.382880 0.655387 0.391160 0.692933 0.390340 0.703973 0.393640 0.691840 0.406900 0.673067 0.405240 0.669760 0.414340 0.670853 0.426780 0.669760 0.439200
0 0.527280 0.443040 0.538640 0.462900 0.545253 0.476360 0.545253 0.484880 0.539573 0.512520 0.541467 0.543020 0.551867 0.549400 0.564160 0.582720 0.540533 0.599040 0.538640 0.607540 0.529173 0.616060 0.565120 0.618940 0.580240 0.616820 0.589680 0.611140 0.592533 0.604760 0.600080 0.601920 0.600080 0.601920 0.598187 0.584200 0.591573 0.565040 0.590640 0.552280 0.585920 0.539520 0.581173 0.526040 0.591573 0.486340 0.598187 0.461520 0.596320 0.440260 0.587787 0.425360 0.581173 0.404080 0.572667 0.390620 0.557547 0.379280 0.554720 0.369340 0.555653 0.355880 0.549040 0.341700 0.529173 0.331060 0.518773 0.331760 0.505547 0.343820 0.505547 0.355880 0.510267 0.362960 0.515013 0.375720 0.514053 0.388480 0.508373 0.398420 0.489467 0.421820 0.473413 0.433160 0.457333 0.453020 0.457333 0.464360 0.469627 0.462240 0.482853 0.453720 0.497973 0.450180 0.515947 0.448760
0 0.226987 0.461700 0.291547 0.457980 0.280987 0.439820 0.275413 0.427720 0.271680 0.415620 0.266720 0.406320 0.265467 0.397460 0.265467 0.392340 0.268560 0.377920 0.267333 0.365820 0.259253 0.361160 0.246240 0.365820 0.246240 0.379320 0.241253 0.390940 0.226987 0.402580 0.221413 0.440300 0.226987 0.462180
34 0.490427 0.423760 0.478000 0.427300 0.457040 0.457060 0.451680 0.458560 0.453680 0.464100 0.461040 0.466600 0.465733 0.464600 0.464400 0.461580 0.515280 0.379380 0.517067 0.375820 0.522987 0.382480 0.548427 0.367840 0.550800 0.368720 0.557893 0.362960 0.557893 0.359840 0.553173 0.357620
25 0.648320 0.369380 0.669840 0.367760 0.692053 0.366420 0.690613 0.363200 0.669840 0.356740 0.649040 0.363740 0.645467 0.366420
25 0.718773 0.355680 0.698107 0.360920 0.690533 0.370520 0.713253 0.371620 0.734800 0.369440 0.746453 0.367480 0.737413 0.359600 0.722560 0.356340
32 0.594107 0.872600 0.595787 0.866940 0.601920 0.864640 0.607520 0.863380 0.613947 0.863380 0.619813 0.865260 0.625120 0.868820 0.627627 0.873020 0.627627 0.878460 0.626800 0.883500 0.624000 0.887260 0.612827 0.887900 0.606400 0.887680 0.599707 0.887260 0.595493 0.886420 0.593547 0.883280 0.593547 0.877000 0.593547 0.872400
25 0.322373 0.364540 0.293120 0.384060 0.325627 0.381620 0.320747 0.366980
32 0.299040 0.601760 0.286053 0.602980 0.275893 0.599640 0.276720 0.592020 0.285253 0.590200 0.293760 0.589580 0.302293 0.591420 0.307173 0.594160 0.307573 0.599020
0 0.154107 0.463500 0.150080 0.438040 0.152373 0.421640 0.152960 0.416460 0.147787 0.407400 0.141440 0.400500 0.131093 0.398340 0.129947 0.398780 0.127067 0.410000 0.130507 0.420340 0.130507 0.443220 0.134533 0.456160 0.139733 0.462200
32 0.670187 0.657860 0.666000 0.662940 0.659760 0.660580 0.651947 0.665280 0.649867 0.662160 0.651947 0.656680 0.657680 0.654340 0.666533 0.654340
32 0.387200 0.686920 0.387813 0.684140 0.389040 0.682300 0.390880 0.680900 0.392747 0.680440 0.395200 0.679980 0.395840 0.679520 0.397680 0.679520 0.400773 0.679520 0.403227 0.679980 0.404453 0.680900 0.406933 0.682300 0.406933 0.685080 0.405707 0.686920 0.405707 0.688780 0.404453 0.690160 0.403227 0.690160 0.401387 0.690160 0.398293 0.688780 0.395840 0.691080 0.392747 0.691080 0.389653 0.689700 0.389653 0.689240
32 0.206133 0.617540 0.202933 0.614060 0.202640 0.610360 0.202640 0.607740 0.203813 0.605120 0.209920 0.604040 0.215440 0.605120 0.217173 0.607960 0.217173 0.610360 0.216880 0.612540 0.213973 0.614720 0.211653 0.615800 0.209333 0.616680
32 0.705893 0.564400 0.711040 0.564500 0.713307 0.566200 0.714240 0.569280 0.714240 0.572660 0.710000 0.573540 0.703893 0.573540 0.700053 0.572860 0.700720 0.567780 0.702853 0.565300 0.704560 0.564500
32 0.430373 0.581900 0.425093 0.582520 0.424693 0.584960 0.425093 0.587700 0.429173 0.589520 0.433227 0.587080 0.435653 0.582820 0.433227 0.581300
