27 0.560023 0.326937 0.536581 0.336719 0.518970 0.402250 0.448618 0.572453 0.431007 0.612547 0.370913 0.636031 0.337190 0.595922 0.422225 0.457078 0.476464 0.367188 0.514590 0.334906 0.504309 0.327094 0.510187 0.315344 0.532178 0.306547 0.552693 0.307531
0 0.962225 0.335000 0.946440 0.344812 0.935948 0.374266 0.929625 0.385500 0.925433 0.389703 0.912810 0.391109 0.906511 0.393906 0.932787 0.400922 0.942248 0.400922 0.954848 0.391109 0.969579 0.367953 0.972717 0.354641 0.974824 0.346922 0.984286 0.324484 0.993747 0.309047 1.000000 0.301328 0.995855 0.297828 0.986393 0.296422 0.975878 0.298531 0.970632 0.301328 0.964309 0.303438 0.961171 0.311859 0.960117 0.315359 0.959063 0.320266 0.959063 0.323781 0.964309 0.330797 0.964309 0.331484
24 0.351569 0.309687 0.367775 0.285891 0.390492 0.270750 0.461827 0.272906 0.440749 0.303203 0.392108 0.347547 0.369415 0.369188 0.358056 0.320516
1 0.083630 0.415453 0.121569 0.418609 0.152389 0.416234 0.153583 0.426516 0.151194 0.447078 0.142904 0.491375 0.141710 0.532500 0.141710 0.568094 0.136979 0.598156 0.116815 0.605266 0.078899 0.599734 0.045691 0.594984 0.017237 0.605266 0.012506 0.605266 0.013700 0.582328 0.021991 0.551484 0.048056 0.511141 0.057541 0.494531 0.065855 0.475562 0.070585 0.460531 0.099040 0.456578 0.120375 0.451828 0.125129 0.439172 0.120375 0.431266 0.116815 0.432844 0.089555 0.427313 0.062295 0.432844 0.040960 0.432844 0.036206 0.428109 0.040960 0.418609 0.048056 0.424937 0.061101 0.428891 0.078899 0.428891 0.088384 0.424937 0.088384 0.417812
0 0.841054 0.334094 0.841054 0.330328 0.842037 0.327453 0.840726 0.325250 0.841054 0.323469 0.843700 0.321266 0.852670 0.319719 0.860632 0.318828 0.867916 0.319266 0.871241 0.321922 0.870562 0.326797 0.868923 0.331891 0.866932 0.335203 0.866604 0.336969 0.873888 0.340516 0.881850 0.342500 0.887494 0.348484 0.888150 0.358000 0.887494 0.366406 0.884824 0.369937 0.883513 0.372828 0.863934 0.367297 0.855316 0.365734 0.851007 0.364188 0.851663 0.360203 0.853981 0.356000 0.854988 0.352906 0.851991 0.346937 0.851335 0.344047 0.849016 0.343172 0.845691 0.342281 0.843372 0.339188 0.840070 0.335422
0 0.818056 0.284516 0.831780 0.287500 0.834660 0.293469 0.842319 0.303062 0.839134 0.312656 0.835293 0.318625 0.832412 0.324156 0.827002 0.326719 0.819321 0.330547 0.842974 0.333969 0.851593 0.348453 0.854778 0.362938 0.857330 0.371469 0.838173 0.365922 0.817400 0.355906 0.806862 0.353141 0.805269 0.348875 0.806862 0.323953 0.805925 0.318625 0.812951 0.293047 0.818689 0.285375
26 0.994450 0.362172 0.978642 0.376516 0.971616 0.387344 0.971616 0.394672 0.972506 0.423359 0.968993 0.429500 0.965035 0.430969 0.953630 0.422469 0.944848 0.412516 0.946183 0.405500 0.957588 0.394078 0.961967 0.386172 0.983021 0.359828 0.992693 0.358953 0.998829 0.354562 0.999274 0.355437
0 0.767564 0.289859 0.767892 0.284828 0.765059 0.280859 0.767260 0.279391 0.772904 0.268078 0.781382 0.268922 0.790796 0.265359 0.793326 0.267453 0.806183 0.267859 0.811850 0.274359 0.816557 0.284828 0.817190 0.290906 0.818126 0.295312 0.812787 0.298031 0.810281 0.302641 0.805878 0.311859 0.807447 0.317094 0.809649 0.320234 0.811522 0.326937 0.807143 0.325062 0.802412 0.321703 0.803044 0.307875 0.803044 0.298453 0.801171 0.295094 0.810328 0.294031 0.806557 0.290469 0.786159 0.288797 0.769836 0.291938
0 0.741967 0.308797 0.743864 0.315375 0.732506 0.325234 0.721874 0.326000 0.713162 0.329531 0.704824 0.338641 0.695714 0.334344 0.693817 0.331562 0.685105 0.326000 0.706323 0.306266 0.718478 0.303484 0.733255 0.304484 0.736300 0.306000
0 0.720796 0.373031 0.626487 0.352812 0.599532 0.417984 0.552389 0.528094 0.623115 0.548313 0.626487 0.635953 0.643326 0.755062 0.639953 0.768547 0.629836 0.997750 0.481639 0.991016 0.414286 0.800000 0.400820 0.800000 0.340187 0.950562 0.363770 1.000000 0.222295 1.000000 0.215550 0.811234 0.330070 0.804500 0.383981 0.323594 0.340187 0.296625 0.316604 0.307859 0.326721 0.307859 0.316604 0.328094 0.299766 0.312359 0.299766 0.346062 0.276183 0.316859 0.276183 0.280906 0.249251 0.276406 0.185246 0.307859 0.154941 0.355063 0.101054 0.397750 0.040422 0.370781 0.148197 0.269656 0.229040 0.233703 0.340187 0.258422 0.471546 0.269656 0.421030 0.222469 0.421030 0.157297 0.427752 0.110109 0.511967 0.089891 0.589438 0.116859 0.633208 0.213484 0.602904 0.226969 0.619742 0.305625 0.757845 0.366297 0.892553 0.406734 0.892553 0.440453 0.882459 0.469656 0.919508 0.483141 0.889204 0.564047 0.902670 0.579781 0.936347 0.552812 0.946440 0.496625 0.966651 0.424719 0.959930 0.402250 0.895925 0.411234
0 0.999977 0.598594 0.988361 0.619266 0.986417 0.633031 0.986417 0.655844 0.982553 0.661875 0.982553 0.670922 0.969649 0.689859 0.977377 0.695453 0.999321 0.696750 1.000000 0.620125 0.999977 0.601188
36 0.272810 0.287266 0.282927 0.332203 0.293021 0.316484 0.316604 0.318719 0.323349 0.296250 0.360398 0.309734 0.360398 0.478281 0.316604 0.752437 0.319977 0.806359 0.255972 0.822094 0.212201 0.817609 0.144824 0.788391 0.127986 0.738953 0.127986 0.738953 0.107775 0.732203 0.104403 0.703000 0.127986 0.694000 0.138103 0.422094 0.124614 0.404125 0.134731 0.386141 0.151569 0.379406 0.168407 0.311984 0.218923 0.282766 0.252623 0.287266
0 0.985293 0.652969 0.928126 0.651937 0.917307 0.624094 0.928126 0.561203 0.948197 0.484922 0.972927 0.419969 0.971382 0.377688 0.996112 0.309656 1.000000 0.490063 0.996112 0.563266 0.968290 0.597297 0.963653 0.633375 0.986838 0.648844
