0 0.617440 0.642267 0.632560 0.637813 0.654360 0.622133 0.666100 0.602000 0.691280 0.581867 0.709740 0.568453 0.748320 0.530427 0.773480 0.503573 0.795300 0.499093 0.802020 0.499093 0.807040 0.492373 0.812080 0.472240 0.808720 0.463307 0.808720 0.434213 0.817120 0.416320 0.822140 0.407387 0.840600 0.393947 0.877520 0.382773 0.919460 0.393947 0.927860 0.431973 0.936240 0.494613 0.947980 0.525947 0.953020 0.543840 0.956380 0.572933 0.944640 0.588587 0.944640 0.588587 0.954700 0.602000 0.966440 0.615440 0.963080 0.644507 0.956380 0.666880 0.941280 0.707147 0.934560 0.727280 0.927860 0.734000 0.917780 0.644507 0.805360 0.720587 0.812080 0.767547 0.791940 0.769787 0.761740 0.756373 0.736580 0.731760 0.711400 0.722800 0.703020 0.718347 0.676180 0.718347 0.661080 0.711627 0.630880 0.691493 0.625840 0.678080 0.620800 0.664640 0.612420 0.642267
56 0.688300 0.367600 0.685600 0.362213 0.708560 0.386507 0.709240 0.433307 0.690340 0.504427 0.676840 0.523307 0.668720 0.540427 0.659960 0.539520 0.656580 0.570107 0.647800 0.608827 0.639700 0.624133 0.625520 0.620533 0.612020 0.626827 0.612020 0.569227 0.593120 0.547627 0.572880 0.535013 0.587040 0.514320 0.605280 0.511627 0.643080 0.526907 0.669400 0.525120 0.680880 0.499920 0.698440 0.432400 0.693700 0.383813 0.686280 0.366693
0 0.381720 0.427360 0.413680 0.440800 0.454040 0.416133 0.479260 0.398213 0.491040 0.373547 0.440580 0.286107 0.400220 0.216587 0.405260 0.194160 0.390140 0.149333 0.393500 0.120187 0.412000 0.117947 0.418720 0.147093 0.435540 0.147093 0.433860 0.169520 0.440580 0.191920 0.462440 0.230053 0.507840 0.281627 0.548200 0.308533 0.575120 0.301787 0.588560 0.259200 0.593600 0.227813 0.625560 0.209867 0.650780 0.225573 0.660880 0.272640 0.660880 0.321973 0.694500 0.380267 0.696180 0.452027 0.667600 0.523760 0.590240 0.521520 0.570060 0.530480 0.514580 0.487893 0.507840 0.510320 0.506160 0.546187 0.460760 0.521520 0.454040 0.469947 0.423760 0.449787 0.386780 0.434080
63 0.629220 0.752747 0.608100 0.751253 0.538040 0.691947 0.518020 0.663787 0.506900 0.626720 0.502460 0.484373 0.504680 0.479947 0.606980 0.555547 0.612540 0.565920 0.618100 0.643013 0.622540 0.681573 0.638120 0.697867 0.649240 0.699360 0.632560 0.708267
63 0.346920 0.554667 0.416280 0.580187 0.461720 0.595067 0.503180 0.553600 0.503980 0.546160 0.461720 0.524907 0.460140 0.521707 0.454560 0.465387 0.310260 0.414347 0.315040 0.489813 0.328580 0.500453 0.345340 0.523840 0.353300 0.555733
43 0.703540 0.761653 0.707940 0.758720 0.740960 0.807627 0.751240 0.818400 0.790840 0.857520 0.813580 0.864373 0.804780 0.848720 0.757100 0.793947 0.718960 0.748933 0.724080 0.743067 0.714540 0.740133 0.702820 0.745040 0.702820 0.751867 0.702820 0.757733
41 0.627540 0.713413 0.624700 0.781120 0.674780 0.824373 0.675500 0.812160 0.690300 0.731280 0.679720 0.716240 0.653620 0.705893 0.641640 0.705893
42 0.783920 0.833360 0.783920 0.820373 0.793640 0.811733 0.793640 0.755467 0.804200 0.758720 0.802580 0.820373 0.807440 0.831200 0.806640 0.850667 0.800960 0.842027 0.800960 0.836613 0.800960 0.849600 0.796900 0.834453 0.793640 0.846347 0.792020 0.838773 0.788780 0.843093
63 0.859560 0.952800 0.827520 0.932587 0.807300 0.710107 0.920220 0.638213 0.938760 0.815733 0.992700 0.847200 0.977520 0.885387 0.964040 0.916853 0.957300 0.934827
63 0.003380 0.719093 0.131460 0.644933 0.165160 0.478640 0.279780 0.568533 0.239320 0.725840 0.208980 0.730347 0.214040 0.761787 0.208980 0.797760 0.084260 0.840453 0.000000 0.719093
