0 0.031203 0.606174 0.027016 0.596455 0.025125 0.587324 0.028547 0.579343 0.027016 0.565634 0.023219 0.555939 0.019422 0.547371 0.016766 0.529085 0.016000 0.510822 0.019797 0.507394 0.024359 0.504554 0.031953 0.504554 0.039187 0.508545 0.042984 0.511972 0.044125 0.525681 0.044125 0.545657 0.056281 0.563357 0.058938 0.568498 0.061984 0.577042 0.063500 0.583333 0.068062 0.609601 0.068062 0.618732 0.068062 0.638709 0.067297 0.664977 0.064641 0.672958 0.064641 0.672958 0.064266 0.681526 0.067297 0.682113 0.070344 0.682676 0.070344 0.689530 0.066547 0.699225 0.063484 0.708662 0.069406 0.710000 0.091016 0.710000 0.089234 0.710000 0.092203 0.701103 0.099906 0.697981 0.104938 0.700657 0.112922 0.712230 0.112922 0.726009 0.110266 0.734906 0.103750 0.734906 0.097234 0.734014 0.088937 0.728685 0.056969 0.734460 0.045422 0.736244 0.046016 0.746033 0.047187 0.762042 0.047781 0.771385 0.048375 0.785610 0.051344 0.790962 0.051344 0.792746 0.051344 0.800305 0.051047 0.804296 0.036234 0.805634 0.026766 0.805634 0.026469 0.804296 0.025578 0.799413 0.027656 0.796737 0.031500 0.794061 0.032688 0.791408 0.033578 0.782512 0.033875 0.772723 0.033875 0.758920 0.025875 0.721127 0.025578 0.702887 0.028844 0.670399 0.030016 0.658404 0.030016 0.650822 0.029422 0.648615 0.025578 0.645047 0.022625 0.641502 0.022922 0.637042 0.027062 0.634812 0.028844 0.631714 0.029422 0.629484
0 0.312375 0.575869 0.319688 0.568122 0.327422 0.569413 0.332578 0.577793 0.335141 0.585540 0.338156 0.592653 0.342453 0.601667 0.342875 0.604906 0.349750 0.613286 0.352328 0.617817 0.354484 0.635869 0.355344 0.651362 0.354484 0.654601 0.352766 0.659765 0.350187 0.662347 0.353188 0.684272 0.359625 0.735258 0.359625 0.744296 0.352766 0.732676 0.349750 0.721714 0.341594 0.693967 0.339438 0.678286 0.335141 0.685376 0.327844 0.678920 0.323125 0.673122 0.325266 0.664742 0.328281 0.654413 0.323984 0.647958 0.316250 0.641502 0.315812 0.631831 0.310656 0.615681 0.309797 0.604718 0.309797 0.600211 0.310656 0.596972 0.314094 0.596972
29 0.880844 0.588169 0.884750 0.625329 0.908188 0.663498 0.932922 0.665446 0.962219 0.649789 0.975891 0.594038 0.973938 0.548075 0.962875 0.506009 0.947250 0.483498 0.923813 0.473732 0.905578 0.483498 0.888000 0.503075 0.906891 0.521667 0.898422 0.563709 0.888000 0.584249
0 0.843344 0.543568 0.858359 0.562911 0.831547 0.624131 0.825109 0.664413 0.825109 0.675681 0.832625 0.777183 0.844422 0.793310 0.878734 0.732089 0.921641 0.738521 0.884094 0.819084 0.880875 0.833592 0.890531 0.841643 0.940938 0.877089 0.946297 0.859366 0.917344 0.820704 0.965609 0.733685 0.965609 0.707911 0.959172 0.680516 0.940938 0.656361 0.922703 0.667629 0.889469 0.622512 0.873375 0.579014 0.857281 0.514578 0.876156 0.483474 0.895297 0.464531 0.885969 0.446995 0.886891 0.412653 0.902297 0.394413 0.926109 0.402113 0.933578 0.413333 0.931703 0.423873 0.931703 0.437887 0.929375 0.466643 0.926578 0.473662 0.904641 0.490493 0.890625 0.513638
0 0.309938 0.731244 0.302172 0.718498 0.302875 0.698357 0.313469 0.693052 0.317703 0.684577 0.323359 0.669718 0.333937 0.679272 0.336062 0.691995 0.341000 0.705775 0.339594 0.725939 0.333234 0.741831 0.325469 0.749272 0.317000 0.737606
0 0.299594 0.738146 0.302359 0.712394 0.307875 0.701620 0.310094 0.685000 0.310094 0.669249 0.306766 0.657606 0.300687 0.651808 0.295172 0.645986 0.295719 0.636033 0.295719 0.636033 0.290750 0.633545 0.284672 0.641009 0.284672 0.660939 0.280250 0.670892 0.277484 0.679202 0.275828 0.699131 0.278047 0.714883 0.279141 0.729836 0.276375 0.738146 0.279141 0.740634 0.293516 0.738146 0.300141 0.739789 0.301250 0.739789
0 0.161594 0.661620 0.161203 0.677254 0.163906 0.686549 0.173547 0.691761 0.181656 0.699296 0.186672 0.718991 0.187828 0.723638 0.194391 0.726526 0.200172 0.718991 0.203641 0.706244 0.203641 0.692911 0.197859 0.684789 0.186281 0.673216 0.185125 0.663920 0.189375 0.664507 0.192062 0.662183 0.190141 0.642488 0.185516 0.636103 0.187828 0.624507 0.182031 0.619296 0.177016 0.621033 0.173156 0.629155 0.171625 0.635516 0.167375 0.638427 0.164281 0.643638 0.163906 0.648286 0.161969 0.654648
0 0.139641 0.642887 0.138703 0.638122 0.143187 0.628850 0.146563 0.627441 0.149734 0.632488 0.151047 0.640916 0.152359 0.644859 0.154781 0.649624 0.154437 0.651854 0.150750 0.659930 0.150469 0.669296 0.152172 0.679085 0.153016 0.684624 0.147922 0.697840 0.145656 0.703357 0.139703 0.698685 0.134875 0.690587 0.135156 0.682512 0.136578 0.676127 0.139984 0.671432 0.140266 0.659507 0.139422 0.642911
0 0.268656 0.592793 0.273516 0.593709 0.276766 0.601925 0.277375 0.608028 0.283453 0.614718 0.284672 0.622042 0.282641 0.640305 0.280016 0.660117 0.280203 0.665892 0.278594 0.675023 0.276969 0.682958 0.275953 0.705798 0.279203 0.729249 0.275141 0.739296 0.273109 0.748427 0.268047 0.747512 0.252641 0.750563 0.249594 0.754836 0.246359 0.748122 0.248984 0.735329 0.250609 0.718897 0.250609 0.699085 0.250406 0.685399 0.253859 0.678380 0.255484 0.650047 0.256484 0.640610 0.256891 0.633615 0.252438 0.625681 0.253859 0.619601 0.258313 0.600423 0.258313 0.592793 0.260141 0.589131 0.263984 0.590047 0.266016 0.594930 0.266016 0.596455 0.270078 0.595540
0 0.118141 0.639789 0.108156 0.643873 0.117234 0.665704 0.105438 0.668451 0.095438 0.661620 0.083641 0.620681 0.089078 0.609789 0.096344 0.600235 0.092719 0.587958 0.099078 0.578404 0.107250 0.586596 0.112703 0.600235 0.117234 0.613873 0.118141 0.628873
0 0.211891 0.616620 0.217328 0.616080 0.218781 0.620986 0.218422 0.631878 0.218422 0.635704 0.220953 0.653145 0.220953 0.661315 0.219500 0.665141 0.219500 0.667864 0.224219 0.677136 0.219500 0.683685 0.210797 0.677676 0.208984 0.666221 0.205359 0.652606 0.205359 0.644413 0.209344 0.628075 0.211516 0.617700
0 0.221891 0.614507 0.218484 0.637230 0.218969 0.644554 0.229703 0.650070 0.232141 0.643474 0.241891 0.637958 0.247750 0.647488 0.255063 0.642347 0.252141 0.635023 0.252625 0.616714 0.245312 0.608638 0.241891 0.602770 0.241406 0.588850 0.238484 0.583732 0.231156 0.585188 0.229703 0.596925 0.230672 0.610117
0 0.578844 0.408521 0.608938 0.246573 0.623969 0.197606 0.679125 0.168732 0.684969 0.159953 0.680797 0.137347 0.676609 0.102207 0.673281 0.068310 0.679953 0.039437 0.692500 0.020610 0.714219 0.013075 0.745969 0.023122 0.763516 0.055751 0.760172 0.102207 0.751828 0.124789 0.740125 0.158685 0.767703 0.183803 0.791094 0.208897 0.803625 0.303052 0.827031 0.369601 0.855437 0.408521 0.888859 0.502934 0.904734 0.519249 0.908078 0.543099 0.897219 0.573216 0.890531 0.583263 0.878828 0.593310 0.868812 0.578239 0.878828 0.553146 0.841234 0.487864 0.806969 0.427606 0.771047 0.340986 0.770203 0.398732 0.776891 0.482840 0.790266 0.515469 0.814484 0.593310 0.820344 0.629718 0.852938 0.821784 0.860453 0.874507 0.876328 1.000000 0.832875 0.997535 0.793609 0.828075 0.781906 0.828075 0.757672 0.831831 0.744297 0.850657 0.723406 0.799202 0.715047 0.731408 0.704188 0.865728 0.662406 0.858193 0.642359 0.903380 0.617281 0.996291 0.567984 0.997535 0.567156 0.971174 0.595563 0.865728 0.578844 0.856948 0.592219 0.658592 0.608938 0.587042 0.618953 0.514225 0.605594 0.481573 0.587203 0.450188
0 0.538484 0.815728 0.526516 0.862911 0.466688 0.791009 0.447234 0.876408 0.406859 0.959554 0.317109 0.975282 0.387406 0.853944 0.379937 0.759554 0.394891 0.611244 0.456219 0.453944 0.405359 0.525845 0.360484 0.543826 0.329078 0.478662 0.327578 0.433709 0.361984 0.451690 0.378437 0.456174 0.369453 0.422465 0.387406 0.426972 0.400875 0.444953 0.456219 0.402254 0.502578 0.334836 0.525016 0.323592 0.541469 0.285399 0.566906 0.238192 0.584859 0.226972 0.565406 0.247183 0.610281 0.233709 0.595328 0.325845 0.581859 0.426972 0.619250 0.523592 0.629719 0.568545 0.614766 0.591009 0.590828 0.543826 0.557922 0.584272 0.536984 0.653944 0.593828 0.721338 0.581859 0.860681 0.634219 0.907864 0.652156 0.889883 0.653656 0.894390 0.652156 0.975282 0.632719 0.975282
