25 0.796141 0.416256 0.817219 0.373977 0.837391 0.364419 0.874047 0.356233 0.907047 0.350767 0.941891 0.378070 0.961125 0.406721 0.928141 0.423093 0.877719 0.432628 0.852063 0.434000 0.806219 0.432628 0.793391 0.416256
26 0.390328 0.477581 0.401453 0.466233 0.415844 0.450326 0.413234 0.430512 0.406250 0.423047 0.401672 0.424023 0.394906 0.430186 0.391859 0.441558 0.386625 0.460698 0.385750 0.471093
26 0.338328 0.454279 0.334359 0.465116 0.331062 0.479884 0.337016 0.487256 0.344609 0.494140 0.343297 0.465116 0.341641 0.453791 0.341312 0.453791
0 0.446094 0.377279 0.446094 0.389744 0.435438 0.401093 0.426297 0.412419 0.430094 0.437349 0.435438 0.466837 0.435438 0.482698 0.436188 0.515558 0.439234 0.535977 0.450656 0.508767 0.448375 0.487233 0.448375 0.478163 0.452187 0.472488 0.452953 0.488372 0.457516 0.494023 0.457516 0.398814 0.457516 0.398814 0.456000 0.392023 0.458281 0.382953 0.454469 0.372744 0.449906 0.375000
0 0.367438 0.524279 0.366828 0.543186 0.360781 0.537767 0.359578 0.536884 0.360188 0.552186 0.348687 0.548581 0.346875 0.530581 0.346875 0.509884 0.346875 0.500860 0.343250 0.496372 0.336000 0.488279 0.330813 0.482023 0.332219 0.464488 0.335516 0.456070 0.340234 0.423814 0.343531 0.401372 0.347297 0.398558 0.349656 0.396465 0.347297 0.392953 0.347297 0.383140 0.346828 0.371907 0.356719 0.369814 0.365672 0.378233 0.368031 0.378930 0.362844 0.387349 0.360500 0.394349 0.368500 0.400674 0.373688 0.431512 0.376047 0.451860 0.376047 0.458163 0.376984 0.465186 0.374625 0.468000 0.371328 0.465884 0.370391 0.461674 0.365203 0.453953 0.367094 0.462372 0.368031 0.472907 0.367563 0.485512 0.367563 0.516372 0.367563 0.522000
26 0.900625 0.505279 0.900625 0.520186 0.909656 0.528395 0.927188 0.522442 0.948734 0.506023 0.935203 0.488116 0.929187 0.503791 0.920172 0.505279
0 0.406437 0.565930 0.400297 0.562884 0.396187 0.556023 0.398750 0.542302 0.394141 0.482860 0.417188 0.457721 0.415656 0.431791 0.410531 0.421884 0.377766 0.430279 0.379406 0.409512 0.394641 0.390558 0.403031 0.382233 0.404906 0.371116 0.412047 0.371581 0.413922 0.381767 0.416406 0.395186 0.426359 0.410907 0.426359 0.465977 0.419203 0.490023 0.420031 0.519605 0.417016 0.541209 0.420031 0.552907 0.417609 0.559209 0.410969 0.558302
0 0.788562 0.468930 0.788141 0.459767 0.788562 0.451488 0.788141 0.442326 0.785891 0.430698 0.785266 0.421814 0.784859 0.417233 0.784453 0.410512 0.784859 0.399488 0.787125 0.394279 0.787531 0.392442 0.787125 0.385116 0.787531 0.380209 0.789578 0.375628 0.793484 0.375930 0.796578 0.376233 0.798422 0.382651 0.800062 0.389395 0.801719 0.392140 0.801297 0.396419 0.791844 0.415698 0.798016 0.424279 0.797813 0.437116 0.797391 0.442326 0.798422 0.469860 0.800281 0.471395 0.802531 0.474442 0.802328 0.476581 0.799859 0.476581 0.793703 0.476884 0.791844 0.474744 0.790812 0.471698
25 0.367609 0.373767 0.379719 0.361628 0.389719 0.359279 0.399984 0.360070 0.406031 0.366326 0.409984 0.371419 0.404984 0.375349 0.401031 0.378070 0.395500 0.382395 0.392078 0.384744 0.392344 0.392186 0.391031 0.394930 0.389719 0.383954 0.384719 0.384744 0.377609 0.383558 0.372344 0.383558 0.368656 0.380814 0.368391 0.378465 0.368125 0.374953
0 0.739922 0.404977 0.742281 0.394395 0.746500 0.397140 0.747031 0.405372 0.748344 0.412046 0.749125 0.428884 0.750719 0.442977 0.750453 0.453953 0.748344 0.464535 0.743609 0.457093 0.744125 0.439070 0.741766 0.439070 0.741766 0.439070 0.739922 0.467279 0.738344 0.471581 0.733344 0.466093 0.732016 0.440628 0.730703 0.429674 0.731500 0.419884 0.733078 0.414395
0 0.488375 0.507349 0.481031 0.447186 0.483781 0.395233 0.488375 0.392488 0.483781 0.384279 0.490219 0.371977 0.495719 0.385651 0.501234 0.399326 0.506750 0.411628 0.503078 0.452651 0.499406 0.486837 0.496641 0.501884 0.496641 0.525116 0.487453 0.523767 0.491125 0.508721
25 0.766703 0.385256 0.756844 0.384000 0.751391 0.388698 0.747187 0.393698 0.752016 0.395256 0.755797 0.394628 0.764609 0.390256 0.771953 0.386814
0 0.711156 0.424605 0.710500 0.457953 0.704578 0.455000 0.705234 0.384419 0.713141 0.383442 0.721703 0.406977 0.718406 0.455977 0.715109 0.455977 0.712469 0.427558 0.712469 0.413837 0.712469 0.412860
25 0.776516 0.382628 0.784875 0.379837 0.791547 0.379535 0.796344 0.378605 0.801781 0.378279 0.796766 0.383558 0.792797 0.381698 0.788625 0.382023 0.786953 0.384186 0.786953 0.386046 0.788000 0.390721 0.788625 0.394442 0.785906 0.394442 0.782781 0.395674 0.782578 0.396930 0.776937 0.389791 0.776109 0.386046
26 0.497734 0.400372 0.496953 0.406674 0.495859 0.413186 0.496484 0.417372 0.496172 0.422023 0.493672 0.440186 0.493672 0.448326 0.494609 0.449953 0.500547 0.450419 0.502109 0.449721 0.503828 0.450884 0.506328 0.450419 0.506797 0.445302 0.506172 0.443442 0.505078 0.437860 0.505078 0.436233 0.502891 0.435767 0.502422 0.436465 0.498203 0.417837
25 0.719453 0.392233 0.724891 0.386000 0.730750 0.385395 0.736812 0.386953 0.740578 0.390674 0.740375 0.395349 0.734094 0.396605 0.724047 0.396907 0.721750 0.394721
0 0.674563 0.455512 0.671766 0.438070 0.669547 0.413163 0.670094 0.399070 0.674563 0.398233 0.672891 0.387442 0.677344 0.384953 0.680703 0.397395 0.681250 0.411512 0.680141 0.436419 0.680141 0.452186 0.677344 0.461326
25 0.699937 0.382186 0.701797 0.379186 0.704687 0.377465 0.708719 0.377465 0.711594 0.377465 0.717063 0.378953 0.719219 0.380884 0.719938 0.383884 0.719797 0.387744 0.718359 0.389256 0.717063 0.389256 0.714750 0.386674 0.712734 0.386674 0.711734 0.386023 0.711594 0.383465 0.711453 0.381326 0.710578 0.380256 0.708281 0.379814 0.706984 0.380256 0.706984 0.383023 0.707266 0.385605 0.706125 0.387744 0.705266 0.390093 0.702953 0.390744 0.700219 0.389674 0.699062 0.388395 0.698344 0.386023
0 0.511422 0.438628 0.509438 0.420814 0.508438 0.409698 0.512922 0.403744 0.515422 0.413395 0.515922 0.421558
25 0.574391 0.399116 0.577406 0.394837 0.585922 0.395047 0.587797 0.397186 0.587516 0.398907 0.584047 0.399767 0.579000 0.399977 0.575250 0.399977
25 0.606953 0.399907 0.617422 0.397093 0.615953 0.394302 0.611969 0.392744 0.608203 0.393977 0.607156 0.398651
