0 0.634234 0.917042 0.644656 0.886146 0.662047 0.869146 0.666687 0.867583 0.657406 0.839771 0.658563 0.818125 0.665531 0.799583 0.681750 0.798042 0.694500 0.804229 0.699141 0.818125 0.697984 0.833583 0.685234 0.858312 0.703781 0.870687 0.717687 0.883042 0.726953 0.906229 0.739703 0.940229 0.735078 0.998958 0.657406 0.998958 0.650453 0.981958 0.645813 0.963417 0.624953 0.954146
26 0.537750 0.947354 0.550750 0.961354 0.559563 0.963313 0.567328 0.963854 0.571516 0.967771 0.580125 0.981479 0.582219 0.985125 0.581578 1.000000 0.532516 0.998812 0.532922 0.976167 0.534391 0.964708 0.527266 0.942333 0.518875 0.923875 0.505656 0.887250 0.504609 0.867104 0.505656 0.859000 0.512375 0.861521 0.513844 0.883875 0.524125 0.915208 0.528734 0.927792
0 0.498047 0.999208 0.491828 0.983437 0.491203 0.967667 0.491203 0.913708 0.491828 0.898771 0.514859 0.853938 0.513625 0.837333 0.525453 0.804958 0.544125 0.807458 0.553469 0.827375 0.552844 0.851458 0.547859 0.855604 0.558437 0.866396 0.567781 0.869708 0.577125 0.907896 0.587078 0.965167 0.589578 0.980125 0.592063 1.000000 0.496812 0.999646
26 0.435266 0.988688 0.433547 0.978000 0.430688 0.965062 0.431266 0.951333 0.430688 0.942958 0.431266 0.930000 0.431266 0.914750 0.431266 0.901042 0.430688 0.894167 0.430688 0.891896 0.435266 0.889604 0.438125 0.895708 0.437547 0.910188 0.439266 0.932292 0.439266 0.952854 0.445563 0.965813 0.452422 0.976479 0.455281 0.992500 0.460984 1.000000 0.459844 1.000000 0.450703 1.000000 0.446703 1.000000 0.440406 1.000000 0.436984 0.993250 0.438703 0.986396
0 0.226844 0.998292 0.230031 0.984812 0.222047 0.966375 0.227375 0.886958 0.235875 0.882708 0.240125 0.877750 0.236406 0.862854 0.232688 0.849375 0.240656 0.830229 0.253422 0.828104 0.264594 0.833792 0.270969 0.854354 0.273109 0.872083 0.278422 0.885542 0.278422 0.893354 0.278422 0.904688 0.283203 0.929500 0.285859 0.940146 0.297031 0.959292 0.292250 0.999708
0 0.593578 0.879354 0.600609 0.879063 0.601703 0.856521 0.605000 0.851250 0.609828 0.849500 0.613781 0.849500 0.619938 0.855062 0.622125 0.859167 0.622125 0.869396 0.621469 0.875562 0.638375 0.889021 0.641234 0.895750 0.635734 0.916542 0.630688 0.928833 0.627844 0.944646 0.634859 0.957812 0.636844 0.978312 0.630250 0.982396 0.628719 1.000000 0.604125 1.000000 0.598641 1.000000 0.596875 0.986792 0.595125 0.973042 0.596875 0.942000 0.596000 0.942292 0.594031 0.948146 0.592266 0.973042 0.591609 0.979188 0.590078 0.980938 0.587219 0.977438 0.586344 0.970396 0.586344 0.954583 0.586781 0.944938 0.586563 0.937021 0.583047 0.914771 0.581953 0.898687 0.582172 0.890188 0.585688 0.884333
0 0.796297 0.882313 0.806531 0.889625 0.810922 0.902312 0.810562 0.911083 0.799953 0.896937 0.801047 0.926687 0.808734 0.958396 0.803984 0.985708 0.803984 1.000000 0.776906 1.000000 0.775813 0.991563 0.769594 0.941813 0.771062 0.924750 0.768500 0.934979 0.764844 0.955458 0.764109 0.969125 0.756063 0.960354 0.763375 0.911083 0.763016 0.895979 0.769594 0.888646 0.773984 0.883771 0.773984 0.883292 0.775078 0.866708 0.782766 0.857938 0.793000 0.857938 0.793734 0.872083 0.795563 0.879396
0 0.382500 0.978083 0.383109 0.993833 0.380016 0.900229 0.400500 0.889458 0.402984 0.862146 0.397406 0.851375 0.396781 0.833979 0.424734 0.824875 0.434047 0.830667 0.439016 0.848063 0.444609 0.862146 0.432187 0.874563 0.452688 0.895271 0.467594 0.956562 0.474422 0.995479 0.474422 1.000000 0.377516 1.000000
0 0.322219 0.941563 0.323094 0.903437 0.328281 0.865313 0.344750 0.853771 0.339547 0.838750 0.336094 0.817958 0.349953 0.799479 0.370734 0.801771 0.369875 0.826042 0.369016 0.850292 0.390672 0.863000 0.397594 0.879167 0.396734 0.889583 0.380266 0.897667 0.378531 0.933479 0.381141 0.955417 0.381141 1.000000 0.321359 1.000000 0.318766 0.960042 0.321359 0.940396
0 0.727516 0.889000 0.727969 0.883187 0.725688 0.877083 0.727750 0.871604 0.730500 0.868854 0.734391 0.867937 0.734156 0.864271 0.733922 0.859375 0.735078 0.854500 0.736906 0.851750 0.741031 0.850833 0.744234 0.852354 0.745828 0.855417 0.745609 0.863958 0.746297 0.870375 0.750406 0.875562 0.751781 0.885333 0.751781 0.889604 0.753844 0.896313 0.753844 0.902729 0.754078 0.909146 0.754078 0.913729 0.755219 0.915250 0.754531 0.919208 0.751781 0.921667 0.749719 0.919208 0.749953 0.914021 0.750641 0.910667 0.750188 0.901208 0.747203 0.892042 0.744687 0.889917 0.745141 0.897229 0.746750 0.902729 0.748125 0.907313 0.748125 0.914021 0.746297 0.914938 0.748578 0.921667 0.748125 0.923500 0.749719 0.926542 0.746516 0.933562 0.747891 0.942104 0.747891 0.948208 0.747437 0.952500 0.744000 0.938458 0.742406 0.932333 0.740109 0.922271 0.734391 0.906396 0.732328 0.901208 0.728203 0.896937
0 0.650922 0.862312 0.646141 0.852458 0.647016 0.844917 0.654844 0.841438 0.659625 0.857667 0.663094 0.865208 0.645266 0.887812 0.640484 0.876229 0.640484 0.866958
0 0.856516 0.885604 0.856516 0.878021 0.858422 0.876938 0.860578 0.877646 0.861391 0.875125 0.857328 0.872229 0.853813 0.870063 0.854344 0.863563 0.855156 0.860667 0.860859 0.860667 0.865734 0.866813 0.866281 0.870438 0.865734 0.873688 0.870875 0.879104 0.872234 0.883083 0.872234 0.886333 0.870875 0.893188 0.872234 0.897896 0.872500 0.902583 0.871156 0.905125 0.871422 0.913417 0.871422 0.919208 0.872500 0.934750 0.872500 0.936917 0.872500 0.945937 0.870875 0.949208 0.857609 0.948479 0.861938 0.944500 0.862750 0.941979 0.862203 0.937271 0.859234 0.928958 0.860047 0.920292 0.865187 0.902229 0.858688 0.891396
26 0.623453 0.881187 0.623453 0.904479 0.622125 0.933417 0.627422 0.939062 0.634562 0.910479 0.628203 0.904479 0.623984 0.876250
25 0.702500 0.819729 0.718687 0.837125 0.713422 0.844688 0.693453 0.843833 0.698297 0.833750 0.698078 0.822271
0 0.481812 0.919208 0.481812 0.910208 0.481063 0.905688 0.474297 0.896688 0.474672 0.891187 0.474672 0.889188 0.476922 0.874667 0.479187 0.874167 0.482937 0.870167 0.481438 0.864146 0.481063 0.863146 0.479563 0.854646 0.480312 0.854146 0.481063 0.849125 0.488562 0.849625 0.491937 0.851646 0.492312 0.859146 0.492312 0.862646 0.490063 0.870167 0.490063 0.880167 0.490063 0.887167 0.491187 0.902187 0.491187 0.912208 0.490438 0.929229 0.490438 0.932729 0.490438 0.934229 0.488938 0.938729 0.488938 0.942750 0.490438 0.952750 0.490438 0.959750 0.490812 0.970271 0.494578 0.983292 0.489312 0.983292 0.487063 0.979792 0.487813 0.966771 0.487437 0.964271 0.487063 0.957250 0.487063 0.953250 0.485563 0.943750 0.483687 0.939229 0.483687 0.931729 0.483313 0.930229 0.483313 0.920208 0.482562 0.918208
26 0.809891 0.948188 0.803813 0.946333 0.798828 0.924396 0.805125 0.916396 0.801109 0.900375 0.799109 0.889313 0.801406 0.888542 0.811984 0.916000 0.814562 0.916000 0.819719 0.939271
