9 0.139680 0.320691 0.154200 0.327928 0.153280 0.331051 0.154660 0.332793 0.158800 0.334174 0.158800 0.337267 0.158340 0.340030 0.156040 0.340721 0.152340 0.342462 0.152340 0.345586 0.155800 0.345586 0.157880 0.349039 0.159020 0.351802 0.157180 0.352853 0.153040 0.354565 0.154420 0.358018 0.156500 0.359069 0.157880 0.362523 0.157640 0.365646 0.155120 0.365646 0.152120 0.366667 0.152580 0.371862 0.152580 0.374294 0.151200 0.374985 0.146600 0.375315 0.136680 0.370811 0.137840 0.322072
9 0.133220 0.322523 0.134120 0.370781 0.133220 0.372553 0.130280 0.370781 0.124680 0.368559 0.122620 0.365465 0.122020 0.359279 0.118480 0.355285 0.122620 0.353063 0.121440 0.345976 0.117900 0.342883 0.122320 0.340661 0.122020 0.335345 0.119080 0.331351 0.120540 0.328258 0.122020 0.327838 0.122320 0.318979
9 0.292820 0.287447 0.297540 0.294535 0.297540 0.328288 0.295480 0.334925 0.291920 0.330060 0.292220 0.324715 0.287200 0.322943 0.286300 0.319399 0.286900 0.317177 0.288960 0.316306 0.290440 0.317177 0.292520 0.316306 0.292820 0.312312 0.288680 0.311862 0.286900 0.310511 0.286300 0.308318 0.286300 0.305195 0.287200 0.304745 0.288680 0.305195 0.290440 0.305646 0.291920 0.305646 0.292520 0.303874 0.292220 0.302523 0.289260 0.301652 0.287200 0.299429 0.286900 0.298529 0.286300 0.296757 0.286020 0.292763 0.286600 0.290991 0.287500 0.291892 0.288680 0.292763 0.290440 0.294114 0.291340 0.294114 0.291340 0.290991 0.291340 0.289219 0.291640 0.287447 0.291920 0.287447
2 0.541700 0.476577 0.549720 0.476847 0.553640 0.484985 0.555140 0.489760 0.555140 0.496186 0.555140 0.497327 0.538700 0.496486 0.538900 0.477147
9 0.531060 0.414444 0.531260 0.436487 0.538380 0.435856 0.538180 0.413844
9 0.531600 0.436156 0.528220 0.436006 0.528120 0.413964 0.531180 0.413784
9 0.730300 0.408799 0.738420 0.408589 0.738260 0.431111 0.729080 0.431802
7 0.476700 0.461081 0.473540 0.491982 0.473940 0.504444 0.481060 0.504444 0.479480 0.502072 0.493320 0.502072 0.493720 0.508018 0.501220 0.508018 0.499240 0.478919 0.494100 0.464054
9 0.341680 0.403874 0.341680 0.427628 0.345180 0.433183 0.349700 0.429189 0.349900 0.414354 0.349700 0.409099 0.346200 0.405706
9 0.408960 0.416396 0.417340 0.416396 0.416660 0.438529 0.406280 0.437538 0.406620 0.416907
0 0.425040 0.880901 0.411580 0.921351 0.393620 0.955045 0.390620 0.984264 0.221500 0.986517 0.276880 0.862913 0.293340 0.779790 0.326260 0.755045 0.353200 0.757297 0.390620 0.808979 0.378640 0.683153 0.387620 0.624715 0.429540 0.622462 0.443000 0.701111 0.451980 0.824715 0.615120 0.842703 0.645040 0.795495 0.689940 0.793273 0.724360 0.835946 0.734840 0.898889 0.766280 0.982012 0.589680 0.984264
1 0.434080 0.675916 0.443000 0.675916 0.465300 0.675916 0.468280 0.651381 0.456380 0.631291 0.445980 0.597808 0.456380 0.584414 0.465300 0.608949 0.500980 0.637988 0.523280 0.622342 0.509900 0.597808 0.521800 0.575495 0.544100 0.588889 0.535180 0.622342 0.532200 0.642432 0.495040 0.664775 0.505440 0.749580 0.514360 0.769670 0.514360 0.756276 0.532200 0.749580 0.532200 0.825496 0.536660 0.899129 0.553020 0.979490 0.495040 0.986186 0.472740 0.983964 0.492060 0.843333 0.469760 0.843333 0.456380 0.843333 0.459360 0.809850 0.450440 0.736186 0.441520 0.696006
