52 0.675969 0.473271 0.658500 0.429792 0.610766 0.422042 0.522281 0.400312 0.408187 0.377021 0.361609 0.375458 0.342984 0.384771 0.337172 0.392542 0.395375 0.400312 0.486188 0.412729 0.531594 0.429792 0.552563 0.442208 0.570016 0.496542 0.571187 0.513625 0.646859 0.532250 0.675969 0.524500
52 0.805313 0.430833 0.843219 0.430833 0.855859 0.409771 0.857437 0.391875 0.855469 0.374500 0.842437 0.358187 0.828219 0.350812 0.595250 0.338708 0.551422 0.347125 0.545891 0.350812 0.788734 0.379250 0.803344 0.395042 0.805313 0.417146
52 0.480109 0.517458 0.531875 0.529708 0.561094 0.511896 0.570266 0.492979 0.553578 0.439542 0.507672 0.421750 0.358250 0.395021 0.289797 0.383896 0.252234 0.386125 0.240547 0.399479 0.420844 0.447333 0.474281 0.476271
52 0.500156 0.361604 0.590031 0.371854 0.644562 0.385167 0.686047 0.391313 0.716781 0.399500 0.729828 0.414854 0.744422 0.431250 0.745188 0.436375 0.746734 0.449688 0.743656 0.476313 0.732906 0.485521 0.725219 0.486563 0.722156 0.459917 0.703719 0.426125 0.673766 0.410771 0.619219 0.397458 0.553156 0.381063 0.505531 0.372875 0.473281 0.368771 0.441016 0.368771 0.445625 0.364688
52 0.495703 0.360729 0.518250 0.351833 0.585031 0.349604 0.686031 0.359625 0.786203 0.371854 0.802063 0.399687 0.804562 0.433083 0.784531 0.444208 0.741125 0.439750 0.721922 0.406375 0.640953 0.381875 0.530766 0.365187
52 0.406844 0.373812 0.532422 0.395042 0.647406 0.430417 0.682781 0.482313 0.689859 0.512979 0.718156 0.494104 0.723469 0.468167 0.698703 0.423354 0.525359 0.369104 0.443984 0.364396
52 0.266984 0.411396 0.249422 0.404375 0.228344 0.404375 0.196719 0.399687 0.158078 0.409063 0.147547 0.427792 0.144031 0.458229 0.142266 0.476979 0.172125 0.486333 0.196719 0.486333 0.231844 0.491021 0.270484 0.500396 0.312641 0.507417 0.372359 0.526146 0.428578 0.542542 0.458438 0.558937 0.472484 0.551917 0.481266 0.530833 0.484781 0.509750 0.484781 0.493354 0.477750 0.476979 0.444375 0.453542 0.382906 0.434813 0.351281 0.427792 0.309141 0.416083
8 0.391297 0.118854 0.412891 0.115271 0.412219 0.108062 0.397375 0.072958 0.392641 0.107167 0.393313 0.114354 0.389937 0.114354
8 0.158000 0.113521 0.173906 0.114375 0.176437 0.113104 0.174859 0.106312 0.173906 0.096146 0.171359 0.081729 0.167219 0.078333 0.166266 0.086812 0.161500 0.101646 0.156422 0.107583 0.155469 0.111833
8 0.273859 0.112771 0.274750 0.093500 0.275109 0.091125 0.277781 0.095167 0.279563 0.106354 0.281703 0.113021 0.282953 0.113729
0 0.289203 0.164125 0.283219 0.163646 0.283719 0.159208 0.283938 0.155937 0.285453 0.154208 0.286469 0.153917 0.287625 0.154604 0.288562 0.155937 0.289000 0.157958 0.289203 0.160479
0 0.709437 0.168646 0.704594 0.168646 0.701859 0.166125 0.702906 0.162458 0.705219 0.158542 0.707125 0.161896 0.710078 0.163875 0.714500 0.166958
0 0.301844 0.157208 0.302234 0.153604 0.304375 0.151521 0.306500 0.151521 0.308437 0.156687 0.308828 0.162125 0.308828 0.163417 0.302813 0.164458
0 0.685203 0.130562 0.682984 0.130688 0.682609 0.130313 0.682047 0.127354 0.683437 0.126125 0.684922 0.126375 0.686047 0.127979 0.686219 0.129958
