45 0.104906 0.701580 0.103906 0.697571 0.105562 0.691038 0.106891 0.685024 0.108891 0.677995 0.110875 0.675495 0.114875 0.674976 0.119859 0.675495 0.123844 0.678986 0.124844 0.679505 0.127172 0.680495 0.129500 0.673491 0.133484 0.666958 0.136141 0.665448 0.138797 0.663443 0.142125 0.662453 0.145109 0.663443 0.146781 0.665448 0.148766 0.667972 0.150438 0.670967 0.151094 0.672972 0.153422 0.672972 0.158750 0.672972 0.163391 0.672972 0.168047 0.675495 0.172047 0.677995 0.175359 0.681509 0.177031 0.682500 0.178359 0.680000 0.180016 0.677500 0.182672 0.675991 0.185672 0.673986 0.189328 0.673491 0.190984 0.672972 0.191984 0.672476 0.191984 0.668962 0.190984 0.663443 0.190984 0.657429 0.191313 0.653420 0.193969 0.647382 0.226875 0.652406 0.221234 0.656934 0.217234 0.653915 0.209266 0.649906 0.202281 0.652901 0.199297 0.659434 0.198969 0.665943 0.199953 0.668467 0.200625 0.668962 0.221234 0.659434 0.230531 0.653420 0.235516 0.650896 0.238516 0.649387 0.241844 0.653915 0.246156 0.657429 0.251469 0.669976 0.254469 0.679505 0.255797 0.685519 0.247484 0.720330 0.247828 0.724835 0.248156 0.733868 0.246156 0.754434 0.245156 0.770495 0.243172 0.777524 0.242828 0.786557 0.242172 0.794080 0.240844 0.795590 0.180344 0.788561 0.185000 0.786557 0.188000 0.784033 0.189328 0.779033 0.187656 0.774009 0.170375 0.735873 0.167391 0.729858 0.166063 0.724340 0.168047 0.718325 0.170703 0.713302 0.175031 0.711792 0.179016 0.712311 0.190313 0.712807 0.204938 0.711792 0.217578 0.710802 0.230531 0.708797 0.238844 0.708278 0.243172 0.707783 0.245828 0.709788 0.255797 0.688019 0.265766 0.685519 0.276406 0.685519 0.280719 0.689033 0.281391 0.691533 0.300672 0.683514 0.301000 0.679505 0.307641 0.676981 0.310313 0.685519 0.310313 0.692547 0.310969 0.699575 0.311969 0.703585 0.316625 0.724646 0.319609 0.733679 0.319609 0.735189 0.322266 0.698561 0.331578 0.690542 0.338891 0.684009 0.341219 0.674976 0.340891 0.667453 0.334234 0.656934 0.322937 0.651415 0.302000 0.642877 0.281063 0.639363 0.241172 0.639363 0.226219 0.639858 0.215250 0.642382 0.214922 0.644387 0.195969 0.644882 0.180016 0.645377 0.154422 0.648396 0.129828 0.657925 0.108891 0.668962 0.096266 0.674976 0.086953 0.685519 0.083297 0.695542 0.084297 0.705094 0.088281 0.710613 0.101906 0.719646 0.104906 0.744717 0.113547 0.747217 0.105891 0.718632 0.109891 0.707594 0.113547 0.705094 0.113547 0.702075 0.117203 0.703585 0.120859 0.704080 0.121516 0.699575 0.122844 0.694552 0.123187 0.691533 0.119859 0.689033 0.117203 0.687524 0.114875 0.688538 0.112547 0.696557 0.112219 0.698561 0.112219 0.700071
41 0.194828 0.706250 0.178469 0.679434 0.179594 0.676014 0.192844 0.671344 0.190313 0.657712 0.195109 0.644953 0.201031 0.640684 0.206391 0.640684 0.216828 0.643231 0.228109 0.651321 0.239391 0.649198 0.250391 0.665802 0.255469 0.686250 0.245875 0.693491 0.245875 0.680283 0.238547 0.681981 0.236844 0.688797 0.225562 0.688797 0.213719 0.693491
45 0.446109 0.698891 0.435062 0.716368 0.436641 0.726698 0.451375 0.737028 0.455062 0.742594 0.470859 0.748939 0.472437 0.753703 0.484016 0.757689 0.494531 0.760849 0.523484 0.762453 0.549281 0.757689 0.567172 0.744976 0.574016 0.734646 0.584016 0.714788 0.589813 0.704458 0.487687 0.698891 0.465063 0.694127 0.457688 0.694127
41 0.199969 0.016179 0.202391 0.093679 0.220297 0.095142 0.232891 0.088561 0.246453 0.084175 0.243062 0.005943 0.232891 0.003750 0.217875 0.007406
41 0.245641 0.006745 0.305203 0.006745 0.296266 0.067406 0.296266 0.089882 0.251594 0.089882
41 0.019516 0.629033 0.055109 0.616509 0.082406 0.629033 0.077656 0.729340 0.015953 0.750825 0.006469 0.745448 0.010031 0.654104
41 0.448250 0.046863 0.448719 0.038349 0.446375 0.029858 0.444031 0.019929 0.437922 0.005024 0.439328 0.002901 0.487719 0.002193 0.492406 0.010708 0.493359 0.031981 0.489125 0.043325 0.474094 0.042618 0.460938 0.044033 0.454828 0.045448
41 0.491313 0.004009 0.493750 0.048349 0.525578 0.039717 0.530484 0.000307 0.495391 0.001533
39 0.009625 0.533962 0.008813 0.533962 0.007984 0.530259 0.007984 0.527170 0.008813 0.524080 0.008813 0.520991 0.008813 0.512948 0.008813 0.509245 0.008813 0.504929 0.008813 0.496274 0.008391 0.490731 0.007984 0.485778 0.007578 0.478986 0.007172 0.477146 0.007172 0.474670 0.007172 0.469104 0.006766 0.465401 0.006344 0.461085 0.006344 0.458608 0.006344 0.456745 0.006344 0.451816 0.006766 0.448726 0.006766 0.448113 0.007172 0.447500 0.007578 0.443160 0.007578 0.440071 0.008391 0.436368 0.008813 0.435142 0.010437 0.427123 0.010437 0.427123 0.010437 0.427123 0.010437 0.420943 0.010437 0.418467 0.010844 0.414151 0.010844 0.409811 0.011266 0.407358 0.011672 0.403019 0.012078 0.398090 0.012484 0.395000 0.012484 0.394387 0.012484 0.390047 0.012484 0.388208 0.017812 0.390047 0.019031 0.390047 0.023125 0.390047 0.024359 0.390684 0.025578 0.390684 0.026406 0.397476 0.027219 0.400566 0.027219 0.409811 0.026812 0.428349 0.028031 0.431439 0.031313 0.438844 0.032125 0.438844 0.033766 0.455519 0.034984 0.462925 0.037031 0.472807 0.037031 0.485778 0.037031 0.496274 0.037031 0.503703 0.036219 0.519127 0.034984 0.527170 0.034984 0.527783
43 0.174672 0.551108 0.181344 0.534693 0.183953 0.531840 0.180625 0.557665 0.177000 0.553514 0.175688 0.550024
41 0.387953 0.058042 0.389313 0.003137 0.427969 0.003137 0.429781 0.007948 0.431156 0.008632 0.434781 0.008632 0.439797 0.012075 0.442516 0.016179 0.445703 0.025802 0.446156 0.034033 0.444797 0.041580 0.444344 0.049811 0.442969 0.051179 0.414328 0.056675
41 0.159719 0.106061 0.156406 0.026061 0.167172 0.019811 0.192828 0.013561 0.202766 0.032311 0.202766 0.094811 0.191172 0.094811
