0 0.995453 0.219875 0.966484 0.230396 0.928328 0.281292 0.928328 0.325167 0.936219 0.351479 0.932266 0.370792 0.924375 0.397104 0.936219 0.402375 0.941484 0.430458 0.957281 0.449750 0.970438 0.467312 0.992813 0.462042 0.995453 0.555042 0.991500 0.584875 0.977016 0.616479 0.941484 0.646292 0.952016 0.686667 0.953328 0.707729 0.895422 0.679646 0.855937 0.670875 0.834875 0.679646 0.844094 0.705958 0.825656 0.728771 0.837500 0.741062 0.853297 0.749833 0.858562 0.751604 0.878312 0.756854 0.886203 0.753354 0.917797 0.741062 0.942797 0.744583 0.912531 0.837604 0.909891 0.872708 0.921734 0.897271 0.929641 0.937625 0.942797 0.979750 0.941484 0.995542 1.000000 1.000000
45 0.673063 0.769542 0.781281 0.754583 0.812938 0.746417 0.829266 0.751854 0.836406 0.773625 0.850703 0.832167 0.850703 0.843063 0.848656 0.855312 0.758828 0.877083 0.655719 0.873000 0.650609 0.860750 0.667969 0.785875 0.664906 0.769542 0.677156 0.768188
0 0.890750 0.630417 0.860453 0.631479 0.862047 0.605958 0.864437 0.580437 0.870016 0.567687 0.885953 0.560250 0.892344 0.553875 0.890750 0.520917 0.905094 0.532604 0.918641 0.506042 0.916250 0.502854 0.906688 0.492229 0.915453 0.476271 0.915453 0.464583 0.915453 0.446500 0.918641 0.432687 0.935391 0.421000 0.946547 0.431625 0.960906 0.456083 0.972062 0.481583 0.986406 0.506042 0.972062 0.511354 0.930609 0.510292 0.918641 0.544312 0.936187 0.551750 0.972062 0.554937 0.984016 0.553875 0.974453 0.591083 0.960906 0.605958 0.924219 0.607021 0.915453 0.630417 0.915453 0.656979 0.917844 0.685687 0.901109 0.683562 0.880375 0.677188 0.884359 0.665479 0.897922 0.659104
0 0.894734 0.530333 0.889609 0.508458 0.870125 0.508458 0.871156 0.486563 0.875250 0.482458 0.874219 0.477000 0.878328 0.472896 0.903969 0.478375 0.908062 0.498875 0.922422 0.511187 0.976781 0.509813 1.000000 0.502979 1.000000 0.528958 1.000000 0.550833 0.946016 0.550833 0.958313 0.628771 0.904984 0.624667 0.866016 0.634250 0.840391 0.653396 0.840391 0.653396 0.845516 0.654750 0.871156 0.675271 0.895766 0.658854 0.954219 0.667063
45 0.486469 0.863563 0.458516 0.856479 0.463344 0.835292 0.501891 0.767187 0.540438 0.760125 0.648359 0.765271 0.664266 0.777458 0.655109 0.857125 0.636797 0.873187 0.555375 0.865479
0 0.017281 0.372479 0.015094 0.363708 0.011250 0.357854 0.008516 0.346875 0.014000 0.344687 0.014000 0.344687 0.012344 0.331542 0.012344 0.313250 0.017828 0.306667 0.022219 0.301562 0.033734 0.297167 0.042500 0.296437 0.048531 0.297167 0.058406 0.305937 0.065531 0.310333 0.067188 0.312521 0.069922 0.320562 0.071562 0.326417 0.071562 0.341042 0.072109 0.353458 0.070469 0.361500 0.063344 0.369542 0.061703 0.371000 0.062250 0.360042 0.055672 0.355667 0.044156 0.352729 0.035922 0.357854 0.028250 0.365896 0.023312 0.372479 0.020578 0.376125 0.015094 0.396604 0.001937 0.403187 0.000000 0.404646 0.000000 0.523812 0.000000 0.538438 0.001937 0.525271 0.004125 0.516500 0.010703 0.513583 0.018375 0.512833 0.022219 0.510646 0.032641 0.479937 0.034828 0.477021 0.032094 0.467521 0.028250 0.459479 0.024969 0.449958 0.022219 0.445583 0.018375 0.436812 0.016734 0.425833 0.016734 0.416333 0.016188 0.411229 0.014547 0.403917 0.013453 0.400250
44 0.827828 0.669396 0.828203 0.663375 0.832359 0.657833 0.835375 0.658354 0.856109 0.619625 0.856875 0.609062 0.855359 0.606042 0.853469 0.605542 0.851594 0.605542 0.847438 0.606562 0.827453 0.642750 0.824813 0.650792 0.824437 0.654833 0.822547 0.661854 0.821422 0.663375 0.825953 0.667896 0.822797 0.677625 0.816141 0.672417 0.798797 0.699062 0.798328 0.699854 0.805000 0.704313
52 0.552000 0.771771 0.565359 0.785583 0.576406 0.802083 0.587438 0.819917 0.589109 0.826604 0.589437 0.834188 0.587438 0.836417 0.582078 0.839979 0.572391 0.831062 0.561688 0.811896 0.548313 0.795833 0.540953 0.783813 0.540297 0.777562 0.544969 0.773104 0.551328 0.770437
52 0.602094 0.843646 0.594797 0.838792 0.590109 0.829750 0.594016 0.816542 0.598969 0.804750 0.601313 0.795708 0.602359 0.785979 0.604172 0.782167 0.611984 0.783208 0.613813 0.785979 0.615375 0.791187 0.615641 0.802312 0.613813 0.813083 0.612250 0.820729 0.607828 0.834604 0.606781 0.838083 0.603656 0.841563
52 0.342781 0.762125 0.338781 0.768812 0.344453 0.777729 0.347469 0.783979 0.349469 0.791562 0.352484 0.801812 0.351484 0.813396 0.345469 0.819646 0.351141 0.828562 0.369875 0.820979 0.377891 0.820083 0.382906 0.817417 0.385578 0.799583 0.386922 0.782188 0.378906 0.771937 0.363187 0.776396 0.353484 0.767042 0.348813 0.759896
52 0.638141 0.804042 0.627953 0.811458 0.613422 0.827958 0.606000 0.835792 0.606313 0.844437 0.607547 0.850625 0.610937 0.855563 0.616516 0.853917 0.631031 0.839500 0.641547 0.825896 0.649281 0.811063 0.644641 0.803229 0.639078 0.804458
52 0.564078 0.783271 0.591172 0.768896 0.596297 0.770333 0.601687 0.772479 0.603578 0.779854 0.604656 0.788667 0.603172 0.789208 0.586187 0.799083 0.576891 0.801958 0.573516 0.801604
52 0.542625 0.823542 0.542625 0.823542 0.537172 0.823896 0.536078 0.833000 0.543453 0.850813 0.545359 0.854104 0.553266 0.851188 0.560094 0.851542 0.555734 0.836625 0.546172 0.821708 0.541531 0.823542
52 0.585078 0.770812 0.575359 0.764625 0.571172 0.764917 0.565437 0.773167 0.564562 0.782271 0.574266 0.781396 0.614187 0.797875 0.615297 0.806104 0.623453 0.808750 0.630078 0.807271 0.632719 0.799917 0.629625 0.791979 0.623234 0.786979 0.618609 0.786104 0.614406 0.786104 0.586391 0.774042 0.586172 0.792271 0.587500 0.797875 0.595875 0.802875 0.600734 0.803167 0.600078 0.788750 0.596766 0.787875
52 0.529844 0.816208 0.540438 0.843542 0.541969 0.851500 0.536906 0.853250 0.533813 0.851500 0.529188 0.843542 0.523453 0.836792 0.519250 0.828854 0.517938 0.819437 0.520141 0.814438 0.522563 0.812375 0.527203 0.813854
52 0.555297 0.821750 0.544172 0.820458 0.540297 0.812063 0.528188 0.797875 0.523844 0.788833 0.523359 0.779792 0.527219 0.774625 0.537875 0.781083 0.546578 0.791417 0.553844 0.803667
52 0.590453 0.856875 0.599937 0.859083 0.607156 0.859083 0.609016 0.858813 0.609625 0.852208 0.608187 0.848083 0.602828 0.845062 0.599734 0.844229 0.596641 0.846708 0.592312 0.851646 0.591688 0.855229
52 0.488469 0.854125 0.499438 0.829771 0.507953 0.833667 0.508438 0.844396 0.502109 0.856729 0.491156 0.858021 0.486281 0.856083 0.487750 0.851854
9 0.798328 0.293417 0.794516 0.302813 0.797437 0.316479 0.806234 0.314917 0.808000 0.303187 0.807703 0.295375
52 0.564156 0.853167 0.561516 0.834333 0.566516 0.825687 0.575359 0.834708 0.574469 0.853167 0.564156 0.852396
41 0.044406 0.967063 0.044031 0.929854 0.040266 0.921292 0.032719 0.901188 0.034984 0.884583 0.046297 0.875542 0.057234 0.868000 0.073828 0.861458 0.104750 0.864479 0.119453 0.867000 0.143594 0.882083 0.147359 0.888604 0.151891 0.903188 0.146609 0.920292 0.142844 0.929854 0.135672 0.954979 0.129641 0.981125 0.125109 0.996729 0.124734 1.000000 0.043656 0.998229
0 0.700125 0.547437 0.689844 0.528625 0.675750 0.521583 0.661641 0.506688 0.654000 0.498063 0.641656 0.489437 0.626375 0.460458 0.618734 0.436167 0.610516 0.417354 0.608719 0.411854 0.616047 0.383479 0.623391 0.376646 0.646125 0.373708 0.657859 0.364896 0.660062 0.347292 0.661531 0.313063 0.665938 0.291542 0.676203 0.274917 0.701891 0.266917 0.718344 0.279062 0.723641 0.295125 0.724219 0.311187 0.715109 0.357021 0.711594 0.366042 0.725688 0.375833 0.740391 0.386417 0.744203 0.392292 0.751547 0.437333 0.758906 0.500812 0.762422 0.523146 0.741562 0.552125 0.734797 0.554083 0.740094 0.579562 0.737750 0.596021 0.720703 0.611292 0.703359 0.601896 0.678094 0.588958 0.665750 0.581917 0.657812 0.579167 0.642250 0.572896 0.636953 0.573687 0.626078 0.582292 0.614625 0.583479 0.612563 0.581125 0.612859 0.584250 0.606391 0.605021 0.602578 0.615604 0.619031 0.613250 0.628141 0.613250 0.622266 0.605417 0.619328 0.592875 0.627266 0.597583 0.630203 0.600708 0.629906 0.584646 0.638125 0.581917 0.653406 0.590521 0.659875 0.603063 0.661641 0.612083 0.682797 0.615208 0.703953 0.616771 0.718063 0.617958 0.723344 0.617958
45 0.878766 0.496146 0.868937 0.479750 0.852953 0.465000 0.839016 0.459542 0.823031 0.467187 0.807453 0.481396 0.796797 0.495604 0.788203 0.516375 0.784516 0.531667 0.794750 0.552979 0.810734 0.573188 0.822625 0.588500 0.837375 0.595062 0.854594 0.591771 0.870984 0.571000 0.887375 0.540958 0.891063 0.526208 0.889016 0.518000 0.884094 0.509271 0.875906 0.509271 0.869750 0.502708 0.873031 0.498333
0 0.542359 0.337542 0.533813 0.313000 0.528562 0.297229 0.530531 0.279687 0.527906 0.263917 0.537109 0.244646 0.548281 0.237625 0.559453 0.235875 0.566016 0.243771 0.591656 0.241146 0.606766 0.253396 0.621234 0.272687 0.629125 0.284083 0.630437 0.313000 0.627813 0.328771 0.629125 0.341042 0.629125 0.362083 0.617281 0.376979 0.609406 0.391000 0.598891 0.390125 0.581141 0.390125 0.601516 0.412896 0.606766 0.426042 0.641609 0.490021 0.669219 0.518062 0.698141 0.548729 0.737563 0.596937 0.752688 0.620604 0.754656 0.629354 0.746766 0.634625 0.735594 0.633750 0.726391 0.617104 0.707328 0.600437 0.673813 0.582917 0.640297 0.565396 0.620578 0.546979 0.608750 0.532083 0.597578 0.550500 0.587719 0.567146 0.584422 0.588167 0.577187 0.632000 0.567344 0.664417 0.562734 0.676687 0.554187 0.682813 0.548937 0.688958 0.545641 0.730146 0.539734 0.746792 0.524609 0.767833 0.510813 0.768708 0.507531 0.645146 0.507531 0.621479 0.519359 0.611833 0.530531 0.592562 0.534469 0.559250 0.536438 0.543479 0.535781 0.531208 0.543672 0.486521 0.543016 0.459354 0.537109 0.442708 0.531844 0.430438 0.523953 0.423417 0.518047 0.430438 0.512781 0.415542 0.511469 0.415542 0.502922 0.415542 0.491094 0.396250 0.490438 0.383979 0.506875 0.369083 0.518703 0.359437 0.537109 0.345417 0.541703 0.337542
0 0.776969 0.301625 0.789672 0.336417 0.786844 0.361813 0.801656 0.381563 0.805891 0.434229 0.805188 0.438917 0.788266 0.434229 0.791781 0.480312 0.788969 0.520750 0.790375 0.559292 0.790375 0.614792 0.790375 0.621375 0.769219 0.617604 0.769922 0.550833 0.762875 0.501000 0.749469 0.429521 0.738187 0.390021 0.729719 0.352417 0.744531 0.336417 0.750172 0.312917 0.762875 0.299750 0.774859 0.300687
0 0.067422 0.656187 0.042141 0.564042 0.050563 0.462917 0.079219 0.413479 0.053938 0.384271 0.075844 0.352812 0.101125 0.350563 0.101125 0.296625 0.102813 0.269667 0.185391 0.258417 0.193813 0.289896 0.156891 0.349958 0.131453 0.413479 0.129781 0.460667 0.178813 0.520542 0.138203 0.561792 0.077531 0.640458
0 0.360672 0.986521 0.188766 0.979771 0.128094 0.984271 0.146625 0.966292 0.156734 0.948313 0.163484 0.923604 0.175281 0.912354 0.148312 0.867417 0.136516 0.862917 0.158422 0.862917 0.183703 0.840458 0.144938 0.820229 0.124719 0.824729 0.074156 0.840458 0.060672 0.840458 0.060672 0.739333 0.060672 0.734833 0.072469 0.640458 0.112922 0.573042 0.176969 0.516854 0.148312 0.507875 0.129781 0.485396 0.129781 0.440458 0.129781 0.400000 0.171906 0.307875 0.212359 0.280896 0.241016 0.287646 0.266297 0.298875 0.291578 0.359542 0.294937 0.366292 0.301688 0.373042 0.294937 0.402250 0.286516 0.417979 0.289891 0.474167 0.289891 0.492125 0.286516 0.512354 0.308422 0.550563 0.320219 0.615729 0.335391 0.678646 0.352250 0.712354 0.355625 0.725833 0.350563 0.741583 0.337078 0.750562 0.352250 0.793250 0.352250 0.806750 0.340453 0.824729 0.321906 0.842687 0.384266 0.849438 0.377531 0.901125 0.377531 0.941583 0.367422 0.986521
