72 0.884530 0.983578 1.000000 0.536391 0.989178 0.199312 0.668451 0.194813 0.658333 0.442016 0.631315 0.468969 0.651573 0.498187 0.658333 0.518422 0.655094 0.513297 0.626338 0.521797 0.650282 0.559000 0.648685 0.640859 0.643427 0.782672 0.643427 0.801937 0.619765 1.000000 0.890704 1.000000
74 0.277230 0.190812 0.269131 0.184719 0.259977 0.175391 0.256737 0.163891 0.263216 0.152406 0.268592 0.145953 0.282629 0.139141 0.295023 0.136266 0.312277 0.136266 0.327371 0.141641 0.335469 0.147031 0.343545 0.155281 0.345164 0.166406 0.344085 0.175031 0.338685 0.182203 0.332230 0.187578 0.323052 0.191891 0.311197 0.195484 0.298803 0.195484 0.284789 0.193328
69 0.423897 0.451328 0.485376 0.511531 0.472723 0.674047 0.414859 0.593391 0.416667 0.516344 0.414859 0.494672 0.418474 0.475406 0.418474 0.448922
47 0.409789 0.365859 0.408732 0.362266 0.408920 0.357781 0.409977 0.355656 0.412441 0.354484 0.414577 0.353312 0.420423 0.353188 0.425728 0.354250 0.430329 0.356250 0.433146 0.358719 0.433685 0.360016 0.434038 0.362266 0.434038 0.363078 0.432277 0.364141 0.429624 0.365203 0.426620 0.367438 0.424671 0.368266 0.419531 0.368391 0.414225 0.367563
41 0.273685 0.302188 0.280587 0.338219 0.275423 0.341672 0.265047 0.343203 0.248333 0.341297 0.253521 0.300266 0.274836 0.299875
71 0.073615 0.429375 0.158404 0.449031 0.082700 0.469688 0.075892 0.430375
45 0.133310 0.314812 0.138028 0.311281 0.143920 0.303813 0.146878 0.293219 0.156315 0.284578 0.163380 0.282219 0.164554 0.279469 0.203498 0.280656 0.201150 0.283000 0.207042 0.286141 0.215892 0.292828 0.220610 0.301062 0.222371 0.310094 0.229460 0.315203 0.226502 0.317172 0.199953 0.318344 0.170469 0.316375 0.156901 0.318734 0.135657 0.315203
47 0.434366 0.363516 0.435070 0.359625 0.438239 0.356797 0.443568 0.355734 0.449390 0.355625 0.455235 0.357516 0.458779 0.361516 0.458967 0.364688 0.457371 0.369531 0.454883 0.371531 0.442488 0.371875 0.438967 0.371297 0.437535 0.369531 0.437183 0.366469 0.435939 0.364578 0.435235 0.363875
45 0.409671 0.368406 0.420610 0.383875 0.446831 0.396219 0.493521 0.392391 0.495446 0.368969 0.440446 0.371516
47 0.453545 0.353750 0.453545 0.345531 0.465869 0.342672 0.475728 0.346766 0.476361 0.353328 0.472653 0.360719 0.463404 0.361531 0.456620 0.359078
49 0.459977 0.371156 0.458944 0.365453 0.460305 0.361813 0.464413 0.360891 0.472981 0.361125 0.474014 0.361813 0.477441 0.365922 0.481221 0.370703 0.460657 0.372297
49 0.425869 0.372063 0.426761 0.368594 0.429249 0.366172 0.432207 0.364359 0.434930 0.366922 0.438333 0.368891 0.440352 0.371156 0.438333 0.371156 0.431291 0.371000 0.426761 0.371453
49 0.453944 0.356031 0.448028 0.356031 0.444319 0.354219 0.443568 0.351750 0.445563 0.349125 0.449742 0.347313 0.453216 0.346984 0.455188 0.347984 0.456174 0.351266 0.456174 0.355375 0.455916 0.355375
