0 0.267140 0.943784 0.264840 0.944114 0.263920 0.934084 0.264380 0.926126 0.263000 0.922673 0.262080 0.917838 0.262320 0.905736 0.263920 0.899159 0.263460 0.892583 0.260460 0.884985 0.260460 0.879459 0.261160 0.876006 0.265080 0.871832 0.266000 0.866997 0.268060 0.863544 0.272440 0.864234 0.274740 0.868048 0.273140 0.869760 0.274740 0.878769 0.275900 0.885345 0.276600 0.888108 0.281660 0.892252 0.281660 0.893634 0.278200 0.893994 0.275900 0.891201 0.274740 0.890511 0.273820 0.898138 0.274060 0.907808 0.273600 0.921652 0.272900 0.930300 0.272680 0.938258 0.273360 0.942402 0.273140 0.944475 0.270600 0.944114 0.270140 0.942402 0.270840 0.926847 0.269920 0.913003 0.268060 0.914024 0.268060 0.920270 0.267600 0.926847 0.266920 0.935135 0.266220 0.939279
0 0.201080 0.848709 0.195060 0.855255 0.195900 0.862432 0.194440 0.878318 0.194440 0.878318 0.194660 0.931562 0.195900 0.938408 0.200460 0.939970 0.201920 0.939970 0.203780 0.939339 0.205640 0.935616 0.205640 0.935616 0.201080 0.932823 0.198800 0.903213 0.206060 0.898559 0.208540 0.894504 0.206880 0.875195 0.203780 0.862432 0.205440 0.854955 0.203580 0.850270 0.202540 0.848108
2 0.850200 0.945225 0.833840 0.939069 0.833160 0.933934 0.809280 0.931892 0.805180 0.947267 0.794280 0.942132 0.792220 0.931892 0.782680 0.924715 0.785400 0.886847 0.820200 0.834595 0.893180 0.826396 0.908860 0.847928 0.914320 0.858168 0.917060 0.902192 0.914320 0.909369 0.910920 0.870450 0.906140 0.849970 0.897960 0.845856 0.897960 0.896036 0.892500 0.899129 0.893180 0.869429 0.876800 0.854054 0.848840 0.866336
2 0.998520 0.914925 0.952160 0.916937 0.953060 0.912222 0.953520 0.886547 0.948560 0.860871 0.984120 0.860871 0.999880 0.878438 0.999880 0.911532
1 0.685440 0.878649 0.692960 0.881321 0.693140 0.881321 0.695480 0.883484 0.695120 0.888048 0.700120 0.892072 0.702820 0.899610 0.704060 0.907688 0.702460 0.915736 0.700480 0.920571 0.694760 0.923273 0.694400 0.923544 0.687960 0.923273 0.685260 0.921922 0.683120 0.913844 0.682760 0.907688 0.684380 0.898529 0.682400 0.891802 0.680440 0.886697 0.680800 0.880781 0.684020 0.880511 0.684560 0.879730 0.684560 0.879730
0 0.279440 0.886276 0.284560 0.879309 0.285020 0.872312 0.287820 0.868138 0.290140 0.868138 0.288280 0.863243 0.287340 0.857658 0.289200 0.853483 0.293400 0.852072 0.296180 0.854174 0.298960 0.865345 0.298040 0.868138 0.299900 0.873724 0.297100 0.902342 0.297580 0.916306 0.296640 0.920511 0.295720 0.944234 0.292000 0.946336 0.284100 0.944925 0.281300 0.941441 0.282240 0.922583 0.278980 0.920511 0.281300 0.906547 0.280380 0.896757 0.282700 0.892583 0.281300 0.885586
9 0.908200 0.742763 0.908200 0.714835 0.902460 0.707988 0.892160 0.706817 0.884840 0.711862 0.889780 0.718408 0.894540 0.718709 0.894740 0.718709 0.894140 0.733544 0.886820 0.732973 0.886020 0.737718 0.887800 0.744264 0.892760 0.744264 0.894540 0.743664 0.895140 0.749009 0.908000 0.748408
0 0.933820 0.913333 0.933440 0.892823 0.934760 0.880450 0.937760 0.868679 0.939620 0.863333 0.938880 0.855195 0.943000 0.849009 0.948600 0.854895 0.947100 0.865586 0.946740 0.871472 0.950480 0.879069 0.951400 0.888889 0.953840 0.901532 0.954960 0.911922
1 0.957720 0.909189 0.946520 0.916907 0.947120 0.921922 0.935920 0.923754 0.935920 0.933273 0.929860 0.951021 0.925920 0.956036 0.930460 0.972402 0.944100 0.977838 0.949840 0.966036 0.955300 0.961471 0.961960 0.954655 0.970140 0.937387 0.973460 0.935556 0.969220 0.952372 0.969520 0.967387 0.979820 0.980571 0.992240 0.980571 0.997700 0.965586 0.996480 0.948288 0.990120 0.940571 0.981040 0.938288 0.976200 0.924204 0.976800 0.916006 0.978920 0.909640 0.978920 0.904174 0.981040 0.896006 0.977100 0.895105 0.975280 0.907808 0.970740 0.911922 0.964980 0.915105 0.959240 0.897808 0.953480 0.895556
0 0.249520 0.929730 0.250040 0.899099 0.245600 0.899880 0.247420 0.886126 0.245600 0.881441 0.246120 0.872402 0.249520 0.865736 0.251080 0.863754 0.250200 0.855255 0.252720 0.851201 0.256500 0.854174 0.257760 0.861982 0.256500 0.865766 0.260460 0.870090 0.260640 0.876306 0.260280 0.881712 0.259920 0.885766 0.262080 0.892793 0.263320 0.898979 0.259200 0.902492 0.259200 0.906006 0.257760 0.910601 0.257400 0.916547 0.256860 0.920601 0.255420 0.923844 0.255060 0.930330
0 0.225000 0.847928 0.224280 0.842793 0.226300 0.840601 0.228980 0.844144 0.228980 0.847177 0.230440 0.852553 0.231100 0.857057 0.230860 0.862793 0.230360 0.866817 0.230360 0.868919 0.228660 0.874024 0.224200 0.875616 0.222980 0.874625 0.222900 0.855736 0.223060 0.850721 0.224920 0.848288
0 0.891140 0.953634 0.898060 0.948709 0.897700 0.907718 0.897320 0.870030 0.898780 0.863453 0.891500 0.851982 0.895880 0.842162 0.901340 0.842703 0.908980 0.857447 0.910440 0.877117 0.913700 0.902793 0.912240 0.911532 0.917700 0.923574 0.927540 0.938318 0.924260 0.957447 0.919520 0.947598 0.907160 0.935586 0.906420 0.959099 0.893680 0.956907
0 0.324300 0.904474 0.325280 0.883814 0.328220 0.864625 0.332160 0.857237 0.341980 0.848378 0.342980 0.854294 0.342980 0.867568 0.341000 0.883814 0.337080 0.900030 0.337080 0.905946 0.326260 0.904474
0 0.670180 0.921021 0.671700 0.901081 0.667520 0.889670 0.669420 0.860631 0.672840 0.846967 0.679660 0.844685 0.680040 0.853784 0.689160 0.875435 0.689900 0.880571 0.684980 0.881141 0.684220 0.885135 0.684220 0.899940 0.680800 0.908468 0.679280 0.919309 0.681940 0.923844 0.678900 0.926697
11 0.645860 0.789730 0.641440 0.792523 0.639220 0.797688 0.639100 0.802883 0.640320 0.809520 0.642540 0.813423 0.646480 0.814505 0.651040 0.813033 0.653260 0.809520 0.654000 0.800090 0.654000 0.794354 0.652520 0.792132
0 0.669360 0.871592 0.668080 0.865586 0.666320 0.861772 0.665680 0.858168 0.665040 0.856006 0.666480 0.854324 0.666480 0.851201 0.666320 0.846156 0.664880 0.844234 0.661360 0.844474 0.660080 0.844715 0.659120 0.848078 0.659280 0.856006 0.659760 0.858889 0.658000 0.860571 0.657200 0.865375 0.657200 0.870150 0.656560 0.872312 0.656080 0.874955 0.656880 0.879039 0.657520 0.883844 0.657200 0.890811 0.656880 0.902072 0.656720 0.902793 0.657520 0.908078 0.659760 0.909760 0.659920 0.913844 0.661040 0.922973 0.666160 0.924895 0.666960 0.921531 0.665520 0.917688 0.667600 0.914565 0.668880 0.910480 0.669520 0.908559 0.668080 0.892733 0.666480 0.890571
9 0.295960 0.752973 0.299600 0.750781 0.301060 0.742553 0.313300 0.742553 0.313300 0.784234 0.302340 0.786967 0.299600 0.782312 0.296140 0.774625 0.296500 0.770781 0.298320 0.768318 0.298880 0.762282 0.297420 0.761472 0.295960 0.759820 0.295040 0.753514
13 0.458180 0.957207 0.450280 0.953634 0.448300 0.931081 0.405980 0.930480 0.400440 0.936426 0.395300 0.935225 0.360100 0.933453 0.354180 0.955435 0.349820 0.953634 0.349040 0.947688 0.348640 0.932252 0.307120 0.932252 0.304740 0.952462 0.299200 0.950090 0.296440 0.942943 0.294060 0.922162 0.300380 0.905526 0.457400 0.905526 0.457800 0.918018 0.457800 0.942943
13 0.927620 0.913423 0.923400 0.941832 0.999120 0.946907 0.998280 0.914054
1 0.616400 0.887868 0.604560 0.895496 0.606920 0.909730 0.615060 0.920931 0.621820 0.920931 0.629280 0.912282 0.639100 0.922432 0.649240 0.921411 0.647900 0.891952 0.643840 0.883303 0.637400 0.883814 0.631300 0.877207 0.625540 0.876186 0.626220 0.868559 0.620460 0.871081 0.618780 0.878198 0.614380 0.882282 0.616400 0.885315
9 0.343720 0.777117 0.344600 0.753453 0.345500 0.748348 0.350340 0.743784 0.355880 0.743514 0.358220 0.748348 0.362880 0.751562 0.362520 0.755886 0.357140 0.762312 0.357320 0.767177 0.362160 0.772012 0.361800 0.779519 0.358220 0.783574 0.355880 0.785706 0.348360 0.783844 0.344960 0.781682
1 0.759860 0.887928 0.755600 0.891532 0.754280 0.899520 0.754540 0.905916 0.757740 0.918288 0.765180 0.921501 0.768120 0.913514 0.770400 0.909640 0.778060 0.912162 0.778960 0.917147 0.781840 0.918318 0.783060 0.916487 0.785620 0.895135 0.783740 0.888799 0.780620 0.888108 0.778740 0.892793 0.777280 0.896306 0.769400 0.884775 0.769400 0.881291 0.771500 0.881111 0.771500 0.873754 0.758620 0.873604 0.758620 0.882943 0.760620 0.883784
9 0.770120 0.596306 0.787860 0.592042 0.807020 0.595225 0.807020 0.606967 0.786440 0.612282 0.777920 0.612282 0.771540 0.616547 0.758060 0.609099
0 0.934080 0.863453 0.933880 0.860901 0.931220 0.858889 0.930180 0.855315 0.929880 0.853754 0.929880 0.850751 0.927980 0.849039 0.925220 0.851471 0.925140 0.855465 0.924940 0.858198 0.924080 0.858889 0.922840 0.860480 0.922180 0.863754 0.922180 0.865466 0.925220 0.865466 0.926740 0.867477 0.928560 0.869459 0.930260 0.869189 0.932740 0.867177 0.933700 0.865616
26 0.199460 0.900931 0.210080 0.900060 0.211500 0.911261 0.212080 0.924625 0.199460 0.922883
