2 0.440437 0.364439 0.453172 0.352243 0.444516 0.320234 0.435344 0.315654 0.415969 0.272991 0.338500 0.263832 0.336453 0.256986 0.340031 0.276799 0.337484 0.295093 0.344609 0.329369 0.347156 0.372827 0.304859 0.374346 0.277844 0.321752 0.270703 0.301192 0.260516 0.301939 0.261531 0.303458 0.263578 0.376636 0.292125 0.430748 0.318109 0.419322
2 0.230391 0.320771 0.262344 0.317009 0.264031 0.377383 0.237109 0.363551 0.203469 0.362290
53 0.287047 0.970280 0.311578 0.916636 0.264391 0.880304 0.262734 0.878528 0.257781 0.879603 0.251891 0.883832 0.249047 0.887360 0.247406 0.892640 0.240797 0.906752 0.263453 0.931098 0.271000 0.935350 0.275484 0.938878 0.278781 0.945234 0.279969 0.951916 0.284687 0.963575 0.285859 0.967804
0 0.000000 0.550561 0.000000 0.071916 0.046594 0.096636 0.078141 0.107874 0.100688 0.159556 0.141266 0.244953 0.211891 0.305607 0.177328 0.341565 0.163812 0.341565 0.138266 0.346075 0.114219 0.346075 0.111203 0.373037 0.121734 0.382033 0.120219 0.386519 0.096188 0.400000 0.096188 0.469673 0.079656 0.478645 0.069125 0.462921 0.060109 0.487640 0.048094 0.521355 0.034563 0.546075 0.018031 0.555047 0.001500 0.766285 0.009016 0.791005 0.021047 0.815724 0.055609 0.858435 0.075141 0.876402 0.153281 0.885397 0.195359 0.885397 0.243453 0.905607 0.279516 0.946075 0.287031 0.970794 0.269000 0.995514 0.001500 0.997757
0 0.196875 0.373037 0.255484 0.368528 0.315594 0.465164 0.311078 0.395514 0.287031 0.346075 0.272016 0.289883 0.285531 0.280888 0.299062 0.303364 0.308078 0.328084 0.327609 0.303364 0.335125 0.280888 0.311078 0.244953 0.281031 0.238201 0.306578 0.229206 0.341141 0.244953 0.344141 0.328084 0.365187 0.487640 0.363687 0.573037 0.327609 0.568528 0.267500 0.505607 0.272016 0.622477 0.278016 0.689883 0.252469 0.676402 0.204375 0.676402 0.195359 0.707874 0.196875 0.755047 0.180344 0.811238 0.153281 0.858435 0.148781 0.885397 0.130750 0.867407 0.132250 0.817967 0.070625 0.782033 0.021047 0.626963 0.033062 0.530327 0.067625 0.485397 0.093172 0.471916 0.103688 0.460678 0.103688 0.420234 0.124734 0.388762 0.121734 0.368528 0.127734 0.352804 0.162297 0.339322 0.181844 0.346075 0.214906 0.312360 0.216406 0.310117 0.144266 0.242687 0.133750 0.208995 0.117219 0.170794 0.165312 0.159556 0.186344 0.200000 0.202875 0.231472 0.195359 0.262921 0.210391 0.285397 0.220906 0.298878
53 0.614531 0.647523 0.527172 0.697079 0.573859 0.721846 0.704906 0.719603 0.774188 0.688061 0.793766 0.670047 0.793766 0.636262 0.798281 0.611495 0.756109 0.568692 0.679297 0.555187 0.596453 0.568692 0.557297 0.570935 0.524156 0.582196 0.472937 0.615981 0.466922 0.643014 0.518125 0.645280 0.597953 0.645280
24 0.927203 0.474042 0.939734 0.472734 0.954453 0.481145 0.960938 0.492804 0.962234 0.505724 0.963531 0.513481 0.966562 0.525140 0.966562 0.543878 0.955313 0.558762 0.957047 0.569112 0.963969 0.582687 0.970875 0.635724 0.971750 0.660304 0.973484 0.669369 0.950547 0.659019 0.918984 0.644136 0.883078 0.630561 0.849344 0.619556 0.826406 0.613084 0.824687 0.613084 0.792250 0.560701 0.803922 0.537430 0.812578 0.523832 0.826406 0.512196 0.829016 0.511542 0.832906 0.504439 0.843719 0.506378 0.851500 0.510911 0.862750 0.513481 0.876594 0.508972 0.890437 0.490841 0.896484 0.501192 0.900813 0.501192 0.901250 0.506378 0.905563 0.511542 0.909469 0.506378 0.909469 0.505093 0.916375 0.491495 0.919844 0.487617 0.923734 0.494089 0.929797 0.491495 0.928063 0.481145
0 0.480578 0.578178 0.477031 0.540981 0.477031 0.514393 0.468500 0.508014 0.474188 0.478271 0.475609 0.453808 0.486984 0.416612 0.499781 0.398528 0.531047 0.377266 0.548109 0.369836 0.540297 0.348575 0.540297 0.336893 0.536031 0.318808 0.532469 0.281612 0.531766 0.257150 0.537453 0.230584 0.555219 0.215701 0.566594 0.214650 0.575125 0.201893 0.582953 0.205070 0.602141 0.214650 0.607828 0.218902 0.622750 0.223154 0.629859 0.231659 0.644797 0.248645 0.650484 0.273107 0.649063 0.296495 0.650484 0.301799 0.659016 0.311379 0.641953 0.307126 0.644797 0.329439 0.647641 0.346449 0.635547 0.351776 0.638391 0.363458 0.638391 0.369836 0.633422 0.378341 0.641953 0.387897 0.661141 0.405981 0.678203 0.442126 0.689578 0.479322 0.681750 0.494206 0.683891 0.535654 0.496219 0.550537 0.491250 0.552664 0.480578 0.577126
0 0.882156 0.503365 0.882156 0.478645 0.913703 0.456168 0.922719 0.433715 0.943766 0.413481 0.946031 0.376589 0.946031 0.358505 0.938219 0.353201 0.946031 0.337266 0.945328 0.313879 0.948875 0.306425 0.954562 0.306425 0.963813 0.276659 0.970922 0.254346 1.000000 0.237336 1.000000 0.660397 0.997219 0.683785 0.973047 0.664650 0.960250 0.556238 0.967359 0.529650 0.964516 0.506262 0.957406 0.478622 0.939641 0.466939 0.933234 0.471192 0.926125 0.490327 0.924000 0.494579 0.919016 0.491378 0.914047 0.495631 0.910484 0.503084 0.908359 0.507336 0.896984 0.500958
39 0.208891 0.241005 0.229938 0.241005 0.258484 0.234276 0.321594 0.241005 0.335125 0.306168 0.314094 0.310678 0.296047 0.301682 0.278016 0.261238 0.267500 0.285958 0.267500 0.303925 0.250969 0.312921 0.211891 0.285958 0.198375 0.250000
