0 0.115109 0.684403 0.100641 0.622459 0.061359 0.520211 0.042766 0.455152 0.016922 0.411780 0.013828 0.394731 0.011750 0.382108 0.022094 0.366604 0.027250 0.334075 0.046891 0.303091 0.084094 0.286066 0.118203 0.272131 0.132672 0.270562 0.146109 0.231358 0.146109 0.215855 0.144047 0.201920 0.135781 0.094660 0.143016 0.079180 0.148172 0.068337 0.157484 0.035808 0.157484 0.024965 0.159547 0.000047 0.256687 0.004707 0.314562 0.080609 0.315609 0.091452 0.323875 0.131733 0.312500 0.142576 0.304234 0.175105 0.303203 0.193677 0.298031 0.206089 0.291828 0.220023 0.297000 0.271148 0.290797 0.277330 0.290797 0.285082 0.309406 0.305222 0.329031 0.342389 0.350734 0.401265 0.357969 0.452365 0.383812 0.538197 0.371406 0.555223 0.367281 0.558314 0.378641 0.587752 0.403453 0.640422 0.418953 0.712178 0.470625 0.831452 0.471656 0.834660 0.446859 0.803677 0.424125 0.783560 0.408609 0.772717 0.396219 0.747916 0.385875 0.743279 0.394141 0.783560 0.369344 0.783560 0.362109 0.789742 0.354875 0.789742 0.344547 0.775808 0.337313 0.771148 0.321797 0.775808 0.295969 0.789742 0.256687 0.825363 0.249453 0.826932 0.209156 0.803677 0.191578 0.791288 0.164719 0.769602 0.140937 0.752576 0.128547 0.740187 0.118203 0.726230 0.115109 0.682857
0 0.343297 0.356136 0.346281 0.320328 0.377625 0.271124 0.395531 0.168197 0.419422 0.069766 0.443297 0.047400 0.480609 0.067541 0.516437 0.116745 0.517922 0.195059 0.516437 0.224122 0.520906 0.259930 0.511953 0.331522 0.508969 0.385199 0.500016 0.467986 0.488078 0.519438 0.503000 0.564169 0.519422 0.796838 0.525391 0.848290 0.495547 0.861710 0.408969 0.664848 0.371656 0.552998 0.389563 0.539578 0.334344 0.360609 0.337328 0.327049
62 0.616391 0.695433 0.706141 0.289344 0.997391 0.340094 1.000000 0.517775 0.912719 0.954309
7 0.777625 0.472412 0.781766 0.465761 0.783250 0.463536 0.804266 0.463536 0.842750 0.491475 0.842453 0.509672 0.874125 0.534965 0.884203 0.546956 0.882125 0.564262 0.876797 0.580679 0.868500 0.580234 0.864062 0.583771 0.858438 0.589555 0.849562 0.589555 0.838016 0.580679 0.832094 0.567799 0.824687 0.583326 0.820250 0.589110 0.811375 0.585550 0.802188 0.578899 0.801891 0.567354 0.801891 0.558923 0.799234 0.550047 0.790656 0.547400 0.768156 0.526979 0.767266 0.534075 0.758375 0.531874 0.753937 0.508782 0.753047 0.501241 0.755422 0.491920 0.759266 0.478173 0.769031 0.473747 0.774078 0.471077
0 0.816766 0.139602 0.827672 0.081077 0.827672 0.051124 0.822219 0.017096 0.825844 0.002108 0.858547 0.000000 0.884875 0.021171 0.885781 0.070187 0.879438 0.097400 0.874891 0.128712 0.893969 0.162740 0.919391 0.196768 0.938469 0.255293 0.941188 0.270281 0.889422 0.283888 0.864906 0.247143 0.818578 0.151850
0 0.490234 0.082084 0.496703 0.063372 0.504875 0.055621 0.525547 0.050468 0.532859 0.051101 0.538031 0.056276 0.542766 0.069180 0.549219 0.085948 0.550953 0.105316 0.554828 0.120796 0.553094 0.140164 0.553531 0.147260 0.535875 0.162740 0.531578 0.173068 0.522094 0.182763 0.513062 0.188571 0.508328 0.202763 0.513062 0.164684 0.513062 0.141452 0.509609 0.118876 0.506172 0.107892 0.504016 0.102740 0.494969 0.093700
62 0.730062 0.294567 0.728578 0.278876 1.000000 0.275878 1.000000 0.343934
0 0.320859 0.125105 0.305641 0.164215 0.325203 0.195152 0.333891 0.265222 0.349109 0.268478 0.364328 0.239157 0.365422 0.172365 0.352375 0.134895
0 0.905594 0.136089 0.915094 0.130141 0.918656 0.125995 0.913906 0.110539 0.917078 0.100445 0.913516 0.088571 0.922234 0.076698 0.933328 0.068970 0.946000 0.081452 0.945609 0.097494 0.940063 0.124215 0.936484 0.139040 0.945203 0.145574 0.956297 0.165176 0.953922 0.207330 0.940453 0.232881 0.932531 0.257213 0.925797 0.227541 0.926578 0.179438 0.919453 0.159836 0.905984 0.137869
0 0.998531 0.164052 0.982047 0.182014 0.953547 0.265176 0.952047 0.274169 1.000000 0.283138
24 0.905922 0.162459 0.897906 0.154871 0.887797 0.155504 0.884000 0.166253 0.905922 0.192131 0.914344 0.194028 0.912656 0.178244
0 0.000000 0.014637 0.165297 0.010141 0.151766 0.088970 0.144250 0.149766 0.135234 0.181311 0.105187 0.221850 0.058609 0.284918 0.018031 0.289415 0.010516 0.300679 0.010516 0.320937 0.022547 0.395269 0.036063 0.429063 0.060109 0.507892 0.076641 0.552927 0.118719 0.683560 0.141250 0.744379 0.159281 0.766885 0.202859 0.796183 0.252453 0.818689 0.271984 0.818689 0.308047 0.800679 0.344109 0.762389 0.399719 0.811944 0.399719 0.825457 0.360641 0.872740 0.345609 0.872740 0.354625 0.902038 0.333594 0.931311 0.284000 0.931311 0.150266 0.852482 0.165297 0.893021 0.184828 0.931311 0.192344 0.967354 0.192344 0.974098 0.175812 0.987611 0.009016 0.978595
0 0.637141 0.573208 0.637141 0.510141 0.647656 0.485363 0.641641 0.411030 0.640141 0.350234 0.652156 0.233115 0.634125 0.163279 0.647656 0.102482 0.650656 0.100234 0.656672 0.082201 0.650656 0.073208 0.647656 0.034918 0.647656 0.021405 0.640141 0.005621 0.635625 0.005621 0.581531 0.001124 0.577031 0.019133 0.571016 0.037166 0.586047 0.012389 0.577031 0.030398 0.577031 0.050679 0.572516 0.070937 0.568016 0.075457 0.577031 0.102482 0.580031 0.122740 0.580031 0.138525 0.560500 0.158782 0.549984 0.165550 0.530438 0.181311 0.515422 0.201569 0.510906 0.212834 0.513922 0.275902 0.516922 0.327705 0.516922 0.397518 0.518422 0.426792 0.519922 0.516885 0.524438 0.584450 0.525937 0.627260 0.536453 0.733115 0.531953 0.841218 0.580031 0.829953 0.590547 0.658782 0.620609 0.652038 0.608578 0.658782 0.664187 0.748876 0.655172 0.809696 0.635625 0.816440
0 0.637062 0.543443 0.653641 0.477986 0.646109 0.401241 0.644594 0.331265 0.649109 0.295152 0.679234 0.218407 0.709359 0.161967 0.716891 0.148431 0.739484 0.116815 0.734953 0.040070 0.734953 0.012974 0.834359 0.046838 0.822313 0.110047 0.814781 0.141639 0.837375 0.189063 0.865984 0.222904 0.888578 0.279344 0.730438 0.279344 0.707844 0.319977 0.683750 0.398993 0.676219 0.500562
0 0.631406 0.163700 0.635969 0.167611 0.638578 0.175433 0.641187 0.181311 0.641844 0.188150 0.647719 0.203794 0.649672 0.213583 0.651625 0.219461 0.655547 0.239016 0.654891 0.278150 0.660766 0.269344 0.662719 0.262482 0.663375 0.256628 0.665328 0.250749 0.668594 0.243911 0.670563 0.240984 0.673172 0.235105 0.673813 0.231194 0.701234 0.172506 0.697969 0.172506 0.690781 0.171522 0.682953 0.163700 0.681656 0.153911 0.682953 0.145105 0.687516 0.137283 0.692750 0.125550 0.695359 0.118712 0.696656 0.063934 0.695359 0.060023 0.692750 0.055129 0.688172 0.048290 0.682953 0.046323 0.675781 0.041429 0.668594 0.037518 0.662719 0.035574 0.654234 0.035574 0.650984 0.036534 0.648359 0.039485 0.650984 0.068829 0.657500 0.083489 0.647719 0.121639 0.639234 0.125550 0.635969 0.162717
