33 0.795531 0.299583 0.811203 0.247375 0.811203 0.212313 0.809516 0.193667 0.805609 0.167562 0.800578 0.148917 0.794984 0.139229 0.783781 0.148167 0.777641 0.158625 0.767563 0.157875 0.758609 0.154146 0.768687 0.134000 0.779312 0.126542 0.796656 0.122062 0.812875 0.120583 0.836938 0.136229 0.845328 0.145938 0.851484 0.156375 0.856516 0.175771 0.859875 0.215312 0.858187 0.239917 0.850359 0.265271 0.837500 0.285417 0.814562 0.305562 0.797219 0.300333
0 0.062156 0.851750 0.068953 0.837521 0.073812 0.822479 0.074594 0.816000 0.074016 0.810313 0.068766 0.798646 0.070516 0.792687 0.075375 0.784146 0.084500 0.768083 0.091891 0.754875 0.098297 0.749958 0.101203 0.746312 0.101203 0.741146 0.098297 0.739333 0.094797 0.740104 0.090719 0.744000 0.083719 0.756417 0.079641 0.763167 0.073234 0.772479 0.071875 0.770667 0.068563 0.765750 0.065266 0.762375 0.060797 0.760042 0.054578 0.761354 0.050891 0.766000 0.049141 0.770417 0.047578 0.777417 0.048937 0.783104 0.049719 0.786208 0.049141 0.790104 0.045453 0.797875 0.041172 0.805646 0.038844 0.817312 0.037875 0.830771 0.036516 0.840625 0.035922 0.841146 0.030687 0.861854 0.030687 0.862646 0.032047 0.878958 0.033203 0.885188 0.034766 0.886479 0.047781 0.900208 0.049531 0.905896 0.049328 0.909792 0.041563 0.929729 0.031453 0.949167 0.028734 0.952792 0.032625 0.957708 0.040781 0.965479 0.046031 0.966521 0.047969 0.963938 0.047000 0.962646 0.040594 0.950458 0.044094 0.942167 0.051672 0.930521 0.050687 0.952792 0.048750 0.964708 0.046609 0.970937 0.048563 0.974563 0.059828 0.973000 0.072266 0.972750 0.073031 0.966271 0.067797 0.962375 0.060984 0.960313 0.058469 0.956688 0.061375 0.934146 0.063719 0.923000 0.066437 0.917562 0.068766 0.912125 0.068953 0.906687 0.067984 0.900458 0.064688 0.879729 0.060609 0.867562 0.059047 0.862125 0.058469 0.859021 0.060609 0.854604
0 0.525125 0.852833 0.534391 0.847292 0.536953 0.835813 0.530234 0.828146 0.542375 0.823458 0.551953 0.814938 0.551000 0.805583 0.553875 0.801750 0.559297 0.806854 0.560891 0.816229 0.566000 0.831125 0.564734 0.851125 0.552594 0.853271 0.544297 0.847729 0.538859 0.854958 0.524172 0.854542
33 0.235203 0.125188 0.243141 0.139646 0.249344 0.152833 0.255938 0.161625 0.259234 0.162667 0.264078 0.147146 0.261359 0.130083 0.254187 0.112250 0.247609 0.103979 0.236547 0.097771 0.220656 0.093375 0.215234 0.096229 0.210188 0.102167 0.208437 0.112521 0.212703 0.124396 0.219688 0.136812 0.226281 0.144562 0.230547 0.146125 0.234234 0.140687
33 0.214609 0.575917 0.219438 0.572229 0.222734 0.566750 0.225688 0.564854 0.227734 0.565208 0.230687 0.568417 0.230766 0.577937 0.229609 0.585333 0.229172 0.589125 0.229797 0.591875 0.235234 0.589375 0.237734 0.583062 0.238188 0.573188 0.237203 0.564500 0.233453 0.559375 0.228000 0.556875 0.222375 0.557354 0.216672 0.560917 0.213813 0.566167 0.213547 0.571271 0.214078 0.575792
33 0.059391 0.613354 0.070562 0.600187 0.067984 0.620229 0.078703 0.620229 0.082578 0.612208 0.086000 0.597333 0.080422 0.589333 0.070984 0.582458 0.061109 0.591042 0.051672 0.600187
33 0.485797 0.253104 0.497047 0.254125 0.503688 0.259250 0.504953 0.304542 0.500109 0.323625 0.495500 0.331458 0.485281 0.333146 0.490391 0.309646 0.488859 0.285125 0.485547 0.268438 0.478906 0.260938 0.468172 0.274917 0.458469 0.291604 0.453609 0.283417 0.456937 0.266062 0.466391 0.254813 0.473281 0.249021
0 0.312109 0.840563 0.309219 0.829021 0.307234 0.823000 0.306688 0.821563 0.303813 0.819396 0.303438 0.817958 0.302906 0.815542 0.302000 0.813625 0.301094 0.812417 0.299109 0.810021 0.299109 0.807375 0.298578 0.803521 0.299656 0.794625 0.300922 0.791750 0.303266 0.789583 0.303984 0.788125 0.302719 0.784521 0.302188 0.781875 0.303438 0.778521 0.308859 0.777062 0.310656 0.779000 0.310844 0.781646 0.310125 0.784042 0.309938 0.784771 0.313000 0.787896 0.314266 0.788854 0.316063 0.790292 0.317156 0.792937 0.316438 0.794146 0.314453 0.794875 0.313000 0.800875 0.314094 0.806417 0.314094 0.810500 0.315172 0.814354 0.315344 0.817708 0.315703 0.822771 0.316063 0.829500 0.316797 0.833583 0.317516 0.836708 0.318781 0.840083 0.319500 0.841771 0.317156 0.843917 0.313000 0.844417
33 0.184344 0.543271 0.182375 0.557813 0.184172 0.568292 0.186500 0.566854 0.187031 0.565917 0.188109 0.564229 0.195078 0.553271 0.195969 0.564229 0.196500 0.569000 0.199375 0.567813 0.202406 0.564708 0.203656 0.560667 0.204547 0.553521 0.204187 0.542792 0.202766 0.540646 0.198109 0.539687 0.189172 0.539687 0.188109 0.539687
0 0.579000 0.855208 0.580328 0.847042 0.583516 0.846687 0.588313 0.853083 0.588313 0.853083 0.598422 0.852375 0.601078 0.838875 0.597891 0.818667 0.597891 0.818667 0.594172 0.815458 0.595766 0.808729 0.595766 0.808729 0.592562 0.802333 0.592562 0.802333 0.585922 0.803396 0.584312 0.809792 0.584312 0.809792 0.585922 0.815812 0.580859 0.819021 0.582188 0.822917 0.571016 0.835688 0.575000 0.839229 0.573406 0.852729
33 0.451797 0.558708 0.451797 0.549521 0.450906 0.545208 0.450578 0.544771 0.448687 0.545208 0.446797 0.549375 0.445797 0.552188 0.444016 0.553229 0.439453 0.549521 0.439344 0.545062 0.445234 0.533063 0.447469 0.532313 0.452578 0.532771 0.458031 0.534104 0.463250 0.542542 0.464594 0.552771 0.463813 0.563146 0.460141 0.572938 0.458922 0.577979 0.457250 0.580354 0.456031 0.581083 0.450906 0.580063 0.450469 0.574562 0.451469 0.564333
33 0.239969 0.657979 0.250000 0.662792 0.247203 0.677229 0.237172 0.672958
0 0.149609 0.814458 0.149937 0.800250 0.150891 0.793792 0.151219 0.788625 0.152516 0.782167 0.155734 0.783021 0.156062 0.791208 0.156062 0.800250 0.155734 0.808000 0.152828 0.814875
33 0.670031 0.355875 0.671594 0.374208 0.667531 0.398792 0.660656 0.394625 0.660969 0.371292 0.658156 0.359625 0.650344 0.352125 0.641281 0.372958 0.640031 0.375042 0.633781 0.375875 0.633781 0.361292 0.638781 0.347542 0.646594 0.343792 0.661906 0.344625 0.668156 0.347125
0 0.796609 0.856146 0.786906 0.843854 0.786906 0.839979 0.789813 0.839333 0.797094 0.850333 0.798547 0.837396 0.794672 0.834146 0.793703 0.823812 0.798547 0.819271 0.806797 0.825750 0.807766 0.830271 0.805828 0.837396 0.808734 0.843208 0.811641 0.854208 0.807281 0.862604 0.809703 0.873604 0.785937 0.871021 0.781078 0.866500 0.787391 0.862604 0.796125 0.860021
33 0.086125 0.640437 0.086406 0.637500 0.086500 0.636604 0.086984 0.634292 0.088047 0.632625 0.089766 0.631729 0.090922 0.630583 0.092359 0.629687 0.094094 0.629292 0.096578 0.629562 0.098406 0.630583 0.100906 0.632375 0.103109 0.635438 0.103109 0.639167 0.103109 0.642229 0.102828 0.645812 0.102828 0.647354 0.102344 0.649271 0.100141 0.651833 0.099656 0.652479 0.097828 0.653104 0.097547 0.652208 0.097828 0.650813 0.098703 0.648250 0.098984 0.646333 0.099281 0.643250 0.099844 0.640562 0.099281 0.637375 0.098891 0.636479 0.097734 0.635312 0.096297 0.633521 0.094563 0.632875 0.093516 0.633271 0.092078 0.635062 0.090062 0.637750 0.089188 0.639167 0.088234 0.640063 0.086703 0.640562 0.086219 0.640562
33 0.839500 0.633917 0.831422 0.631437 0.834531 0.609896 0.837797 0.608792 0.848047 0.610438 0.849687 0.625729 0.843125 0.633375 0.841906 0.623000
0 0.079563 0.793208 0.073953 0.791896 0.070859 0.792083 0.073672 0.786833 0.075641 0.789083 0.078859 0.789646
0 0.322078 0.828729 0.321828 0.821583 0.321828 0.817687 0.321828 0.816063 0.320125 0.814125 0.319891 0.808604 0.319891 0.808271 0.320609 0.800479 0.320609 0.796583 0.320609 0.796583 0.318422 0.797562 0.317688 0.794958 0.319641 0.791396 0.321109 0.789771 0.321109 0.789771 0.321828 0.785542 0.322328 0.783938 0.322328 0.782313 0.322078 0.779708 0.322812 0.775813 0.324750 0.775479 0.326469 0.776146 0.327437 0.778083 0.327672 0.781000 0.326953 0.784896 0.326469 0.785229 0.326469 0.785542 0.326953 0.788792 0.327187 0.790417 0.326703 0.793354 0.326219 0.795937 0.326219 0.795937 0.326219 0.801146 0.326469 0.803083 0.326219 0.807625 0.325000 0.810875 0.325250 0.814771 0.324031 0.816063 0.324031 0.820292 0.323781 0.821917 0.323781 0.822562 0.324031 0.826146 0.323781 0.827750 0.323531 0.828417 0.322812 0.828417
0 0.252344 0.789687 0.252203 0.796604 0.254328 0.804333 0.255406 0.807813 0.256016 0.810458 0.256312 0.817792 0.257547 0.819208 0.259062 0.817979 0.259828 0.813708 0.259672 0.806792 0.259375 0.802500 0.258922 0.799042 0.258609 0.796812 0.258766 0.794771 0.261516 0.791104 0.264719 0.786833 0.266094 0.784396 0.264266 0.784187 0.262578 0.787042 0.259375 0.788458 0.257547 0.790292 0.256172 0.788458 0.257391 0.785396 0.258297 0.782354 0.258609 0.780729 0.256469 0.778687 0.255562 0.778479 0.253563 0.779292 0.252953 0.780104 0.252813 0.783979 0.252813 0.785396
0 0.392547 0.808562 0.394359 0.797229 0.394359 0.788333 0.396781 0.778646 0.394359 0.771375 0.399219 0.765708 0.401031 0.768937 0.401641 0.772979 0.402844 0.783500 0.402844 0.794813 0.404672 0.801271 0.404672 0.804521 0.399219 0.800479 0.396781 0.807750
0 0.918156 0.859979 0.920297 0.857125 0.918031 0.854750 0.919094 0.849667 0.917313 0.846188 0.917313 0.844437 0.917906 0.839042 0.914219 0.834750 0.912438 0.836021 0.911719 0.844437 0.912797 0.846500 0.908984 0.850938 0.909703 0.853792 0.912203 0.854438 0.912078 0.857771
0 0.501641 0.825750 0.504375 0.825750 0.505172 0.821250 0.505828 0.817604 0.508062 0.815687 0.508719 0.821042 0.510484 0.821042 0.509031 0.815250 0.509031 0.812042 0.509516 0.810750 0.510969 0.809042 0.509359 0.803687 0.506625 0.805625 0.504531 0.807125 0.501641 0.812042 0.499719 0.816750 0.499234 0.824458 0.500516 0.826396
37 0.062766 0.878854 0.058578 0.864917 0.060328 0.857958 0.061719 0.851917 0.085062 0.885375 0.102500 0.913708 0.103188 0.916042 0.088547 0.938812 0.083672 0.937417 0.065203 0.921146 0.067984 0.913708 0.067984 0.904417 0.050219 0.906271 0.048125 0.895125 0.036266 0.879333 0.033484 0.872354 0.032437 0.857021 0.034531 0.845875 0.035578 0.841688 0.037313 0.835646 0.038359 0.821708 0.022672 0.809146 0.018844 0.807750 0.003500 0.826354 0.003156 0.831458 0.003156 0.836104 0.016750 0.861208
0 0.207172 0.957958 0.186453 0.956708 0.197750 0.946646 0.190219 0.909000 0.190219 0.892667 0.187391 0.871333 0.183625 0.867562 0.175156 0.856271 0.175156 0.823625 0.177984 0.793500 0.189281 0.777187 0.190219 0.753333 0.204344 0.748313 0.212812 0.763375 0.214703 0.773417 0.227891 0.783458 0.236359 0.784708 0.241062 0.787229 0.243891 0.813583 0.232594 0.817354 0.222234 0.807313 0.222234 0.839958 0.225062 0.856271 0.225062 0.880125 0.224125 0.909000 0.222234 0.956708 0.215641 0.965479 0.205281 0.955437
