73 0.515580 0.555413 0.626320 0.507440 0.708140 0.511200 0.701780 0.534720 0.665820 0.569520 0.580480 0.563867
73 0.581100 0.503840 0.580620 0.460587 0.609180 0.428320 0.726300 0.428960 0.724860 0.484480 0.715660 0.486400 0.703560 0.477360 0.607240 0.468987
73 0.642480 0.173307 0.698480 0.133600 0.726920 0.135387 0.732240 0.140720 0.732240 0.150800 0.730460 0.175680 0.691360 0.195227 0.692240 0.204693 0.680700 0.202347 0.657580 0.212400 0.642480 0.208267
63 0.018540 0.667413 0.124720 0.676400 0.269660 0.701120 0.495500 0.723600 0.603380 0.746080 0.615160 0.701120 0.476960 0.676400 0.352240 0.665173 0.207300 0.642693 0.057300 0.617973 0.003380 0.591013 0.000000 0.597760
73 0.614200 0.471253 0.708140 0.477280 0.708140 0.508587 0.623240 0.508587 0.577180 0.529067 0.573560 0.503760 0.609700 0.471253
73 0.493880 0.526240 0.537980 0.502213 0.580220 0.507173 0.575880 0.524587 0.575880 0.524587 0.575880 0.526240 0.571540 0.528720 0.545440 0.541147 0.541720 0.546933 0.523700 0.552747 0.503200 0.557707 0.493880 0.555227
73 0.586740 0.455653 0.586740 0.451253 0.604880 0.404347 0.647200 0.404347 0.704340 0.410213 0.704900 0.422667 0.607620 0.428533
73 0.731220 0.065600 0.732320 0.115387 0.731660 0.138800 0.728800 0.141733 0.725740 0.139680 0.724420 0.066187 0.726400 0.062693 0.729240 0.060933 0.730780 0.059173
73 0.702640 0.193627 0.700980 0.266720 0.690340 0.266720 0.690340 0.193627 0.699860 0.192133
73 0.684340 0.115760 0.705160 0.106720 0.725480 0.104800 0.727420 0.136427 0.700320 0.134480 0.680480 0.146747 0.679980 0.149333 0.675140 0.152560 0.637880 0.177067 0.636420 0.149973 0.673220 0.123520
73 0.464840 0.301920 0.473480 0.298827 0.478140 0.296160 0.511100 0.307253 0.575320 0.318347 0.573320 0.325893 0.545040 0.349413 0.501440 0.336080 0.496120 0.340080 0.482140 0.353387 0.461500 0.358720 0.432220 0.364933 0.422900 0.359600 0.425900 0.322773 0.432560 0.313893 0.444540 0.307707
73 0.419980 0.403173 0.420600 0.423867 0.496380 0.389093 0.512540 0.379147 0.518740 0.375840 0.496380 0.369227 0.422460 0.402347
73 0.542320 0.350453 0.529200 0.365227 0.515680 0.375067 0.492720 0.365227 0.450920 0.386533 0.453380 0.379440 0.441080 0.371787 0.446820 0.359760 0.483700 0.353200 0.500920 0.334613
0 0.187920 0.635573 0.192960 0.610960 0.214760 0.566213 0.224840 0.557253 0.256720 0.555013 0.276840 0.559493 0.302020 0.561733 0.325500 0.561733 0.347320 0.555013 0.369120 0.559493 0.392620 0.570693 0.414420 0.581867 0.432880 0.595307 0.449660 0.610960 0.456380 0.631093 0.469800 0.640027 0.491620 0.655707 0.505040 0.660160 0.520140 0.666880 0.530200 0.673600 0.536920 0.680293 0.577180 0.653467 0.617440 0.635573 0.629200 0.590827 0.657720 0.577387 0.689600 0.555013 0.703020 0.543840 0.708060 0.508053 0.736580 0.478960 0.766780 0.454347 0.778520 0.436453 0.790260 0.387253 0.815440 0.353680 0.835580 0.317893 0.869120 0.279867 0.892620 0.246293 0.924500 0.226160 0.953020 0.199333 0.969800 0.183653 0.986580 0.176960 0.996640 0.161280 0.996640 0.136693 0.994960 0.105360 0.993280 0.074053 0.973160 0.062853 0.966440 0.042720 0.963080 0.013627 0.959740 0.002453 1.000000 0.006933 1.000000 0.080747 1.000000 0.172480 0.996640 0.358160 0.994960 0.559493 1.000000 0.700427 0.998320 0.798880 0.956380 0.816773 0.936240 0.780987 0.916100 0.749653 0.919460 0.709387 0.931200 0.671360 0.939600 0.637813 0.941280 0.588587 0.941280 0.559493 0.929540 0.521467 0.912760 0.519227 0.885900 0.539360 0.865780 0.588587 0.837240 0.613200 0.803700 0.637813 0.753360 0.644507 0.706380 0.644507 0.687920 0.651227 0.649320 0.586347 0.651000 0.626613 0.661080 0.651227 0.654360 0.678080 0.637580 0.695973 0.617440 0.693733 0.593960 0.700427 0.568800 0.693733 0.543620 0.687013 0.505040 0.684773 0.456380 0.671360 0.432880 0.669120 0.387580 0.666880 0.360740 0.660160 0.352340 0.655707 0.343960 0.644507 0.343960 0.633333 0.337240 0.617653 0.318800 0.617653 0.310400 0.631093 0.296980 0.635573 0.276840 0.646747 0.268460 0.653467 0.251680 0.651227 0.231540 0.644507 0.211400 0.642267 0.191280 0.635573
15 0.916120 0.714507 0.946780 0.600533 0.929040 0.523120 0.862900 0.574720 0.817740 0.624187 0.717740 0.652160 0.683880 0.632800 0.674200 0.637093 0.659680 0.602693 0.653220 0.609147 0.646780 0.658613 0.637100 0.684400 0.600000 0.736027 0.587100 0.796240 0.601620 0.856453 0.561300 0.884400 0.553220 0.886560 0.480640 0.882267 0.306460 0.890853 0.229040 0.839253 0.204840 0.856453 0.214520 0.901600 0.198380 0.920960 0.185480 0.920960 0.174200 0.920960 0.109680 0.927413 0.059680 0.946773 0.025800 0.908053 0.003220 0.908053 0.004840 0.966133 0.006460 0.983333 0.995160 0.989787 1.000000 0.811280 0.958060 0.822053 0.932260 0.806987
73 0.912160 0.023653 0.842900 0.001120 0.777020 0.001120 0.782100 0.262400 0.820940 0.235360 0.864860 0.219600 0.918920 0.217333
