0 0.113672 0.671304 0.115531 0.668723 0.109969 0.629375 0.105875 0.617092 0.106250 0.604185 0.106250 0.585489 0.109594 0.575163 0.111453 0.575163 0.111453 0.575163 0.109969 0.564837 0.115531 0.554511 0.119234 0.560299 0.119984 0.571277 0.123688 0.577092 0.126297 0.577745 0.127781 0.595163 0.130375 0.609348 0.130000 0.624837 0.129266 0.638397 0.129266 0.650652 0.129266 0.660326 0.128141 0.664864 0.122578 0.653234 0.119984 0.639701 0.121094 0.653234 0.117016 0.677772 0.115156 0.680978 0.112937 0.672609
0 0.169578 0.588098 0.166547 0.585462 0.167719 0.579022 0.169750 0.570516 0.170922 0.567609 0.171422 0.565543 0.171766 0.562609 0.171422 0.556766 0.173109 0.553533 0.176484 0.553261 0.178156 0.555299 0.178156 0.564973 0.176641 0.566413 0.179172 0.569946 0.180187 0.578723 0.181359 0.584864 0.182375 0.588668 0.183375 0.591902 0.183219 0.594810 0.180859 0.594810 0.180344 0.598913 0.180187 0.608886 0.180187 0.619130 0.180187 0.624103 0.180859 0.628777 0.176312 0.630245 0.175469 0.631114 0.175297 0.635217 0.171594 0.635815 0.169750 0.634918 0.169234 0.619701 0.168406 0.613560 0.168406 0.597745 0.169078 0.591005 0.169406 0.588370
2 0.559328 0.633750 0.561375 0.611793 0.561703 0.602283 0.565812 0.596359 0.567172 0.569022 0.569562 0.564864 0.601656 0.569620 0.603703 0.573179 0.602000 0.600516 0.609859 0.623668 0.607469 0.637908 0.608484 0.647418 0.601313 0.646223 0.598250 0.635543 0.572984 0.629592 0.570594 0.640299 0.565469 0.641495 0.566484 0.624864 0.561375 0.634946 0.557953 0.634946
2 0.296859 0.632826 0.295000 0.611549 0.293516 0.603804 0.303547 0.588315 0.304656 0.571522 0.306875 0.563125 0.340281 0.559266 0.340641 0.572174 0.341766 0.593478 0.344734 0.595408 0.345094 0.622500 0.343250 0.627038 0.339531 0.620571 0.336937 0.623804 0.338797 0.629620 0.332109 0.631549 0.332109 0.622500 0.303906 0.623152 0.303172 0.629620
0 0.192922 0.630163 0.191469 0.611848 0.190328 0.599755 0.190812 0.585380 0.189031 0.581440 0.190984 0.574402 0.193562 0.568505 0.195187 0.568207 0.194531 0.565408 0.192750 0.564837 0.191781 0.558370 0.192750 0.554701 0.196156 0.554701 0.196797 0.559484 0.196797 0.563723 0.198578 0.566522 0.201656 0.568777 0.202312 0.581739 0.203125 0.595815 0.202469 0.597772 0.202469 0.609891 0.200687 0.609891 0.201500 0.618043 0.201500 0.629022 0.200531 0.635489 0.197125 0.636060 0.195516 0.633804 0.197781 0.631549 0.198266 0.623397 0.196484 0.614103 0.196156 0.611576 0.196313 0.620299 0.194703 0.632418 0.194531 0.634946 0.192109 0.636359 0.189516 0.634375 0.191953 0.632962
0 0.249406 0.616168 0.248781 0.606739 0.246922 0.602147 0.247234 0.594076 0.246922 0.588940 0.246781 0.584647 0.244766 0.590571 0.244766 0.591114 0.242906 0.590842 0.243203 0.586793 0.243828 0.585707 0.246000 0.580054 0.245688 0.574130 0.247234 0.571168 0.249719 0.570082 0.249406 0.567120 0.251734 0.566033 0.252047 0.569810 0.252500 0.572772 0.252813 0.576277 0.255922 0.577636 0.257937 0.583560 0.257937 0.588397 0.256844 0.591386 0.254828 0.591386 0.253750 0.592174 0.253750 0.594348 0.253125 0.599728 0.252359 0.607283 0.252047 0.615082 0.252969 0.619130 0.250344 0.622364 0.250187 0.622636 0.248938 0.616440
74 0.795188 0.095272 0.789109 0.100380 0.786406 0.107418 0.785719 0.116821 0.786844 0.125842 0.792031 0.137582 0.797437 0.140326 0.806219 0.136413 0.813203 0.128179 0.811406 0.114076 0.810953 0.103886 0.804875 0.096848 0.797437 0.094891
2 0.350656 0.573207 0.350906 0.609321 0.353469 0.611114 0.356547 0.620489 0.359875 0.610679 0.365266 0.609321 0.367828 0.619130 0.372438 0.616033 0.372953 0.607989 0.377828 0.608451 0.378078 0.616902 0.381922 0.604429 0.377031 0.569375 0.360047 0.568696
2 0.504562 0.608071 0.504078 0.579837 0.505516 0.569891 0.527469 0.573207 0.528422 0.592283 0.532719 0.602255 0.532250 0.613886 0.513156 0.612201 0.504078 0.613886 0.503609 0.610543
2 0.463516 0.561005 0.460594 0.567011 0.460328 0.586902 0.458453 0.588288 0.458719 0.604484 0.460063 0.605408 0.460859 0.613288 0.462453 0.613288 0.462719 0.606332 0.477609 0.606332 0.479484 0.610027 0.479484 0.614212 0.481344 0.615598 0.482937 0.592446 0.482141 0.588288 0.482141 0.584130 0.481344 0.560054 0.464047 0.561467
0 0.230594 0.562364 0.231859 0.571114 0.233422 0.576576 0.232797 0.586413 0.231859 0.600625 0.232484 0.619755 0.233109 0.632310 0.232172 0.636685 0.225578 0.636685 0.217406 0.636141 0.218656 0.624130 0.219922 0.619212 0.219281 0.613207 0.219281 0.606087 0.219281 0.598995 0.218969 0.594620 0.219281 0.590245 0.221172 0.582582 0.224312 0.578234 0.224938 0.576576 0.224938 0.573859 0.224312 0.570027 0.224312 0.566739 0.226516 0.563478 0.229656 0.562364
0 0.215188 0.619565 0.213797 0.638777 0.211687 0.634511 0.210281 0.629022 0.209406 0.614701 0.209406 0.571467 0.212562 0.570842 0.210984 0.561712 0.212562 0.559565 0.219922 0.565679 0.215188 0.569321 0.219047 0.593397 0.215891 0.618043 0.214844 0.620190
0 0.674328 0.641331 0.673922 0.621005 0.670297 0.609783 0.670297 0.598560 0.669484 0.577527 0.671094 0.567690 0.674328 0.564185 0.674328 0.557174 0.676344 0.555082 0.678766 0.555082 0.680375 0.555082 0.680781 0.559294 0.682391 0.563478 0.687625 0.569810 0.686828 0.595054 0.685219 0.604158 0.684812 0.616087 0.681172 0.622391 0.679156 0.641331
2 0.398641 0.610272 0.398813 0.598451 0.398891 0.593098 0.399969 0.590652 0.404625 0.588478 0.408531 0.588179 0.409859 0.588342 0.412016 0.595842 0.414672 0.604348 0.415328 0.608832 0.412172 0.611440 0.406453 0.610000
74 0.773328 0.146603 0.770125 0.146386 0.769641 0.145109 0.769016 0.140190 0.769016 0.132908 0.768656 0.124973 0.768781 0.117473 0.769266 0.112989 0.770750 0.107418 0.772719 0.102473 0.774438 0.100761 0.775187 0.102065 0.775922 0.108261 0.776406 0.122609 0.774813 0.142337 0.773578 0.146196
0 0.289141 0.577772 0.289141 0.571386 0.289141 0.565842 0.291594 0.561576 0.295750 0.560734 0.296484 0.565408 0.296984 0.569239 0.297719 0.572228 0.299672 0.575625 0.300656 0.579891 0.300156 0.586277 0.299187 0.588424 0.298203 0.593098 0.296250 0.597364 0.296484 0.599918 0.293797 0.602038 0.292578 0.602038 0.290375 0.593940 0.290125 0.582038
0 0.281125 0.614375 0.279750 0.625082 0.276344 0.624484 0.278734 0.577582 0.275312 0.570435 0.275312 0.565109 0.277703 0.561549 0.283172 0.563913 0.284187 0.573995 0.286234 0.583505 0.285906 0.594783 0.285219 0.610815 0.284187 0.623886
0 0.272828 0.636630 0.271953 0.626250 0.271078 0.617391 0.270547 0.608234 0.268438 0.603668 0.266500 0.594810 0.266500 0.583832 0.269484 0.578940 0.270187 0.577419 0.271594 0.571603 0.276156 0.570380 0.275984 0.578315 0.277219 0.578315 0.278437 0.578940 0.278625 0.587174 0.278437 0.599402 0.277391 0.613125 0.276516 0.629620
