28 0.233333 0.676800 0.304354 0.541660 0.399039 0.507880 0.497117 0.507880 0.676366 0.534900 0.730450 0.566440 0.760901 0.616000 0.760901 0.622740 0.618859 0.593460 0.449760 0.609240 0.392282 0.627260 0.355075 0.681300 0.341562 0.701580
0 0.298258 0.160280 0.319429 0.160280 0.334985 0.170640 0.334985 0.181920 0.322252 0.201660 0.336396 0.211080 0.350511 0.225180 0.354745 0.244920 0.357568 0.262800 0.357568 0.278780 0.350511 0.300420 0.325075 0.318280 0.322252 0.336140 0.322252 0.357780 0.306727 0.338020 0.285556 0.317340 0.278499 0.305120 0.295435 0.251500 0.285556 0.214840 0.281321 0.202600 0.289790 0.192260 0.279910 0.176280
28 0.731411 0.443980 0.731411 0.416240 0.712012 0.400100 0.681021 0.394940 0.681021 0.382040 0.585105 0.371060 0.578318 0.376860 0.525015 0.376860 0.500781 0.387200 0.486246 0.438820 0.515315 0.423980 0.577327 0.424620 0.579279 0.418180 0.603514 0.421400 0.604474 0.424620 0.640330 0.428500 0.654865 0.423340 0.676186 0.428500 0.680060 0.436240 0.727538 0.446560
28 0.349009 0.700540 0.397387 0.623200 0.445766 0.610300 0.549790 0.599020 0.634474 0.600640 0.702192 0.615140 0.774775 0.628020 0.832853 0.632860 0.932042 0.666700 0.958649 0.705360 0.987658 0.750480 0.982823 0.784320 0.990090 0.802040
0 0.013483 0.076400 0.033754 0.035960 0.121471 0.002240 0.151832 0.060680 0.182192 0.132580 0.222703 0.195500 0.209189 0.285400 0.229429 0.368540 0.202462 0.395500 0.151832 0.400000 0.104595 0.514600 0.101231 0.635960 0.084354 0.746060 0.020240 0.766300 0.010120 0.543820 0.016877 0.337080 0.006757 0.116860 0.013483 0.065160
0 0.408048 0.254860 0.443784 0.211220 0.449730 0.199320 0.422943 0.177500 0.455706 0.131880 0.512282 0.137840 0.506336 0.185440 0.524204 0.227100 0.521231 0.294540 0.485495 0.344120 0.458679 0.375860 0.363363 0.363960 0.393153 0.262800 0.369339 0.262800 0.384204 0.240980 0.408048 0.256840
28 0.320781 0.451180 0.342072 0.411160 0.342072 0.384060 0.247117 0.373740 0.210300 0.381480 0.215135 0.400840 0.254865 0.429240 0.280060 0.429240 0.319790 0.453760
26 0.072943 0.107380 0.020691 0.150520 0.003964 0.172800 0.000000 0.335660 0.000000 0.391340 0.114745 0.399680 0.173243 0.392720 0.210871 0.382980 0.221321 0.363500 0.208799 0.334260 0.185796 0.278580 0.162823 0.197860 0.135646 0.195080 0.125195 0.189500 0.098018 0.142180
28 0.445676 0.449740 0.433844 0.429440 0.391501 0.420420 0.361021 0.411400 0.364414 0.379840 0.399970 0.370800 0.474474 0.379840 0.491411 0.415920 0.489700 0.438460 0.449069 0.447500
0 0.499009 0.387460 0.497267 0.353960 0.504204 0.333160 0.523303 0.298500 0.523303 0.234980 0.573604 0.226880 0.575345 0.194540 0.606547 0.186460 0.641231 0.198000 0.622162 0.232660 0.649910 0.252300 0.662072 0.305440 0.627357 0.300820 0.611772 0.371280 0.575345 0.374760
26 0.268048 0.314740 0.272492 0.354160 0.285916 0.364580 0.302673 0.365320 0.328348 0.354160 0.328348 0.317700 0.308258 0.331100
26 0.202282 0.267800 0.197928 0.295700 0.203153 0.319520 0.216246 0.332300 0.226727 0.350900 0.233694 0.357880 0.259880 0.355560 0.268619 0.345680 0.265105 0.328240 0.231952 0.279420 0.208408 0.251520
24 0.460811 0.246340 0.457387 0.231860 0.469970 0.217380 0.486006 0.209760 0.503153 0.207480 0.522613 0.213580 0.531772 0.225760 0.546637 0.255500 0.547778 0.276080 0.546637 0.298940 0.534054 0.310360 0.526036 0.330180 0.515736 0.346180 0.483694 0.354580 0.474565 0.349240 0.471111 0.337040 0.476847 0.319520 0.480270 0.304260 0.508889 0.298940 0.513453 0.296640 0.518048 0.284460 0.523754 0.266920 0.523754 0.250160 0.522613 0.232620 0.516907 0.222720 0.513453 0.217380 0.497447 0.215860 0.484865 0.220440 0.479129 0.228060 0.469970 0.235680 0.463123 0.246340
24 0.281862 0.230620 0.334505 0.210480 0.338979 0.215700 0.295315 0.239580
0 0.223453 0.235460 0.237748 0.255560 0.245676 0.254860 0.254685 0.258380 0.257868 0.267200 0.243033 0.304960 0.250991 0.310260 0.266877 0.314140 0.278529 0.302500 0.291772 0.283080 0.288078 0.256620 0.288078 0.250620 0.287027 0.227700 0.277477 0.196640 0.244625 0.178300 0.220781 0.164880 0.216547 0.151840 0.230871 0.127840 0.239339 0.107720 0.223453 0.092560 0.195375 0.078440 0.176817 0.080200 0.162523 0.083740 0.184775 0.092560 0.191111 0.108440 0.198018 0.139120 0.204895 0.162060 0.212853 0.170180 0.237748 0.201940 0.229790 0.223820 0.226096 0.232640
28 0.385616 0.508340 0.396817 0.482660 0.405495 0.471900 0.422913 0.464440 0.446547 0.456980 0.501261 0.453680 0.554745 0.454500 0.562192 0.452020 0.614444 0.452840 0.650510 0.456980 0.675375 0.458640 0.685315 0.461960 0.689039 0.466920 0.710180 0.463620 0.736306 0.466920 0.773604 0.476860 0.794745 0.484320 0.808438 0.496740 0.817147 0.510820 0.819640 0.534840 0.819640 0.534840 0.822102 0.542300 0.817147 0.558040 0.813423 0.582060 0.803453 0.609380 0.803453 0.621800 0.796006 0.628440 0.778589 0.625940 0.767387 0.619320 0.754955 0.601940 0.745015 0.587020 0.731321 0.567140 0.706456 0.549760 0.680330 0.538160 0.639309 0.525740 0.597027 0.512480 0.578378 0.510000 0.551021 0.505020 0.519910 0.501720 0.490060 0.501720 0.445315 0.502540 0.417958 0.508340 0.398048 0.508340
28 0.192312 0.696620 0.172072 0.528080 0.259820 0.487640 0.320541 0.487640 0.377898 0.505620 0.330661 0.537080 0.276667 0.575280 0.259820 0.638200 0.239580 0.694380
28 0.266547 0.691760 0.934655 0.792880 0.992012 0.815360 0.992012 0.932200 0.958258 0.965920 0.924534 0.986140 0.570240 0.986140 0.070871 0.986140 0.010120 0.934460 0.020240 0.779400 0.168709 0.709740 0.232823 0.698500 0.256426 0.696260
