0 0.638250 0.614977 0.685625 0.579390 0.704375 0.548263 0.702406 0.542324 0.698453 0.534906 0.699437 0.490446 0.725094 0.487465 0.749766 0.490446 0.764578 0.462277 0.793187 0.465235 0.798125 0.485986 0.790234 0.537887 0.790234 0.537887 0.803063 0.558639 0.828719 0.641667 0.850422 0.699484 0.860297 0.699484 0.860297 0.706901 0.845500 0.712817 0.835625 0.706901 0.828719 0.686150 0.788250 0.603122 0.730031 0.669836 0.711281 0.686150 0.683656 0.706901 0.655031 0.693545 0.655031 0.684648 0.669828 0.657981 0.655031 0.657981 0.633328 0.665376 0.589906 0.674272 0.587922 0.646103 0.540563 0.678732 0.534641 0.678732 0.545484 0.711338
0 0.631219 0.465164 0.643188 0.485399 0.643188 0.496620 0.622250 0.505610 0.607297 0.512371 0.593828 0.521338 0.584859 0.534836 0.571391 0.541573 0.574375 0.575282 0.575875 0.586526 0.578875 0.597746 0.584859 0.617981 0.586344 0.626972 0.589344 0.633709 0.596812 0.658427 0.596812 0.669671 0.583359 0.685399 0.581859 0.689883 0.580359 0.689883 0.578875 0.696620 0.580359 0.710117 0.583359 0.714601 0.593828 0.712371 0.602797 0.705610 0.608781 0.701127 0.616266 0.712371 0.625234 0.716854 0.629719 0.714601 0.634219 0.680892 0.640203 0.611244 0.640203 0.604484 0.640203 0.586526 0.641688 0.577535 0.664125 0.575282 0.674594 0.568545 0.689562 0.555047 0.698531 0.534836 0.698531 0.521338 0.698531 0.474155 0.689562 0.449437 0.683578 0.424718 0.679094 0.391009 0.671609 0.334836 0.662641 0.305610 0.649172 0.256174 0.644688 0.235962 0.640203 0.215728 0.631219 0.184272 0.613266 0.179765 0.604297 0.195516 0.601313 0.215728 0.601313 0.233709 0.622250 0.238192 0.628234 0.240446 0.643188 0.262911 0.646187 0.289883 0.649172 0.321338 0.649172 0.330329 0.646187 0.319108 0.641688 0.314601 0.623750 0.328099 0.622250 0.339319 0.623750 0.379765 0.628234 0.406737 0.625234 0.417981 0.610281 0.438192 0.596812 0.449437 0.575875 0.460681 0.566906 0.469671 0.551937 0.474155 0.538484 0.476408 0.526516 0.483146 0.522031 0.503380 0.542969 0.528099 0.565406 0.512371 0.595328 0.494390 0.605797 0.492136 0.623750 0.476408
0 0.359750 0.796455 0.333609 0.730282 0.407922 0.639296 0.355625 0.521432 0.383156 0.370470 0.412062 0.306385 0.409312 0.258826 0.424438 0.234014 0.451969 0.229859 0.478125 0.279507 0.442344 0.324977 0.454719 0.401502 0.449219 0.473873 0.472625 0.517300 0.436828 0.523498 0.465734 0.641362 0.438203 0.771643 0.461609 0.790258 0.458859 0.806784 0.402422 0.788192 0.428578 0.680657 0.372141 0.748897 0.380406 0.798521
0 0.926562 0.308169 0.914875 0.307207 0.909672 0.307207 0.903828 0.317934 0.903828 0.328685 0.906438 0.336479 0.905781 0.344296 0.901234 0.348192 0.899938 0.350141 0.887594 0.352089 0.883687 0.353075 0.886937 0.342347 0.892141 0.327700 0.896031 0.323803 0.896688 0.314038 0.898641 0.305258 0.902531 0.302324 0.906438 0.296479 0.907078 0.293545 0.901891 0.290610 0.896031 0.284765 0.886937 0.288662 0.885000 0.297441 0.885000 0.307207 0.885000 0.317934 0.883047 0.325751 0.872656 0.342347 0.867453 0.358920 0.867453 0.368685 0.870703 0.374554 0.874594 0.378451 0.878500 0.383333 0.878500 0.386268 0.889547 0.385282 0.900578 0.387230 0.901234 0.395047 0.904484 0.416502 0.904484 0.456526 0.903828 0.523873 0.905125 0.558991 0.909031 0.578521 0.913578 0.582418 0.914875 0.582418 0.914875 0.562911 0.916172 0.548263 0.919422 0.539484 0.925922 0.544366 0.926562 0.565822 0.925922 0.578521 0.935016 0.581455 0.939562 0.579507 0.940203 0.566808 0.940203 0.527770 0.940203 0.503380 0.944109 0.494577 0.951906 0.490681 0.953203 0.463357 0.951250 0.434085 0.950609 0.410657 0.953203 0.410657 0.945406 0.392113 0.938906 0.369671 0.933719 0.359906 0.925266 0.356972 0.925922 0.347230 0.929813 0.336479 0.929172 0.329648 0.927219 0.317934 0.926562 0.312089
0 0.372281 0.201549 0.369469 0.195188 0.368625 0.195188 0.366359 0.192653 0.369750 0.182042 0.375109 0.176549 0.384984 0.167629 0.384703 0.156620 0.379625 0.154085 0.379344 0.148146 0.380750 0.139249 0.384141 0.131620 0.390063 0.128216 0.396266 0.128216 0.398813 0.130775 0.401344 0.140516 0.401625 0.151526 0.402484 0.160000 0.405016 0.161291 0.411219 0.162981 0.418000 0.169765 0.422797 0.173991 0.426734 0.179930 0.419688 0.179085 0.414891 0.179930 0.412062 0.183333 0.411781 0.188404 0.410094 0.192653 0.407266 0.191385 0.405297 0.191808 0.401062 0.193075 0.399375 0.199437 0.397109 0.208333 0.396266 0.213427 0.393453 0.214272 0.384141 0.212559 0.375109 0.209601 0.371719 0.214272 0.377656 0.218075 0.380750 0.220634 0.374828 0.230798 0.363547 0.230798 0.362406 0.227394 0.361281 0.218075 0.364109 0.207488 0.366078 0.203239 0.366922 0.202394
0 0.710906 0.367160 0.704391 0.344484 0.693578 0.342981 0.682031 0.353263 0.681500 0.367394 0.686203 0.392089 0.680156 0.402160 0.680500 0.418286 0.683172 0.445493 0.687875 0.462136 0.687203 0.461620 0.693578 0.479765 0.699953 0.483803 0.698609 0.512019 0.699281 0.514531 0.702297 0.489836 0.729125 0.487324 0.738531 0.488826 0.733500 0.484812 0.736516 0.455070 0.735172 0.445493 0.719141 0.396667 0.710016 0.394601 0.708000 0.378967 0.710344 0.369906
0 0.511219 0.273638 0.520203 0.219601 0.536703 0.217347 0.541187 0.188052 0.560687 0.197066 0.563688 0.217347 0.578672 0.239859 0.577172 0.269155 0.523203 0.273638
34 0.340281 0.495000 0.325375 0.499131 0.322609 0.496643 0.320391 0.485023 0.325922 0.470915 0.329234 0.477559 0.331437 0.484202 0.422062 0.492512 0.430906 0.485869 0.437531 0.514085 0.457984 0.499977 0.462391 0.520728 0.515437 0.526526 0.516000 0.526526 0.521516 0.520728 0.521516 0.510775 0.515437 0.505775
35 0.626203 0.228498 0.617531 0.230493 0.610203 0.231502 0.604875 0.233498 0.598547 0.226995 0.598203 0.219484 0.599203 0.206972 0.600203 0.201455 0.602203 0.186432 0.605203 0.179930 0.607547 0.177418 0.615531 0.177934 0.626531 0.182934 0.630859 0.190446 0.641531 0.203451 0.641531 0.216479 0.634531 0.218474 0.628531 0.227488
0 0.475359 0.165869 0.480031 0.148333 0.491234 0.140610 0.488906 0.129390 0.486562 0.107653 0.494031 0.099953 0.507578 0.101338 0.511781 0.116784 0.509438 0.132911 0.519250 0.138521 0.530922 0.149742 0.537922 0.168662 0.532313 0.193920 0.531391 0.207934 0.528109 0.218474 0.521578 0.237394 0.513641 0.260540 0.509906 0.258451 0.506172 0.232488 0.504781 0.220563 0.506641 0.200235 0.496375 0.192512 0.488906 0.181291 0.477703 0.166573
0 0.849906 0.100211 0.844563 0.105023 0.842078 0.115188 0.842422 0.126948 0.841000 0.137113 0.838156 0.142981 0.828906 0.147277 0.824266 0.156901 0.821422 0.172934 0.822500 0.182019 0.829609 0.186854 0.852391 0.203427 0.873750 0.200211 0.887281 0.197535 0.886922 0.182019 0.883359 0.159577 0.879094 0.148333 0.870906 0.140845 0.866641 0.136573 0.863781 0.125352 0.859516 0.107700 0.857016 0.102887
35 0.279766 0.474789 0.294094 0.500470 0.291891 0.522840 0.279766 0.538568 0.270938 0.546854 0.263781 0.547676 0.265438 0.531127 0.265438 0.526150 0.261578 0.514554 0.263781 0.502958 0.265438 0.495493 0.265984 0.481432 0.274250 0.473967 0.279766 0.473967
0 0.677063 0.202019 0.676203 0.192981 0.675344 0.182019 0.675781 0.169765 0.672766 0.166526 0.671484 0.165235 0.671047 0.160728 0.671047 0.155563 0.671906 0.151056 0.662031 0.143944 0.659016 0.141362 0.657297 0.133615 0.657297 0.122653 0.659453 0.109108 0.661172 0.101362 0.664172 0.094906 0.670188 0.087793 0.673203 0.085211 0.675344 0.081338 0.675344 0.069742 0.675344 0.058756 0.674062 0.047136 0.678781 0.042629 0.682641 0.041338 0.689516 0.043920 0.692953 0.048427 0.693812 0.056174 0.694672 0.063286 0.696828 0.071033 0.701984 0.073615 0.705844 0.076831 0.708422 0.078779 0.710141 0.080704 0.712281 0.084577 0.712719 0.090376 0.713578 0.098122 0.713578 0.101362 0.710141 0.107160 0.705844 0.112981 0.698969 0.117488 0.695969 0.121995 0.694250 0.134272 0.693812 0.136854 0.692531 0.142653 0.690812 0.154272 0.689094 0.165892 0.686516 0.177512 0.684797 0.188474 0.680922 0.196221 0.680500 0.198146
0 0.561375 0.197676 0.565953 0.194953 0.565953 0.190141 0.563672 0.187394 0.562297 0.179155 0.561375 0.170235 0.562297 0.164061 0.564578 0.159249 0.570516 0.158568 0.575094 0.158568 0.576922 0.164061 0.577375 0.166808 0.580109 0.170915 0.581484 0.174343 0.581484 0.182582 0.581031 0.188756 0.580109 0.192887 0.581937 0.194249 0.582391 0.201127 0.581937 0.204554 0.579656 0.209366 0.578750 0.214155 0.576922 0.220329 0.567328 0.221033 0.563672 0.217582 0.562297 0.216901
0 0.098937 0.326573 0.088453 0.279272 0.100437 0.229718 0.106438 0.216221 0.112438 0.193685 0.124437 0.175681 0.134922 0.180188 0.136422 0.209460 0.154406 0.227488 0.166406 0.270282 0.161906 0.299554 0.155906 0.319812 0.112438 0.331080 0.100437 0.331080
