44 0.670297 0.874473 0.673250 0.859578 0.671406 0.839719 0.667359 0.826487 0.661469 0.820422 0.655953 0.819321 0.649328 0.830913 0.657422 0.839180 0.661109 0.857916 0.661844 0.868407 0.665891 0.870609
44 0.656469 0.816417 0.661828 0.801194 0.663422 0.786768 0.662094 0.772740 0.659422 0.765129 0.650594 0.757119 0.644984 0.757119 0.639094 0.757119 0.633750 0.764333 0.629469 0.776745 0.627328 0.790773 0.627859 0.800398 0.635078 0.796393 0.647922 0.797190 0.654875 0.804801 0.655937 0.808407
44 0.518719 0.601827 0.516000 0.619321 0.521828 0.677002 0.524156 0.697963 0.521828 0.718361 0.514047 0.736440 0.514437 0.757400 0.525328 0.755668 0.540094 0.753911 0.542437 0.751593 0.541656 0.737588 0.535047 0.724192 0.531547 0.718946 0.531547 0.683981 0.528047 0.609977 0.521828 0.600656
44 0.636781 0.897026 0.652797 0.906955 0.663578 0.910375 0.670109 0.910375 0.676313 0.902061 0.681531 0.890304 0.679906 0.879063 0.657688 0.860937 0.643313 0.860937 0.634172 0.872201 0.631234 0.880023
43 0.697469 0.836862 0.701547 0.835316 0.704391 0.806628 0.710500 0.773958 0.715594 0.770609 0.720281 0.771827 0.723531 0.776417 0.721297 0.802061 0.716406 0.818852 0.710094 0.831358 0.710094 0.837166 0.710703 0.839906 0.711922 0.841124 0.710906 0.849063 0.708875 0.851803 0.700312 0.846019 0.697469 0.844169 0.696453 0.839602
43 0.712313 0.833302 0.720937 0.804309 0.722766 0.787471 0.723031 0.777283 0.719891 0.772576 0.720406 0.766323 0.725109 0.756136 0.727469 0.751030 0.734531 0.751429 0.734781 0.762389 0.728516 0.800796 0.726156 0.825480 0.721984 0.840351 0.717797 0.855644 0.713094 0.856815 0.709953 0.855644
43 0.728594 0.862857 0.743859 0.825574 0.744984 0.809485 0.746688 0.801850 0.746688 0.795082 0.746688 0.788290 0.743297 0.785761 0.732547 0.822178 0.721250 0.863700
44 0.626453 0.960468 0.630141 0.920468 0.622766 0.906674 0.609891 0.910820 0.607125 0.931499 0.610813 0.948056 0.610813 0.960468 0.623688 0.960468
42 0.952859 0.682787 0.951484 0.676206 0.950797 0.659625 0.953563 0.624005 0.953328 0.618806 0.953797 0.609133 0.952172 0.600141 0.951719 0.591475 0.952406 0.589766 0.953797 0.592529 0.955172 0.590445 0.958172 0.591148 0.960250 0.590796 0.962781 0.604637 0.962328 0.610515 0.960016 0.616721 0.957484 0.619508 0.958172 0.655457 0.958859 0.675878 0.957016 0.682436 0.954719 0.685199
0 0.043281 0.991265 0.043281 0.872693 0.046266 0.812295 0.047766 0.619906 0.076125 0.481194 0.092547 0.429742 0.165672 0.362623 0.158219 0.293279 0.162688 0.270913 0.170156 0.206042 0.182094 0.170234 0.240313 0.163536 0.271656 0.194848 0.289563 0.235105 0.286578 0.282084 0.289563 0.340258 0.259703 0.416323 0.256719 0.463302 0.325391 0.541592 0.344781 0.581874 0.438828 0.467775 0.413453 0.414075 0.422406 0.396183 0.471656 0.329087 0.485094 0.353677 0.482109 0.436464 0.464203 0.508056 0.423891 0.637799 0.388078 0.700445 0.349266 0.707143 0.370156 0.763091 0.507484 0.758595 0.552266 0.742951 0.564203 0.716089 0.613453 0.745176 0.607484 0.774262 0.570172 0.816768 0.477625 0.823489 0.356734 0.859274 0.364188 0.997986 0.044781 1.000000
68 0.832109 0.734824 0.793125 0.761803 0.794625 0.970796 0.908578 0.988759 0.998531 0.988759 0.998531 0.743817 0.833609 0.732576
74 0.076922 0.000000 0.083438 0.012482 0.084172 0.022248 0.081266 0.035269 0.079094 0.045035 0.076922 0.055878 0.075484 0.065621 0.071859 0.079719 0.068969 0.093817 0.066078 0.100328 0.061734 0.109016 0.055953 0.114426 0.046531 0.119859 0.037859 0.123115 0.033516 0.125269 0.021219 0.126370 0.012531 0.126370 0.000234 0.123115 0.000234 0.002717
43 0.733250 0.861967 0.744156 0.816534 0.747625 0.805363 0.750016 0.795785 0.751609 0.786229 0.755594 0.785433 0.757187 0.792998 0.744156 0.852810 0.740969 0.860375 0.737250 0.863162
