0 0.745859 0.520457 0.748625 0.515769 0.747797 0.508534 0.743922 0.502572 0.740047 0.502572 0.738937 0.512788 0.737000 0.518750 0.737844 0.527692 0.739766 0.531947 0.740875 0.540889 0.740875 0.546851 0.742813 0.561755 0.744750 0.566442 0.741984 0.575385 0.741984 0.585601 0.742813 0.594543 0.744750 0.600505 0.744750 0.603918 0.752500 0.602212 0.749734 0.597957 0.746688 0.593269 0.748625 0.586034 0.746688 0.575385 0.746688 0.563462 0.750562 0.567716 0.749734 0.562187 0.747797 0.545577 0.747797 0.533654 0.744750 0.523438 0.744750 0.521731
2 0.333500 0.406178 0.502953 0.394760 0.725906 0.456490 0.733344 0.669183 0.719969 0.692043 0.703609 0.758365 0.676859 0.772067 0.657531 0.753774 0.654563 0.714904 0.563891 0.749207 0.556469 0.826971 0.531187 0.852115 0.502953 0.847548 0.479172 0.781226 0.382547 0.790361 0.366203 0.806370 0.324578 0.797236 0.321609 0.772067 0.239859 0.724063 0.248766 0.685168 0.254719 0.676034 0.287422 0.513678
0 0.030656 0.692236 0.039437 0.685938 0.042359 0.667933 0.044703 0.654423 0.046453 0.648125 0.047625 0.631034 0.047625 0.617524 0.050547 0.594135 0.053469 0.573413 0.053469 0.562620 0.053469 0.552716 0.053469 0.538317 0.052484 0.517356 0.054266 0.512644 0.056047 0.508726 0.060391 0.505192 0.061656 0.504423 0.060891 0.500889 0.059625 0.499327 0.057328 0.496587 0.057328 0.495024 0.055297 0.480505 0.055031 0.475817 0.056047 0.470337 0.058594 0.467188 0.060641 0.466010 0.067000 0.465625 0.071078 0.466418 0.074641 0.470337 0.075156 0.476202 0.075156 0.479736 0.076172 0.483654 0.075406 0.489135 0.073625 0.491490 0.077703 0.496178 0.083812 0.501274 0.084328 0.507548 0.083563 0.518125 0.083047 0.526346 0.084578 0.538894 0.087125 0.540841 0.089156 0.543582 0.088906 0.553389 0.089156 0.565144 0.089156 0.573750 0.087891 0.579639 0.087125 0.583558 0.084328 0.589832 0.084578 0.605505 0.084828 0.616466 0.086609 0.624687 0.088656 0.633702 0.089422 0.643101 0.089922 0.650553 0.090938 0.665817 0.092984 0.679928 0.094766 0.690120 0.092469 0.695986 0.092984 0.702260 0.084063 0.702260 0.080000 0.702260 0.078969 0.695601 0.082531 0.694038 0.083297 0.691298 0.083047 0.684255 0.082797 0.681106 0.084828 0.678365 0.085078 0.672885 0.084328 0.661130 0.081781 0.654087 0.077703 0.643101 0.074641 0.632139 0.072359 0.616082 0.071594 0.612163 0.067766 0.615673 0.065734 0.619591 0.064453 0.630577 0.062422 0.641923 0.062422 0.657212 0.057578 0.696779 0.056563 0.703438 0.055297 0.706178 0.037969 0.703438 0.031859 0.701082 0.028297 0.699904 0.024734 0.693245
0 0.191344 0.710120 0.167984 0.714615 0.157750 0.705625 0.165063 0.692139 0.169437 0.658437 0.167984 0.638197 0.167984 0.602236 0.167984 0.570793 0.169437 0.539327 0.165063 0.501130 0.167984 0.492139 0.178203 0.483149 0.175281 0.467404 0.178203 0.444952 0.188422 0.444952 0.195734 0.444952 0.198656 0.471899 0.213266 0.492139 0.220563 0.521346 0.220563 0.557308 0.210344 0.573029 0.204500 0.582019 0.205953 0.595505 0.201578 0.622476 0.214719 0.640457 0.222016 0.667404 0.217641 0.694375 0.204500 0.694375 0.208875 0.669663 0.188422 0.635962 0.184047 0.662933 0.185500 0.683149 0.191344 0.703365
0 0.092719 0.777644 0.093531 0.739976 0.091094 0.696058 0.087828 0.647091 0.086187 0.601899 0.089453 0.551683 0.082922 0.536611 0.082109 0.505240 0.091094 0.486394 0.098438 0.468822 0.113937 0.461298 0.126984 0.436178 0.141672 0.427404 0.148203 0.455024 0.135969 0.476346 0.141672 0.512764 0.144125 0.540385 0.138422 0.578053 0.136781 0.601899 0.132703 0.677212 0.117203 0.680986 0.110672 0.752548 0.132703 0.758822 0.134328 0.777644 0.117203 0.782668 0.095172 0.773870
2 0.784125 0.644351 0.785344 0.660264 0.771344 0.654663 0.764047 0.643438 0.760391 0.633125 0.753703 0.619087 0.750656 0.615337 0.754313 0.615337 0.752484 0.592885 0.754313 0.584447 0.769516 0.572284 0.798719 0.565721 0.815766 0.561995 0.827328 0.529231 0.880859 0.528293 0.905203 0.541394 0.916766 0.561995 0.931984 0.569471 0.942922 0.565721 0.961187 0.577909 0.961797 0.602236 0.966047 0.602236 0.961187 0.610673 0.955703 0.616274 0.954484 0.640625 0.947188 0.651851 0.938062 0.651851 0.939281 0.628437 0.905812 0.644351 0.896688 0.646226 0.895469 0.672452 0.886953 0.665889 0.883297 0.648101 0.821844 0.649038 0.788391 0.644351
0 0.136297 0.485312 0.144828 0.480168 0.151891 0.479038 0.156703 0.479615 0.161531 0.488173 0.161906 0.492163 0.161906 0.505865 0.161906 0.512716 0.166016 0.540649 0.164781 0.552091 0.162922 0.564976 0.161359 0.582380 0.162609 0.595000 0.164469 0.597380 0.161516 0.606923 0.158891 0.616226 0.154234 0.626466 0.156250 0.643149 0.160906 0.678678 0.160125 0.687500 0.160281 0.691322 0.157187 0.695601 0.153625 0.696803 0.150984 0.697043 0.149438 0.697284 0.146031 0.697284 0.141687 0.701563 0.136578 0.701563 0.131469 0.701563 0.127891 0.694880 0.128828 0.693221 0.133469 0.689639 0.136109 0.688702 0.137969 0.686058 0.138281 0.672957 0.137047 0.637668 0.137500 0.622909 0.134563 0.599063 0.143500 0.561418 0.143172 0.549327 0.144156 0.547813 0.153328 0.547308 0.154313 0.542764 0.157250 0.539255 0.156922 0.535721 0.160328 0.532692 0.160781 0.532212 0.160781 0.526250 0.151031 0.526034 0.144828 0.526971 0.143750 0.526731 0.143125 0.521971 0.141109 0.516731 0.139406 0.513389 0.139406 0.509567 0.139563 0.505288 0.139094 0.497404
0 0.837016 0.547332 0.840672 0.539760 0.844578 0.533558 0.847859 0.533942 0.847109 0.525409 0.845844 0.517452 0.842687 0.510649 0.840922 0.506587 0.840797 0.500168 0.837891 0.497837 0.835250 0.497837 0.831594 0.503269 0.831969 0.508894 0.832094 0.515505 0.829313 0.518798 0.829953 0.525192 0.832719 0.528702 0.832844 0.536659 0.832719 0.542861 0.832719 0.546538
0 0.028203 0.548413 0.028828 0.538558 0.029078 0.532380 0.030453 0.522909 0.034469 0.516346 0.035609 0.513438 0.036984 0.509014 0.037859 0.501466 0.041875 0.493173 0.045016 0.490457 0.049672 0.490264 0.058203 0.497812 0.057703 0.503798 0.056953 0.511130 0.053812 0.521563 0.054187 0.545313 0.054562 0.579880 0.055063 0.600168 0.050922 0.608461 0.048281 0.617163 0.047656 0.637452 0.045516 0.634159 0.045016 0.620841 0.044766 0.614663 0.043891 0.612716 0.040000 0.612139 0.035359 0.620264 0.024688 0.643245 0.024312 0.645361 0.027578 0.651346 0.027188 0.653870 0.022297 0.654063 0.008984 0.650385 0.007484 0.643822 0.009250 0.638798 0.011500 0.635889 0.023937 0.616971 0.025563 0.611370 0.026438 0.607308 0.032719 0.600553 0.032844 0.594952 0.029203 0.565216 0.028703 0.557668
0 0.912266 0.556514 0.906516 0.539952 0.903641 0.520048 0.915500 0.511202 0.917297 0.511755 0.917297 0.499615 0.923406 0.490769 0.927344 0.500168 0.927703 0.511202 0.935609 0.516178 0.936687 0.530000 0.938844 0.539399 0.934891 0.542139 0.934891 0.560385 0.932016 0.571442 0.923406 0.562043 0.920891 0.553197 0.913703 0.553750
0 0.002016 0.671923 0.005750 0.691058 0.003266 0.707332 0.009484 0.711178 0.018188 0.695841 0.013844 0.667139 0.008859 0.649904 0.005750 0.640337 0.005125 0.604904 0.019437 0.600120 0.024422 0.585769 0.018188 0.573317 0.016328 0.570433 0.016328 0.547476 0.016328 0.530240 0.010109 0.518750 0.005750 0.505337 0.000141 0.496731
0 0.762406 0.546995 0.760219 0.539663 0.758625 0.529591 0.761406 0.522260 0.763000 0.517067 0.765578 0.513702 0.768547 0.512788 0.768547 0.511274 0.764578 0.507308 0.765172 0.499663 0.768359 0.498149 0.770734 0.497236 0.774906 0.501202 0.774906 0.507909 0.774906 0.511562 0.780062 0.514014 0.784625 0.522861 0.787406 0.533870 0.788391 0.541803 0.788000 0.548197 0.784031 0.546683 0.780453 0.555529 0.780062 0.568341 0.766563 0.568053 0.766766 0.553389 0.765578 0.548822 0.763594 0.547284
0 0.930844 0.514711 0.935141 0.512163 0.938125 0.508101 0.938125 0.503005 0.938453 0.497428 0.940437 0.495889 0.945391 0.496394 0.945719 0.499447 0.946719 0.509615 0.948359 0.511154 0.952984 0.518269 0.954641 0.523341 0.956297 0.551827 0.952328 0.551827 0.950344 0.531995 0.948359 0.535553 0.949687 0.549784 0.951016 0.559952 0.951344 0.568077 0.941094 0.564014 0.933500 0.560457 0.933500 0.553341 0.932828 0.544688 0.933828 0.541659 0.938453 0.538606 0.939438 0.528942 0.933500 0.516226
0 0.891703 0.527837 0.885688 0.525673 0.887297 0.514880 0.897734 0.506226 0.897328 0.496034 0.902344 0.491731 0.909562 0.498510 0.908156 0.505601 0.910359 0.514880 0.904750 0.521034 0.905953 0.540793 0.905344 0.543582 0.903344 0.556851 0.891312 0.548822 0.891109 0.533077 0.901344 0.537091
0 0.849844 0.535192 0.846328 0.525192 0.846500 0.519231 0.852312 0.514375 0.854422 0.513005 0.855125 0.506514 0.855656 0.503534 0.858828 0.502452 0.861281 0.507861 0.858641 0.514904 0.860578 0.522476 0.858641 0.531418 0.856188 0.548462 0.854953 0.554423 0.850031 0.550096 0.847391 0.542236 0.848797 0.536010
