20 0.367563 0.155209 0.345750 0.215879 0.345750 0.352950 0.347422 0.469812 0.374281 0.355209 0.387703 0.247343 0.404484 0.272050 0.386031 0.413640 0.397781 0.431611 0.389375 0.503515 0.419594 0.382176 0.438062 0.366444 0.592469 0.373180 0.590781 0.334979 0.654563 0.251841 0.679734 0.215879 0.678062 0.141715 0.636109 0.072050 0.491766 0.049582 0.411203 0.060816
7 0.243906 0.632741 0.304469 0.574184 0.398672 0.574184 0.423906 0.366967 0.723328 0.380481 0.740141 0.403013 0.785563 0.643996 0.793969 0.736339 0.777156 0.857950 0.736781 0.855711 0.736781 0.817427 0.481094 0.808410 0.469312 0.864707 0.428953 0.857950 0.427266 0.776883 0.400359 0.747594 0.396984 0.716067 0.378484 0.797155 0.301109 0.794895 0.302781 0.727322 0.297734 0.682280 0.245594 0.682280
0 0.854734 0.519916 0.854734 0.527238 0.855844 0.549958 0.854187 0.560209 0.843250 0.564623 0.841609 0.558013 0.844344 0.546297 0.838328 0.528703 0.836141 0.502322 0.833406 0.468619 0.826281 0.487678 0.815891 0.483285 0.818625 0.449582 0.825188 0.408536 0.823547 0.379226 0.832297 0.366778 0.836687 0.356527 0.840516 0.340398 0.850359 0.335272 0.856938 0.338201 0.859125 0.352845 0.867328 0.366778 0.876078 0.392427 0.880469 0.445188 0.881016 0.460565 0.877188 0.465690 0.872797 0.464958 0.867875 0.481088 0.870609 0.531632 0.872797 0.551423 0.876078 0.562427 0.864047 0.566088 0.859672 0.545565 0.858031 0.527971
9 0.271922 0.234477 0.267547 0.211025 0.270047 0.191757 0.268172 0.184226 0.250656 0.188410 0.247531 0.168326 0.250031 0.159100 0.268172 0.155753 0.266297 0.150732 0.247531 0.147385 0.245031 0.128954 0.248156 0.115565 0.266297 0.117238 0.268797 0.103828 0.247531 0.103828 0.243781 0.083745 0.248781 0.077050 0.261281 0.074519 0.270047 0.071172 0.287562 0.068661 0.296313 0.231130
0 0.214234 0.392008 0.217406 0.364435 0.217406 0.345356 0.223734 0.330502 0.233250 0.322008 0.230078 0.314582 0.232453 0.305042 0.236422 0.301862 0.245125 0.301862 0.246719 0.312469 0.245922 0.323075 0.252266 0.334749 0.256219 0.344289 0.258594 0.357008 0.258594 0.369749 0.255422 0.378222 0.255422 0.432322 0.258594 0.477929 0.258594 0.492782 0.249094 0.493828 0.245922 0.485356 0.244344 0.464142 0.244344 0.438682 0.240375 0.421715 0.233250 0.433368 0.232453 0.450356 0.226125 0.480042 0.220578 0.490649 0.217406 0.490649 0.215031 0.488536 0.211063 0.485356 0.213438 0.477929 0.216609 0.467322 0.215031 0.451402 0.215812 0.436569 0.217406 0.424895 0.216609 0.415356 0.214234 0.404749 0.212656 0.398368 0.214234 0.390962
0 0.210172 0.471234 0.206266 0.414540 0.201266 0.411548 0.201813 0.376506 0.198469 0.367552 0.190672 0.353368 0.194016 0.330251 0.199594 0.322050 0.209609 0.313849 0.211844 0.293703 0.222984 0.294456 0.229109 0.316088 0.231906 0.322803 0.222422 0.332490 0.217422 0.347406 0.217969 0.366799 0.214078 0.397385 0.217422 0.415293 0.216297 0.454812 0.217422 0.467510 0.214078 0.471967 0.211281 0.472720
0 0.255375 0.380084 0.258250 0.372929 0.259547 0.369059 0.259547 0.364812 0.257969 0.342406 0.257969 0.340105 0.260562 0.337385 0.262156 0.334874 0.264031 0.330439 0.264594 0.326192 0.266469 0.313640 0.271375 0.309770 0.275703 0.308222 0.279609 0.309770 0.284359 0.316925 0.284500 0.331025 0.295609 0.348013 0.299516 0.356715 0.305141 0.381234 0.305719 0.388766 0.306281 0.406339 0.302391 0.405962 0.300375 0.398033 0.294891 0.380649 0.292437 0.397259 0.286375 0.423536 0.282922 0.426820 0.281047 0.433954 0.284797 0.453849 0.291719 0.475690 0.290125 0.480711 0.289844 0.484372 0.289266 0.486297 0.286375 0.489979 0.277438 0.491130 0.274406 0.489770 0.268781 0.487657 0.262156 0.483787 0.261422 0.479351 0.261422 0.477427 0.265172 0.475481 0.265750 0.468912 0.268344 0.462155 0.268641 0.442657 0.267484 0.436862 0.263453 0.425858 0.254359 0.424121 0.254078 0.417552 0.254359 0.384519
26 0.104203 0.436234 0.094750 0.445272 0.096094 0.452950 0.105203 0.446172 0.106891 0.454310 0.107906 0.461088 0.101156 0.461987 0.102844 0.467406 0.110609 0.465146 0.119719 0.474184 0.124437 0.473724 0.144672 0.438954 0.141641 0.430816 0.126797 0.418619 0.123094 0.413661 0.121734 0.417259 0.117359 0.431276 0.110266 0.443013 0.108250 0.434435 0.104875 0.436695
9 0.807391 0.121820 0.839281 0.119561 0.844312 0.209456 0.807391 0.209456 0.805703 0.121820
0 0.897594 0.555607 0.886937 0.553222 0.883844 0.538975 0.878969 0.511653 0.878516 0.494435 0.876297 0.494435 0.878516 0.549665 0.874531 0.549665 0.871422 0.538975 0.867437 0.476632 0.871422 0.457029 0.874078 0.465941 0.880297 0.461192 0.879844 0.455837 0.877625 0.416653 0.871422 0.380418 0.865656 0.362615 0.863875 0.338849 0.866094 0.328766 0.872750 0.319854 0.883391 0.321632 0.888281 0.334707 0.904250 0.376276 0.907344 0.399435 0.899813 0.413075 0.895375 0.429707 0.895375 0.469498 0.893156 0.487908 0.893156 0.536004 0.895375 0.551444
0 0.699328 0.383013 0.692969 0.364582 0.685562 0.353933 0.685562 0.332678 0.680266 0.327699 0.670719 0.330544 0.670203 0.344728 0.660672 0.368117 0.661188 0.375921 0.681313 0.375921
0 0.657891 0.387029 0.638891 0.382134 0.630125 0.377239 0.629391 0.363556 0.627937 0.346925 0.628672 0.333222 0.631594 0.319540 0.633781 0.310732 0.635234 0.301925 0.640359 0.293117 0.649859 0.295084 0.651312 0.311715 0.659344 0.330293 0.663000 0.343996 0.662266 0.369414 0.660078 0.390941
0 0.689453 0.344623 0.692953 0.351318 0.692953 0.357678 0.693953 0.364372 0.698438 0.369393 0.700688 0.377762 0.700688 0.383117 0.715438 0.385126 0.719187 0.387448 0.719688 0.374749 0.721187 0.364038 0.720688 0.355669 0.717438 0.347971 0.714188 0.342615 0.708438 0.337929 0.707188 0.336925 0.709188 0.331255 0.709937 0.323222 0.711938 0.315523 0.711688 0.309833 0.706437 0.305146 0.698687 0.306151 0.691203 0.310837 0.686953 0.317866 0.686703 0.324895 0.688703 0.334268 0.688453 0.339937
0 0.740547 0.345544 0.738750 0.333515 0.738750 0.319100 0.741750 0.315879 0.751922 0.314289 0.756703 0.317490 0.760297 0.327908 0.761500 0.338326 0.762094 0.351946 0.774063 0.360753 0.779453 0.377594 0.773469 0.391213 0.776453 0.432887 0.773469 0.444895 0.773469 0.498577 0.770469 0.535439 0.776453 0.540251 0.765688 0.544268 0.748328 0.446506 0.742938 0.413305 0.734563 0.398075 0.732172 0.370837 0.735766 0.341987
0 0.109391 0.362929 0.112078 0.359916 0.115672 0.359916 0.126438 0.359916 0.130016 0.364728 0.128219 0.375523 0.132703 0.395335 0.130016 0.416967 0.129578 0.419351 0.123297 0.412762 0.121047 0.387531 0.121047 0.387531 0.120609 0.385732 0.119250 0.381527 0.116563 0.374937 0.113422 0.368933 0.110734 0.362929
26 0.245453 0.321464 0.242656 0.320795 0.241563 0.322071 0.242516 0.335314 0.243391 0.341548 0.245531 0.358556 0.247469 0.363515 0.246328 0.385439 0.253500 0.387364 0.257531 0.376987 0.260688 0.366590 0.260391 0.363515 0.260844 0.356360 0.254219 0.355607 0.249641 0.357992 0.247578 0.352490 0.246547 0.343724 0.245156 0.338975 0.244688 0.333849 0.244781 0.323975
0 0.110906 0.355607 0.111578 0.338515 0.120312 0.329519 0.130406 0.334017 0.149219 0.379916 0.147875 0.382615 0.139812 0.442929 0.142500 0.493326 0.141828 0.540125 0.127031 0.543724 0.127031 0.534728 0.122328 0.475314 0.137125 0.443828 0.140484 0.432113 0.129047 0.421318 0.134438 0.398808 0.126359 0.375418 0.129734 0.365523 0.121656 0.358305 0.113594 0.358305
0 0.075891 0.546674 0.081172 0.539582 0.084359 0.538159 0.084891 0.501987 0.082234 0.491360 0.075891 0.455900 0.070594 0.450230 0.071109 0.422573 0.065297 0.406527 0.065828 0.392343 0.065828 0.382406 0.067406 0.373201 0.070594 0.351925 0.073766 0.343410 0.081172 0.340586 0.088063 0.341297 0.092297 0.351925 0.093891 0.373912 0.098125 0.382406 0.096531 0.401569 0.094953 0.407239 0.088063 0.408640 0.082766 0.415021 0.083297 0.424247 0.090188 0.429205 0.085938 0.437720 0.085938 0.440565 0.089656 0.444812 0.092297 0.444812 0.098125 0.445523 0.098125 0.503661 0.101828 0.551883 0.092828 0.554017 0.076938 0.545502
26 0.759219 0.358515 0.759219 0.354582 0.764000 0.368849 0.767297 0.399372 0.767297 0.405774 0.769516 0.410690 0.772812 0.418075 0.772812 0.424456 0.768406 0.429874 0.754438 0.434791 0.747094 0.434791 0.743781 0.426925 0.739734 0.415126 0.744141 0.413138 0.742672 0.404289 0.750031 0.405774 0.761063 0.401339 0.762531 0.392971 0.760687 0.366883 0.758484 0.359017
26 0.044672 0.382678 0.048344 0.406297 0.052031 0.414665 0.060844 0.424017 0.063781 0.427448 0.062688 0.433368 0.048344 0.420063 0.043938 0.407762 0.041000 0.383661
26 0.821375 0.457573 0.827734 0.460983 0.831547 0.459707 0.831875 0.476318 0.829641 0.481841 0.826141 0.486527 0.817562 0.481423 0.815969 0.469498 0.815969 0.452887 0.820109 0.440544 0.829328 0.425586 0.834094 0.390690 0.835688 0.371088 0.836000 0.365146 0.831547 0.366423 0.831547 0.373661 0.829328 0.401318 0.828375 0.417929
26 0.889141 0.363933 0.894281 0.395272 0.897766 0.391151 0.891000 0.356527
9 0.845656 0.095586 0.878109 0.094372 0.879922 0.085941 0.897047 0.089561 0.898844 0.238013 0.888922 0.240418 0.873609 0.235586 0.851062 0.238013 0.850172 0.194561 0.873609 0.193347 0.874500 0.182490 0.850172 0.183703 0.850172 0.139038 0.878109 0.141444 0.870906 0.126967 0.848359 0.111276
