57 0.308062 0.954833 0.298391 0.761292 0.280641 0.761292 0.280641 0.722583 0.306453 0.711833 0.337094 0.698917 0.341937 0.683875 0.343547 0.679563 0.351609 0.673125 0.354844 0.668813 0.535484 0.683875 0.570969 0.686021 0.587094 0.748396 0.587094 0.750542 0.609672 0.726875 0.640328 0.722583 0.670969 0.729042 0.701609 0.741938 0.682266 0.789250 0.670969 0.847313 0.670969 0.892479 0.670969 0.907521 0.661297 0.956979 0.625812 1.000000 0.316125 0.991396 0.304844 0.946229
56 0.751609 0.692271 0.701719 0.675104 0.704938 0.612875 0.704938 0.597854 0.696891 0.595708 0.695281 0.582833 0.701719 0.582833 0.732297 0.587125 0.767703 0.574250 0.782188 0.533479 0.798281 0.533479 0.807938 0.473396 0.873922 0.479833 0.904500 0.488417 0.880359 0.604292 0.898063 0.606438 0.898063 0.630042 0.881969 0.690125 0.875531 0.750208 0.869094 0.750208 0.867484 0.726604 0.864266 0.718021 0.825641 0.724458 0.807938 0.754500 0.820813 0.771667 0.806328 0.782396 0.798281 0.775958 0.793453 0.737333 0.745172 0.711583 0.725859 0.730896 0.706547 0.737333 0.708156 0.748062 0.704938 0.775958 0.724250 0.801708 0.732297 0.793125 0.725859 0.760938
72 0.289313 0.508542 0.288297 0.488083 0.352750 0.482625 0.350703 0.327104 0.355828 0.316188 0.284203 0.314833 0.285219 0.447167 0.293406 0.453979 0.293406 0.468979 0.359922 0.471708 0.356844 0.479896 0.365031 0.539938 0.344563 0.531750 0.327172 0.541292 0.318984 0.567208 0.312844 0.515375 0.303641 0.533104 0.286250 0.531750 0.288297 0.533104 0.288297 0.608146 0.303641 0.604042
75 0.625500 0.631979 0.621109 0.707271 0.647984 0.708000 0.655656 0.694104 0.655656 0.691188 0.655109 0.691188 0.654016 0.631250
58 0.913281 0.519875 0.912594 0.522187 0.909484 0.530500 0.908438 0.536042 0.908438 0.538813 0.908438 0.538813 0.909828 0.541583 0.911563 0.544813 0.913984 0.548958 0.914328 0.552646 0.916406 0.569271 0.916406 0.571125 0.916406 0.575271 0.921594 0.585896 0.921937 0.585896 0.926437 0.585896 0.931984 0.584042 0.932672 0.583125 0.933016 0.583125 0.933016 0.582667 0.936484 0.580813 0.938219 0.576667 0.940297 0.568354 0.942719 0.557271 0.944797 0.548958 0.948609 0.536958 0.949984 0.533729 0.954828 0.527729 0.958297 0.523104 0.948953 0.523104 0.943750 0.523104 0.920562 0.517563 0.916750 0.518042 0.911906 0.519875
73 0.100047 0.676396 0.084094 0.681937 0.086953 0.686625 0.089188 0.699813 0.091750 0.779854 0.103562 0.769208
73 0.100750 0.801208 0.105172 0.800521 0.109578 0.896313 0.106719 0.896646
73 0.127984 0.771167 0.144469 0.771167 0.150516 0.864958 0.145031 0.873021 0.140625 0.778500 0.123047 0.779229
60 0.172453 0.474396 0.253953 0.493021 0.386672 0.469729 0.290047 0.465062 0.151500 0.472833
73 0.113094 0.762583 0.123766 0.765167 0.129594 0.758688 0.127641 0.668146 0.110672 0.668146
73 0.145453 0.675208 0.126531 0.681042 0.127984 0.739250 0.148359 0.730833
73 0.145344 0.770917 0.150188 0.852646 0.151250 0.863042 0.157359 0.856313 0.153141 0.791417 0.150828 0.766979 0.126594 0.767271
73 0.118281 0.778396 0.126937 0.780688 0.126594 0.883562 0.141828 0.875250 0.144594 0.877083 0.142172 0.778750
73 0.107359 0.904458 0.096250 0.903188 0.088531 0.791792 0.099156 0.787917 0.106391 0.903188
71 0.074984 0.476125 0.114797 0.473021 0.140500 0.473021 0.142609 0.474708 0.075406 0.481729
41 0.276406 0.444917 0.276563 0.471021 0.278922 0.475229 0.288078 0.475021 0.290281 0.469125 0.290609 0.446396 0.285547 0.445771 0.278766 0.445771
73 0.118234 0.887937 0.115813 0.889667 0.111094 0.835583 0.108594 0.789812 0.107109 0.786167 0.117062 0.780521 0.124766 0.787812 0.125016 0.884354
73 0.104109 0.770042 0.101547 0.679771 0.102516 0.676375 0.108266 0.672958 0.110172 0.674229 0.112094 0.764083
39 0.115156 0.467833 0.113609 0.442979 0.115672 0.438167 0.116453 0.430229 0.119297 0.429187 0.120844 0.432292 0.124734 0.445396 0.125250 0.471271 0.117484 0.471625 0.115672 0.467479
73 0.104859 0.798271 0.108859 0.796500 0.115516 0.875042 0.114844 0.894146 0.110844 0.895458 0.104531 0.796042
73 0.087500 0.786146 0.092234 0.777021 0.089078 0.686562 0.083297 0.678833
56 0.191703 0.669604 0.185641 0.529521 0.253656 0.514250 0.270500 0.525937 0.278578 0.693854 0.269156 0.697437 0.264437 0.541187 0.244234 0.546583 0.241547 0.706417 0.238844 0.710917 0.233453 0.707313 0.229422 0.547479 0.195078 0.544792 0.197094 0.703729 0.189688 0.703729
