0 1.000000 0.433047 0.997756 0.433937 0.980499 0.434828 0.964792 0.436594 0.944377 0.443234 0.934958 0.452094 0.924765 0.458734 0.923186 0.464938 0.925540 0.471141 0.925540 0.477781 0.929474 0.483094 0.930249 0.487078 0.929474 0.491500 0.934183 0.493719 0.938892 0.493719 0.942022 0.497703 0.948310 0.499031 0.950665 0.503016 0.952244 0.505672 0.956150 0.510547 0.967147 0.509656 0.977368 0.511438 0.978920 0.514969 0.977368 0.530469 0.972632 0.534906 0.966371 0.538891 0.957729 0.548625 0.945956 0.561922 0.948310 0.569000 0.948310 0.573438 0.942022 0.569891 0.938089 0.569000 0.931828 0.566797 0.926316 0.565016 0.916898 0.560141 0.908255 0.559703 0.902770 0.561922 0.898837 0.566797 0.896482 0.577422 0.901191 0.580078 0.901994 0.585391 0.913767 0.590266 0.927895 0.589813 0.958504 0.596016 0.959307 0.604437 0.941247 0.638094 0.948310 0.652266 0.955374 0.671750 0.957729 0.684594 0.957729 0.695656 0.950665 0.745703 0.952244 0.756328 0.965568 0.766516 0.974211 0.778469 0.989917 0.788219 1.000000 0.824531 1.000000 0.784234 1.000000 0.704953 1.000000 0.689016 1.000000 0.611953 1.000000 0.598672 1.000000 0.524719 1.000000 0.512766 1.000000 0.437031
26 0.580776 0.847953 0.600748 0.893922 0.620693 0.938969 0.605734 0.979313 0.574127 0.974625 0.562465 0.973672 0.520886 0.972734 0.510914 0.970859 0.474321 0.952094 0.456011 0.918312 0.454349 0.900484 0.474321 0.867656 0.500914 0.819797 0.505928 0.820734 0.507590 0.820734 0.550831 0.847016 0.559141 0.842313 0.574127 0.793531 0.595734 0.790703 0.612382 0.707203 0.630665 0.602109 0.630665 0.594609 0.602410 0.616187 0.589086 0.676234
9 0.596260 0.303625 0.631662 0.304406 0.631662 0.343984 0.599723 0.344375
9 0.694100 0.241250 0.675097 0.240422 0.670720 0.237125 0.648809 0.240422 0.641496 0.235484 0.632715 0.190953 0.659030 0.185187 0.670720 0.180234 0.685346 0.178594 0.697036 0.240422
52 0.599252 0.492047 0.607313 0.499516 0.627451 0.510234 0.644127 0.514453 0.653934 0.522234 0.664875 0.528734 0.661994 0.537172 0.651053 0.545609 0.641828 0.550484 0.609030 0.532953 0.599252 0.525484 0.592909 0.504391 0.585429 0.499188 0.576233 0.496594 0.583130 0.493016 0.598670 0.491391
39 0.905928 0.557813 0.928975 0.566609 0.935069 0.570047 0.938449 0.552078 0.935762 0.542516 0.930997 0.538688 0.928282 0.532953 0.914044 0.530656 0.910665 0.537547 0.898449 0.551687 0.897784 0.562781 0.904183 0.576234 0.893130 0.582875 0.902715 0.596187 0.904183 0.594516 0.912271 0.588281
0 0.809889 0.489125 0.810914 0.472578 0.815125 0.466656 0.833989 0.466656 0.845513 0.479672 0.838172 0.491484 0.847618 0.499766 0.842355 0.510406 0.836066 0.518094 0.820360 0.519859 0.813019 0.519859 0.800443 0.509219 0.806731 0.495625
52 0.325845 0.408281 0.355180 0.416719 0.364404 0.422891 0.369584 0.429703 0.366704 0.439766 0.364986 0.443016 0.355180 0.444969 0.344266 0.446594 0.335042 0.443344 0.322382 0.435547 0.315485 0.423219 0.306842 0.421266 0.300499 0.419641 0.292438 0.416719 0.287839 0.416391 0.307978 0.411844
52 0.796565 0.517891 0.803407 0.518531 0.811385 0.522391 0.814044 0.525594 0.822770 0.525594 0.821247 0.532875 0.818975 0.533734 0.794294 0.517250 0.797313 0.517250
39 0.502604 0.644031 0.514488 0.660125 0.513296 0.682281 0.508532 0.693687 0.518061 0.721875 0.546620 0.723219 0.591828 0.717844 0.595402 0.725906 0.597784 0.729266 0.607313 0.729266 0.612050 0.733281 0.601357 0.738656 0.533518 0.752078 0.537091 0.756781 0.563269 0.754094 0.602548 0.746031 0.609668 0.746031 0.609668 0.748047 0.552576 0.762141 0.546620 0.770203 0.584681 0.767516 0.589446 0.762812 0.596593 0.764156 0.593019 0.768859 0.579945 0.776906 0.573989 0.778922 0.564460 0.780266 0.582327 0.792344 0.608476 0.791000 0.632299 0.785641 0.656094 0.780937 0.654903 0.764156 0.626343 0.713828 0.585873 0.672219 0.547812 0.646703 0.532327 0.630594
0 0.376177 0.961063 0.376177 0.936234 0.376177 0.915922 0.392188 0.868516 0.392188 0.834656 0.392188 0.794016 0.380194 0.757906 0.372188 0.733063 0.372188 0.694687 0.412188 0.687922 0.432216 0.681156 0.444211 0.669859 0.456233 0.654063 0.476233 0.626969 0.400194 0.611172 0.400194 0.611172 0.384183 0.608922 0.364183 0.590859 0.380194 0.563766 0.384183 0.543453 0.392188 0.534422 0.424211 0.496047 0.504238 0.455422 0.464211 0.441875 0.440222 0.430594 0.424211 0.421562 0.412188 0.408016 0.404183 0.396734 0.400194 0.367375 0.360166 0.299656 0.344155 0.288375 0.312161 0.283859 0.256122 0.277094 0.220111 0.281609 0.184100 0.317719 0.164072 0.342547 0.144072 0.365125 0.140055 0.383188 0.076039 0.398984 0.032022 0.441875 0.000000 0.446391 0.003989 0.520875 0.003989 0.620203 0.000000 0.784984 0.003989 0.886563 0.020000 0.961063 0.003989 0.981375 0.160083 0.985891 0.292133 0.985891 0.392188 0.985891
0 0.785402 0.508031 0.758255 0.505344 0.719972 0.502641 0.676870 0.499937 0.672105 0.497234 0.676870 0.483734 0.686454 0.472937 0.694432 0.454938 0.705596 0.442328 0.735928 0.436031 0.767839 0.430625 0.806150 0.437828 0.809335 0.471141 0.807729 0.492734 0.802936 0.508031 0.814127 0.520641 0.836454 0.518844 0.858781 0.529641 0.865180 0.551234 0.874765 0.571047 0.876343 0.580047 0.857202 0.569234 0.849224 0.554844 0.838061 0.539547 0.838061 0.539547 0.810914 0.525141
0 0.439224 0.408781 0.479141 0.390766 0.535042 0.375000 0.559003 0.375000 0.606925 0.377250 0.642853 0.393016 0.658837 0.413281 0.674792 0.422297 0.674792 0.453828 0.674792 0.498875 0.726704 0.505625 0.782604 0.510141 0.822549 0.530406 0.902410 0.618250 0.922355 0.663281 0.910388 0.697078 0.886427 0.699328 0.910388 0.726344 0.926344 0.751125 0.954294 0.778156 0.950305 0.816438 0.974266 0.852484 0.970277 0.888516 0.974266 0.920047 0.974266 0.942562 0.962299 0.962844 0.938338 0.983109 0.934349 0.987609 0.790609 0.980859 0.758643 0.953828 0.746676 0.978609 0.590942 0.985359 0.582964 0.967344 0.523075 0.969594 0.463186 0.935812 0.455180 0.915547 0.455180 0.893016 0.483130 0.854734 0.499114 0.823203 0.491136 0.789422 0.431247 0.766891 0.415263 0.746625 0.411274 0.717344 0.395291 0.706078 0.427230 0.694812 0.451191 0.676797 0.467175 0.652031 0.487147 0.625000 0.471163 0.618250 0.459197 0.615984 0.391302 0.602484 0.375346 0.591219 0.439224 0.550672 0.467175 0.539422 0.491136 0.530406 0.487147 0.514641 0.483130 0.496625 0.495125 0.485359 0.507091 0.458328 0.511080 0.447078 0.483130 0.431313
