0 0.367708 0.417297 0.379667 0.300703 0.403583 0.237937 0.448438 0.206547 0.463375 0.195328 0.466375 0.170672 0.475333 0.123578 0.511208 0.110125 0.556063 0.110125 0.576979 0.114609 0.600896 0.146000 0.585958 0.170672 0.574000 0.190844 0.562042 0.211031 0.559042 0.224484 0.565021 0.231203 0.574000 0.264828 0.582958 0.291734 0.538125 0.336578 0.559042 0.385906 0.547083 0.439719 0.526167 0.502500 0.526167 0.520437 0.529146 0.574250 0.538125 0.711031 0.556063 0.735687 0.532146 0.740172 0.508229 0.740172 0.493271 0.708781 0.463375 0.625828 0.463375 0.614609 0.430500 0.646000 0.400604 0.641516 0.397604 0.628062 0.451417 0.623578 0.469354 0.587703 0.460396 0.554078 0.448438 0.527172 0.427500 0.513719 0.427500 0.491297 0.412562 0.482328 0.403583 0.482328 0.358750 0.471109 0.358750 0.462141 0.358750 0.430750 0.358750 0.424031
0 0.264500 0.372234 0.246229 0.356359 0.246229 0.346625 0.243833 0.337984 0.241417 0.286063 0.236625 0.278859 0.227479 0.286781 0.220750 0.267312 0.222687 0.249297 0.228937 0.243172 0.229417 0.225141 0.222208 0.243172 0.212104 0.262641 0.213542 0.275969 0.203458 0.277047 0.198646 0.268406 0.200562 0.263719 0.191437 0.257953 0.208250 0.221531 0.211146 0.213609 0.230854 0.189094 0.254396 0.184766 0.253437 0.177188 0.254396 0.172500 0.253917 0.167812 0.252958 0.162766 0.271229 0.152672 0.287562 0.156281 0.290937 0.169625 0.286604 0.184406 0.295750 0.192328 0.312083 0.200266 0.321229 0.221531 0.330833 0.247484 0.339958 0.271891 0.324583 0.271891 0.336125 0.275484 0.328917 0.284859 0.333229 0.291719 0.312083 0.291719 0.293812 0.284500 0.288063 0.297844 0.283729 0.317547 0.285646 0.320797 0.276521 0.336656 0.273146 0.340984 0.277000 0.364297 0.269313 0.374391
0 0.592917 0.606594 0.549750 0.586547 0.545625 0.546453 0.560021 0.495562 0.545625 0.480141 0.557958 0.453922 0.566188 0.378359 0.549750 0.330563 0.580583 0.285828 0.586750 0.251906 0.603208 0.228781 0.627875 0.222609 0.650500 0.194844 0.673104 0.162469 0.709292 0.139297 0.741958 0.169250 0.738313 0.203281 0.736500 0.226422 0.751021 0.241391 0.771000 0.259078 0.767354 0.278141 0.751021 0.293109 0.740146 0.377516 0.731063 0.406094 0.721979 0.411547 0.731063 0.441484 0.736500 0.468703 0.751021 0.478234 0.731063 0.498656 0.725625 0.499781 0.734688 0.589625 0.747396 0.618219 0.783688 0.618219 0.778250 0.633187 0.749208 0.638625 0.736500 0.638625 0.716542 0.652250 0.707458 0.652250 0.698396 0.649516 0.685687 0.547437 0.654833 0.490266 0.609458 0.495703 0.593125 0.514766 0.589500 0.550156 0.591312 0.576016 0.602208 0.595078 0.584042 0.601875
26 0.370500 0.472609 0.367896 0.489250 0.352229 0.490219 0.335271 0.502937 0.319625 0.553797 0.328750 0.574344 0.328750 0.594891 0.382229 0.612484 0.429187 0.622266 0.470917 0.610531 0.467000 0.587062 0.446146 0.530328 0.414833 0.488266 0.400500 0.464797 0.396583 0.479469 0.413542 0.500000 0.401792 0.503922 0.386146 0.494141 0.375708 0.490219 0.375708 0.472609
0 0.847792 0.177094 0.848375 0.158297 0.854354 0.148453 0.865083 0.142188 0.881187 0.142641 0.890729 0.149344 0.888938 0.165906 0.891917 0.169031 0.887146 0.176188 0.893125 0.192297 0.915188 0.202141 0.923542 0.226297 0.924729 0.251797 0.916979 0.267016 0.908021 0.271937 0.907438 0.282672 0.900271 0.293859 0.896104 0.307281 0.894313 0.317563 0.886562 0.330984 0.882979 0.333219 0.880583 0.334125 0.871042 0.335469 0.868667 0.336797 0.866271 0.336797 0.860313 0.343969 0.860313 0.352906 0.859708 0.356484 0.860313 0.389141 0.866271 0.409281 0.866875 0.423141 0.870458 0.441047 0.875208 0.445969 0.874021 0.450437 0.869250 0.452672 0.869250 0.459828 0.863896 0.460281 0.865083 0.469219 0.864479 0.473703 0.857333 0.474141 0.844208 0.475938 0.835250 0.471469 0.816167 0.471016 0.808417 0.466984 0.808417 0.462969 0.810208 0.460719 0.815562 0.458937 0.826312 0.458484 0.837042 0.454469 0.840625 0.449984 0.831667 0.441938 0.837646 0.433891 0.832875 0.402563 0.830479 0.401672 0.813187 0.430750 0.799458 0.441484 0.793500 0.450437 0.782167 0.448656 0.776188 0.442828 0.777979 0.438812 0.769646 0.431641 0.769646 0.426719 0.778583 0.420016 0.788125 0.423594 0.790521 0.414656 0.813792 0.379750 0.812000 0.368563 0.813187 0.364094 0.819146 0.346641 0.815792 0.333016 0.800438 0.329641 0.798875 0.303250 0.805437 0.295641 0.801854 0.282672 0.806625 0.271937 0.788792 0.273813 0.783667 0.265844 0.776979 0.253734 0.779333 0.244594 0.787208 0.230422 0.805708 0.203859 0.811604 0.197063 0.828146 0.192938 0.848208 0.177000
0 0.140875 0.258375 0.132854 0.237094 0.131000 0.224141 0.137167 0.164453 0.128542 0.147328 0.114958 0.154281 0.110021 0.171391 0.110646 0.205172 0.121125 0.241719 0.114958 0.261156 0.136563 0.264391
0 0.139042 0.161750 0.138187 0.167594 0.136458 0.175375 0.130417 0.181859 0.122625 0.200656 0.120896 0.212313 0.120896 0.220094 0.123500 0.223984 0.126958 0.223344 0.134729 0.220094 0.135604 0.220094 0.144229 0.231766 0.149417 0.247969 0.144229 0.255750 0.142500 0.261594 0.139917 0.269359 0.147687 0.271953 0.149417 0.268719 0.149417 0.259641 0.152875 0.257703 0.156333 0.264828 0.156333 0.269359 0.159792 0.271953 0.166708 0.271953 0.165854 0.262234 0.165854 0.241484 0.170167 0.239547 0.171042 0.235016 0.177938 0.216859 0.181396 0.199359 0.177938 0.185094 0.166708 0.175375 0.159792 0.164344 0.152021 0.158516 0.142500 0.161109
16 0.215208 0.568500 0.204667 0.565859 0.198792 0.575531 0.201146 0.589609 0.199979 0.594875 0.187063 0.587844 0.183563 0.568500 0.171833 0.550906 0.180042 0.566734 0.175354 0.572891 0.161271 0.570266 0.156583 0.550906 0.156583 0.533328 0.156583 0.531563 0.158937 0.511344 0.157750 0.499906 0.176521 0.487594 0.197625 0.496391 0.199979 0.506063 0.201146 0.512219 0.222250 0.507828 0.243354 0.510469 0.255083 0.530688 0.260938 0.532453 0.265625 0.541234 0.257417 0.551797 0.253896 0.563219 0.259771 0.587844 0.266792 0.592250 0.262104 0.602797 0.256250 0.602797 0.243354 0.597516 0.233979 0.577297 0.225771 0.565859
0 0.312083 0.193078 0.320896 0.187297 0.323104 0.176563 0.330812 0.169953 0.345146 0.176563 0.345146 0.187297 0.352854 0.191437 0.356167 0.209609 0.345146 0.220359 0.344042 0.235234 0.341833 0.260844 0.334125 0.255891 0.310979 0.198047
0 0.108583 0.196438 0.106167 0.206844 0.103396 0.220891 0.105479 0.230516 0.100271 0.233109 0.100271 0.248719 0.099583 0.251828 0.098542 0.258078 0.097500 0.270031 0.080500 0.267703 0.078417 0.242984 0.076333 0.235188 0.073229 0.229469 0.069063 0.226344 0.067333 0.215422 0.070104 0.202422 0.061771 0.200344 0.060042 0.199047 0.062812 0.193328 0.066292 0.184484 0.068375 0.179797 0.069750 0.177984 0.068708 0.175641 0.071833 0.168094 0.074271 0.166281 0.076687 0.164719 0.079813 0.164719 0.084313 0.165750 0.088125 0.168359 0.090896 0.170172 0.090896 0.174859 0.090896 0.175641 0.095417 0.179016 0.100625 0.183172 0.104083 0.188125 0.106167 0.191766 0.107896 0.196969 0.107896 0.196969
0 0.348292 0.219969 0.345812 0.221266 0.343583 0.225906 0.344563 0.229438 0.337146 0.229813 0.334417 0.236672 0.341104 0.242062 0.345063 0.246891 0.345562 0.260266 0.350021 0.263422 0.350771 0.270484 0.356458 0.273828 0.363396 0.271047 0.363646 0.264172 0.365125 0.255812 0.365125 0.249125 0.369333 0.244297 0.369333 0.242062 0.368354 0.236125 0.365125 0.233703 0.362896 0.232031 0.361667 0.229250 0.358438 0.227391 0.358187 0.223672 0.356458 0.222000 0.353979 0.219969
26 0.629812 0.317422 0.687083 0.268812 0.685583 0.264297 0.625292 0.309516 0.626792 0.314031
