0 0.404460 0.688240 0.404460 0.682720 0.383720 0.677173 0.361840 0.675173 0.359580 0.654053 0.358080 0.620347 0.358820 0.603253 0.354680 0.556000 0.349400 0.520800 0.342600 0.501680 0.341860 0.482080 0.335060 0.469013 0.335060 0.456427 0.347520 0.458453 0.348640 0.441867 0.346380 0.432800 0.336580 0.429787 0.328660 0.425760 0.324880 0.403147 0.320740 0.368453 0.318480 0.339787 0.322620 0.303067 0.330160 0.285467 0.336580 0.275413 0.344500 0.267867 0.345840 0.266933 0.344720 0.243227 0.350280 0.215067 0.359180 0.191333 0.379200 0.176507 0.393640 0.175013 0.405880 0.183920 0.415880 0.206160 0.410320 0.238773 0.405880 0.250640 0.414780 0.271387 0.421440 0.283253 0.428120 0.329227 0.431460 0.387040 0.435900 0.416693 0.440340 0.438933 0.440340 0.464133 0.438120 0.487840 0.433680 0.493787 0.423680 0.504160 0.432560 0.573840 0.428120 0.602000 0.422560 0.650933 0.424780 0.679093 0.434780 0.696907 0.452060 0.715307 0.449860 0.722160 0.441060 0.723120 0.428580 0.724107 0.418320 0.710427 0.410980 0.713360 0.404380 0.708453 0.407320 0.716293 0.410980 0.726053 0.409520 0.729973 0.405840 0.726053 0.404840 0.718400 0.402580 0.698800 0.400760 0.699680 0.400020 0.729013 0.398560 0.735867 0.366280 0.723147
0 0.266300 0.795493 0.261240 0.820213 0.296620 0.829227 0.315160 0.817973 0.300000 0.800000 0.237640 0.653920 0.237640 0.584267 0.225840 0.514613 0.244380 0.496640 0.235960 0.417973 0.244380 0.406747 0.247760 0.433707 0.273040 0.444933 0.288200 0.417973 0.283140 0.400000 0.262920 0.368533 0.212360 0.357307 0.215740 0.337067 0.215740 0.319093 0.239320 0.276400 0.264600 0.256187 0.273040 0.229227 0.271340 0.233707 0.267980 0.186507 0.294940 0.159547 0.333700 0.182027 0.333700 0.231467 0.333700 0.247200 0.318540 0.271920 0.306740 0.283147 0.315160 0.298880 0.321920 0.330347 0.316860 0.368533 0.328660 0.431467 0.350560 0.440453 0.348880 0.465173 0.335400 0.465173 0.335400 0.478640 0.325280 0.498880 0.333700 0.564053 0.332020 0.615733 0.338760 0.669653 0.301680 0.764053 0.310120 0.768533 0.315160 0.782027 0.342140 0.784267 0.352240 0.775280 0.377520 0.773040 0.364040 0.759547 0.347200 0.755067 0.348880 0.730347
0 0.551640 0.680667 0.559420 0.677707 0.572760 0.685120 0.596120 0.685120 0.590560 0.676240 0.572760 0.668827 0.576100 0.625813 0.588340 0.557627 0.586120 0.490907 0.585000 0.440507 0.581660 0.416773 0.589440 0.436053 0.589440 0.468667 0.595000 0.498320 0.606120 0.484987 0.606120 0.470160 0.599460 0.436053 0.592780 0.387120 0.595000 0.324853 0.595000 0.275920 0.580560 0.256667 0.567200 0.246267 0.567200 0.234427 0.571660 0.219600 0.576100 0.218107 0.579440 0.195867 0.575000 0.192907 0.576100 0.172160 0.562760 0.160293 0.548300 0.157333 0.534960 0.178080 0.532740 0.194400 0.530520 0.207733 0.537180 0.215147 0.532740 0.240347 0.497160 0.274453 0.489380 0.293733 0.491600 0.302613 0.484920 0.366373 0.483700 0.413493 0.485400 0.458427 0.495500 0.503360 0.508980 0.510107 0.507300 0.492133 0.515740 0.510107 0.522480 0.546080 0.517420 0.561787 0.525840 0.613493 0.519100 0.649440 0.515740 0.669653 0.522480 0.694373 0.551120 0.703360 0.551120 0.689893 0.551120 0.678640
0 0.232580 0.640453 0.217420 0.521360 0.247760 0.494373 0.242700 0.440453 0.235960 0.413493 0.247760 0.411227 0.252800 0.429227 0.274720 0.435947 0.283140 0.420213 0.283140 0.404507 0.266300 0.373040 0.242700 0.361787 0.217420 0.357307 0.202240 0.314613 0.185400 0.280907 0.200560 0.267413 0.202240 0.231467 0.197200 0.195493 0.190440 0.177520 0.183700 0.170773 0.168540 0.161787 0.136520 0.161787 0.121340 0.177520 0.119660 0.211227 0.117980 0.244933 0.117980 0.260667 0.117980 0.265173 0.101120 0.262933 0.097760 0.285387 0.092700 0.310107 0.099440 0.323600 0.104500 0.332587 0.111240 0.377520 0.111240 0.411227 0.112920 0.424720 0.117980 0.442693 0.133140 0.597760 0.153380 0.602240 0.165160 0.617973 0.193820 0.635947 0.210680 0.647200 0.222480 0.647200
24 0.921340 0.679547 0.937300 0.676107 0.943480 0.674747 0.948100 0.680240 0.941920 0.708373 0.938320 0.707680 0.933700 0.718667 0.937800 0.722773 0.932140 0.748853 0.930080 0.783173 0.910020 0.778373 0.899720 0.766720 0.891480 0.758480 0.881180 0.761227 0.872440 0.768773 0.836920 0.756427 0.840000 0.747493 0.855440 0.741307 0.871400 0.742000 0.878100 0.735147 0.885820 0.735147 0.892500 0.745440 0.899200 0.731707 0.904860 0.724853 0.912080 0.717280 0.915160 0.704240 0.919280 0.687787
63 0.156320 0.762240 0.156320 0.762240 0.314520 0.740933 0.308140 0.681253 0.160320 0.696187 0.153120 0.748373 0.155520 0.763307
24 0.908460 0.590347 0.894900 0.596000 0.879620 0.609573 0.872840 0.623147 0.865220 0.633307 0.861820 0.625387 0.856740 0.625387 0.848260 0.631040 0.843160 0.635573 0.842320 0.645760 0.857580 0.640107 0.865220 0.643493 0.855040 0.657067 0.846560 0.668347 0.850800 0.678533 0.851640 0.694373 0.861820 0.705680 0.863520 0.712453 0.834680 0.718107 0.839780 0.732800 0.869460 0.724880 0.891500 0.722640 0.915240 0.703413 0.929660 0.618613 0.929660 0.596000 0.919480 0.592613
65 0.966560 0.500987 0.958840 0.498933 0.944180 0.498933 0.930300 0.499947 0.927200 0.486587 0.932600 0.484507 0.954220 0.487600 0.976980 0.490187 0.983920 0.500453 0.982380 0.505093 0.974660 0.504053
65 0.366800 0.485173 0.377320 0.505520 0.370480 0.515333 0.359960 0.496400 0.358380 0.482373 0.359420 0.478160
64 0.117980 0.776400 0.094340 0.775547 0.078300 0.773600 0.067940 0.764853 0.068580 0.756987 0.087380 0.743467 0.114820 0.740933 0.126640 0.751360 0.132560 0.765147 0.120100 0.777253
65 0.269920 0.442027 0.246320 0.423760 0.254740 0.408587 0.277920 0.429947
65 0.325080 0.436400 0.337100 0.435653 0.339220 0.433013 0.348400 0.433387 0.350240 0.440373 0.349960 0.445653 0.348560 0.448667 0.341760 0.449600 0.337520 0.446587 0.332700 0.444320 0.329040 0.441120 0.326620 0.438480 0.325500 0.437173
56 0.871000 0.352480 0.844600 0.345627 0.828460 0.351493 0.827720 0.360293 0.824060 0.367147 0.849000 0.496267 0.846800 0.548107 0.861480 0.568640 0.896680 0.566693 0.905480 0.566693 0.907680 0.596027 0.887140 0.618533 0.851940 0.633200 0.851200 0.639067 0.860740 0.639067 0.870280 0.637120 0.895960 0.622427 0.918700 0.609733 0.929700 0.602880 0.917220 0.587227 0.915760 0.557893 0.923820 0.555920 0.928960 0.508000 0.918700 0.496267 0.908420 0.481600 0.907680 0.467893 0.945840 0.467893 0.942160 0.460080 0.914300 0.461040 0.898160 0.448320 0.880540 0.391600 0.868800 0.352480
56 0.758100 0.526053 0.760580 0.453173 0.775500 0.414240 0.797240 0.398507 0.821460 0.405147 0.833260 0.426667 0.831400 0.486320 0.807800 0.545947 0.813380 0.552560 0.807180 0.569120 0.833880 0.675147 0.823320 0.677627 0.801580 0.583200 0.798480 0.566640 0.768040 0.566640 0.770520 0.642027 0.759340 0.640373 0.758720 0.579067 0.754380 0.629600 0.748780 0.695840 0.739460 0.699173 0.739460 0.665200 0.751880 0.569973 0.718340 0.557547 0.692260 0.666853 0.684180 0.661893 0.709640 0.555893 0.706540 0.542640 0.736660 0.543627 0.763140 0.545333 0.782800 0.544747 0.782800 0.538480 0.771260 0.533920 0.760580 0.531093
66 0.001600 0.791120 0.024720 0.761360 0.091680 0.783680 0.082120 0.802827 0.023120 0.782613 0.020720 0.791120 0.046240 0.848533 0.001600 0.899547
