0 0.645797 0.872778 0.672469 0.875389 0.688547 0.874722 0.681969 0.853944 0.686719 0.820167 0.687828 0.785722 0.693297 0.777278 0.699516 0.789611 0.698781 0.804556 0.703172 0.809111 0.705359 0.806500 0.705359 0.777917 0.697328 0.755833 0.687453 0.740250 0.692203 0.732444 0.694031 0.718806 0.688547 0.707750 0.684531 0.707111 0.679781 0.709056 0.673203 0.722694 0.673203 0.736333 0.664797 0.748028 0.660047 0.754528 0.661141 0.783111 0.656031 0.807167 0.651641 0.837694 0.646156 0.855889 0.649453 0.872778
56 0.705016 0.807056 0.708125 0.806639 0.716937 0.810889 0.724813 0.814694 0.729813 0.817250 0.732203 0.818944 0.734578 0.820194 0.735531 0.771028 0.734828 0.764250 0.735531 0.762556 0.738406 0.763000 0.743172 0.764694 0.745313 0.766389 0.747219 0.776556 0.749844 0.779528 0.751281 0.780361 0.752937 0.801139 0.753188 0.825722 0.750328 0.843944 0.749359 0.850305 0.751750 0.857500 0.755797 0.872778 0.757234 0.880833 0.757234 0.882528 0.750562 0.876167 0.745078 0.852417 0.739828 0.848194 0.737687 0.851583 0.734578 0.856222 0.736250 0.866417 0.736969 0.874472 0.730531 0.878278 0.723141 0.877861 0.715984 0.874472 0.715031 0.862583 0.711703 0.849444 0.707172 0.827833
33 0.441969 0.228000 0.383391 0.210833 0.392391 0.201667 0.441328 0.221139 0.446797 0.199389 0.445188 0.187944 0.441328 0.184500 0.415578 0.178778 0.405922 0.186806 0.398187 0.177083 0.394969 0.176500 0.395609 0.173056 0.403656 0.177083 0.416219 0.177083 0.442938 0.181083 0.454844 0.184500 0.464813 0.185667 0.466422 0.195389 0.470297 0.188528 0.468687 0.203972 0.466422 0.211417 0.449375 0.221694
0 0.802812 0.737944 0.807187 0.745694 0.808797 0.752639 0.811094 0.754278 0.811312 0.765722 0.812469 0.771028 0.814312 0.785722 0.812234 0.789389 0.802594 0.775500 0.801891 0.775500 0.801203 0.812278 0.797984 0.831056 0.793172 0.835139 0.787875 0.830250 0.786047 0.829028 0.784438 0.828611 0.782828 0.835555 0.780766 0.839639 0.774094 0.842083 0.777766 0.862111 0.779156 0.877639 0.780297 0.882139 0.771344 0.883361 0.761453 0.883750 0.761688 0.871500 0.761453 0.856389 0.759156 0.848639 0.759156 0.833111 0.762141 0.821250 0.769266 0.819639 0.774547 0.822083 0.784203 0.816361 0.786969 0.799611 0.788344 0.787778 0.793172 0.773889 0.793172 0.770611 0.790172 0.768167 0.789953 0.751000 0.789719 0.745278 0.787656 0.743639 0.787875 0.737528 0.792016 0.735889 0.801437 0.736694
0 0.708984 0.783389 0.706813 0.770472 0.708984 0.753056 0.710078 0.735611 0.716250 0.713694 0.722062 0.724000 0.724969 0.738861 0.728234 0.752389 0.728953 0.767250 0.726047 0.777583
24 0.620047 0.865778 0.609922 0.865389 0.602359 0.864639 0.600641 0.854667 0.602578 0.845833 0.607109 0.837028 0.614016 0.838556 0.618766 0.845833 0.621781 0.859250
24 0.638891 0.803944 0.638641 0.859194 0.629719 0.868694 0.623344 0.861917 0.624109 0.805750
24 0.562297 0.845083 0.563688 0.841722 0.565078 0.838333 0.566719 0.835639 0.568500 0.833389 0.573547 0.830917 0.576844 0.833861 0.579750 0.838111 0.584047 0.843278 0.582266 0.856111 0.580750 0.859694 0.573047 0.861722 0.555469 0.859472 0.555094 0.855861 0.556484 0.853167 0.558250 0.851833 0.560656 0.848222
24 0.690906 0.871194 0.692328 0.871444 0.695891 0.871944 0.696453 0.872444 0.698313 0.872194 0.698016 0.866139 0.698016 0.864111 0.698453 0.861083 0.699016 0.858806 0.699594 0.857528 0.699875 0.850944 0.699875 0.849944 0.700016 0.848667 0.700437 0.845889 0.700297 0.846139 0.696891 0.846139 0.691484 0.844389 0.691766 0.844111 0.687781 0.842111 0.686500 0.843361 0.685078 0.843611 0.683359 0.843861 0.682078 0.844639 0.681516 0.848167 0.680953 0.849694 0.680516 0.851972 0.682375 0.856278 0.683078 0.857528 0.683937 0.860806 0.684641 0.863611 0.685219 0.866639 0.686500 0.868167 0.687203 0.869417 0.689906 0.871944 0.693188 0.871944
0 0.970344 0.793472 0.970219 0.780250 0.971594 0.776361 0.972172 0.770889 0.975375 0.770889 0.975500 0.775556 0.977781 0.778806 0.974344 0.787972 0.973656 0.794917
0 0.960297 0.797222 0.960547 0.791250 0.961125 0.787889 0.961563 0.785750 0.962766 0.782250 0.963016 0.777194 0.960797 0.774611 0.958844 0.772250 0.957266 0.770556 0.954984 0.768306 0.952328 0.766833 0.951688 0.768417 0.952641 0.771444 0.953594 0.774056 0.954281 0.775722 0.955047 0.778889 0.955484 0.782139 0.956000 0.784500 0.956625 0.786528 0.957203 0.789806 0.957203 0.792611 0.957203 0.794417 0.957453 0.796444 0.957828 0.797667
0 0.129937 0.715417 0.129937 0.715417 0.132750 0.723139 0.132531 0.729722 0.130359 0.731833 0.123516 0.728750 0.118953 0.727194 0.118625 0.723333 0.120156 0.719861 0.122984 0.717167 0.124828 0.714056 0.126672 0.712722
0 0.916656 0.766667 0.916656 0.762583 0.916109 0.760444 0.915234 0.759278 0.914906 0.756167 0.914031 0.755000 0.912938 0.756750 0.912828 0.759083 0.911516 0.765889 0.911516 0.768806 0.911625 0.769389 0.916109 0.771528 0.914906 0.778722 0.915234 0.781833 0.913922 0.783389 0.912719 0.783389 0.912281 0.781250 0.912172 0.776972
0 0.990984 0.781139 0.991594 0.771611 0.992797 0.769444 0.993719 0.767667 0.990984 0.765500 0.992797 0.759389 0.996750 0.762444 0.996234 0.769444 0.997547 0.772500 0.997656 0.779694 0.994625 0.774111 0.993109 0.774667 0.992594 0.776278 0.993406 0.780222 0.993406 0.781667
0 0.064641 0.709500 0.064078 0.706944 0.062922 0.705278 0.061922 0.707833 0.062484 0.714750 0.062563 0.719861 0.062422 0.724833 0.065578 0.723806 0.065578 0.716139 0.065297 0.711028
0 0.968922 0.772722 0.968922 0.772722 0.969328 0.775778 0.969328 0.775778 0.970875 0.778361 0.969828 0.781250 0.968609 0.786889 0.968516 0.787306 0.966250 0.787472 0.966484 0.779222 0.966891 0.776500 0.966406 0.774333 0.966891 0.771139 0.968203 0.771139
