2 0.768859 0.228188 0.757375 0.230479 0.763125 0.276417 0.774594 0.349896 0.775750 0.359083 0.790672 0.369042 0.813641 0.354500 0.875641 0.354500 0.893438 0.363688 0.901484 0.359083 0.903781 0.355250 0.903781 0.352958 0.901484 0.302437 0.776891 0.307042 0.779766 0.278708 0.809047 0.276417 0.817656 0.275646 0.820531 0.223604 0.827422 0.228188 0.826844 0.277187 0.873344 0.268750 0.843500 0.228188
2 0.126844 0.179437 0.204312 0.163687 0.245031 0.172437 0.301500 0.184688 0.347453 0.228458 0.360594 0.237229 0.351391 0.286250 0.252906 0.288000 0.252906 0.188188 0.243719 0.186438 0.238469 0.295000 0.238469 0.295000 0.241094 0.296750 0.205625 0.295000 0.205625 0.216208 0.195125 0.231958 0.200375 0.300250 0.200375 0.300250 0.128156 0.291500 0.120281 0.300250 0.100578 0.266979 0.061187 0.219708 0.088750 0.205708 0.117641 0.186438
2 0.060938 0.156479 0.052531 0.177000 0.043219 0.199396 0.060469 0.219292 0.126687 0.178875 0.194297 0.169542 0.193844 0.155875 0.184516 0.138458 0.172391 0.129750 0.104766 0.133479 0.077250 0.136583 0.059531 0.153375
2 0.929031 0.167438 0.987766 0.165937 0.998953 0.168188 1.000000 0.218146 0.991125 0.215167 0.929594 0.220396 0.921188 0.219646 0.899938 0.221896 0.890984 0.225625 0.874766 0.256938 0.865812 0.256187 0.855734 0.244271 0.856859 0.240542 0.862453 0.190563 0.864125 0.188313 0.885391 0.188313 0.902172 0.176375 0.918391 0.171167
0 0.722141 0.285625 0.724078 0.267521 0.729906 0.248750 0.738156 0.241000 0.733297 0.230646 0.739609 0.217063 0.755125 0.219000 0.756094 0.241000 0.761438 0.257812 0.762891 0.270750 0.768719 0.281104 0.722625 0.284979
14 0.955906 0.470104 0.956156 0.466458 0.953922 0.464125 0.952422 0.464125 0.951937 0.463125 0.953922 0.460146 0.957156 0.459479 0.960391 0.459479 0.964375 0.465792 0.970094 0.468438 0.976313 0.472083 0.976562 0.475729 0.977797 0.476729 0.967359 0.476729 0.965359 0.479375 0.964859 0.481375 0.962125 0.480708 0.960141 0.477396 0.957906 0.474750
2 0.082969 0.177125 0.047891 0.183500 0.041516 0.196250 0.001656 0.188812 0.002453 0.127167 0.027172 0.108021 0.106094 0.103771 0.130812 0.129292 0.073406 0.136729 0.054281 0.167562
22 0.577516 0.774292 0.604187 0.730812 0.615922 0.715146 0.632187 0.693375 0.651188 0.681625 0.667219 0.676063 0.684031 0.665375 0.693375 0.655667 0.711812 0.653208 0.731281 0.653625 0.761703 0.652562 0.784422 0.645687 0.801516 0.643604 0.819391 0.635062 0.837813 0.631146 0.853312 0.630083 0.870625 0.633354 0.889844 0.637625 0.903453 0.649354 0.916266 0.669646 0.919469 0.688875 0.924281 0.726250 0.924281 0.764687 0.926688 0.824479 0.919469 0.843708 0.912266 0.825542 0.909859 0.772167 0.908266 0.745458 0.893844 0.772167 0.896250 0.804188 0.904266 0.827688 0.908266 0.850104 0.902656 0.910979 0.898656 0.936604 0.884234 0.950479 0.874625 0.951417 0.885844 0.916167 0.891453 0.882000 0.885844 0.863854 0.882641 0.860646 0.877828 0.866000 0.871422 0.882000 0.866625 0.893750 0.859406 0.906563 0.855406 0.925792 0.850609 0.940729 0.833781 0.947146 0.824172 0.947146 0.842594 0.915104 0.853813 0.885208 0.854609 0.858521 0.844203 0.780563 0.837797 0.793375 0.819375 0.808333 0.794547 0.820083 0.760109 0.820083 0.727281 0.809396 0.726469 0.856375 0.731281 0.933271 0.720062 0.965292 0.706453 0.964229 0.712062 0.926854 0.706453 0.871333 0.695234 0.820083 0.676016 0.861729 0.672016 0.878812 0.665609 0.911896 0.663203 0.925792 0.661609 0.938604 0.655203 0.951417 0.650391 0.956750 0.639984 0.958896 0.639984 0.940729 0.646391 0.916167 0.654391 0.871333 0.658406 0.845708 0.662406 0.826479 0.661609 0.804063 0.652000 0.805125 0.641578 0.819000 0.634375 0.828625 0.627172 0.853188 0.627172 0.871333 0.627172 0.898021 0.622359 0.924729 0.610359 0.947146 0.613562 0.957812 0.605547 0.963167 0.578313 0.958896 0.570312 0.909771 0.563109 0.857458 0.547891 0.842500 0.542281 0.820083 0.545484 0.814729 0.558297 0.821146 0.563906 0.809396 0.569516 0.798729
2 0.691938 0.179458 0.708625 0.150292 0.743734 0.145688 0.780563 0.144917 0.799563 0.151063 0.816828 0.150292 0.833516 0.150292 0.840422 0.151063 0.834656 0.184062 0.827750 0.213979 0.827750 0.153375 0.820844 0.153375 0.819703 0.217813 0.752375 0.223187 0.747766 0.221646 0.742578 0.204000
2 0.713625 0.220896 0.612469 0.230813 0.591641 0.250646 0.584203 0.270479 0.557422 0.286354 0.502375 0.290312 0.462203 0.298250 0.447328 0.286354 0.445844 0.256604 0.462203 0.238750 0.502375 0.214937 0.533609 0.185188 0.567828 0.165354 0.677922 0.161375 0.701734 0.187167 0.744875 0.199063 0.746359 0.222875 0.719578 0.236750
