0 0.481536 0.433824 0.481536 0.404804 0.471242 0.405752 0.444101 0.421667 0.414134 0.416977 0.395409 0.410425 0.380441 0.405752 0.370131 0.399183 0.365458 0.393578 0.375752 0.383268 0.399150 0.383268 0.432859 0.382337 0.457206 0.369232 0.474052 0.353317 0.480605 0.350507 0.472173 0.340212 0.466569 0.330850 0.457206 0.306503 0.455327 0.271863 0.450654 0.253137 0.463758 0.237222 0.485294 0.229739 0.513366 0.231618 0.541454 0.245654 0.556438 0.257827 0.566732 0.287778 0.563922 0.317745 0.548007 0.331781 0.567680 0.354248 0.573284 0.398252 0.566732 0.458170 0.515245 0.460049 0.480605 0.456291 0.487157 0.532696 0.483415 0.565458 0.482484 0.591667 0.494657 0.612271 0.497451 0.641291 0.504020 0.660016 0.481536 0.668431 0.487157 0.677794 0.474052 0.683415 0.478742 0.695588 0.496520 0.698399 0.526487 0.698399 0.535850 0.697467 0.537712 0.689967 0.541454 0.679673 0.551765 0.676863 0.549886 0.656275 0.553627 0.626307 0.555507 0.605719 0.549886 0.589804 0.553627 0.566389 0.550817 0.551405 0.535850 0.538301 0.491846 0.534559
69 0.007418 0.275997 0.044559 0.258660 0.096536 0.332925 0.116340 0.399755 0.235147 0.459150 0.329216 0.459150 0.371291 0.459150 0.410899 0.525997 0.398513 0.577974 0.311879 0.615098 0.220294 0.689363 0.158415 0.728954 0.111389 0.743807 0.099003 0.634902 0.101487 0.592827 0.111389 0.568072 0.000000 0.555686
69 0.177778 0.969951 0.175310 0.720572 0.279020 0.668725 0.345686 0.611928 0.404935 0.560082 0.404935 0.760082 0.397533 0.886013 0.360490 0.935392 0.306176 0.987239 0.177778 0.987239
39 0.762239 0.206275 0.762239 0.213546 0.760507 0.218742 0.759461 0.223954 0.757729 0.227075 0.753922 0.229837 0.753235 0.234003 0.751846 0.299167 0.752190 0.308513 0.756699 0.311291 0.765016 0.311993 0.774722 0.312337 0.783039 0.309902 0.784085 0.291879 0.787190 0.233660 0.784771 0.228807 0.781307 0.227761 0.781307 0.223954 0.780605 0.218056 0.779918 0.213546 0.780261 0.208007 0.781993 0.203840 0.779232 0.200376 0.772990 0.199690 0.767092 0.200033 0.762941 0.201078 0.761895 0.201422 0.761209 0.205229 0.762582 0.205931
68 0.025556 0.154559 0.213856 0.132320 0.201993 0.009265 0.200507 0.001846 0.000359 0.003333 0.000359 0.154559
45 0.835245 0.273186 0.876356 0.278252 0.884706 0.254706 0.904379 0.243088 0.908252 0.234739 0.890964 0.226095 0.885605 0.222827 0.865033 0.222533 0.860866 0.229379 0.830180 0.230866 0.838219 0.265441
26 0.116520 0.424134 0.113611 0.377647 0.210670 0.359052 0.225784 0.374739 0.217059 0.383464 0.236830 0.391013 0.237402 0.408448 0.217059 0.414837 0.127565 0.432271
39 0.738775 0.247320 0.743971 0.182386 0.760850 0.181422 0.758905 0.224591 0.753709 0.230441 0.752729 0.250572 0.738775 0.250572
39 0.233693 0.248464 0.209624 0.248464 0.208023 0.216389 0.215507 0.204608 0.231013 0.203546 0.233154 0.218513
45 0.666046 0.282239 0.661013 0.262941 0.661569 0.257075 0.674706 0.255392 0.701552 0.255392 0.721961 0.260997 0.712745 0.286160 0.700997 0.297631 0.691209 0.297631 0.677500 0.297909 0.674150 0.296225
45 0.307222 0.279935 0.341716 0.278709 0.368889 0.280850 0.364624 0.332745 0.357908 0.338856 0.334395 0.339150 0.319444 0.338235 0.311193 0.326029
41 0.336895 0.280033 0.306242 0.280033 0.300278 0.274918 0.301977 0.259591 0.319020 0.252778 0.331781 0.254477 0.338170 0.260016 0.337745 0.279183
58 0.653824 0.237108 0.651634 0.264837 0.648725 0.271389 0.617353 0.267745 0.612974 0.264101 0.612974 0.242222 0.609330 0.234918 0.604232 0.220343 0.612974 0.216683 0.620997 0.216683 0.621732 0.216683 0.621732 0.206471 0.633399 0.203562 0.637778 0.213775 0.638513 0.217418 0.643611 0.223252 0.650180 0.228366
71 0.639673 0.328382 0.718431 0.323922 0.710997 0.307565 0.676830 0.295686 0.623333 0.301634
41 0.285588 0.334853 0.275980 0.332565 0.276895 0.319771 0.288333 0.311078 0.290605 0.295997 0.312549 0.296454 0.318954 0.318399 0.320784 0.335768 0.291520 0.335768
39 0.818922 0.219297 0.818301 0.226683 0.811536 0.235899 0.809085 0.255588 0.813382 0.272794 0.812157 0.296160 0.812157 0.298007 0.825686 0.299853 0.833072 0.297402 0.837990 0.294330 0.836748 0.287565 0.837369 0.285098 0.833072 0.268497 0.835523 0.274641 0.836144 0.262353 0.837990 0.250670 0.837990 0.238366 0.832451 0.229755 0.830605 0.225458 0.834918 0.220523 0.826912 0.216846 0.819542 0.217451
41 0.573366 0.065490 0.609739 0.063889 0.611340 0.091160 0.572827 0.090637
