57 0.892422 0.580858 0.884562 0.605539 0.883578 0.619412 0.875719 0.647157 0.874734 0.664118 0.867859 0.681078 0.863922 0.687255 0.846234 0.694951 0.844266 0.699583 0.828531 0.702672 0.801016 0.744289 0.799047 0.755098 0.724344 0.767426 0.719422 0.789020 0.721391 0.805980 0.726313 0.815221 0.723359 0.839902 0.726313 0.864559 0.878672 0.892328 0.901281 0.881520 0.919953 0.867647 0.929781 0.861471 0.941578 0.855319 0.948453 0.830637 0.953375 0.815221 0.961234 0.781299 0.964188 0.758186 0.968109 0.731961 0.969094 0.694951 0.969094 0.682623 0.968109 0.653333 0.968109 0.647157 0.974016 0.639461 0.975984 0.622500 0.973031 0.597819 0.973031 0.577770 0.973031 0.554657 0.962219 0.539216 0.954359 0.522255 0.953375 0.519191 0.951406 0.505294 0.953375 0.483725 0.944531 0.459044 0.685687 0.421250 0.725484 0.415588 0.728203 0.404240 0.731812 0.397132 0.736344 0.390049 0.739047 0.378701 0.785187 0.402819 0.786094 0.414167 0.789703 0.421250 0.787000 0.431176 0.787891 0.434020 0.792422 0.434020 0.792422 0.442549 0.791516 0.452475 0.787891 0.456716 0.773422 0.456716 0.763469 0.459559 0.751719 0.466667 0.743578 0.473750 0.742672 0.451054 0.738156 0.438284 0.725484 0.428358 0.684781 0.428358 0.648609 0.442549 0.636844 0.460980 0.624188 0.490784 0.614234 0.512059 0.605188 0.521985 0.595234 0.530515 0.594328 0.537598 0.586187 0.546103 0.575344 0.551789 0.567203 0.550368 0.559969 0.554632 0.556344 0.564559 0.549109 0.565980 0.540969 0.570221 0.538250 0.578750 0.538250 0.598603 0.536453 0.608529 0.519266 0.598603 0.502984 0.585833 0.498453 0.584412 0.491219 0.587255 0.489406 0.609951 0.488500 0.697917 0.501172 0.709265 0.501172 0.720637 0.514734 0.731985 0.519266 0.724877 0.536047 0.737623 0.540969 0.719216 0.540969 0.693676 0.528313 0.687990 0.524687 0.679485 0.527406 0.669559 0.502984 0.646838 0.492125 0.529093 0.487609 0.519142 0.483984 0.500711 0.483984 0.490784 0.490312 0.490784 0.496641 0.489363 0.529203 0.445368 0.529203 0.429779 0.530109 0.425515 0.544594 0.419828 0.549109 0.395711 0.567203 0.395711 0.586187 0.399976 0.586187 0.399976 0.590719 0.391471 0.604281 0.404240 0.613328 0.407059 0.617844 0.405637 0.620562 0.401397 0.637750 0.343211 0.647703 0.333284 0.666687 0.331863 0.677547 0.341789 0.681172 0.348897 0.674828 0.378701 0.676641 0.397132 0.681172 0.411324 0.953375 0.455956 0.970078 0.455956 0.983844 0.457500 0.992688 0.457500 1.000000 0.463676 0.997609 0.846054 0.998594 1.000000 0.860969 0.992549 0.864906 0.972500 0.843281 0.958627 0.829516 0.949363 0.817719 0.909289 0.805922 0.886152 0.802000 0.875368 0.799047 0.870735 0.738109 0.932402 0.629984 0.826029 0.654547 0.730417 0.657500 0.722721 0.665359 0.719632 0.687969 0.725784 0.693875 0.719632 0.697797 0.719632 0.700750 0.713456 0.713531 0.719632 0.727297 0.724265 0.746953 0.724265 0.768578 0.738137 0.784297 0.738137 0.791187 0.738137 0.798063 0.733505 0.799047 0.728873 0.815750 0.696495 0.814781 0.690343 0.834437 0.665662 0.848188 0.654877 0.855078 0.644069 0.858031 0.642524 0.859000 0.625564 0.868844 0.611691 0.873750 0.599363 0.878672 0.596274 0.881609 0.582402 0.879656 0.571618 0.871109 0.496446 0.862969 0.483676 0.857547 0.473750 0.853922 0.470907 0.846687 0.470907 0.844875 0.449632 0.849406 0.438284 0.851219 0.429779 0.860250 0.439706 0.873828 0.436863 0.882875 0.442549 0.887391 0.442549 0.880156 0.458137 0.873828 0.470907 0.873828 0.485098
56 0.452297 0.661569 0.465172 0.670466 0.467812 0.631887 0.471219 0.606936 0.470094 0.605221 0.467781 0.603407 0.465141 0.600564 0.466141 0.595147 0.471078 0.597990 0.473219 0.576789 0.473219 0.571887 0.473719 0.568775 0.475531 0.568260 0.476516 0.568775 0.476031 0.601618 0.478500 0.604461 0.480641 0.608333 0.481297 0.592034 0.480641 0.572132 0.480312 0.564657 0.484844 0.559314 0.487875 0.622843 0.489766 0.663824 0.489391 0.667377 0.484469 0.667377 0.482203 0.665000 0.483344 0.644216 0.483719 0.625809 0.479547 0.616912 0.476516 0.610956 0.474625 0.642426 0.470094 0.711912 0.470094 0.712034 0.464797 0.706691 0.463656 0.682941 0.459875 0.675833 0.449641 0.669289 0.448141 0.669289 0.447750 0.662745 0.384531 0.639461 0.382266 0.641250 0.381125 0.632941 0.371281 0.621054 0.368250 0.619877 0.365219 0.631740 0.364844 0.646593 0.361437 0.649559 0.361062 0.646593 0.361437 0.620466 0.370531 0.609779 0.375828 0.620466 0.385281 0.622843 0.397406 0.596127 0.398922 0.583652 0.396641 0.580098 0.408375 0.578897 0.409141 0.586618 0.409516 0.596716
0 0.122281 0.663971 0.088406 0.650392 0.078313 0.643627 0.072547 0.622132 0.068219 0.596127 0.035797 0.570123 0.032187 0.546397 0.037953 0.505686 0.048766 0.453676 0.063187 0.425417 0.081203 0.415245 0.079031 0.400539 0.063187 0.385833 0.057406 0.359828 0.068953 0.339485 0.084797 0.319142 0.112906 0.314608 0.123719 0.332696 0.120844 0.350784 0.124437 0.365490 0.132375 0.365490 0.128766 0.375662 0.128047 0.382451 0.129484 0.388113 0.126609 0.400539 0.146781 0.399412 0.160484 0.417500 0.169844 0.426544 0.179938 0.436716 0.190031 0.432206 0.194359 0.443505 0.201562 0.444632 0.211656 0.451422 0.216703 0.468382 0.225344 0.489853 0.218859 0.501152 0.221750 0.526029 0.229672 0.553162 0.229672 0.563333 0.224625 0.573529 0.221031 0.580294 0.215250 0.576912 0.203000 0.541863 0.203000 0.522647 0.203000 0.512475 0.189313 0.492108 0.166250 0.488725 0.159047 0.486471 0.166969 0.511348 0.166969 0.531691 0.166969 0.539608 0.169844 0.549779 0.178500 0.555441 0.182828 0.573529 0.185703 0.601789 0.187875 0.614216 0.192188 0.627794 0.192922 0.645882 0.203719 0.679804 0.205172 0.700147 0.190750 0.710319 0.184266 0.715980 0.167688 0.719363 0.153266 0.720490 0.141734 0.730662 0.129484 0.731814 0.119391 0.738578 0.123000 0.721618 0.117953 0.699020
0 0.292391 0.670980 0.301250 0.568971 0.347562 0.519510 0.345594 0.423701 0.355437 0.378873 0.367266 0.332500 0.376141 0.306226 0.383031 0.247500 0.390922 0.218137 0.412594 0.208873 0.430328 0.222770 0.443141 0.247500 0.444125 0.270686 0.443141 0.284608 0.472687 0.287696 0.489437 0.321691 0.535750 0.432966 0.527875 0.449975 0.485500 0.500980 0.487469 0.514877 0.494375 0.536520 0.470719 0.578260 0.459891 0.621520 0.452000 0.660172 0.451016 0.691078 0.405688 0.644706 0.415547 0.599877 0.408656 0.596789 0.405688 0.613799 0.401750 0.624608 0.390922 0.626152 0.387953 0.626152 0.379094 0.618431 0.368250 0.607623 0.349531 0.644706 0.349531 0.655539 0.345594 0.653995 0.343625 0.602990 0.335734 0.593701 0.324906 0.595245 0.318984 0.607623 0.318984 0.618431 0.318984 0.633897 0.319969 0.647794 0.322922 0.661716
0 0.800953 0.738946 0.798250 0.715564 0.813828 0.700686 0.826703 0.695368 0.853141 0.692181 0.870078 0.678358 0.891078 0.576299 0.870078 0.553995 0.868047 0.509338 0.873469 0.467892 0.882281 0.446618 0.922250 0.437059 0.949359 0.464706 0.953422 0.510417 0.950047 0.532721 0.964266 0.555049 0.972406 0.613505 0.975797 0.660294 0.964953 0.661348 0.965625 0.684730 0.969687 0.729387 0.955469 0.812304 0.937172 0.855882 0.917516 0.866495 0.891078 0.889902 0.842297 0.882451 0.794859 0.865441 0.805703 0.890956 0.829422 0.952598 0.854484 0.963235 0.862625 0.969608 0.866016 0.979191 0.858562 1.000000 0.749453 1.000000 0.748781 0.948358 0.728453 0.866495 0.723031 0.811226 0.721000 0.787843 0.727094 0.768701 0.742672 0.760196 0.800953 0.758088 0.802312 0.750637
40 0.368828 0.772230 0.366797 0.787108 0.380344 0.789240 0.387125 0.776495 0.376281 0.776495 0.376281 0.732892 0.381031 0.729706 0.388484 0.711642 0.386453 0.686127 0.386453 0.672304 0.374922 0.664877 0.364078 0.665931 0.355953 0.675515 0.353922 0.720147 0.362047 0.733971 0.368156 0.737157 0.372219 0.772230
65 0.185969 0.967672 0.191578 0.928529 0.217766 0.929510 0.208406 0.998971 0.181594 0.997010
41 0.206344 0.722402 0.203344 0.725147 0.202594 0.725147 0.199844 0.722010 0.199094 0.724755 0.197859 0.727108 0.195609 0.732574 0.194859 0.735319 0.194109 0.737279 0.192609 0.738848 0.190109 0.737672 0.188359 0.737279 0.190609 0.743946 0.191109 0.745907 0.189609 0.745907 0.188359 0.749044 0.188109 0.752573 0.186609 0.751005 0.182859 0.720441 0.193109 0.706324 0.203844 0.701250 0.212344 0.700074 0.216578 0.700074 0.218078 0.703603 0.221328 0.702819 0.221828 0.702819 0.229578 0.705931 0.233313 0.713775 0.231312 0.727500 0.231813 0.738064 0.228078 0.743554 0.228578 0.735711 0.228078 0.729853 0.230828 0.727108 0.230328 0.724363 0.226578 0.720441 0.223078 0.720441 0.224828 0.715735 0.223328 0.711814 0.221578 0.708284 0.221578 0.704779 0.214828 0.705172 0.213094 0.709853 0.212344 0.715343 0.209594 0.718088 0.211609 0.725466 0.212906 0.724534 0.215750 0.727132 0.216687 0.729730 0.216578 0.732304 0.217641 0.733431 0.218109 0.736397 0.218344 0.738995 0.216328 0.738995 0.214438 0.739534 0.211844 0.741765 0.211734 0.740098 0.210656 0.739730 0.210078 0.733235 0.210547 0.729167
40 0.228484 0.615441 0.232844 0.600760 0.244062 0.597819 0.255922 0.601740 0.257781 0.637941 0.249688 0.670221 0.250922 0.704436 0.254047 0.713260 0.244688 0.714216 0.239078 0.708358 0.242203 0.702500 0.245312 0.704436 0.243437 0.676078 0.235969 0.665319 0.226609 0.636961
65 0.160453 0.876397 0.160453 0.883137 0.160453 0.907868 0.150422 0.964044 0.174781 0.964044 0.177641 0.883137 0.183375 0.847181 0.173344 0.849436 0.164750 0.851691
67 0.059844 0.787451 0.109281 0.777083 0.110063 0.759069 0.109469 0.755392 0.061797 0.761814 0.058875 0.766397 0.058094 0.775539 0.058297 0.781029
41 0.315188 0.599069 0.323234 0.592059 0.330828 0.592059 0.339328 0.594167 0.342906 0.597672 0.343359 0.603995 0.342016 0.669902 0.335297 0.669216 0.330828 0.669216 0.326359 0.664289 0.327250 0.657279 0.324578 0.657279 0.321438 0.660784 0.321438 0.664289 0.321000 0.665711 0.317422 0.641152 0.316078 0.620123
58 0.270375 0.366814 0.293766 0.361569 0.293766 0.326642 0.306016 0.323137 0.303797 0.303922 0.298219 0.282966 0.304906 0.227059 0.292656 0.209583 0.288203 0.192132 0.296000 0.146691 0.298219 0.101275 0.301562 0.089044 0.281516 0.031397 0.298219 0.008676 0.261469 0.001691 0.221375 0.001691 0.226938 0.068088 0.235859 0.164167 0.240313 0.185123 0.189078 0.209583 0.161234 0.206103 0.130047 0.237549 0.127828 0.288211 0.138953 0.328382 0.172375 0.340613 0.184625 0.317917 0.221375 0.307426 0.245875 0.298676 0.257016 0.303922 0.257016 0.333627 0.255906 0.352843 0.261469 0.365074
