0 0.598156 0.591221 0.577172 0.602488 0.598156 0.681315 0.683609 0.681315 0.686609 0.661033 0.683609 0.712840 0.671625 0.771385 0.689609 0.764648 0.692609 0.717347 0.706109 0.600235 0.680609 0.593474 0.677625 0.519155 0.697109 0.537160 0.715094 0.559695 0.730094 0.537160 0.682109 0.444812 0.655125 0.435822 0.670125 0.386268 0.643141 0.345728 0.616156 0.368239 0.616156 0.424554 0.605656 0.449319 0.580172 0.462840 0.584672 0.530399 0.608656 0.543920 0.604156 0.586714
3 0.601469 0.610587 0.590625 0.616408 0.596828 0.678005 0.601172 0.699765 0.601172 0.735047 0.595484 0.766056 0.607578 0.785329 0.599750 0.832371 0.592625 0.797089 0.585516 0.801362 0.596187 0.849484 0.606156 0.856972 0.604734 0.869812 0.614703 0.877301 0.619687 0.874084 0.618266 0.914718 0.618266 0.928615 0.626219 0.939507 0.639375 0.934859 0.645563 0.859319 0.656391 0.866291 0.656391 0.876737 0.666453 0.867441 0.672641 0.816315 0.694297 0.760516 0.686562 0.723333 0.676500 0.678005 0.684234 0.614085 0.682125 0.549953 0.679297 0.515399 0.685406 0.518920 0.692922 0.529507 0.699500 0.547136 0.716406 0.554202 0.726266 0.546432 0.727203 0.557019 0.718750 0.558427
0 0.861328 0.528404 0.862984 0.478826 0.864078 0.435023 0.862984 0.418498 0.873984 0.411878 0.882781 0.402793 0.883672 0.397934 0.874234 0.380657 0.860391 0.365164 0.862453 0.361174 0.862453 0.347441 0.861563 0.339906 0.860094 0.337254 0.853891 0.334601 0.848297 0.335939 0.848000 0.338592 0.847703 0.343451 0.846531 0.348779 0.846531 0.355423 0.846531 0.365610 0.839453 0.367817 0.823828 0.392606 0.825594 0.401033 0.827656 0.405892 0.830313 0.413427 0.833562 0.416526 0.837687 0.414319 0.837984 0.421408 0.835922 0.435117 0.835625 0.438662 0.835031 0.439554 0.836219 0.446103 0.836500 0.464695 0.833562 0.487723 0.833562 0.498357 0.831203 0.516948 0.828250 0.516948 0.827656 0.520939 0.836500 0.526690 0.839750 0.525822 0.840047 0.519624 0.848594 0.462488 0.850656 0.463380 0.854484 0.523146 0.853016 0.525822 0.853312 0.530681 0.861563 0.530235
0 0.052063 0.613498 0.044922 0.604390 0.044359 0.596127 0.048219 0.585399 0.049312 0.576291 0.050969 0.559765 0.051516 0.526714 0.051516 0.513498 0.053719 0.480446 0.051516 0.478779 0.053719 0.450681 0.058672 0.404413 0.066922 0.385399 0.083969 0.374671 0.091672 0.368052 0.090563 0.366408 0.091672 0.358967 0.085625 0.349038 0.076812 0.335000 0.071859 0.323427 0.071313 0.306901 0.075719 0.292840 0.086719 0.283756 0.099375 0.280446 0.114766 0.293685 0.117516 0.306080 0.116969 0.324249 0.115875 0.335000 0.119719 0.342441 0.121922 0.353991 0.121922 0.361432 0.124125 0.372183 0.119719 0.377958 0.086719 0.389531 0.082313 0.401925 0.078469 0.412676 0.076266 0.425892 0.073516 0.428380 0.069672 0.508545 0.064172 0.540775 0.064719 0.569695 0.064719 0.585399 0.060312 0.606056 0.105969 0.698615 0.109266 0.699437 0.116422 0.762230 0.119172 0.821737 0.103219 0.820915 0.091672 0.815939 0.096062 0.800258 0.104328 0.791150 0.108172 0.782887 0.108172 0.769671 0.108172 0.754789 0.103766 0.739930 0.103766 0.730822 0.109828 0.731667 0.109828 0.718427 0.107625 0.711831
25 0.716500 0.293310 0.726812 0.279108 0.746578 0.266197 0.766766 0.257817 0.782656 0.258451 0.802844 0.264272 0.831203 0.290728 0.845375 0.304930 0.847953 0.316526 0.844938 0.328803 0.829047 0.327512 0.821313 0.329437 0.815734 0.335258 0.777938 0.334601 0.769344 0.333310 0.765469 0.339131 0.716078 0.333967 0.716078 0.296526
1 0.787187 0.422277 0.784281 0.431549 0.796250 0.440798 0.802063 0.465892 0.795891 0.482793 0.787187 0.494765 0.776656 0.491502 0.773391 0.478967 0.769406 0.473521 0.765781 0.476244 0.760703 0.477324 0.749812 0.497512 0.738922 0.499671 0.727313 0.493146 0.718969 0.472418 0.727313 0.441901 0.740375 0.439178 0.748359 0.438615 0.753438 0.426643 0.750906 0.421174 0.751266 0.414648 0.756703 0.417911 0.754891 0.414084 0.750531 0.409742 0.754531 0.404272 0.765047 0.405376 0.757438 0.416831 0.762516 0.434272 0.771578 0.433169 0.776297 0.426080 0.781016 0.417911 0.786828 0.417911
2 0.739047 0.401995 0.759188 0.401995 0.756672 0.425962 0.745750 0.423451 0.729813 0.428474 0.719734 0.425962 0.716375 0.386878 0.702109 0.385610 0.694562 0.388146 0.664344 0.383099 0.660984 0.370493 0.702953 0.373005
0 0.055766 0.401009 0.074172 0.375869 0.073500 0.354765 0.078516 0.339671 0.072500 0.327113 0.066813 0.327113 0.056766 0.334648 0.049406 0.354765 0.057437 0.378380 0.060109 0.390469
25 0.587578 0.338333 0.602563 0.312887 0.607109 0.306033 0.626641 0.303099 0.644875 0.309953 0.669609 0.336361 0.658547 0.338333 0.622094 0.338333 0.612328 0.340282 0.594750 0.344202 0.589531 0.340282 0.589531 0.340282
0 0.961734 0.398052 0.966234 0.382230 0.967641 0.375657 0.970469 0.369859 0.971500 0.355376 0.975109 0.346103 0.978953 0.343967 0.985266 0.344953 0.987312 0.351127 0.987578 0.356925 0.987312 0.360211 0.985641 0.364836 0.994391 0.375258 0.994516 0.379507 0.994391 0.382418 0.992203 0.387230 0.997734 0.406948 0.999922 0.411573 1.000000 0.415047 1.000000 0.422394 1.000000 0.423545 0.997219 0.418732 0.990781 0.399601 0.988469 0.394390 0.987828 0.410986 0.986672 0.416221 0.983328 0.421620 0.981281 0.427981 0.981141 0.449812 0.980766 0.472606 0.983203 0.480141 0.983719 0.484977 0.983719 0.488639 0.981281 0.491526 0.972797 0.489225 0.970609 0.487864 0.969969 0.481502 0.972141 0.477441 0.973563 0.458498 0.974203 0.446338 0.974078 0.442676 0.968422 0.437653 0.968422 0.413709 0.967781 0.406948 0.967906 0.401737 0.967781 0.397089 0.963141 0.408685 0.962250 0.416221 0.962766 0.423732 0.962125 0.423944 0.959937 0.421221 0.959672 0.423944 0.958656 0.428380 0.955437 0.426455 0.955828 0.419484 0.956984 0.413498 0.959672 0.405986
2 0.340969 0.384953 0.375469 0.358568 0.426922 0.363286 0.416875 0.376479 0.411859 0.377418 0.408719 0.397207 0.345359 0.390610 0.340344 0.384953
0 0.775359 0.356620 0.785750 0.358451 0.788016 0.365822 0.788391 0.370329 0.788391 0.372793 0.788016 0.374859 0.787250 0.378826 0.785500 0.383169 0.786375 0.392019 0.787641 0.398639 0.784344 0.406784 0.783641 0.410634 0.781656 0.417465 0.774391 0.416408 0.774109 0.376667 0.774391 0.373451 0.775250 0.363639
0 0.809266 0.356808 0.807063 0.345211 0.811484 0.336925 0.819750 0.336103 0.824703 0.338568 0.821953 0.358451 0.826922 0.381643 0.822500 0.408146 0.823063 0.420563 0.823063 0.453709 0.818094 0.483521 0.824703 0.490141 0.823063 0.499249 0.811484 0.498427 0.803203 0.498427 0.803766 0.439624 0.800453 0.418099 0.796047 0.380822 0.797141 0.370047
0 0.910656 0.509554 0.902375 0.511338 0.902078 0.506009 0.900609 0.504249 0.899969 0.505775 0.899453 0.512324 0.885688 0.512793 0.885125 0.507136 0.894406 0.506455 0.893516 0.495798 0.892797 0.476925 0.892234 0.464296 0.888500 0.450540 0.887906 0.438099 0.886422 0.433662 0.888500 0.411925 0.887016 0.407488 0.882703 0.406526 0.882875 0.402160 0.883766 0.397582 0.882875 0.394601 0.894703 0.375516 0.893812 0.371080 0.893219 0.364437 0.887609 0.358216 0.888203 0.353333 0.895000 0.355117 0.897953 0.351549 0.902375 0.349343 0.907406 0.355986 0.906516 0.362207 0.907109 0.367089 0.912422 0.368873 0.913906 0.370634 0.909469 0.373310 0.915375 0.379530 0.915672 0.397723 0.914203 0.431455 0.912375 0.441948 0.912078 0.472723 0.907109 0.503357
9 0.816859 0.182864 0.816859 0.117981 0.806172 0.117324 0.795047 0.128263 0.800187 0.184789
39 0.267375 0.702887 0.262469 0.721573 0.261344 0.742535 0.262469 0.761221 0.266250 0.785587 0.265109 0.794648 0.267000 0.813333 0.272281 0.820141 0.276797 0.813897 0.281328 0.817300 0.287734 0.811080 0.288875 0.806549 0.286609 0.788404 0.284719 0.777089 0.285859 0.750141 0.285859 0.740000 0.284813 0.727676 0.285016 0.718498 0.278281 0.702676 0.268172 0.702676
25 0.942641 0.349108 0.939234 0.341878 0.952281 0.327817 0.961344 0.321878 0.968422 0.319742 0.970125 0.318897 0.975234 0.322723 0.982875 0.324413 0.991953 0.326972 0.997328 0.331244 0.999313 0.334225 0.998750 0.337183 0.994781 0.339319 0.987984 0.340164 0.982313 0.341878 0.979484 0.343146 0.977781 0.344859 0.976359 0.346995 0.974094 0.347418 0.967578 0.346995 0.964172 0.346573 0.960500 0.346995 0.955391 0.348685 0.951984 0.349530 0.947453 0.349977 0.943203 0.348685
9 0.219672 0.184249 0.229984 0.184249 0.233641 0.238075 0.223922 0.238075
9 0.788094 0.121995 0.797656 0.119296 0.795859 0.144437 0.799453 0.182160 0.792875 0.187559 0.789891 0.169601 0.794672 0.169601 0.795266 0.166009 0.789281 0.155211 0.789281 0.149836 0.793469 0.146244 0.794078 0.142653 0.786891 0.134577 0.788094 0.123779
9 0.000516 0.185892 0.000516 0.234272 0.012969 0.234930 0.011250 0.183310 0.000000 0.183944
0 0.504031 0.367418 0.504266 0.356620 0.502828 0.356620 0.500672 0.353732 0.501875 0.350117 0.503312 0.347958 0.504516 0.346878 0.505234 0.342183 0.505953 0.339296 0.507156 0.339296 0.510516 0.343263 0.510516 0.347606 0.514109 0.351197 0.514109 0.354460 0.510266 0.357700 0.511953 0.362746 0.514109 0.364906
0 0.538547 0.365258 0.547562 0.369789 0.547141 0.351714 0.544562 0.349131 0.544984 0.341385 0.541125 0.338803 0.538969 0.342019 0.540266 0.344601 0.537687 0.350423 0.536391 0.357512
0 0.236328 0.984272 0.146594 0.984272 0.124156 0.871901 0.112188 0.739319 0.080766 0.725845 0.070297 0.548310 0.074797 0.393263 0.113688 0.368545 0.115172 0.305610 0.094234 0.271901 0.116672 0.253944 0.125641 0.253944 0.152562 0.231455 0.179500 0.229202 0.188469 0.271901 0.200438 0.314601 0.175000 0.346056 0.227359 0.388756 0.242313 0.507864 0.275219 0.633709 0.291672 0.669671 0.275219 0.703380 0.255781 0.698873 0.257281 0.656174 0.228859 0.559554 0.221375 0.620235 0.240828 0.683146 0.260266 0.847183 0.254281 0.939319 0.245312 0.973028
0 0.026922 0.631455 0.017953 0.568545 0.017953 0.528099 0.020937 0.503380 0.026922 0.492136 0.028422 0.483146 0.023937 0.471901 0.023937 0.438192 0.023937 0.406737 0.023937 0.400000 0.023937 0.391009 0.019437 0.379765 0.016453 0.359554 0.016453 0.346056 0.017953 0.334836 0.028422 0.334836 0.034406 0.334836 0.043375 0.348310 0.043375 0.350563 0.044875 0.361808 0.044875 0.373028 0.047859 0.388756 0.053844 0.404484 0.053844 0.413474 0.044875 0.429202 0.046375 0.451690 0.049359 0.453944 0.043375 0.487629 0.035906 0.510117 0.032906 0.532582 0.034406 0.555047 0.040391 0.548310 0.044875 0.528099 0.047859 0.512371 0.041875 0.577535 0.040391 0.582019 0.044875 0.595516 0.046375 0.606737 0.050859 0.615728 0.052359 0.626972 0.052359 0.635962 0.052359 0.651690 0.053844 0.653944 0.046375 0.658427 0.046375 0.667418 0.038891 0.671901 0.029922 0.669671 0.028422 0.667418 0.008969 0.662911 0.002984 0.649437 0.010469 0.649437 0.011969 0.642700 0.025422 0.644953 0.029922 0.635962 0.029922 0.629202
