6 0.242703 0.620232 0.216906 0.550556 0.226016 0.465162 0.235109 0.379769 0.285172 0.339329 0.309437 0.332593 0.338266 0.325833 0.341297 0.285394 0.389828 0.253935 0.417141 0.274167 0.465672 0.195509 0.470219 0.161806 0.543031 0.141574 0.550625 0.168542 0.662859 0.146065 0.779656 0.202245 0.894938 0.543819 0.873703 0.703380 0.820625 0.786528 0.690172 0.802245 0.596125 0.779768 0.435344 0.723588 0.357984 0.707870 0.273031 0.635949
2 0.899016 0.536296 0.921703 0.500995 0.934016 0.493588 0.945156 0.498148 0.969391 0.493009 0.982078 0.493009 0.987844 0.491875 0.994000 0.491296 1.000000 0.489583 1.000000 0.553958 0.929016 0.564213 0.912094 0.564213 0.897484 0.563657 0.899016 0.555093 0.899016 0.549398 0.900172 0.535741
0 0.181828 0.677731 0.178969 0.730764 0.189703 0.759398 0.176109 0.762593 0.168953 0.749861 0.163219 0.722292 0.157500 0.625764 0.152484 0.578032 0.155344 0.536690 0.163219 0.522893 0.166078 0.491065 0.174672 0.482593 0.189000 0.482593 0.194719 0.496389 0.194719 0.512292 0.189000 0.533495 0.189703 0.557894 0.197578 0.590764 0.199734 0.619398 0.197578 0.633194 0.206891 0.722292 0.214047 0.745625 0.226219 0.755162 0.211906 0.762593 0.194000 0.763657
0 0.000234 0.487083 0.008453 0.477731 0.017922 0.480532 0.027406 0.482407 0.033734 0.502060 0.032469 0.523588 0.027406 0.527338 0.022984 0.543264 0.025516 0.551690 0.034359 0.553565 0.038781 0.584444 0.043844 0.615347 0.048266 0.640625 0.050156 0.664954 0.050156 0.688380 0.045109 0.693981 0.043203 0.707083 0.043203 0.738912 0.042578 0.890579 0.041938 0.902755 0.047625 0.909306 0.041938 0.918681 0.019828 0.909306 0.017922 0.828796 0.017922 0.797894 0.015406 0.726852 0.009078 0.771782 0.001500 0.801736 0.000234 0.707176 0.000234 0.531181 0.000234 0.502245
0 0.878266 0.509444 0.883313 0.507315 0.882594 0.499282 0.885125 0.489120 0.891984 0.486991 0.893828 0.491620 0.895078 0.491852 0.894766 0.504421 0.893062 0.509167 0.896000 0.515324 0.900031 0.518773 0.900891 0.522037 0.900531 0.530741 0.903250 0.558796 0.899625 0.559560 0.900406 0.566829 0.895750 0.566829 0.882547 0.526574
0 0.086562 0.572755 0.084812 0.586296 0.085250 0.603079 0.080891 0.611481 0.078281 0.603727 0.078719 0.590185 0.072609 0.573403 0.071313 0.561782 0.072609 0.552755 0.072609 0.539838 0.073484 0.531458 0.079156 0.518542 0.079594 0.517245 0.081328 0.510162 0.087422 0.511435 0.089609 0.524352 0.090469 0.535324 0.091781 0.541134 0.092656 0.551458 0.093531 0.570810 0.095266 0.579861 0.093969 0.594699 0.097875 0.605023 0.088297 0.609537 0.086125 0.594699 0.088734 0.586296 0.088734 0.577269 0.087422 0.577269
0 0.200672 0.548333 0.201062 0.537894 0.202625 0.526296 0.206531 0.519931 0.210453 0.509491 0.215141 0.510648 0.213578 0.540787 0.213578 0.552384 0.208875 0.554120 0.207312 0.570926 0.205750 0.563981
26 0.114109 0.586690 0.112469 0.594653 0.110609 0.606759 0.112703 0.612292 0.118547 0.612639 0.119484 0.600532 0.116672 0.592222 0.116203 0.586690
0 0.059344 0.592500 0.060688 0.584931 0.058812 0.574954 0.059078 0.572963 0.062047 0.571759 0.061500 0.564977 0.058000 0.555417 0.058000 0.550231 0.059344 0.548634 0.059344 0.540278 0.061766 0.538681 0.064734 0.541458 0.065266 0.543866 0.065531 0.547454 0.065266 0.550625 0.067156 0.551435 0.067953 0.569768 0.068500 0.573750 0.067422 0.577755 0.068766 0.585324 0.071188 0.593681 0.069031 0.593287 0.067156 0.591296 0.065266 0.593681 0.061500 0.595278 0.060422 0.595694
0 0.047359 0.551551 0.048125 0.541898 0.051969 0.539051 0.055813 0.541319 0.056187 0.549282 0.060797 0.564051 0.061563 0.574282 0.058109 0.569745 0.055031 0.565208 0.055031 0.585648 0.053125 0.601574 0.050437 0.599861 0.048906 0.583380 0.044297 0.575440 0.041234 0.572014 0.044297 0.558380 0.045063 0.552685
26 0.089000 0.527176 0.092578 0.551458 0.091531 0.563912 0.096156 0.568287 0.098672 0.567338 0.099719 0.558935 0.096781 0.552083 0.094469 0.549907 0.094266 0.540880 0.091531 0.527176
0 0.131422 0.529236 0.133813 0.525255 0.133219 0.519491 0.131719 0.513704 0.127828 0.509722 0.123641 0.511482 0.121234 0.518588 0.120641 0.527477 0.114047 0.539444 0.113141 0.540787 0.114047 0.567407 0.112547 0.586505 0.116141 0.589167 0.117344 0.587384 0.119141 0.591829 0.120938 0.632662 0.122734 0.639769 0.124828 0.637106 0.125734 0.634884 0.129922 0.639329 0.131125 0.635324 0.129328 0.622454 0.132328 0.607801 0.136516 0.598495 0.135312 0.573194 0.135625 0.562986 0.135922 0.556319 0.136219 0.548333 0.136219 0.539005
