0 0.453250 0.002295 0.457109 0.032670 0.463859 0.051475 0.469172 0.101382 0.457594 0.121616 0.456141 0.138267 0.453250 0.147658 0.459516 0.170070 0.487500 0.150562 0.487016 0.085457 0.481719 0.042810 0.473031 0.021101 0.475922 0.000000
0 0.561938 0.277330 0.571141 0.252951 0.579625 0.245527 0.592359 0.240211 0.610766 0.248712 0.612891 0.260375 0.621375 0.263560 0.630578 0.257190 0.637656 0.274169 0.640484 0.283700 0.692844 0.289016 0.714078 0.331429 0.721156 0.460820 0.716203 0.565831 0.704875 0.592342 0.682234 0.611429 0.671625 0.689906 0.668078 0.764145 0.666672 0.787494 0.659594 0.824614 0.656766 0.851124 0.654641 0.871288 0.655344 0.872342 0.660297 0.887190 0.612172 0.893560 0.612891 0.858548 0.618547 0.777939 0.623500 0.724918 0.630578 0.683560 0.627750 0.619906 0.607937 0.653864 0.595906 0.676136 0.588125 0.772646 0.588125 0.795972 0.582453 0.828852 0.586000 0.852178 0.584578 0.860679 0.564766 0.868103 0.552031 0.862787 0.531516 0.846885 0.532219 0.837330 0.532219 0.825667 0.540000 0.810820 0.545656 0.807635 0.540703 0.783255 0.546375 0.704754 0.549906 0.668712 0.549906 0.654918 0.561938 0.613560 0.561234 0.567939 0.556281 0.550984 0.559109 0.512787 0.560516 0.509602 0.556281 0.494754 0.559109 0.479906 0.563359 0.468244 0.558406 0.445972 0.556281 0.414169 0.560516 0.385527 0.565469 0.367494 0.574672 0.346276 0.586703 0.334614 0.579625 0.321897 0.566891 0.294309 0.560516 0.282646
31 0.595031 0.727892 0.625781 0.737588 0.678344 0.760258 0.709719 0.758361 0.737328 0.780000 0.732922 0.793162 0.687750 0.782810 0.670188 0.775293 0.620234 0.763255 0.587859 0.747658 0.546000 0.740375 0.548781 0.714379 0.536297 0.706745 0.539062 0.701546 0.545313 0.701897 0.543687 0.697049 0.536984 0.695316 0.517094 0.692881 0.517094 0.702248
0 0.196406 0.741569 0.187406 0.660679 0.191906 0.620234 0.184406 0.617986 0.184406 0.561803 0.185906 0.492131 0.188906 0.471920 0.205406 0.444941 0.224891 0.438197 0.266875 0.433700 0.292359 0.465176 0.307359 0.474169 0.325344 0.501124 0.334344 0.521358 0.335844 0.537073 0.331344 0.597752 0.322344 0.615738 0.311859 0.640445 0.307359 0.665176 0.304359 0.698876 0.305859 0.707869 0.298359 0.750562 0.301359 0.759555 0.287859 0.759555 0.259375 0.750562 0.238391 0.716862 0.226391 0.687635 0.223391 0.750562
0 0.263297 0.435504 0.245281 0.431007 0.220062 0.435504 0.202047 0.443607 0.185828 0.475105 0.174422 0.464309 0.176234 0.333794 0.173828 0.307682 0.188844 0.270796 0.211656 0.248290 0.229672 0.219485 0.233875 0.220375 0.248891 0.197892 0.259703 0.195176 0.271703 0.197892 0.281922 0.211382 0.283719 0.224895 0.272312 0.265386 0.281922 0.379696 0.289125 0.403091 0.308344 0.439110 0.296328 0.465199 0.284328 0.448993 0.274719 0.442693
0 0.199328 0.257869 0.202094 0.233021 0.218109 0.201546 0.236906 0.170890 0.244641 0.159297 0.268953 0.150187 0.276141 0.145222 0.276141 0.131967 0.285531 0.107939 0.298234 0.093044 0.317578 0.099672 0.319797 0.121194 0.325875 0.141077 0.312609 0.175855 0.315375 0.180843 0.325312 0.211475 0.326422 0.253724 0.332500 0.307564 0.335813 0.364707 0.333047 0.409438 0.322547 0.412740 0.317031 0.406112 0.315922 0.352272 0.309844 0.313349 0.304312 0.287681 0.303766 0.275246 0.296031 0.327424 0.297688 0.367190 0.294922 0.400328 0.288844 0.398665 0.279453 0.349789 0.273922 0.275246 0.275578 0.252881 0.283312 0.223911 0.283875 0.216440 0.277797 0.203208 0.260656 0.194075 0.243531 0.203208 0.218672 0.234660
0 0.402922 0.498267 0.392812 0.507728 0.383109 0.530468 0.376375 0.543115 0.374266 0.561429 0.378906 0.587939 0.393234 0.627728 0.394500 0.639110 0.402078 0.665012 0.405875 0.674473 0.381437 0.696581 0.367531 0.715527 0.357406 0.737002 0.347719 0.745222 0.344344 0.759110 0.351938 0.771101 0.354453 0.780585 0.356562 0.802061 0.370891 0.818478 0.387750 0.817213 0.402922 0.819110 0.405875 0.809649 0.397438 0.779953 0.393656 0.771101 0.389437 0.761007 0.397016 0.737002 0.412609 0.723747 0.427781 0.717424 0.435797 0.708571 0.445062 0.688993 0.445906 0.677002 0.442953 0.642272 0.437469 0.624590 0.437047 0.614473 0.473719 0.653630 0.477922 0.659953 0.474984 0.675738 0.472875 0.687728 0.472031 0.695316 0.471188 0.713630 0.466547 0.724379 0.455594 0.767330 0.450531 0.783115 0.465703 0.794473 0.453484 0.790679 0.478766 0.809016 0.489312 0.815948 0.503219 0.817845 0.514594 0.814684 0.519641 0.809649 0.514594 0.794473 0.509953 0.788173 0.512484 0.775527 0.520906 0.767963 0.520063 0.750890 0.515016 0.740164 0.512484 0.731944 0.515437 0.718689 0.512484 0.670679 0.518797 0.659953 0.521328 0.645433 0.520906 0.632155 0.519219 0.622061 0.523016 0.612576 0.528922 0.607518 0.532703 0.611944 0.538188 0.612576 0.539453 0.618267 0.538188 0.622693 0.543672 0.621429 0.549984 0.621429 0.555891 0.617635 0.562625 0.611944 0.563469 0.610047 0.563469 0.599321 0.568953 0.578478 0.563891 0.551944 0.561781 0.535527 0.552516 0.521639 0.546188 0.514684 0.539031 0.505199 0.530609 0.499532 0.520484 0.499532 0.517125 0.507728 0.513328 0.505831 0.478344 0.483091 0.453906 0.479321 0.421047 0.484988
31 0.292156 0.788759 0.304484 0.778361 0.336094 0.770281 0.347406 0.763888 0.354141 0.788244 0.364844 0.801897 0.376328 0.810211 0.394953 0.813771 0.415953 0.816159 0.446844 0.817939 0.469031 0.813185 0.485672 0.808431 0.505484 0.815550 0.514203 0.809625 0.521344 0.802506 0.545500 0.807237 0.545109 0.812600 0.530047 0.825059 0.505094 0.828033 0.461516 0.825059 0.429016 0.827424 0.373563 0.822693 0.356922 0.815550 0.327594 0.810796 0.303031 0.793583
0 0.770625 0.852108 0.735797 0.852108 0.720188 0.845808 0.717188 0.817916 0.721984 0.811616 0.735797 0.807096 0.731594 0.778314 0.734000 0.747705 0.729797 0.714403 0.740609 0.681991 0.739406 0.670304 0.754422 0.585691 0.749016 0.580281 0.753219 0.519977 0.755625 0.414660 0.762219 0.383162 0.768234 0.370562 0.764625 0.345363 0.765219 0.305761 0.772437 0.290468 0.788641 0.285059 0.807266 0.294965 0.813266 0.311171 0.814469 0.328267 0.822281 0.336370 0.824672 0.351663 0.831891 0.361569 0.839688 0.366066 0.831281 0.553279 0.831891 0.709906 0.831281 0.727002 0.829484 0.884520 0.808469 0.885410 0.805453 0.869204 0.815063 0.786393 0.816875 0.781007 0.810266 0.764801 0.814469 0.750398 0.816875 0.735995 0.810266 0.726089 0.812062 0.719789 0.814469 0.715293 0.809672 0.701803 0.808469 0.639696 0.803656 0.614497 0.783234 0.657681 0.779641 0.678384 0.779641 0.693700 0.774234 0.702693 0.773031 0.713489 0.771828 0.725199 0.772437 0.737799 0.765219 0.753091 0.770625 0.772014 0.772437 0.775597 0.772437 0.831405 0.778437 0.843115 0.773031 0.846698
0 0.449781 0.000328 0.462344 0.090562 0.452375 0.100960 0.438953 0.116534 0.428984 0.125621 0.421625 0.125621 0.419031 0.118501 0.418156 0.110703 0.424219 0.100960 0.431578 0.097073 0.432453 0.094473 0.426391 0.016557 0.422484 0.000960
31 0.106375 0.748361 0.204266 0.768056 0.275891 0.776932 0.340281 0.767073 0.348813 0.757237 0.354734 0.734567 0.337641 0.737541 0.321219 0.756230 0.262750 0.757237 0.233188 0.749344 0.214125 0.752295 0.185219 0.756230 0.177328 0.747377 0.122141 0.740492 0.109656 0.740492 0.104406 0.747377 0.110969 0.758220
30 0.333406 0.155222 0.357000 0.160281 0.371750 0.161546 0.374281 0.153958 0.374281 0.146393 0.367953 0.146393 0.358266 0.147658 0.346469 0.147658 0.331297 0.148290 0.322859 0.152693 0.325813 0.154590 0.324547 0.159649 0.322016 0.158384 0.330031 0.165972 0.345203 0.173536 0.359531 0.178595 0.369641 0.175433 0.367953 0.164707 0.351516 0.163443 0.335922 0.160913
30 0.486609 0.149672 0.461719 0.158595 0.449281 0.162646 0.448203 0.162646 0.395750 0.178852 0.393047 0.173981 0.392500 0.167494 0.391953 0.160211 0.391953 0.159391 0.453078 0.155340 0.388172 0.180468 0.400609 0.191827 0.528250 0.145621 0.525000 0.140749 0.519047 0.141569 0.515266 0.135082 0.491469 0.144801 0.475250 0.148056 0.497953 0.135082 0.509859 0.131030 0.520672 0.127775
