0 0.247100 0.532371 0.247760 0.490490 0.245760 0.448638 0.245760 0.420436 0.227720 0.444087 0.217040 0.455913 0.206340 0.462289 0.199660 0.455014 0.193660 0.449537 0.193660 0.441362 0.191640 0.430436 0.194320 0.419510 0.197660 0.413161 0.201660 0.405858 0.209020 0.400409 0.219040 0.404060 0.226380 0.404060 0.231060 0.399510 0.225720 0.395858 0.220380 0.392207 0.217040 0.388583 0.223720 0.364005 0.221040 0.351253 0.209680 0.346703 0.192320 0.346703 0.188300 0.366730 0.188300 0.378556 0.192980 0.391308 0.190320 0.400409 0.179620 0.400409 0.172280 0.403134 0.166260 0.414060 0.161600 0.432262 0.159580 0.453188 0.160260 0.472289 0.166260 0.490490 0.164260 0.504142 0.154920 0.507793 0.154240 0.529646 0.164260 0.534196 0.232400 0.536921 0.249100 0.534196
0 0.320540 0.860954 0.360360 0.876458 0.394500 0.871281 0.377440 0.848038 0.394500 0.819619 0.402080 0.796349 0.409680 0.762752 0.424840 0.731744 0.438120 0.700736 0.438120 0.682643 0.462780 0.708501 0.470360 0.729155 0.458980 0.755014 0.453300 0.770518 0.455200 0.775668 0.447600 0.775668 0.436220 0.801526 0.441920 0.824768 0.436220 0.850627 0.458980 0.853188 0.493120 0.858365 0.512100 0.858365 0.523480 0.853188 0.517780 0.840272 0.498820 0.832534 0.489340 0.822180 0.510200 0.806676 0.515880 0.786022 0.521580 0.739510 0.525360 0.708501 0.529160 0.672316 0.525360 0.651635 0.513980 0.623215 0.506400 0.589619 0.495020 0.568965 0.472260 0.540545 0.460880 0.519864 0.453300 0.499183 0.470360 0.444932 0.479860 0.426839 0.506400 0.432016 0.525360 0.432016 0.542440 0.447520 0.550020 0.447520 0.580380 0.457847 0.586060 0.470763 0.597440 0.481117 0.606920 0.475940 0.606920 0.457847 0.578480 0.444932 0.567100 0.437166 0.550020 0.408747 0.536740 0.382916 0.529160 0.370000 0.521580 0.344142 0.512100 0.323488 0.508300 0.274387 0.493120 0.253706 0.472260 0.248556 0.451400 0.264060 0.441920 0.289891 0.426740 0.300218 0.413460 0.313134 0.398300 0.315722 0.375540 0.315722 0.303460 0.341580 0.273120 0.367411 0.220020 0.411335 0.201040 0.411335 0.191560 0.426839 0.195360 0.452670 0.206740 0.463024 0.227600 0.439755 0.257940 0.419101 0.330020 0.375150 0.343300 0.401008 0.358460 0.393243 0.360360 0.419101 0.362260 0.450109 0.358460 0.481117 0.356560 0.512125 0.352780 0.545695 0.360360 0.574114 0.366060 0.599973 0.371740 0.623215 0.390700 0.677493 0.375540 0.703324 0.364160 0.718828 0.341400 0.757602 0.335700 0.793760 0.328120 0.809264 0.320540 0.819619 0.314840 0.829946 0.309160 0.845450 0.309160 0.858365 0.309160 0.858365
0 0.218320 0.390409 0.224060 0.355722 0.221500 0.340981 0.219600 0.311499 0.227880 0.291553 0.231060 0.284605 0.231060 0.268992 0.231060 0.262916 0.231060 0.261199 0.236140 0.251662 0.241880 0.248174 0.248880 0.252534 0.252700 0.254251 0.254600 0.257711 0.258420 0.271608 0.252060 0.290681 0.246980 0.297629 0.246980 0.299346 0.246340 0.306294 0.247600 0.312371 0.250160 0.319292 0.254600 0.334033 0.260340 0.341853 0.262240 0.348774 0.262240 0.354850 0.259060 0.368719 0.255240 0.379128 0.238060 0.395613 0.232960 0.399074 0.229780 0.401689 0.220880 0.392997
0 0.256240 0.368501 0.264920 0.356703 0.249920 0.320163 0.249920 0.299728 0.263340 0.294360 0.256240 0.272861 0.260180 0.251362 0.274380 0.244905 0.280680 0.271798 0.283060 0.295422 0.297260 0.311553 0.304360 0.343787 0.257820 0.385722 0.262540 0.410436 0.302780 0.387847 0.307500 0.412589 0.301200 0.424414 0.298040 0.502861 0.281480 0.502861 0.288580 0.473842 0.269640 0.472752
0 0.662840 0.366812 0.664940 0.326839 0.675420 0.286894 0.680020 0.280599 0.700140 0.272044 0.703900 0.251499 0.712280 0.241771 0.724440 0.251499 0.726960 0.264632 0.725280 0.270899 0.736600 0.278883 0.741620 0.313161 0.742880 0.332561 0.735340 0.334850 0.729460 0.327411 0.723180 0.323433 0.715640 0.349700 0.697620 0.338828 0.690080 0.349700 0.686300 0.363379 0.688820 0.374796 0.693840 0.381090 0.685880 0.386785 0.676240 0.368529
26 0.125740 0.374469 0.114540 0.377439 0.110500 0.370218 0.108020 0.367684 0.101180 0.421090 0.113300 0.420245 0.128240 0.413460 0.132280 0.410490 0.129480 0.396512
0 0.927800 0.503706 0.933340 0.472561 0.935700 0.467166 0.932540 0.437084 0.933340 0.420954 0.941220 0.408065 0.947540 0.379046 0.979080 0.371526 0.980660 0.499428
0 0.607520 0.516403 0.615560 0.494469 0.616520 0.469292 0.609400 0.435095 0.601820 0.395095 0.589980 0.382180 0.587620 0.367984 0.583820 0.350545 0.565360 0.349264 0.550200 0.365395 0.547820 0.372507 0.548780 0.385395 0.548780 0.396376 0.541680 0.404768 0.565820 0.424114 0.571520 0.433161 0.578620 0.438311 0.593300 0.439619 0.598980 0.443488 0.603720 0.448011 0.604660 0.454441 0.604660 0.473161 0.597560 0.476403 0.593780 0.477684 0.588560 0.468638 0.583820 0.468638 0.571040 0.455095 0.542620 0.447357 0.534100 0.442834 0.530300 0.450572 0.525100 0.458338 0.525560 0.466703 0.526520 0.478965 0.535980 0.475749 0.557780 0.471880 0.569140 0.480899 0.573880 0.495749 0.572940 0.515123 0.574360 0.520926
0 0.683680 0.504741 0.632760 0.513406 0.611740 0.513406 0.618760 0.462234 0.621300 0.424959 0.626380 0.409346 0.644840 0.401526 0.649940 0.378992 0.656940 0.368583 0.674120 0.365967 0.684320 0.383324 0.682400 0.393733 0.672860 0.413678 0.688140 0.424087 0.695780 0.437084 0.701500 0.455313 0.702140 0.468311 0.692580 0.468311 0.690040 0.471771 0.679220 0.472643 0.676040 0.483924 0.680500 0.502125
0 0.703300 0.495668 0.719640 0.510136 0.731900 0.510136 0.753140 0.497902 0.756400 0.467847 0.749040 0.409973 0.746600 0.381035 0.727800 0.379918 0.709020 0.338747 0.686960 0.357657 0.689420 0.376594 0.675520 0.403297 0.683700 0.425559 0.697580 0.474523 0.709020 0.499019
0 0.062340 0.399101 0.091400 0.417956 0.105920 0.442452 0.108000 0.381199 0.107320 0.356676 0.117000 0.346322 0.105240 0.310518 0.093480 0.301090 0.096240 0.282234 0.090020 0.271880 0.081720 0.268093 0.075500 0.269973 0.070660 0.281281 0.074800 0.290708 0.071340 0.302016 0.066500 0.308610 0.058900 0.328420 0.056820 0.362343 0.058200 0.386839 0.058200 0.401935 0.060960 0.403815 0.067880 0.403815
0 0.198760 0.345123 0.198760 0.332016 0.204780 0.328174 0.203980 0.316158 0.203980 0.310708 0.205580 0.303052 0.207180 0.300872 0.210800 0.300327 0.214800 0.304687 0.216800 0.312343 0.218420 0.321090 0.219620 0.331471 0.219620 0.339101 0.219620 0.348937 0.213600 0.347302 0.209180 0.347302 0.197960 0.345668
36 0.380720 0.855313 0.436720 0.852371 0.445340 0.850409 0.469040 0.856267 0.479800 0.859210 0.507800 0.857248 0.522880 0.843569 0.530060 0.841608 0.529340 0.848447 0.524320 0.855313 0.514260 0.862153 0.509960 0.867030 0.495600 0.868992 0.489140 0.868992 0.479080 0.869973 0.481240 0.878774 0.489860 0.873896 0.495600 0.875831 0.497040 0.881717 0.500620 0.886594 0.499180 0.897357 0.494880 0.901281 0.488420 0.897357 0.482680 0.893460 0.479800 0.890518 0.475500 0.888556 0.470460 0.888556 0.461140 0.893460 0.458980 0.893460 0.451800 0.891499 0.447500 0.884659 0.446060 0.877793 0.446780 0.871935 0.412320 0.876812 0.384320 0.883678 0.377140 0.890518 0.380720 0.891499 0.385740 0.894414 0.387180 0.910082 0.385040 0.913978 0.382880 0.916921 0.376420 0.916921 0.372100 0.910082 0.369240 0.907139 0.361340 0.907139 0.352720 0.907139 0.352000 0.907139 0.351280 0.907139 0.341240 0.913024 0.338360 0.907139 0.336920 0.901281 0.336920 0.897357 0.337640 0.892480 0.345540 0.885613 0.347700 0.885613 0.351280 0.885613 0.349140 0.874877 0.344820 0.870954 0.292420 0.853351 0.306060 0.851390 0.314680 0.854332 0.331900 0.862153 0.362060 0.870954 0.375700 0.875831 0.386460 0.872916 0.379280 0.852371
26 0.823560 0.355313 0.830840 0.368583 0.834500 0.373542 0.835720 0.381281 0.835320 0.390136 0.832480 0.398965 0.830440 0.402289 0.826800 0.405041 0.821120 0.408365 0.815840 0.402289 0.813820 0.392343 0.813820 0.368011 0.815840 0.356431
0 0.820100 0.323597 0.817180 0.336812 0.817400 0.339264 0.809280 0.343569 0.802980 0.352452 0.797560 0.369046 0.796660 0.378583 0.800720 0.385940 0.803640 0.378583 0.807480 0.374278 0.810180 0.374578 0.811540 0.377330 0.815140 0.403760 0.821900 0.406213 0.830480 0.406839 0.835440 0.405913 0.837020 0.400082 0.838140 0.392398 0.829580 0.386240 0.824840 0.397302 0.821680 0.393624 0.830920 0.367820 0.837460 0.373651 0.843100 0.366894 0.845120 0.353379 0.839500 0.340490 0.834080 0.335586 0.832960 0.326975 0.831600 0.320218 0.827540 0.320218 0.818980 0.322970 0.817620 0.323597
0 0.361320 0.322343 0.312240 0.336703 0.318740 0.288093 0.335760 0.284223 0.335760 0.268747 0.343480 0.262670 0.349960 0.264877 0.354820 0.279237 0.362540 0.291962 0.364560 0.298038 0.370640 0.307411
24 0.537540 0.465041 0.521840 0.469564 0.512160 0.481090 0.501600 0.489319 0.499780 0.502098 0.494040 0.509074 0.492840 0.521008 0.495240 0.527602 0.498880 0.523896 0.502800 0.518147 0.510060 0.526376 0.548120 0.530490 0.568360 0.528828 0.573180 0.514033 0.576800 0.515668 0.575300 0.487275 0.572580 0.472861 0.570460 0.468747 0.568660 0.482343 0.564120 0.487275 0.555660 0.490572 0.546600 0.487275 0.542060 0.479455 0.537540 0.473270 0.536940 0.465886
26 0.074920 0.304823 0.071240 0.337003 0.064600 0.346049 0.060700 0.353243 0.060480 0.362589 0.060240 0.376022 0.060700 0.382589 0.062080 0.383215 0.071940 0.381635 0.073080 0.379455 0.083620 0.370708 0.090500 0.363542 0.091880 0.344796 0.090720 0.328883 0.089580 0.322016 0.083400 0.322616 0.081560 0.324496 0.080420 0.312643 0.078580 0.305777 0.076740 0.303569 0.075840 0.303270 0.073080 0.304523
2 0.507420 0.283351 0.553740 0.288965 0.587720 0.293188 0.588220 0.315613 0.586160 0.321935 0.584620 0.319128 0.577420 0.307902 0.567120 0.306512 0.563000 0.317030 0.555800 0.323324 0.553740 0.316322 0.552200 0.302289 0.535720 0.305095 0.532640 0.319128 0.515140 0.325450 0.516680 0.313515 0.511520 0.306512 0.506380 0.302289
9 0.513960 0.251608 0.498140 0.250436 0.496140 0.225368 0.516260 0.224578
