24 0.000000 0.440423 0.005781 0.468122 0.008953 0.474789 0.011500 0.486268 0.008953 0.497723 0.006422 0.504390 0.007047 0.526361 0.000000 0.530188 0.000703 0.444249
0 0.181828 0.685235 0.166688 0.757606 0.172187 0.885798 0.115766 0.900282 0.115766 0.860986 0.099250 0.842394 0.126781 0.714178 0.111641 0.648005 0.106125 0.635610 0.179078 0.631455 0.187328 0.511526 0.184578 0.492911 0.210734 0.480516 0.205234 0.447418 0.198344 0.449484 0.192844 0.383333 0.194219 0.341972 0.203859 0.317160 0.177703 0.288192 0.152922 0.310939 0.148797 0.346103 0.144672 0.356432 0.115766 0.383333 0.114391 0.497066
24 0.403625 0.393099 0.404219 0.365329 0.420328 0.345610 0.438219 0.333967 0.475187 0.337559 0.480563 0.355469 0.493094 0.405587 0.499656 0.435164 0.503828 0.498779 0.505016 0.552535 0.503828 0.598239 0.494875 0.615282 0.485938 0.619742 0.474594 0.629601 0.469234 0.637676 0.460875 0.630493 0.422703 0.621549 0.401234 0.621549 0.395266 0.620657 0.388109 0.603615 0.383344 0.571361 0.379766 0.570469 0.376781 0.577629 0.374391 0.576737 0.374391 0.571361 0.381563 0.537324 0.383344 0.516714 0.383344 0.514906 0.382156 0.505962 0.382156 0.479977 0.381563 0.461150 0.388109 0.449507 0.390500 0.427089 0.396469 0.412770 0.397656 0.399319 0.401234 0.392160
1 0.711906 0.563826 0.705422 0.545845 0.712891 0.541362 0.707422 0.538357 0.690953 0.544343 0.696453 0.555587 0.701922 0.554836 0.704922 0.579554 0.699937 0.582559 0.679984 0.578803 0.667531 0.588545 0.660547 0.606526 0.657562 0.618498 0.662047 0.643216 0.674016 0.657441 0.701422 0.655939 0.710406 0.632746 0.711906 0.620751 0.717891 0.634977 0.723859 0.634977 0.736328 0.643216 0.735328 0.637981 0.727359 0.620751 0.759266 0.577300 0.759766 0.577300 0.761266 0.586291 0.753281 0.599789 0.751781 0.624484 0.757266 0.645469 0.768234 0.655939 0.786687 0.661197 0.802641 0.646972 0.806625 0.617746 0.799156 0.596784 0.790672 0.589296 0.782203 0.582559 0.770234 0.581808 0.764750 0.562324 0.767250 0.553333 0.775719 0.545094 0.778219 0.528615 0.771734 0.533873 0.768734 0.540610 0.765250 0.547347 0.759266 0.542864 0.751781 0.545845 0.755781 0.548850 0.757766 0.564577 0.717391 0.568333
26 0.192375 0.518192 0.214281 0.523451 0.223484 0.535962 0.225688 0.553075 0.217359 0.599836 0.212969 0.615634 0.205953 0.615634 0.198953 0.607066 0.191500 0.599178 0.183172 0.523451 0.182734 0.523451
24 0.219875 0.626972 0.212406 0.584272 0.207922 0.537089 0.207922 0.507864 0.219875 0.451690 0.218391 0.422465 0.213891 0.386526 0.215391 0.359554 0.222875 0.334836 0.240828 0.325845 0.275219 0.323592 0.296172 0.334836 0.309625 0.357300 0.317109 0.393263 0.317109 0.433709 0.315609 0.471901 0.312625 0.514601 0.309625 0.550563 0.306641 0.588756 0.300656 0.617981 0.293172 0.644953 0.285688 0.660681 0.260266 0.660681 0.236328 0.647183
0 0.001500 0.315469 0.012016 0.292887 0.016531 0.286127 0.030047 0.281596 0.057094 0.283850 0.057094 0.297394 0.057094 0.322230 0.054094 0.344812 0.045078 0.367371 0.037563 0.374155 0.042078 0.412535 0.046578 0.446385 0.057094 0.475728 0.061609 0.514108 0.066109 0.556995 0.067609 0.577324 0.061609 0.615681 0.054094 0.645023 0.052594 0.681150 0.052594 0.715000 0.039062 0.766925 0.039062 0.782723 0.036063 0.814343 0.034563 0.823357 0.054094 0.830141 0.054094 0.848192 0.045078 0.857230 0.009016 0.873028 0.006016 0.879789 0.000000 0.875282
0 0.592953 0.582887 0.592203 0.576714 0.595750 0.567441 0.596125 0.559296 0.593891 0.548052 0.596500 0.531761 0.598750 0.524460 0.596500 0.516878 0.591641 0.512113 0.589766 0.508732 0.589406 0.505094 0.584156 0.504812 0.584531 0.510986 0.584531 0.513803 0.582672 0.524460 0.580422 0.536549 0.580984 0.554531 0.580797 0.563803 0.584719 0.564624 0.587344 0.563803 0.587156 0.572512 0.586969 0.582324 0.586969 0.584859 0.592578 0.584296
0 0.570188 0.574812 0.566797 0.568451 0.567359 0.554859 0.568484 0.544225 0.568484 0.536596 0.566797 0.522582 0.565656 0.510681 0.574141 0.506854 0.575281 0.517887 0.575000 0.521291 0.578672 0.528944 0.578672 0.537441 0.577828 0.548052 0.577531 0.570141 0.578391 0.577793 0.573578 0.573545 0.573297 0.561221 0.573297 0.548920 0.571594 0.557840 0.571313 0.572700 0.570750 0.577371 0.570750 0.576948
0 0.530813 0.607113 0.531578 0.593967 0.532344 0.569437 0.531203 0.559155 0.531203 0.544883 0.529297 0.532324 0.527406 0.530023 0.525875 0.511761 0.527781 0.500352 0.531578 0.487793 0.537656 0.487793 0.545641 0.503192 0.547156 0.538592 0.549828 0.556854 0.549828 0.595117 0.554000 0.597394 0.546016 0.607113 0.543734 0.597981 0.543359 0.570563 0.538422 0.563146 0.536906 0.584836 0.536141 0.608826
26 0.593750 0.524413 0.594625 0.533756 0.596516 0.537418 0.599625 0.539249 0.602297 0.543944 0.602297 0.551268 0.599516 0.555282 0.595297 0.556620 0.591297 0.559624 0.588078 0.556620 0.586297 0.549601 0.588625 0.542253 0.591750 0.538920 0.591078 0.530587 0.591859 0.521408
0 0.556656 0.583521 0.564562 0.584131 0.564969 0.579953 0.567734 0.544930 0.567734 0.538404 0.570109 0.529484 0.568125 0.517606 0.565359 0.511667 0.561797 0.508122 0.564562 0.503944 0.564969 0.498615 0.563781 0.495047 0.559031 0.493850 0.555875 0.498615 0.557063 0.508122 0.553109 0.512864 0.549937 0.514648 0.548359 0.522371 0.551125 0.531854 0.552719 0.543732 0.553500 0.550869 0.555484 0.561549 0.555078 0.572840 0.554688 0.579366 0.555484 0.585305
0 0.616219 0.507230 0.615938 0.499577 0.618766 0.494038 0.624438 0.495329 0.625844 0.501291 0.625562 0.506808 0.628969 0.512347 0.632375 0.522559 0.632078 0.534061 0.627547 0.539601 0.625000 0.586009 0.614516 0.586009 0.613094 0.554084 0.613656 0.523427 0.613953 0.515329
0 0.606375 0.534319 0.606031 0.514883 0.607047 0.507700 0.615562 0.503615 0.614547 0.516408 0.612844 0.547113 0.613859 0.571150 0.609438 0.560915 0.608750 0.549671 0.604672 0.545070 0.604328 0.536878
24 0.538391 0.505892 0.542656 0.530493 0.541234 0.536385 0.528422 0.540117 0.525922 0.521408 0.525219 0.509648 0.527344 0.501080 0.534109 0.497864
26 0.627828 0.533568 0.619703 0.534460 0.616391 0.536737 0.615938 0.547347 0.620000 0.553897 0.629484 0.550728 0.632344 0.546901 0.631734 0.541690 0.628734 0.534460
0 0.260266 0.955047 0.285688 0.955047 0.297656 0.930329 0.294672 0.901127 0.305141 0.878662 0.317109 0.876408 0.317109 0.849437 0.320094 0.824718 0.318609 0.795516 0.339547 0.611244 0.339547 0.541573 0.364969 0.537089 0.370953 0.496620 0.361984 0.440446 0.344031 0.406737 0.336547 0.382019 0.342531 0.348310 0.347016 0.332582 0.324578 0.298873 0.300656 0.307864 0.294672 0.325845 0.290188 0.355047 0.296172 0.411244 0.306641 0.458427 0.315609 0.521338 0.314109 0.557300 0.303641 0.597746 0.294672 0.626972 0.281203 0.649437 0.267750 0.658427 0.255781 0.667418 0.272234 0.759554 0.272234 0.820235 0.266250 0.878662 0.255781 0.943826
26 0.091734 0.502418 0.087219 0.622253 0.177531 0.623380 0.189562 0.603028 0.181281 0.514859
