0 0.442340 0.473947 0.448500 0.473947 0.452420 0.478932 0.454660 0.483917 0.455220 0.490564 0.457440 0.493056 0.468640 0.495549 0.482620 0.503027 0.494940 0.517953 0.502200 0.526261 0.506120 0.537863 0.508360 0.549496 0.505560 0.561128 0.499980 0.568605 0.499980 0.570237 0.510040 0.586024 0.515080 0.594332 0.516200 0.602641 0.512280 0.615905 0.502760 0.627537 0.493820 0.629199 0.488780 0.625875 0.492140 0.611751 0.494380 0.604273 0.468640 0.604273 0.449060 0.605935 0.446260 0.602641 0.448500 0.586855 0.449060 0.582700 0.447940 0.572730 0.446820 0.556142 0.442340 0.561128 0.440100 0.564451 0.440660 0.571899 0.441220 0.577715 0.440660 0.589347 0.438420 0.604273 0.435060 0.609258 0.427240 0.605104 0.424440 0.595163 0.425560 0.582700 0.426120 0.578546 0.424440 0.570237 0.426680 0.566113 0.433960 0.556973 0.436180 0.556142 0.445700 0.535401 0.444580 0.521276 0.443460 0.517953 0.437300 0.511306 0.432280 0.506320 0.429480 0.503027 0.434520 0.496380 0.432280 0.488071 0.432280 0.478932 0.437300 0.472285
0 0.432980 0.229318 0.424480 0.236884 0.426180 0.256588 0.429580 0.260119 0.429580 0.279822 0.430600 0.312641 0.436380 0.343976 0.447620 0.341454 0.441500 0.332344 0.440820 0.315697 0.441160 0.307596 0.444560 0.324777 0.444900 0.334866 0.450000 0.338932 0.457840 0.343472 0.460220 0.339941 0.454420 0.329822 0.452720 0.310119 0.453060 0.291958 0.448980 0.268220 0.451020 0.259614 0.451020 0.254065 0.456140 0.256588 0.457500 0.249525 0.454080 0.235371 0.447960 0.226291 0.442180 0.226291 0.444560 0.218694 0.439440 0.209110 0.432300 0.208605 0.427880 0.212641
0 0.439440 0.553590 0.430900 0.558665 0.420660 0.556113 0.409260 0.554421 0.409260 0.546825 0.399000 0.545964 0.400140 0.537537 0.405280 0.520623 0.407560 0.493591 0.401860 0.489347 0.404700 0.464006 0.398440 0.456409 0.398440 0.445430 0.396160 0.409941 0.397300 0.398101 0.392180 0.396409 0.399000 0.362611 0.405280 0.348249 0.412100 0.340623 0.407560 0.334718 0.405840 0.326261 0.404140 0.311068 0.406980 0.301751 0.416100 0.299228 0.422360 0.302611 0.425200 0.310208 0.424640 0.322878 0.422360 0.330504 0.422940 0.335579 0.430900 0.338932 0.436600 0.351632 0.440580 0.389644 0.444000 0.407389 0.445720 0.421751 0.449700 0.431039 0.450840 0.442047 0.450840 0.452166 0.442300 0.467389 0.430340 0.451335 0.433760 0.442047 0.434320 0.435282 0.441160 0.425134 0.436040 0.403175 0.433800 0.393501 0.432320 0.409407 0.432320 0.431513 0.431480 0.439911 0.429600 0.444896 0.428120 0.454540 0.426860 0.462018 0.426660 0.471365 0.423720 0.494095 0.422040 0.495341 0.422040 0.522760 0.425180 0.524956 0.425400 0.530861 0.427280 0.537092 0.430860 0.541751 0.433380 0.546113 0.439260 0.548309
0 0.309860 0.340386 0.310580 0.316617 0.314580 0.266973 0.315680 0.250772 0.309860 0.250772 0.305860 0.242136 0.306580 0.235668 0.313120 0.222700 0.322960 0.220534 0.320400 0.212967 0.319680 0.204332 0.322220 0.198398 0.329500 0.194629 0.332780 0.203264 0.333500 0.217300 0.333500 0.224332 0.339320 0.229703 0.342960 0.254540 0.336780 0.261009 0.332780 0.331217 0.330240 0.341454 0.337140 0.352255 0.330240 0.354955 0.322960 0.343086 0.321860 0.302047 0.316400 0.340386 0.318220 0.356588 0.312040 0.356588 0.309860 0.346320
0 0.386920 0.341246 0.382140 0.345074 0.375500 0.331424 0.373300 0.290979 0.372920 0.280059 0.373300 0.275668 0.375500 0.241246 0.377340 0.232493 0.377340 0.219941 0.376980 0.211751 0.386560 0.208457 0.392080 0.222136 0.387300 0.230326 0.391720 0.235252 0.395020 0.241246 0.400560 0.271840 0.403120 0.288249 0.407180 0.293175 0.404240 0.299169 0.401660 0.306825 0.399440 0.318843 0.405700 0.331958 0.405700 0.341780 0.396860 0.344540 0.386920 0.307923 0.385080 0.301365
35 0.426900 0.569555 0.430180 0.560119 0.435460 0.560920 0.442380 0.573353 0.440000 0.589822 0.436920 0.604926 0.435100 0.612760 0.428180 0.610059 0.423080 0.596558 0.421800 0.581721 0.424360 0.571988 0.423620 0.568754
35 0.439240 0.250742 0.432540 0.242671 0.435440 0.230593 0.441600 0.228694 0.447580 0.238635 0.445760 0.245905 0.442140 0.251810 0.438880 0.254777
0 0.929280 0.226766 0.930940 0.202849 0.930940 0.193769 0.936500 0.183056 0.937620 0.174807 0.939280 0.164926 0.942620 0.159139 0.945960 0.157507 0.949280 0.159139 0.950960 0.169050 0.950960 0.175638 0.958180 0.194599 0.960400 0.207804 0.952620 0.217685 0.949280 0.246558 0.947060 0.272938 0.947060 0.285312 0.943180 0.286142 0.940400 0.279525 0.942620 0.249021 0.938720 0.258932 0.935960 0.267151 0.935960 0.278694 0.934840 0.286944 0.929280 0.286142 0.926500 0.277893 0.928180 0.263858 0.932060 0.241602 0.932620 0.236647
35 0.399480 0.282226 0.402740 0.289080 0.402740 0.298160 0.399360 0.306706 0.393620 0.306320 0.391980 0.299288 0.393980 0.287775 0.393740 0.284837
35 0.440520 0.425697 0.446280 0.423561 0.450600 0.429347 0.449980 0.451632 0.441760 0.464154 0.434760 0.457448 0.431880 0.451632 0.433120 0.444926 0.434960 0.442166 0.435180 0.432404
32 0.066380 0.757923 0.067720 0.754688 0.071400 0.753442 0.074420 0.754955 0.075600 0.758190 0.075100 0.760178 0.066700 0.759941
35 0.755900 0.249139 0.756420 0.253294 0.758460 0.254303 0.763520 0.254748 0.766320 0.253294 0.769720 0.250504 0.768580 0.247033 0.767140 0.245015 0.765560 0.245223 0.763600 0.246113 0.760060 0.245223 0.759440 0.243561 0.758700 0.241988 0.756500 0.243769
35 0.951240 0.199703 0.957320 0.197092 0.961000 0.201602 0.960360 0.212997 0.957000 0.217270 0.952680 0.217745 0.951240 0.216083 0.948200 0.211098 0.948680 0.207537 0.950120 0.206113
35 0.322140 0.235371 0.327800 0.233412 0.331280 0.234718 0.333440 0.237300 0.334320 0.240534 0.334320 0.245045 0.332580 0.250861 0.330840 0.252136 0.326060 0.252136 0.323440 0.250208 0.322580 0.241810
32 0.077320 0.753650 0.077620 0.749466 0.082000 0.746231 0.084820 0.748991 0.085120 0.754570 0.081700 0.756410 0.078880 0.755490 0.077620 0.755045
0 0.762320 0.204748 0.768020 0.206647 0.769300 0.216973 0.770560 0.226380 0.776900 0.246142 0.771200 0.257418 0.771200 0.266825 0.777540 0.277151 0.782600 0.286558 0.781340 0.298783 0.772460 0.305371 0.771200 0.297863 0.771840 0.289377 0.764860 0.275282 0.764220 0.273412 0.763600 0.296914 0.756620 0.299733 0.747740 0.295045 0.750920 0.288457 0.755360 0.264926 0.755980 0.246142 0.759160 0.236736 0.759780 0.229199 0.758520 0.221691 0.758520 0.214154 0.762960 0.205697
