0 0.110641 0.668792 0.113578 0.688354 0.113578 0.708875 0.102563 0.742146 0.106969 0.753875 0.105500 0.780292 0.105500 0.799854 0.111375 0.800833 0.117969 0.793979 0.120172 0.750938 0.140719 0.693229 0.142188 0.704979 0.134844 0.755833 0.134844 0.793000 0.140719 0.793979 0.142922 0.793979 0.142188 0.759750 0.147312 0.670729 0.147312 0.597375 0.116516 0.636500 0.106969 0.606188 0.105500 0.576833 0.104031 0.522062 0.131187 0.497604 0.142188 0.495646 0.144391 0.500542 0.145125 0.504458 0.151719 0.504458 0.159797 0.497604 0.161984 0.500542 0.164188 0.506417 0.161266 0.516187 0.160531 0.518146 0.156859 0.520104 0.159063 0.532812 0.164188 0.537708 0.106969 0.605208
24 0.871031 0.773771 0.888563 0.762083 0.901328 0.748250 0.920453 0.753563 0.909297 0.767396 0.911687 0.785458 0.922047 0.786521 0.941984 0.762083 0.953938 0.805667 0.953141 0.816292 0.926031 0.821604 0.902922 0.817354 0.898125 0.806729 0.884578 0.805667 0.868641 0.789708
0 0.161875 0.536062 0.162906 0.514188 0.169062 0.490938 0.183406 0.489583 0.199813 0.503250 0.200844 0.525125 0.198797 0.533333 0.203922 0.553833 0.219297 0.570250 0.234687 0.611271 0.247000 0.609896 0.251094 0.616729 0.251094 0.641354 0.250062 0.645458 0.238797 0.646812 0.231609 0.635875 0.198797 0.601687 0.202891 0.626312 0.198797 0.638604 0.198797 0.650917 0.208031 0.663229 0.202891 0.675521 0.199813 0.679625 0.200844 0.724750 0.199813 0.739792 0.203922 0.756208 0.203922 0.805437 0.198797 0.825938 0.194688 0.832771 0.185469 0.832771 0.181359 0.832771 0.181359 0.823208 0.179312 0.812271 0.179312 0.789021 0.183406 0.760312 0.170078 0.685104 0.164953 0.757563 0.170078 0.779458 0.163922 0.835500 0.150594 0.836875 0.148547 0.827312 0.147516 0.808167 0.143422 0.784917 0.143422 0.728854 0.140344 0.670062 0.146500 0.596229 0.130078 0.624937 0.116750 0.631771 0.102391 0.637250 0.087016 0.645458 0.082906 0.641354 0.082906 0.622208 0.096250 0.612625 0.115734 0.594854 0.146500 0.567521 0.163922 0.542896
0 0.450672 0.802688 0.425453 0.802688 0.423766 0.784750 0.428813 0.773542 0.428813 0.742146 0.412000 0.704042 0.403594 0.659187 0.398547 0.623313 0.400219 0.585208 0.410313 0.556063 0.420406 0.524667 0.430500 0.506729 0.457406 0.526896 0.474219 0.553812 0.485984 0.582958 0.491031 0.616583 0.477578 0.652458 0.477578 0.695063 0.477578 0.744396 0.482625 0.780271 0.484312 0.802688 0.472531 0.809417 0.448984 0.795958
0 0.288797 0.502083 0.297516 0.514979 0.297516 0.529188 0.302828 0.540167 0.299938 0.550479 0.310094 0.551771 0.324125 0.563396 0.337687 0.611792 0.330906 0.649854 0.323156 0.672458 0.329453 0.703417 0.337687 0.746021 0.347359 0.774417 0.352688 0.813771 0.359469 0.826688 0.360437 0.837021 0.352688 0.835729 0.349781 0.847333 0.341078 0.845396 0.332844 0.829917 0.323641 0.793125 0.315906 0.758271 0.302359 0.729250 0.294609 0.692458 0.292672 0.687937 0.288797 0.690521 0.292672 0.695687 0.289281 0.715042 0.289766 0.745375 0.293156 0.778292 0.298000 0.802813 0.299938 0.820229 0.294609 0.829271 0.290250 0.835729 0.283953 0.842812 0.272344 0.841521 0.276703 0.824750 0.271375 0.795708 0.269922 0.771833 0.265078 0.746021 0.268953 0.739562 0.262172 0.708583 0.261703 0.705354 0.257344 0.707292 0.248141 0.695042 0.246688 0.678896 0.244750 0.643417 0.250437 0.635500 0.247719 0.606604 0.255844 0.576500 0.263141 0.562042 0.269469 0.552729 0.265141 0.545188 0.265141 0.536312 0.258484 0.528771 0.262812 0.512333 0.267797 0.506562 0.282125 0.500354 0.288438 0.502125
0 0.873578 0.792521 0.870672 0.769167 0.870672 0.760104 0.861422 0.738708 0.865797 0.681021 0.880391 0.662854 0.889141 0.647958 0.898375 0.643417 0.917828 0.651833 0.934359 0.660917 0.949422 0.703708 0.949422 0.741958 0.928031 0.778250 0.913453 0.784729 0.893516 0.792521
30 0.736625 0.907188 0.742484 0.803500 0.752031 0.803500 0.754953 0.912063 0.779906 0.897396 0.768891 0.833813 0.778437 0.833813 0.796047 0.893479
24 0.468453 0.584542 0.473484 0.593500 0.479641 0.580813 0.474047 0.557688 0.467891 0.547250 0.465094 0.550229 0.463422 0.567396 0.425375 0.557688 0.424812 0.547250 0.416422 0.552479 0.417547 0.571125 0.416422 0.587521 0.420906 0.586771 0.424266 0.588271
0 0.921844 0.576833 0.928531 0.582354 0.942875 0.578521 0.959750 0.585333 0.968359 0.604438 0.971859 0.612521 0.969000 0.621021 0.959437 0.635875 0.950828 0.643104 0.943500 0.642250 0.946688 0.656687 0.948281 0.662208 0.949875 0.680479 0.952750 0.684729 0.954656 0.688563 0.956250 0.691104 0.955297 0.695771 0.953703 0.701292 0.951156 0.702583 0.949562 0.733167 0.961031 0.739104 0.969000 0.728479 0.963891 0.718292 0.964219 0.699604 0.969000 0.682187 0.975047 0.680062 0.982687 0.651167 0.984922 0.611250 0.982375 0.590854 0.974094 0.576417 0.973766 0.567479 0.971859 0.562396 0.969000 0.558979 0.965172 0.558146 0.960703 0.557708 0.956891 0.558146 0.952422 0.563229 0.949875 0.562396 0.943188 0.560271 0.931719 0.563229 0.923750 0.571729 0.922469 0.575979 0.922469 0.575979
30 0.075516 0.823354 0.078328 0.828042 0.082562 0.828979 0.082562 0.828979 0.078328 0.828042 0.088891 0.828042 0.102969 0.821479 0.116344 0.816792 0.126188 0.813042 0.135344 0.809271 0.145891 0.806458 0.150812 0.804583 0.182484 0.790521 0.178266 0.783000 0.168406 0.783000 0.145891 0.789583 0.130406 0.797083 0.110000 0.807396 0.100859 0.810229 0.093813 0.814917 0.091703 0.817729 0.081156 0.818667 0.078328 0.821479 0.076219 0.814917 0.069187 0.828042 0.062859 0.831792 0.053703 0.831792 0.048781 0.830854 0.066375 0.803646 0.076922 0.783938 0.085375 0.780187 0.088891 0.779250 0.092406 0.784875
30 0.184375 0.870875 0.177781 0.884562 0.166781 0.884562 0.160187 0.880646 0.160922 0.871833 0.159453 0.855229 0.128656 0.889437 0.108859 0.879667 0.132313 0.862063 0.145516 0.844479 0.178516 0.840563 0.173375 0.830792 0.182906 0.822958 0.181438 0.816125 0.179984 0.810250 0.173375 0.816125 0.182172 0.835667 0.190250 0.838604 0.195375 0.835667 0.201234 0.821000 0.207844 0.811229 0.207844 0.806333 0.205641 0.803417 0.202703 0.801458 0.200516 0.808292
24 0.159125 0.531958 0.151297 0.533312 0.141422 0.597792 0.137328 0.614583 0.135297 0.620042 0.139375 0.633667 0.142109 0.632292 0.150953 0.599604 0.153688 0.576917 0.162875 0.533771 0.191813 0.551479 0.198969 0.589625 0.197266 0.604604 0.202375 0.611875 0.197609 0.605062 0.201687 0.595979 0.199312 0.566458 0.201359 0.545125
0 0.933672 0.658375 0.899813 0.647083 0.886406 0.648979 0.863844 0.682833 0.855375 0.633917 0.856078 0.615125 0.862438 0.598188 0.880766 0.579375 0.913219 0.574688 0.928734 0.582208 0.942828 0.578438 0.959062 0.586896 0.970344 0.607583 0.968938 0.619813 0.960469 0.633917 0.948484 0.643333 0.942125 0.639562
24 0.964109 0.737271 0.968297 0.727708 0.970688 0.718521 0.981156 0.716146 0.992516 0.710167 1.000000 0.706562 1.000000 0.748438 1.000000 0.751229 0.970391 0.751625 0.961422 0.749625
24 0.118516 0.570083 0.119062 0.587250 0.106203 0.607375 0.103406 0.584271 0.102844 0.545479 0.109000 0.548458
30 0.403859 0.786875 0.401438 0.783667 0.391281 0.786250 0.392250 0.824313 0.390312 0.850771 0.410156 0.843021 0.405797 0.806896 0.410641 0.803667 0.415000 0.810125 0.415969 0.840438 0.432906 0.837229 0.430969 0.826250 0.425641 0.803021 0.426609 0.792687 0.425641 0.786875 0.415484 0.783021 0.410641 0.785604 0.407250 0.795271
30 0.318469 0.867437 0.321844 0.914792 0.299016 0.918167 0.299859 0.852771 0.297328 0.823458 0.315078 0.826833 0.317625 0.825708 0.328609 0.824583 0.335391 0.836979 0.338766 0.864042 0.345531 0.913667 0.325234 0.915917 0.321844 0.860667
24 0.314562 0.620771 0.319344 0.610542 0.310406 0.585000 0.312328 0.574792 0.310406 0.559042 0.311687 0.552646 0.301141 0.556896 0.300500 0.565854 0.274328 0.561167 0.269844 0.553917 0.266016 0.555625 0.265375 0.603729
0 0.746625 0.698875 0.741578 0.842687 0.724719 0.844938 0.709547 0.800000 0.702812 0.750562 0.702812 0.698875 0.697750 0.653938 0.691016 0.608979 0.707859 0.552813 0.726406 0.525833 0.758422 0.505625 0.766859 0.501125 0.841016 0.566292 0.812359 0.638208 0.783703 0.635958 0.780344 0.714604 0.798875 0.804500 0.792141 0.849438 0.771906 0.847187 0.756734 0.797750
