0 0.343464 0.249248 0.356111 0.228431 0.377680 0.218758 0.388105 0.214281 0.375458 0.195686 0.382892 0.182304 0.397778 0.163693 0.404477 0.136176 0.415637 0.126503 0.431993 0.125752 0.443154 0.126503 0.460261 0.135425 0.460261 0.157745 0.464739 0.173366 0.462500 0.201634 0.475899 0.214281 0.496732 0.249248 0.502680 0.286454 0.507876 0.309526 0.504167 0.320670 0.484820 0.311748 0.458039 0.312500 0.434967 0.328121 0.416373 0.307288 0.398513 0.287206 0.394052 0.287941 0.400000 0.317696 0.394804 0.324395 0.381405 0.336307 0.379183 0.343742 0.391830 0.357141 0.372484 0.366797 0.368284 0.390964 0.346863 0.380801 0.344608 0.357124 0.336716 0.323301 0.336716 0.272549
0 0.214559 0.424412 0.206160 0.407598 0.202925 0.401127 0.210686 0.387549 0.204853 0.383023 0.192565 0.383023 0.185458 0.396601 0.183513 0.410180 0.197092 0.475507 0.193856 0.502026 0.194510 0.523382 0.206160 0.527255 0.206797 0.523382 0.210033 0.489101 0.217157 0.461928 0.213922 0.450931 0.210033 0.448987
0 0.983497 0.384232 0.981977 0.388039 0.980457 0.390686 0.978562 0.393726 0.975147 0.397533 0.972108 0.400572 0.972108 0.403611 0.972108 0.403611 0.974379 0.405507 0.975523 0.405899 0.977810 0.408170 0.977810 0.409314 0.978186 0.411977 0.977418 0.416912 0.977042 0.417288 0.978186 0.419951 0.978562 0.422614 0.980082 0.424510 0.980082 0.425654 0.979706 0.427925 0.979706 0.432108 0.979330 0.433627 0.979330 0.434395 0.979330 0.439706 0.979330 0.443513 0.979706 0.443513 0.982745 0.442745 0.983121 0.436667 0.982745 0.433627 0.984265 0.430212 0.987304 0.426029 0.989199 0.424886 0.990343 0.421471 0.989967 0.416144 0.989199 0.412353 0.989199 0.407418 0.990343 0.403235 0.991487 0.402843 0.995278 0.398676 0.995670 0.397157 0.993006 0.391078 0.992631 0.389935 0.991863 0.387271 0.991111 0.384608 0.990343 0.381569 0.986552 0.380425 0.985033 0.381193 0.984640 0.383088
0 0.947320 0.452222 0.949101 0.424690 0.943317 0.418922 0.938889 0.409608 0.939771 0.397631 0.941993 0.393627 0.941993 0.392745 0.943317 0.390523 0.943317 0.384314 0.943317 0.379428 0.945098 0.376765 0.949542 0.373660 0.957075 0.373660 0.960637 0.377647 0.961520 0.384314 0.965065 0.391405 0.967729 0.395409 0.967729 0.402059 0.965523 0.411389 0.961520 0.420261 0.959739 0.430016 0.959739 0.439346 0.959739 0.447337 0.959739 0.453987 0.957533 0.455768 0.951307 0.455768
0 0.013088 0.474771 0.014592 0.456699 0.014085 0.444167 0.017092 0.428105 0.025114 0.423595 0.032141 0.420082 0.035163 0.417582 0.039167 0.409542 0.041683 0.405033 0.046699 0.404526 0.055229 0.410049 0.054722 0.415065 0.052206 0.419085 0.056225 0.430114 0.056225 0.452696 0.060245 0.475768 0.062255 0.488317 0.053219 0.483791 0.053219 0.486307 0.047190 0.486307 0.042173 0.516405 0.037157 0.536471 0.033154 0.549526 0.038660 0.554542 0.035163 0.558546 0.025621 0.557042 0.025114 0.546503 0.030131 0.509379 0.032647 0.490327 0.028137 0.490327 0.023121 0.528954 0.022614 0.539494 0.023611 0.548513 0.023121 0.554542 0.013578 0.552533 0.011078 0.541993 0.012075 0.505866 0.012075 0.480784
17 0.741879 0.446471 0.745114 0.421013 0.743268 0.415931 0.741422 0.409444 0.741422 0.403905 0.741879 0.399739 0.742337 0.394641 0.745572 0.384935 0.755294 0.383546 0.756225 0.386781 0.765016 0.387239 0.773350 0.394641 0.773350 0.399739 0.770098 0.401127 0.765474 0.402974 0.763627 0.405752 0.764542 0.412696 0.769183 0.415474 0.774722 0.415931 0.774265 0.422402 0.772876 0.424265 0.769641 0.434444 0.769641 0.434902 0.770098 0.440458 0.770098 0.445997 0.768252 0.447386 0.761781 0.443693 0.762239 0.436748 0.763170 0.431667 0.765016 0.421013 0.760392 0.425654 0.760392 0.436748 0.759003 0.447859 0.757141 0.450637 0.753448 0.448774 0.751601 0.440458 0.752059 0.432582 0.752990 0.427958 0.747435 0.418235 0.748350 0.433513 0.750212 0.444624 0.748824 0.450637 0.744199 0.450637
0 0.243660 0.512206 0.224069 0.517549 0.212190 0.517549 0.214575 0.483105 0.215752 0.469444 0.216356 0.455196 0.216356 0.443905 0.209232 0.445686 0.213971 0.427288 0.221095 0.421340 0.230016 0.415408 0.237141 0.407696 0.249003 0.407696 0.249003 0.421944 0.249003 0.443317 0.246046 0.461127 0.244265 0.475980 0.238317 0.489641 0.236536 0.490229 0.231797 0.500915 0.240703 0.506863
0 0.908709 0.398529 0.908709 0.389984 0.917255 0.387141 0.920670 0.393399 0.921814 0.397958 0.926928 0.406503 0.926928 0.422451 0.922941 0.432141 0.920670 0.442958 0.917827 0.451503 0.912124 0.456634 0.910980 0.450931 0.910408 0.423595 0.908709 0.420180 0.903578 0.423023 0.900735 0.417892 0.903578 0.408791 0.906422 0.397386
0 0.770915 0.377206 0.770408 0.371716 0.768284 0.366226 0.765163 0.363971 0.763170 0.360098 0.762418 0.354739 0.757173 0.352990 0.753186 0.355605 0.752173 0.360735 0.751814 0.364477 0.749935 0.367222 0.748676 0.369592 0.745686 0.372222 0.748676 0.374591 0.754297 0.376209 0.758415 0.378203 0.768660 0.378954
17 0.412908 0.346242 0.400000 0.326879 0.395703 0.316127 0.395703 0.303219 0.395703 0.294624 0.395703 0.290327 0.406454 0.296781 0.432255 0.320425 0.438709 0.324739 0.453758 0.318284 0.458072 0.318284 0.483873 0.313971 0.490327 0.320425 0.498922 0.324739 0.509673 0.301078 0.529036 0.283873 0.544085 0.281716 0.533333 0.320425 0.529036 0.341928 0.565588 0.369886 0.578497 0.393546 0.625801 0.436552 0.660212 0.473121 0.653758 0.531176 0.643007 0.569886 0.625801 0.608595 0.602157 0.634412 0.587092 0.675261 0.572042 0.713971 0.559134 0.735490 0.561291 0.772042 0.559134 0.791405 0.552696 0.817206 0.544085 0.838709 0.544085 0.875261 0.550539 0.935490 0.535490 0.944085 0.516127 0.935490 0.498922 0.929036 0.503219 0.901078 0.507533 0.881716 0.483873 0.883873 0.492467 0.913971 0.490327 0.924739 0.468824 0.931176 0.434412 0.926879 0.427958 0.911830 0.430114 0.881716 0.436552 0.847304 0.438709 0.821503 0.443007 0.789248 0.438709 0.776340 0.440866 0.761291 0.445163 0.733333 0.436552 0.703219 0.427958 0.683873 0.421503 0.658072 0.421503 0.623660 0.412908 0.604297 0.406454 0.584951 0.406454 0.572042 0.406454 0.541928 0.410752 0.529036 0.410752 0.494624 0.410752 0.460212 0.408595 0.453758 0.391405 0.447304 0.384951 0.436552 0.387091 0.408595 0.393546 0.382794 0.400000 0.367745 0.406454 0.356993 0.410752 0.348382
