58 0.053125 0.518859 0.056167 0.542484 0.062271 0.570687 0.079542 0.585938 0.080562 0.598891 0.078521 0.602703 0.131375 0.604219 0.143563 0.599656 0.155750 0.538672 0.167958 0.562297 0.174042 0.560781 0.160833 0.523438 0.134417 0.498281 0.196417 0.509719 0.201479 0.502859 0.216729 0.502859 0.220792 0.495234 0.149667 0.450266 0.137479 0.441125 0.120187 0.442656 0.121208 0.431984 0.171000 0.439594 0.273646 0.477703 0.284813 0.477703 0.197417 0.441125 0.185229 0.435797 0.206563 0.431984 0.163896 0.391578 0.226896 0.409875 0.241125 0.411406 0.178125 0.386250 0.169979 0.386250 0.155750 0.366437 0.167958 0.355766 0.160833 0.348906 0.136458 0.371766 0.165917 0.394641 0.129333 0.385484 0.106979 0.398438 0.111042 0.383203 0.098854 0.348906 0.092750 0.344328 0.082604 0.373297 0.068375 0.339766 0.030771 0.328328 0.038896 0.343578 0.063292 0.364156 0.055167 0.372531 0.032792 0.383203 0.003333 0.377875 0.004354 0.383203 0.024667 0.389297 0.014521 0.398438 0.000000 0.393875 0.000000 0.498281 0.000292 0.508953 0.038896 0.492953 0.031792 0.530297 0.018583 0.560781 0.032792 0.547063 0.029750 0.559250
75 0.221083 0.091031 0.225375 0.113609 0.221083 0.145875 0.227104 0.153625 0.226229 0.158781 0.246896 0.161375 0.250333 0.161375 0.252062 0.156203 0.252062 0.152984 0.257208 0.151688 0.264958 0.142656 0.266687 0.116844 0.271833 0.100703 0.274417 0.096828 0.260667 0.094250
77 0.838917 0.584406 0.843229 0.588281 0.850979 0.586984 0.857854 0.585703 0.863021 0.588922 0.867312 0.594094 0.880229 0.594734 0.886250 0.592797 0.891417 0.587641 0.898292 0.585063 0.900875 0.574734 0.900875 0.563109 0.899167 0.556656 0.899167 0.548922 0.905187 0.542469 0.908625 0.532141 0.908625 0.526969 0.900875 0.525031 0.888833 0.522453 0.874208 0.518578 0.858708 0.519234 0.861292 0.532781 0.860438 0.545687 0.843229 0.559891 0.834625 0.573438 0.832042 0.580531
73 0.520312 0.112734 0.537313 0.113125 0.530104 0.156375 0.529583 0.169328 0.512583 0.169328 0.517750 0.112734
73 0.510646 0.113406 0.507042 0.152219 0.509104 0.168641 0.489792 0.168641 0.494167 0.113219 0.498542 0.113016 0.503958 0.112625
73 0.426229 0.110891 0.424042 0.167172 0.432792 0.168266 0.437167 0.110891 0.429875 0.110344
73 0.328938 0.568641 0.332625 0.573484 0.415354 0.570719 0.416750 0.581109 0.329854 0.584578 0.323854 0.574875
73 0.451542 0.166719 0.437958 0.166250 0.437354 0.109812 0.455229 0.110734
73 0.537646 0.170062 0.545479 0.116391 0.555938 0.116391 0.549667 0.168500 0.541833 0.170062
73 0.558875 0.170828 0.569062 0.116734 0.576354 0.118375 0.569062 0.169188
65 0.318292 0.671734 0.327146 0.664672 0.330292 0.657391 0.330292 0.651828 0.328854 0.650328 0.332854 0.649250 0.329729 0.645828 0.327729 0.644328 0.325438 0.645828 0.320583 0.642391 0.308021 0.650531 0.308021 0.654172 0.312292 0.656750 0.310292 0.663609 0.310875 0.670672 0.315146 0.673891
73 0.420271 0.560687 0.424688 0.520547 0.432646 0.520203 0.427771 0.561016
73 0.474458 0.558203 0.474875 0.519125 0.486271 0.520047 0.486271 0.557891
73 0.454625 0.558062 0.458292 0.519281 0.465208 0.518984 0.460729 0.558672
73 0.338333 0.163312 0.341271 0.135547 0.343146 0.123469 0.343792 0.114516 0.343354 0.105422 0.346917 0.105422 0.347333 0.144797 0.347125 0.150141 0.347125 0.163797
73 0.355687 0.164891 0.355687 0.111828 0.355896 0.105984 0.361250 0.105141 0.361021 0.140531 0.360792 0.165063
62 0.170104 0.168625 0.625521 0.183031 0.636479 0.244750 0.606313 0.248875 0.551437 0.257094 0.526750 0.263266 0.502062 0.283844 0.488333 0.335281 0.485604 0.362031 0.482854 0.392906 0.156375 0.399078
