39 0.923729 0.824594 0.924167 0.834203 0.920188 0.839516 0.915771 0.845484 0.916646 0.859750 0.916646 0.860078 0.915771 0.868703 0.916646 0.879641 0.953792 0.876328 0.954229 0.859078 0.955125 0.853781 0.950250 0.846484 0.945833 0.842500 0.942729 0.839844 0.938750 0.837187 0.937437 0.823266 0.929917 0.821937 0.923729 0.822594
74 0.711687 0.281453 0.716104 0.264891 0.742604 0.249984 0.776833 0.250813 0.801146 0.267375 0.808875 0.290563 0.798937 0.311266 0.768000 0.325344 0.730458 0.317891 0.710583 0.296359 0.710583 0.278141
0 0.511646 0.499672 0.496979 0.526188 0.511646 0.531375 0.522854 0.552063 0.519396 0.578578 0.557354 0.572109 0.586667 0.596687 0.588396 0.579875 0.580625 0.544953 0.590125 0.533312 0.590125 0.528781 0.597021 0.524906 0.580625 0.492562 0.558208 0.478984 0.560792 0.471219 0.548729 0.458922 0.538375 0.458281 0.528021 0.462813 0.526313 0.472516 0.534063 0.486094 0.515083 0.494500 0.512500 0.499031
58 0.631812 0.510906 0.617979 0.515828 0.601229 0.514734 0.592479 0.514734 0.593938 0.521844 0.591021 0.527844 0.588833 0.538781 0.591750 0.547516 0.609229 0.548609 0.616521 0.545344 0.618708 0.557906 0.635458 0.607078 0.638375 0.612547 0.612146 0.614734 0.628896 0.622391 0.654396 0.621297 0.663875 0.617469 0.672625 0.624031 0.673354 0.631125 0.678458 0.636047 0.684271 0.624031 0.690833 0.610906 0.682083 0.599984 0.674083 0.581406 0.667521 0.585234 0.656583 0.577578 0.654396 0.562828 0.658771 0.550250 0.662417 0.548063 0.672625 0.544250 0.678458 0.531672 0.682083 0.525125 0.663146 0.506000 0.641292 0.502719
56 0.939417 0.695953 0.939417 0.695953 0.946375 0.637766 0.973229 0.628062 1.000000 0.637766 0.984167 0.666109 0.972250 0.702656 0.972250 0.702656 0.964292 0.742938 0.830021 0.749656 0.818083 0.716094 0.897646 0.716828 0.897646 0.716828 0.941417 0.702656
39 0.869979 0.859656 0.865146 0.862250 0.866521 0.882187 0.859958 0.880891 0.860667 0.820031 0.864812 0.817703 0.871354 0.817703 0.870667 0.809156 0.874479 0.807344 0.875854 0.807344 0.877229 0.802422 0.881375 0.802172 0.882417 0.807859 0.886562 0.810203 0.886562 0.812266 0.887583 0.819516 0.894500 0.819516 0.897271 0.819781 0.899688 0.822109 0.898646 0.838172 0.890708 0.834547 0.887583 0.834547 0.887250 0.839984 0.889313 0.844906 0.888979 0.846453 0.878958 0.848016 0.873771 0.851109 0.875500 0.856031 0.880333 0.857328 0.880333 0.859141 0.873083 0.859406
56 0.895229 0.713422 0.888646 0.631891 0.890292 0.617078 0.866417 0.606578 0.845000 0.618312 0.840875 0.673891 0.794771 0.679453 0.765125 0.678828 0.759354 0.681297 0.793125 0.697984 0.821125 0.720219 0.826063 0.716500 0.864771 0.715266 0.893583 0.717734 0.895229 0.713422
58 0.187792 0.213969 0.194042 0.219078 0.194042 0.221641 0.190646 0.225469 0.190063 0.225891 0.188375 0.236531 0.184958 0.242922 0.179854 0.252719 0.176438 0.263359 0.174167 0.274859 0.173604 0.282937 0.176438 0.287203 0.183250 0.287203 0.197458 0.274000 0.202000 0.288484 0.206542 0.289750 0.215625 0.285922 0.212771 0.274422 0.215042 0.265063 0.233792 0.261234 0.237187 0.261234 0.230375 0.271016 0.233792 0.285922 0.246271 0.288906 0.254229 0.292313 0.265583 0.294859 0.268979 0.290188 0.273521 0.280391 0.278062 0.270594 0.277500 0.265484 0.265583 0.255703 0.259333 0.244625 0.259333 0.234828 0.257062 0.228453 0.252521 0.223344 0.251958 0.223344 0.247979 0.223344 0.242292 0.213969 0.233792 0.210141 0.222437 0.207156 0.219583 0.200344 0.210500 0.199922 0.203687 0.203750 0.200292 0.205453 0.195188 0.199922 0.188938 0.199500 0.186667 0.200344 0.178708 0.205031 0.176438 0.214828 0.181562 0.216531
39 0.868250 0.879094 0.866271 0.862781 0.880104 0.859828 0.888000 0.839063 0.893937 0.833141 0.911729 0.837594 0.915688 0.840547 0.917646 0.861297 0.927542 0.868719 0.929521 0.889469 0.927542 0.896875 0.927542 0.902812 0.888000 0.907250 0.872208 0.899844
39 0.944417 0.835203 0.943979 0.826047 0.947771 0.824141 0.949042 0.819406 0.949042 0.818453 0.952417 0.817187 0.950917 0.805016 0.954938 0.805172 0.958708 0.804750 0.960104 0.807422 0.960000 0.808656 0.960417 0.813391 0.966333 0.815609 0.967583 0.821609 0.967583 0.822250 0.973063 0.824781 0.973917 0.831422 0.974333 0.837734 0.971375 0.835531 0.966917 0.835031 0.962104 0.836438 0.958312 0.839641 0.961271 0.848797 0.956208 0.849438 0.958292 0.862547 0.954958 0.863313 0.955187 0.854484 0.949917 0.846234 0.944417 0.840578 0.943812 0.834094
67 0.400354 0.611484 0.401688 0.636063 0.390313 0.651625 0.386312 0.684234 0.411729 0.687234 0.425771 0.663656 0.433792 0.649109 0.428458 0.608969 0.421083 0.604969
56 0.695104 0.646797 0.717917 0.653531 0.729667 0.659234 0.740042 0.661312 0.753167 0.674266 0.778063 0.667531 0.782208 0.666500 0.771833 0.661312 0.773229 0.656641 0.781521 0.655609 0.796042 0.656125 0.811250 0.649906 0.808479 0.613609 0.806396 0.605312 0.805021 0.597016 0.800187 0.589234 0.787750 0.583531 0.775979 0.583531 0.764917 0.588719 0.758708 0.592359 0.756625 0.605828 0.752479 0.631234 0.734500 0.634344 0.722062 0.637984 0.721375 0.640047 0.715854 0.637984 0.701333 0.637984 0.690958 0.638500 0.689583 0.644719
62 1.000000 0.317937 0.895562 0.319922 0.904625 0.411766 0.908792 0.413469 0.908792 0.413469 0.945458 0.412328 1.000000 0.411766 1.000000 0.317656
39 0.816854 0.885094 0.793917 0.883141 0.796500 0.878594 0.801271 0.862359 0.794354 0.847438 0.794771 0.839312 0.790458 0.826328 0.792188 0.818859 0.812958 0.812688 0.845437 0.813016 0.860583 0.817234 0.861875 0.826656 0.861021 0.837047 0.859271 0.849703 0.858417 0.857172 0.857979 0.866594 0.858854 0.879578 0.843271 0.882500 0.841542 0.875359 0.835042 0.872437 0.821188 0.871453 0.816000 0.883141
39 0.669458 0.683547 0.669458 0.674312 0.671062 0.672359 0.674500 0.666313 0.676313 0.666156 0.676917 0.670844 0.680938 0.672203 0.680542 0.675687 0.677729 0.676891 0.675917 0.680672 0.675104 0.683688
39 0.963875 0.835594 0.970958 0.835719 0.975604 0.839203 0.975604 0.848094 0.981083 0.848906 0.980792 0.861844 0.976042 0.861750 0.975187 0.864297 0.975187 0.873188 0.965875 0.872859 0.964188 0.864922 0.958250 0.862391 0.956979 0.851281 0.956979 0.849375 0.961292 0.848922 0.958083 0.839437
0 0.017896 0.760844 0.059667 0.698203 0.086500 0.644516 0.065625 0.577391 0.035792 0.517000 0.044750 0.427516 0.122292 0.351453 0.238625 0.322359 0.387771 0.344734 0.423562 0.389484 0.432521 0.454359 0.441458 0.512516 0.441458 0.563969 0.423562 0.579641 0.519021 0.642281 0.554812 0.666891 0.587625 0.745188 0.599563 0.792156 0.626396 0.854797 0.638333 0.908500 0.745708 0.989031 0.000000 0.980078
56 0.841417 0.674812 0.803542 0.677656 0.771708 0.678219 0.777021 0.666859 0.781563 0.665156 0.771708 0.660031 0.772479 0.656625 0.792937 0.655484 0.811125 0.651516 0.822479 0.646969 0.830813 0.601500 0.852792 0.594688 0.883854 0.594688 0.896729 0.595250 0.908854 0.606625 0.914167 0.631047 0.911125 0.661172 0.911125 0.678797 0.906583 0.708344 0.905083 0.710047 0.905083 0.681063 0.894458 0.681625 0.891438 0.620828 0.865667 0.606625 0.843708 0.617422
