46 0.451680 0.747627 0.443260 0.698187 0.450000 0.680213 0.458420 0.635280 0.473600 0.601573 0.505620 0.585840 0.532580 0.585840 0.562920 0.601573 0.601680 0.639760 0.615160 0.698187 0.620220 0.752133 0.608420 0.792560 0.593260 0.815040 0.564600 0.826267 0.546060 0.844267 0.502240 0.828533 0.492140 0.815040
46 0.771040 0.352133 0.800460 0.336213 0.846600 0.323493 0.883980 0.323493 0.913420 0.328800 0.928540 0.335147 0.938880 0.346827 0.940460 0.363787 0.918180 0.414693 0.881600 0.441227 0.856940 0.420000 0.795680 0.376507 0.769440 0.359547
46 0.302360 0.811947 0.315880 0.881760 0.317560 0.886267 0.342900 0.926800 0.396960 0.940320 0.396960 0.940320 0.461140 0.940320 0.498320 0.886267 0.501680 0.829947 0.483100 0.764640 0.439180 0.726347 0.410480 0.728613 0.344600 0.762400 0.326020 0.773653
49 0.184980 0.420640 0.166480 0.355600 0.238780 0.263680 0.349780 0.221067 0.373320 0.214347 0.373320 0.247973 0.349780 0.286107 0.331280 0.321973 0.306060 0.357840 0.250560 0.398213 0.206840 0.391467
46 0.847760 0.591013 0.822480 0.678640 0.798880 0.710107 0.689320 0.730347 0.648880 0.694373 0.615160 0.651680 0.618540 0.591013 0.626960 0.548320 0.689320 0.525840 0.751680 0.530347 0.807300 0.537067 0.847760 0.557307
46 0.680900 0.435573 0.697760 0.381653 0.736520 0.354693 0.773600 0.359173 0.911800 0.482773 0.916860 0.505253 0.903380 0.529973 0.886520 0.541200 0.852800 0.559173 0.775280 0.527707 0.756740 0.525467 0.734840 0.514240
46 0.960680 0.292133 0.925280 0.328080 0.817420 0.323600 0.773600 0.260667 0.808980 0.197760 0.867980 0.184267 0.921920 0.170773 0.965740 0.226960 0.970780 0.262933
46 0.111960 0.326080 0.136680 0.378160 0.129500 0.420693 0.104780 0.418560 0.068900 0.421760 0.044980 0.437707 0.027440 0.457893 0.004320 0.437707 0.001940 0.372853 0.041800 0.321840 0.076080 0.303760 0.096800 0.319707
46 0.235840 0.707867 0.257520 0.707867 0.294540 0.730747 0.318940 0.766880 0.318040 0.787360 0.302680 0.815040 0.303580 0.854800 0.285520 0.854800 0.225900 0.857200 0.186160 0.843947 0.159980 0.827093 0.144620 0.807840 0.133780 0.771707 0.147340 0.722320
46 0.139880 0.725840 0.109560 0.716853 0.085960 0.678640 0.096060 0.615733 0.131460 0.588773 0.210680 0.602240 0.239320 0.644933 0.241020 0.674160 0.234260 0.705627
46 0.129780 0.363680 0.117980 0.336693 0.106180 0.320987 0.091020 0.273787 0.099440 0.240080 0.126400 0.233333 0.153380 0.233333 0.183700 0.228827 0.210680 0.231093 0.224160 0.264800 0.224160 0.307493 0.198880 0.338960 0.175280 0.347947 0.148320 0.356933 0.139880 0.359173
46 0.019800 0.472960 0.015720 0.509787 0.020820 0.535707 0.034120 0.550720 0.088360 0.539787 0.126220 0.526160 0.136440 0.539787 0.152820 0.493413 0.151800 0.453840 0.135420 0.418373 0.087340 0.419733 0.055620 0.423840 0.025940 0.462027
46 0.087640 0.649440 0.096060 0.611227 0.131460 0.584267 0.187080 0.600000 0.156740 0.548320 0.121340 0.530347 0.060680 0.548320 0.020220 0.555067 0.001680 0.570773 0.001680 0.633707 0.016860 0.647200 0.040440 0.651680 0.079220 0.649440
46 0.765840 0.135600 0.785020 0.128613 0.815960 0.128613 0.849100 0.129787 0.863040 0.137333 0.875240 0.139067 0.878740 0.164080 0.871760 0.176853 0.861300 0.180933 0.843860 0.189067 0.792860 0.213467 0.782400 0.246027 0.764100 0.249493 0.744920 0.222187 0.753640 0.151280
