0 0.027094 0.003958 0.027094 0.017500 0.027094 0.035563 0.013547 0.051354 0.000000 0.060375 0.001688 0.112313 0.128672 0.103271 0.128672 0.071667 0.120203 0.051354 0.111734 0.062646 0.099891 0.073938 0.089734 0.055875 0.076187 0.044583 0.067719 0.026521 0.067719 0.003958 0.066031 0.001688 0.066031 0.001688
0 0.590187 0.030437 0.588359 0.030437 0.583781 0.035312 0.582188 0.040167 0.582422 0.045354 0.579672 0.046563 0.576703 0.044146 0.573500 0.040167 0.571453 0.036833 0.570766 0.036521 0.565969 0.014292 0.560719 0.002104 0.560719 0.000896 0.647062 0.000583 0.647516 0.009708 0.645000 0.018250 0.641359 0.022812 0.639750 0.026479 0.639750 0.028292
38 0.283859 0.599000 0.323938 0.583542 0.337938 0.573875 0.368375 0.550708 0.390578 0.539104 0.407484 0.533312 0.421484 0.533312 0.430188 0.538458 0.429219 0.550062 0.421000 0.562292 0.406031 0.575167 0.387203 0.587396 0.353391 0.593833 0.323453 0.597062 0.295453 0.606729 0.288203 0.609292 0.274687 0.603500
56 0.312719 0.001583 0.310672 0.018812 0.307141 0.028604 0.305375 0.033708 0.303609 0.038417 0.301266 0.045062 0.300672 0.050167 0.299797 0.064271 0.309781 0.068583 0.320656 0.069354 0.328891 0.069354 0.326828 0.064271 0.318016 0.058000 0.317719 0.052125 0.326531 0.049771 0.331828 0.049375 0.338578 0.040375 0.348859 0.029792 0.356797 0.027042 0.366500 0.025875 0.375313 0.027833 0.388234 0.032146 0.391469 0.032146 0.391469 0.019604 0.390297 0.008625 0.390000 0.005500 0.388828 0.001187 0.387937 0.001187
0 0.129500 0.094771 0.130344 0.068208 0.138406 0.044438 0.154953 0.036542 0.167250 0.028042 0.162578 0.001458 0.205844 0.001458 0.201609 0.026917 0.197359 0.036542 0.215172 0.034833 0.225781 0.064813 0.230016 0.085396 0.127797 0.098396
0 0.426266 0.063708 0.428469 0.043167 0.430672 0.032896 0.435062 0.023625 0.439109 0.016771 0.450469 0.000000 0.459266 0.000000 0.486766 0.000000 0.494109 0.000000 0.495562 0.000000 0.500344 0.002583 0.509141 0.010896 0.513906 0.017250 0.516844 0.029979 0.521969 0.043667 0.524172 0.054417
0 0.645734 0.026896 0.644063 0.026896 0.644063 0.015688 0.652469 0.000000 0.659187 0.000000 0.692828 0.000000 0.718047 0.000000 0.738234 0.013458 0.753359 0.020187 0.694500 0.038125 0.640688 0.040354
0 0.096672 0.001708 0.103500 0.063833 0.114672 0.062167 0.119656 0.055542 0.126484 0.064646 0.131453 0.072937 0.138281 0.045604 0.168094 0.030687 0.162516 0.000042 0.098531 0.000000
0 0.558891 0.001458 0.566625 0.015667 0.571469 0.038250 0.562750 0.033729 0.518719 0.035021 0.509516 0.012437 0.496453 0.000812
56 0.226828 0.065083 0.247984 0.063542 0.279984 0.063542 0.286844 0.079563 0.234266 0.084896
0 0.427500 0.057229 0.412031 0.048167 0.405625 0.042146 0.401094 0.033083 0.397703 0.026042 0.396953 0.009958 0.396203 0.000000 0.451250 0.000000 0.442953 0.009958 0.434656 0.025542 0.430891 0.040125 0.429000 0.045167
0 0.817172 0.022688 0.833297 0.022688 0.856781 0.021708 0.872922 0.018771 0.885391 0.014854 0.887594 0.010937 0.887594 0.008021 0.883187 0.008021 0.873656 0.005083 0.864109 0.002146 0.850906 0.002146 0.836234 0.002146 0.828906 0.002146 0.823031 0.005083 0.820828 0.008021 0.819359 0.012896 0.817891 0.017792
