25 0.986906 0.211792 0.942672 0.211792 0.894156 0.215604 0.852766 0.215604 0.812813 0.215604 0.754297 0.183250 0.750016 0.173750 0.727172 0.145188 0.731453 0.131875 0.740016 0.122354 0.797109 0.097625 0.905563 0.067188 0.969781 0.036729 1.000000 0.010104 0.999750 0.131875 1.000000 0.169938 0.999750 0.187063 0.999750 0.194667 0.998328 0.198479
0 0.532812 0.327792 0.536016 0.285271 0.535203 0.261896 0.535203 0.244875 0.537609 0.238500 0.543187 0.223625 0.547969 0.221500 0.560719 0.228937 0.559922 0.250187 0.556734 0.267208 0.566297 0.284208 0.568687 0.308667 0.560719 0.340542
0 0.644969 0.216500 0.644969 0.216500 0.644219 0.236125 0.644219 0.245167 0.638938 0.254729 0.640078 0.264271 0.677031 0.289417 0.690609 0.381938 0.688719 0.393500 0.663078 0.393500 0.656281 0.390479 0.651766 0.394000 0.642719 0.382438 0.634422 0.400042 0.615562 0.406583 0.615938 0.402042 0.609531 0.403062 0.606516 0.411104 0.597828 0.405062 0.591047 0.401042 0.583500 0.412604 0.575969 0.405562 0.574453 0.408083 0.567281 0.402042 0.563516 0.403062 0.556734 0.388979 0.558234 0.343208 0.559375 0.342708 0.559750 0.340708 0.570312 0.297958 0.573328 0.288917 0.595578 0.274333 0.606891 0.262771 0.601984 0.211979 0.621969 0.196396 0.632531 0.196396 0.646859 0.212479
25 0.460547 0.146250 0.539328 0.113521 0.662359 0.105250 0.699437 0.123229 0.738203 0.136708 0.803938 0.224354 0.640453 0.253563 0.458422 0.197375
25 0.454984 0.144271 0.461484 0.146437 0.458766 0.151146 0.451188 0.152938 0.444141 0.151854 0.441969 0.150063 0.386438 0.174250 0.373703 0.215812 0.358516 0.214354 0.339281 0.214354 0.313547 0.211458 0.303797 0.209667 0.303797 0.204250 0.306781 0.202792 0.332516 0.193042 0.366656 0.142458 0.355547 0.136333 0.354734 0.134875 0.372609 0.131625 0.372344 0.122604 0.380469 0.115729 0.384531 0.121146 0.389141 0.130917 0.400250 0.130917 0.441437 0.140667 0.427078 0.139583 0.424359 0.136333 0.420297 0.148604 0.420297 0.149687 0.425719 0.140292
0 0.766078 0.306146 0.774750 0.290062 0.779281 0.279500 0.768344 0.281021 0.767969 0.270458 0.765328 0.253854 0.769094 0.244312 0.779281 0.242792 0.785688 0.251854 0.787578 0.264917 0.794734 0.277500 0.801906 0.299625 0.800781 0.334813 0.794734 0.331292 0.778906 0.325771 0.762313 0.326771 0.754016 0.331792 0.756281 0.316208 0.766453 0.307667
0 0.657547 0.272083 0.661891 0.271771 0.665094 0.269333 0.667156 0.262937 0.669219 0.257125 0.676781 0.248896 0.687312 0.248583 0.690047 0.250104 0.691891 0.257437 0.692344 0.267500 0.692109 0.275146 0.695094 0.280625 0.699672 0.288562 0.704016 0.299875 0.709734 0.331604 0.707687 0.341375 0.703562 0.349937 0.700812 0.352063 0.700812 0.340458 0.697156 0.325208 0.684328 0.322146 0.682719 0.315729 0.681125 0.309021 0.680438 0.302917 0.679062 0.298958 0.676781 0.291625 0.673344 0.288562 0.663953 0.282167 0.659828 0.278187 0.658234 0.275438
0 0.000109 0.272958 0.010000 0.267833 0.017703 0.251708 0.022641 0.245854 0.029234 0.248063 0.037484 0.254646 0.040781 0.270042 0.036937 0.283958 0.060016 0.346979 0.051219 0.352104 0.037484 0.338917 0.037484 0.349167 0.030891 0.357229 0.024844 0.351375 0.020437 0.359437 0.012203 0.356500 0.009453 0.356500 0.007250 0.334521 0.000656 0.322792
0 0.173578 0.270917 0.171266 0.263896 0.170000 0.260250 0.163047 0.258563 0.155672 0.258854 0.153141 0.262208 0.148500 0.270083 0.150406 0.276271 0.152719 0.281312 0.152719 0.284417 0.149984 0.285542 0.149141 0.288896 0.141984 0.297333 0.132281 0.309979 0.128281 0.318125 0.128078 0.333000 0.128281 0.345083 0.129344 0.353500 0.132922 0.357167 0.134813 0.350146 0.134609 0.338333 0.136703 0.333292 0.137344 0.332167 0.137344 0.317833 0.139875 0.308562 0.145984 0.308562 0.150188 0.329062 0.155250 0.324854 0.160516 0.324854 0.163047 0.328500 0.164734 0.325417 0.166422 0.321479 0.168094 0.320917 0.168094 0.315875 0.173156 0.308000 0.179891 0.308000 0.179266 0.300708 0.175469 0.295917 0.174000 0.294792 0.174203 0.289458 0.172953 0.286938 0.174203 0.279917 0.174625 0.277104
0 0.761391 0.294583 0.757234 0.294167 0.754687 0.302687 0.748297 0.306521 0.747016 0.301833 0.748609 0.286500 0.751813 0.270333 0.753078 0.256708 0.758516 0.252875 0.765859 0.255000 0.767781 0.260958 0.768094 0.279271 0.769047 0.282667 0.779594 0.279271 0.766172 0.308208 0.764578 0.306083
0 0.850484 0.277542 0.857891 0.291250 0.856094 0.294146 0.853016 0.296312 0.851578 0.303292 0.838203 0.303542 0.838203 0.293187 0.838750 0.284271 0.841641 0.280417 0.841812 0.275354 0.844344 0.271750 0.849047 0.273687 0.851031 0.278021
0 0.083188 0.256687 0.086125 0.253396 0.091047 0.252521 0.093328 0.254708 0.095953 0.261271 0.097422 0.264750 0.102672 0.265625 0.104641 0.270000 0.105953 0.273938 0.104797 0.280271 0.102016 0.284187 0.099563 0.285937 0.095953 0.284854
0 0.808141 0.301458 0.811672 0.292417 0.811531 0.288646 0.811250 0.284500 0.812516 0.280542 0.813797 0.276750 0.813094 0.275063 0.812234 0.271667 0.812094 0.266771 0.814641 0.264875 0.818609 0.265250 0.820297 0.269792 0.819172 0.273562 0.822984 0.276958 0.825531 0.282792 0.825953 0.289958 0.826094 0.296750 0.826094 0.300521 0.808844 0.301646
0 0.591266 0.276125 0.588219 0.271875 0.584344 0.269479 0.582828 0.272062 0.581859 0.277583 0.582406 0.281104 0.585453 0.280729 0.590984 0.277229
49 0.003375 0.604500 0.037078 0.595500 0.060672 0.568542 0.096062 0.579771 0.144938 0.570792 0.173594 0.543813 0.205625 0.570792 0.212359 0.541583 0.244375 0.550563 0.276406 0.534833 0.294937 0.539333 0.316859 0.530333 0.342141 0.516854 0.389328 0.498875 0.399437 0.521354 0.411234 0.501125 0.446625 0.537083 0.446625 0.537083 0.463484 0.519104 0.505625 0.514604 0.534266 0.496625 0.534266 0.496625 0.556188 0.480896 0.567984 0.458417 0.601687 0.462917 0.611797 0.453938 0.625281 0.431458 0.664047 0.438208 0.702812 0.440458 0.726406 0.447187 0.733141 0.474167 0.771906 0.485396 0.788766 0.519104 0.797188 0.548312 0.792141 0.584271 0.765172 0.613479 0.741578 0.635958 0.741578 0.669667 0.689328 0.696625 0.507297 0.806750 0.505625 0.806750 0.289891 0.903375 0.146625 0.973042 0.091016 0.982021 0.003375 0.984271 0.006734 0.626958
0 0.462844 0.456083 0.466219 0.442562 0.452703 0.366000 0.466219 0.309687 0.488172 0.296167 0.494938 0.266896 0.508453 0.239875 0.545609 0.248875 0.535469 0.282667 0.530406 0.318687 0.530406 0.366000 0.542234 0.413292 0.506750 0.424542 0.518578 0.424542 0.505062 0.453833 0.505062 0.449333 0.486484 0.447062 0.467906 0.451583
25 0.180750 0.106979 0.224656 0.093458 0.366547 0.143021 0.334453 0.192563 0.250000 0.221854 0.152031 0.251125 0.081078 0.239875 0.027031 0.181313 0.077703 0.179063 0.086156 0.179063 0.148656 0.154271
