19 0.036776 0.369160 0.058364 0.344900 0.065117 0.291760 0.127196 0.274440 0.214907 0.284840 0.267523 0.283680 0.291822 0.269820 0.305327 0.269820 0.310724 0.307940 0.328271 0.327580 0.335000 0.333360 0.313411 0.351840 0.294533 0.377260 0.297220 0.395740 0.309369 0.424620 0.306659 0.433860 0.289136 0.432700 0.274276 0.403820 0.266192 0.394580 0.231098 0.388800 0.218949 0.436160 0.209509 0.443100 0.204112 0.423460 0.205467 0.384180 0.147430 0.386500 0.154182 0.418840 0.160911 0.436160 0.133925 0.436160 0.113692 0.403820 0.106939 0.394580 0.078598 0.436160 0.063762 0.435020 0.070514 0.395740 0.047570 0.417680 0.030023 0.398040 0.040818 0.371480
0 0.062477 0.311120 0.063037 0.302300 0.062196 0.298000 0.060257 0.291340 0.059136 0.284900 0.056916 0.281560 0.047710 0.274880 0.045491 0.273940 0.052173 0.271080 0.063598 0.271080 0.071098 0.268680 0.071098 0.268680 0.072220 0.266060 0.069720 0.262260 0.068598 0.258440 0.067220 0.249380 0.067757 0.241740 0.073061 0.236740 0.086425 0.239840 0.090888 0.246520 0.092266 0.251280 0.095047 0.258680 0.097850 0.261540 0.108972 0.273700 0.112593 0.280600 0.090607 0.286080 0.080864 0.290860 0.070561 0.301100 0.066939 0.306580
25 0.999322 0.197120 0.973949 0.194580 0.933154 0.195840 0.931168 0.254180 0.928692 0.253760 0.929182 0.197120 0.894860 0.194580 0.888902 0.194580 0.865023 0.195840 0.848107 0.193300 0.843621 0.188620 0.858061 0.175840 0.875958 0.163920 0.899346 0.154120 0.909790 0.152840 0.922220 0.151580 0.937640 0.151580 0.968972 0.157960 0.984883 0.163500 1.000000 0.172860
0 0.126612 0.194240 0.115327 0.184580 0.110818 0.177500 0.102547 0.163340 0.093505 0.160760 0.079977 0.166560 0.079977 0.176860 0.079977 0.189080 0.069439 0.189080 0.062664 0.193600 0.052897 0.203900 0.055140 0.214840 0.063411 0.218060 0.063411 0.224500 0.056659 0.234160 0.049883 0.241240 0.050631 0.248980 0.059650 0.241240 0.067944 0.236740 0.078458 0.237380 0.092009 0.238020 0.101028 0.241880 0.101028 0.248320 0.103294 0.256060 0.106308 0.241880 0.107804 0.231580 0.132617 0.218060 0.128107 0.201320
56 0.555444 0.202060 0.549393 0.178820 0.510164 0.181400 0.504112 0.191740 0.510164 0.202060 0.549393 0.196900
25 0.399696 0.156400 0.398832 0.130420 0.393925 0.133720 0.376822 0.135540 0.357360 0.136820 0.354790 0.133340 0.368271 0.126580 0.396916 0.117620 0.416565 0.116880 0.438808 0.116160 0.454626 0.128960 0.453341 0.131340 0.400981 0.131880
56 0.180678 0.164840 0.176285 0.175900 0.176589 0.181540 0.191075 0.182360 0.202710 0.183440 0.205864 0.187740 0.208692 0.193940 0.211846 0.200940 0.212173 0.205000 0.213107 0.206340 0.220654 0.206060 0.224136 0.205000 0.225701 0.201220 0.225397 0.193140 0.225701 0.185320 0.225701 0.182900 0.227897 0.169160 0.227897 0.164580 0.226636 0.161080 0.222547 0.157560 0.216893 0.156220 0.210584 0.155420 0.201145 0.155960 0.193271 0.155960 0.185724 0.157020 0.181636 0.159720 0.180678 0.161340
0 0.619322 0.124860 0.628201 0.127500 0.629579 0.143300 0.625818 0.152080 0.617944 0.160880 0.611098 0.169940 0.612477 0.176380 0.580678 0.180480 0.568692 0.174340 0.564603 0.167600 0.566986 0.138920 0.571425 0.131300 0.577593 0.125160 0.579299 0.113160 0.583411 0.102900 0.589229 0.093540 0.595023 0.091500 0.603925 0.092960 0.613505 0.103500 0.613505 0.114620 0.615210 0.122240
56 0.000000 0.331920 0.022967 0.327940 0.029626 0.341620 0.016986 0.346180 0.000000 0.346740
56 0.482126 0.228280 0.484930 0.215480 0.490537 0.206700 0.505467 0.203100 0.528364 0.203500 0.539556 0.205500 0.546565 0.206700 0.544229 0.223080 0.532547 0.223080 0.508271 0.225080 0.489603 0.225880 0.485864 0.227880
25 0.075350 0.192800 0.076168 0.168940 0.045864 0.170340 0.022103 0.164740 0.063061 0.142300 0.090911 0.140900 0.120421 0.158420 0.129416 0.164740 0.076986 0.162640 0.081098 0.199800 0.075350 0.197700 0.079439 0.187880
56 0.000000 0.269860 0.021986 0.271240 0.027640 0.277120 0.026822 0.288880 0.023995 0.299940 0.018341 0.300640 0.014720 0.296480 0.000000 0.295100
0 0.434065 0.159560 0.438154 0.156340 0.445047 0.151760 0.444743 0.148280 0.444743 0.146400 0.444743 0.142620 0.443808 0.139940 0.444416 0.135360 0.448201 0.130000 0.453528 0.128120 0.466098 0.134840 0.469229 0.141020 0.467664 0.145040 0.478668 0.149080 0.488388 0.152040 0.493738 0.156600 0.499393 0.169240 0.501893 0.176240 0.502850 0.183760 0.500654 0.190220 0.495631 0.196660 0.495631 0.200440 0.490911 0.207420 0.487150 0.213060 0.482430 0.217100 0.479603 0.217100 0.476145 0.207160 0.468294 0.207960 0.461075 0.209300 0.452290 0.208500 0.448505 0.207160 0.439089 0.206340 0.433738 0.208760 0.427780 0.213340 0.428715 0.218720 0.422757 0.222740 0.422126 0.210380 0.424322 0.204460 0.428084 0.201500 0.430607 0.197480 0.433131 0.164400 0.433435 0.162800
19 0.986542 0.407880 0.964089 0.422580 0.995794 0.462160 0.936355 0.458760 0.909953 0.430500 0.919182 0.386400 0.896729 0.316320 0.911262 0.276740 0.949556 0.269960 1.000000 0.276740 1.000000 0.413540 0.991822 0.438420
26 0.384626 0.188460 0.397430 0.186500 0.405210 0.186120 0.413925 0.196300 0.412079 0.201780 0.406589 0.205700 0.398364 0.206480 0.381425 0.201780 0.372266 0.197860
56 0.163341 0.268260 0.156308 0.256220 0.137547 0.254700 0.107079 0.254700 0.111192 0.243160 0.112944 0.240660 0.149276 0.237140 0.158668 0.237140 0.162757 0.245680
0 0.130678 0.208260 0.138505 0.179180 0.148972 0.176940 0.156799 0.156820 0.169883 0.161280 0.169883 0.179180 0.182944 0.181420 0.190794 0.206040 0.188178 0.230640 0.162033 0.232880 0.148972 0.235120 0.104533 0.239580 0.138505 0.214980
0 0.508925 0.169740 0.504252 0.160400 0.504252 0.153280 0.510467 0.135920 0.517757 0.125700 0.527103 0.119920 0.533341 0.115460 0.530748 0.108340 0.530748 0.102560 0.536472 0.094100 0.542173 0.091000 0.553621 0.092340 0.559322 0.098120 0.562453 0.115900 0.566075 0.120800 0.569206 0.123920 0.571285 0.126580 0.572313 0.130140 0.573878 0.135480 0.573878 0.145720 0.572827 0.155500 0.568692 0.167500 0.567126 0.175960 0.562453 0.188420 0.562967 0.198640 0.555701 0.203540 0.553621 0.189760 0.552570 0.178180 0.551005 0.174180 0.537500 0.174180 0.529696 0.174180 0.511519 0.177300 0.508388 0.173300
0 0.947126 0.277340 0.947780 0.267420 0.945187 0.263280 0.941005 0.258320 0.936822 0.255280 0.932313 0.254740 0.922664 0.254740 0.917173 0.258600 0.914603 0.270160 0.915888 0.277060 0.910421 0.285880 0.904626 0.298000 0.901729 0.307920 0.904953 0.312620 0.912033 0.294420 0.927804 0.283120 0.944229 0.279820
0 0.405654 0.203580 0.400187 0.201700 0.387079 0.203580 0.372850 0.201700 0.372850 0.200760 0.368481 0.189520 0.377220 0.182040 0.389252 0.184840 0.390350 0.169860 0.372850 0.166120 0.378318 0.156760 0.389252 0.154880 0.391425 0.143000 0.392173 0.137200 0.398201 0.133980 0.408738 0.133980 0.409486 0.135920 0.411729 0.142360 0.419252 0.145580 0.423014 0.149440 0.423014 0.155880 0.432804 0.161680 0.431308 0.182280 0.430537 0.200960 0.421519 0.204820 0.404977 0.204820
56 0.560374 0.198180 0.563645 0.187860 0.569135 0.180840 0.570771 0.178020 0.578435 0.178960 0.583364 0.178500 0.591028 0.177100 0.598154 0.175680 0.604720 0.175220 0.608551 0.176160 0.610187 0.177560 0.609089 0.179900 0.606916 0.184120 0.606355 0.184600 0.604720 0.191620 0.603084 0.193960 0.602523 0.195840 0.601425 0.195840 0.599229 0.197240 0.597593 0.198180 0.595958 0.199120
0 0.012173 0.220700 0.011355 0.213440 0.014977 0.208280 0.021449 0.198960 0.025467 0.195160 0.035537 0.192740 0.037967 0.188960 0.034346 0.183080 0.036752 0.176880 0.041986 0.172040 0.054883 0.173080 0.059720 0.180320 0.059322 0.188260 0.060140 0.195160 0.062547 0.196880 0.057313 0.200340 0.052477 0.207240 0.056495 0.213100 0.059322 0.217940 0.063762 0.223460 0.062547 0.229660 0.057710 0.231040 0.053692 0.229320 0.050047 0.223460 0.046425 0.217600 0.041986 0.214820 0.032734 0.217600 0.021846 0.223120 0.018621 0.225180 0.014977 0.221740
0 0.936472 0.252940 0.942780 0.244860 0.948014 0.242600 0.944603 0.237880 0.940935 0.232720 0.943551 0.223740 0.944089 0.215860 0.949346 0.212720 0.958528 0.211380 0.966145 0.212280 0.976379 0.219240 0.976121 0.229580 0.969556 0.238560 0.978481 0.246660 0.990023 0.259240 0.991869 0.276100 0.954579 0.277220 0.948551 0.277660 0.948294 0.269340 0.947757 0.265760 0.937266 0.255200
56 0.284579 0.162420 0.286729 0.170740 0.289439 0.175840 0.284579 0.180000 0.285117 0.200360 0.285117 0.203600 0.281869 0.204520 0.271051 0.192960 0.259696 0.174440 0.253224 0.167960 0.249439 0.165180 0.244042 0.163800 0.245654 0.169360 0.250514 0.181840 0.259159 0.206840 0.237547 0.207300 0.235935 0.205900 0.235935 0.193880 0.235374 0.180000 0.235935 0.168900 0.238621 0.161020 0.242944 0.159180 0.258622 0.157780 0.273762 0.157320 0.281332 0.157780 0.285117 0.159180 0.285117 0.161020
56 0.428061 0.227600 0.429206 0.209000 0.481752 0.209000 0.479486 0.226620
56 0.011075 0.239380 0.040607 0.239860 0.045888 0.240580 0.049790 0.246060 0.048131 0.261560 0.034743 0.254880 0.002453 0.254400 0.001051 0.252980 0.001893 0.243200
56 0.291005 0.156600 0.288084 0.174840 0.290280 0.206240 0.338715 0.207500 0.338715 0.177980 0.341659 0.155360 0.295421 0.155360
27 0.717266 0.200780 0.694393 0.229300 0.686425 0.230160 0.686425 0.220800 0.671519 0.199920 0.676495 0.194400 0.698855 0.196100 0.702360 0.194820 0.708318 0.194820
26 0.026379 0.216700 0.036752 0.213420 0.042850 0.213220 0.049182 0.216120 0.049182 0.226940 0.046472 0.233320 0.040140 0.235060 0.030444 0.234660 0.022991 0.230800 0.020280 0.225200 0.020514 0.217280
56 0.036636 0.183680 0.008014 0.183440 0.010514 0.173700 0.012173 0.165360 0.018014 0.159420 0.034136 0.159420 0.024136 0.167740 0.038294 0.169880 0.041075 0.172020 0.041075 0.174400 0.038855 0.177020
56 0.034369 0.268880 0.064907 0.271920 0.064206 0.279220 0.051425 0.274360 0.046098 0.275580 0.046098 0.285900 0.048224 0.292900 0.048224 0.303220 0.027266 0.302020 0.027991 0.293800 0.028341 0.290160 0.029042 0.282560 0.030467 0.276180
19 0.306495 0.550180 0.324089 0.505020 0.346706 0.431900 0.384393 0.384580 0.394439 0.356640 0.366799 0.354480 0.341682 0.332980 0.314042 0.317920 0.314042 0.281360 0.303995 0.266300 0.276355 0.236200 0.241192 0.165240 0.241192 0.163080 0.271332 0.195340 0.288925 0.225440 0.339159 0.255560 0.379369 0.257700 0.427103 0.244800 0.484883 0.221140 0.542664 0.225440 0.600444 0.238360 0.668271 0.249100 0.685864 0.249100 0.726051 0.242660 0.738622 0.227600 0.796402 0.158780 0.801425 0.139420 0.793878 0.184580 0.786355 0.219000 0.771285 0.246960 0.751192 0.259860 0.723551 0.270600 0.688364 0.281360 0.653201 0.283520 0.640631 0.305020 0.640631 0.339420 0.643154 0.363080 0.658224 0.412540 0.668271 0.462000 0.673294 0.541580 0.673294 0.642660 0.685864 0.726520 0.670794 0.782440 0.653201 0.853400 0.653201 0.881360 0.580350 0.892120 0.570304 0.984580 0.499953 0.988880 0.520047 0.881360 0.494930 0.846960 0.497430 0.767380 0.482360 0.767380 0.484883 0.797500 0.464766 0.821140 0.462266 0.945880 0.396939 0.948020 0.406986 0.881360 0.406986 0.831900 0.384393 0.793180 0.349206 0.722220 0.324089 0.668460 0.298972 0.619000
0 0.572290 0.226960 0.609042 0.188760 0.630047 0.164040 0.606425 0.076400 0.637921 0.051680 0.698318 0.053940 0.727196 0.107860 0.748178 0.152800 0.819065 0.175280 0.874206 0.238200 0.897827 0.330340 0.879439 0.386520 0.892570 0.440440 0.913575 0.600000 0.929322 0.680900 0.934579 0.813480 0.971332 0.892140 0.952967 0.955060 0.876822 0.943820 0.892570 0.925840 0.866332 0.878660 0.816449 0.748320 0.795444 0.656180 0.779696 0.669660 0.782313 0.728080 0.782313 0.826960 0.798061 0.896620 0.821706 0.986520 0.664182 0.986520 0.669439 0.955060 0.695678 0.925840 0.695678 0.815740 0.687804 0.716860 0.666799 0.624720 0.679930 0.521340 0.761308 0.494380 0.763949 0.474160 0.724556 0.465160 0.758692 0.438200 0.756075 0.415740 0.651051 0.420220 0.677313 0.386520 0.677313 0.316860 0.653692 0.285400 0.698318 0.278660 0.648435 0.244940 0.574930 0.229220
