0 0.231965 0.429625 0.263035 0.389062 0.314236 0.356359 0.299607 0.319734 0.279498 0.276563 0.226463 0.253000 0.175284 0.251703 0.107642 0.264781 0.100328 0.272625 0.049148 0.292250 0.025371 0.330203 0.000000 0.343281 0.000000 0.357672 0.113122 0.382531 0.167969 0.440094 0.197227 0.444016 0.210022 0.445328 0.182598 0.458406 0.160655 0.529063 0.133231 0.573547 0.133231 0.594469 0.107642 0.607562 0.091179 0.629797 0.061943 0.649422 0.067424 0.672969 0.120437 0.653344 0.184432 0.620641 0.210022 0.608859 0.250240 0.618016 0.290459 0.602328 0.317882 0.557844 0.312402 0.543453 0.235611 0.539531 0.250240 0.527750 0.310568 0.525125 0.356266 0.523828 0.385524 0.495047 0.381878 0.475422 0.323362 0.466266 0.281310 0.475422 0.259389 0.458406
0 0.653144 0.384984 0.611659 0.345422 0.597817 0.335531 0.581703 0.279016 0.569673 0.268266 0.568166 0.260719 0.578690 0.240250 0.587729 0.227344 0.592227 0.211188 0.598253 0.195031 0.595262 0.179969 0.586223 0.159516 0.577205 0.155203 0.557642 0.146594 0.507991 0.143578 0.462838 0.172641 0.452314 0.199563 0.452314 0.230500 0.419214 0.241281 0.396638 0.248813 0.369563 0.263891 0.316900 0.332797 0.307860 0.353266 0.307860 0.365094 0.307860 0.376953 0.310873 0.404938 0.315371 0.406016 0.333450 0.414625 0.330437 0.438312 0.327424 0.457703 0.337948 0.468469 0.351507 0.473844 0.404170 0.480312 0.413188 0.476016 0.411681 0.464156 0.422205 0.453406 0.423734 0.453406 0.428231 0.443703 0.429738 0.436172 0.434258 0.424313 0.440262 0.418938 0.446288 0.427547 0.447795 0.438312 0.461354 0.450172 0.474891 0.452328 0.476376 0.463094 0.482402 0.469547 0.495939 0.473844 0.503472 0.463094 0.495939 0.443703 0.497445 0.440469 0.512511 0.440469 0.521528 0.440469 0.533559 0.442625 0.551616 0.435094 0.559127 0.432937 0.559127 0.430781 0.556135 0.423250 0.547096 0.415703 0.541070 0.411391 0.556135 0.413562 0.575699 0.424313 0.586223 0.422172 0.602773 0.411391 0.611790 0.411391 0.619323 0.416797 0.625349 0.423250 0.641900 0.429719 0.650917 0.430781 0.662948 0.434016 0.676507 0.429719 0.676507 0.418938 0.681004 0.406016 0.668974 0.389875 0.668974 0.389875
41 0.484345 0.638922 0.527118 0.647016 0.540939 0.660531 0.529629 0.696531 0.522074 0.744234 0.508253 0.757734 0.484345 0.761328 0.459192 0.758625 0.442838 0.750531 0.428996 0.674922 0.417686 0.665031 0.436550 0.648828 0.467991 0.642516
42 0.546004 0.746688 0.492205 0.771750 0.485328 0.780281 0.436572 0.803297 0.355131 0.843328 0.362882 0.851656 0.442424 0.813250 0.461812 0.801688 0.497380 0.786875 0.510218 0.789484 0.525044 0.784562 0.562860 0.758797 0.560895 0.757391 0.531616 0.775313 0.530480 0.773313 0.558362 0.756187 0.556943 0.753172 0.519804 0.773906 0.519520 0.771297 0.553559 0.752359 0.551026 0.750750 0.506856 0.773109 0.506572 0.770078 0.549629 0.747922 0.549061 0.746719 0.545699 0.747125
41 0.573537 0.551234 0.581659 0.581047 0.588777 0.621766 0.598930 0.631219 0.627380 0.633391 0.647686 0.629031 0.654803 0.623219 0.666987 0.566516 0.680197 0.547609 0.665982 0.535969 0.631441 0.528703 0.588777 0.533797 0.576572 0.541797
45 0.703013 0.800578 0.700939 0.808766 0.691572 0.812484 0.679105 0.830344 0.637511 0.827359 0.623996 0.819922 0.616725 0.790172 0.628166 0.783469 0.660393 0.782734 0.687424 0.787938 0.701965 0.794625
45 0.312358 0.529797 0.341790 0.541641 0.339039 0.553500 0.334432 0.560078 0.328908 0.586406 0.316026 0.591688 0.297642 0.596297 0.307751 0.581813 0.316026 0.571266 0.317882 0.558109 0.311441 0.547562 0.298559 0.548219 0.289345 0.548891 0.232314 0.542953 0.253472 0.531766 0.273712 0.529797 0.301310 0.529797
41 0.416179 0.449734 0.429389 0.443234 0.432707 0.442641 0.434345 0.448547 0.439301 0.448547 0.439301 0.441453 0.463253 0.442641 0.478122 0.449141 0.475655 0.456828 0.474825 0.458016 0.468210 0.501750 0.449214 0.505891 0.426921 0.503531 0.424432 0.500578 0.417009 0.458594 0.413690 0.456234 0.412882 0.452688 0.417009 0.448547
48 0.543319 0.410578 0.545852 0.403344 0.569913 0.416016 0.599651 0.438203 0.608515 0.437297 0.611048 0.446359 0.547118 0.456313 0.546485 0.437297 0.562948 0.429594 0.573712 0.428250 0.567380 0.419641 0.556616 0.419641 0.559148 0.414656
45 0.766528 0.782750 0.765611 0.756453 0.766528 0.749953 0.770153 0.745734 0.782860 0.742813 0.793734 0.742156 0.805087 0.742156 0.814607 0.746063 0.821419 0.748984 0.829585 0.753203 0.830044 0.758391 0.830939 0.765219 0.829127 0.769109 0.823231 0.777547 0.821419 0.782750 0.814148 0.788922 0.809629 0.791516 0.803712 0.791516 0.789651 0.791844 0.781485 0.789563
45 0.839869 0.664000 0.840349 0.684750 0.842293 0.688891 0.850502 0.694781 0.862576 0.698234 0.879017 0.697891 0.882882 0.693734 0.891092 0.680594 0.896900 0.670563 0.890131 0.661578 0.884323 0.658813 0.877555 0.657422 0.869825 0.656391 0.861135 0.655344 0.852926 0.655344 0.844694 0.657766 0.841310 0.660531 0.840349 0.661578
51 0.582445 0.850438 0.573865 0.868484 0.572707 0.875469 0.555524 0.884906 0.551507 0.877109 0.569847 0.850031
41 0.531157 0.516359 0.526572 0.535391 0.525655 0.555094 0.512795 0.553781 0.496288 0.541969 0.470590 0.535391 0.456812 0.538031 0.448559 0.515047 0.474258 0.505188 0.513712 0.505188 0.532991 0.511094 0.532991 0.515703
45 0.739520 0.675766 0.752205 0.680156 0.766419 0.682641 0.780633 0.679609 0.792162 0.652672 0.786004 0.645797 0.769869 0.640297 0.744913 0.641391 0.731463 0.648812
41 0.574017 0.557016 0.567773 0.525688 0.567773 0.507797 0.624039 0.503312 0.645917 0.505562 0.655306 0.512266 0.658428 0.521219 0.645917 0.530172 0.639673 0.532406 0.611528 0.539109 0.586528 0.539109 0.580284 0.563719
45 0.341092 0.720609 0.342555 0.725531 0.350917 0.730812 0.357314 0.739953 0.362729 0.744187 0.378472 0.745937 0.396659 0.743125 0.407467 0.734328 0.410437 0.726937 0.414367 0.721656 0.417795 0.713922 0.413865 0.705828 0.395677 0.699844 0.369607 0.698781 0.352402 0.703719 0.343537 0.709344 0.339127 0.716031
45 0.803974 0.670125 0.799192 0.648703 0.813559 0.639922 0.839891 0.640141 0.859345 0.650422 0.859345 0.655344 0.840786 0.660703 0.838996 0.677406 0.819236 0.679344
42 0.182795 0.834328 0.195306 0.838062 0.204694 0.841797 0.210939 0.843281 0.226572 0.844781 0.245349 0.843281 0.252642 0.838813 0.259935 0.829859 0.263057 0.826125 0.255764 0.821656 0.246376 0.821656 0.232838 0.823891 0.220328 0.828359 0.207817 0.831344 0.192183 0.828359 0.182795 0.826125 0.177598 0.826125 0.176550 0.834328 0.124498 0.829109 0.124498 0.826125 0.102620 0.827625 0.097402 0.832094 0.082817 0.833594 0.070306 0.833594 0.060917 0.830609 0.056747 0.830609 0.055721 0.840297 0.064039 0.841797 0.085939 0.841047 0.094279 0.839563 0.104694 0.834328 0.114083 0.834328
50 0.606441 0.892687 0.621921 0.891094 0.635939 0.883187 0.651419 0.881594 0.657336 0.876328 0.655109 0.868937 0.644061 0.866828 0.626354 0.850469 0.618253 0.845187 0.603493 0.849406 0.588755 0.867359 0.588755 0.882125 0.595371 0.890047 0.599061 0.892156
41 0.910611 0.414234 0.910611 0.418875 0.909192 0.457953 0.917096 0.458469 0.908472 0.468766 0.908472 0.475969 0.919236 0.480078 0.922838 0.484703 0.947271 0.476469 0.940087 0.484703 0.919956 0.492938 0.911332 0.497562 0.909192 0.500656 0.917096 0.502703 0.930022 0.503734 0.942969 0.503734 0.955175 0.503219 0.965240 0.462594 0.969563 0.441500 0.951594 0.434297 0.938646 0.425047 0.932183 0.416813 0.932183 0.410641 0.919236 0.411156 0.909192 0.414750
51 0.233603 0.771516 0.189978 0.763703 0.173013 0.772375 0.193624 0.777578 0.210590 0.780187 0.228755 0.775844
0 0.000000 0.361797 0.113057 0.382016 0.191550 0.467422 0.144454 0.552812 0.128974 0.562625 0.137074 0.594109 0.117402 0.604047 0.098886 0.600734 0.093079 0.613984 0.089607 0.623094 0.071092 0.628891 0.057205 0.645453 0.038690 0.648766 0.068777 0.657047 0.060677 0.681063 0.139389 0.644625 0.178734 0.638000 0.213450 0.644625 0.260917 0.657047 0.269017 0.666984 0.292162 0.675266 0.309520 0.699297 0.307205 0.720000 0.291004 0.717516 0.291004 0.712547 0.281747 0.718344 0.256288 0.741531 0.240066 0.742359 0.248166 0.725797 0.249323 0.715859 0.250480 0.706750 0.255131 0.701781 0.250480 0.689344 0.229651 0.685203 0.226179 0.695984 0.223865 0.701781 0.240066 0.729937 0.237751 0.742359 0.227336 0.740703 0.171790 0.692672 0.148646 0.719172 0.101201 0.750641 0.059520 0.764719 0.054891 0.772172 0.100044 0.791219 0.084978 0.811109 0.120873 0.805313 0.131288 0.810281 0.124345 0.826016 0.091921 0.835953 0.124345 0.830984 0.139389 0.816078 0.138231 0.810281 0.159061 0.814422 0.172948 0.820219 0.183362 0.834297 0.185677 0.845891 0.190306 0.863281 0.184520 0.880672 0.155590 0.901375 0.140546 0.904688 0.113930 0.911312 0.097729 0.912141 0.046790 0.939484 0.034956 0.945516 0.062358 0.960609 0.401026 0.965625 0.406659 0.989766 0.392598 0.999828 0.002052 0.999047
60 0.325852 0.470734 1.000000 0.464016 0.993210 0.955047 0.056397 0.957281 0.234978 0.497641 0.322707 0.475219
50 0.539301 0.830516 0.541026 0.783563 0.557576 0.783563 0.558144 0.791328 0.562707 0.796625 0.572402 0.803984 0.580961 0.795406 0.586092 0.795406 0.592948 0.798266 0.590655 0.804797 0.568974 0.815406 0.551288 0.831328 0.549017 0.839500 0.570131 0.850125 0.551856 0.878297 0.546157 0.879516 0.534170 0.879109 0.523341 0.871344 0.526769 0.859922 0.534170 0.848891
44 0.747751 0.730594 0.730590 0.725375 0.718581 0.727531 0.699716 0.734594 0.689432 0.746562 0.688996 0.747781 0.707009 0.753312 0.739170 0.748406 0.755044 0.734594 0.847271 0.722000 0.843406 0.715250 0.749476 0.729672
0 0.668493 0.397969 0.662118 0.399266 0.657576 0.386891 0.638472 0.371922 0.630262 0.352391 0.630262 0.339359 0.648472 0.316563 0.674869 0.305500 0.718537 0.300297 0.732183 0.292469 0.734017 0.272281 0.715808 0.263172 0.703079 0.249500 0.707620 0.226703 0.712162 0.203906 0.729454 0.184375 0.761310 0.177859 0.839563 0.194141 0.852293 0.229953 0.857773 0.252750 0.906900 0.272937 0.943297 0.293781 0.970590 0.337406 0.975153 0.365406 0.943297 0.393406 0.929651 0.403172 0.916004 0.425969 0.914170 0.441594 0.902358 0.463094 0.886878 0.465047 0.827729 0.459828 0.782227 0.453312 0.744017 0.448109 0.734913 0.457875 0.738559 0.478062 0.688515 0.474813 0.633908 0.463094 0.632096 0.448766 0.648472 0.428578 0.662118 0.409031 0.665764 0.399266
