3 0.156625 0.299672 0.167172 0.304169 0.165672 0.333513 0.152109 0.342553 0.137047 0.378665 0.117469 0.432834 0.099406 0.444122 0.061750 0.529906 0.069281 0.597635 0.097891 0.597635 0.137047 0.545714 0.159641 0.523138 0.194281 0.529906 0.231937 0.536674 0.278625 0.532178 0.286156 0.534426 0.302719 0.446393 0.314766 0.405761 0.329828 0.398993 0.329828 0.383185 0.316281 0.376417 0.313266 0.356089 0.287656 0.376417 0.272594 0.387705 0.257531 0.394473 0.242484 0.396721 0.219891 0.385433 0.200312 0.344801 0.227422 0.338033 0.257531 0.374145 0.271094 0.378665 0.263563 0.362857 0.271094 0.351569 0.277109 0.333513 0.247000 0.331265 0.212359 0.333513 0.177719 0.315457 0.180734 0.297400 0.164156 0.265808 0.149094 0.274824
3 0.997047 0.657939 0.977641 0.680304 0.965703 0.722810 0.956750 0.740703 0.965703 0.758595 0.956750 0.769789 0.932875 0.827963 0.923906 0.868220 0.925406 0.892834 0.931375 0.901780 0.947797 0.910726 0.964219 0.904028 0.977641 0.899555 1.000000 0.868220 1.000000 0.819016 0.998547 0.751897 0.997047 0.711616 0.998547 0.655691
7 0.044984 0.263068 0.052469 0.328244 0.095953 0.319251 0.101953 0.283302 0.085453 0.258571 0.100453 0.240609 0.118438 0.292295 0.133437 0.299016 0.158922 0.263068 0.188906 0.308009 0.233891 0.303513 0.248891 0.278806 0.262375 0.260820 0.262375 0.220375 0.197906 0.233864 0.184406 0.200141 0.121438 0.191171 0.107953 0.197892 0.088453 0.233864
2 0.687891 0.244215 0.704578 0.243864 0.705969 0.227190 0.714078 0.214333 0.686500 0.232061 0.686500 0.232061
3 0.029313 0.345480 0.057828 0.333396 0.064859 0.333396 0.072578 0.338923 0.076266 0.346979 0.076266 0.362576 0.073922 0.372108 0.070234 0.380164 0.065531 0.380164 0.052125 0.378665 0.053125 0.362576 0.047750 0.367588 0.045078 0.389204 0.042391 0.393232 0.053797 0.397752 0.056141 0.403794 0.059500 0.415363 0.018234 0.502857 0.012875 0.441499 0.003469 0.423396 0.001469 0.407307 0.008844 0.381663 0.008844 0.378665 0.022266 0.355527
2 0.702891 0.262857 0.701312 0.253349 0.706062 0.247002 0.706594 0.228759 0.720875 0.204988 0.798609 0.202623 0.812359 0.208946 0.815531 0.216089 0.815531 0.230351 0.809719 0.246206 0.804953 0.258876 0.800734 0.262857 0.798078 0.252553 0.798609 0.240656 0.794375 0.239063 0.789094 0.245410 0.772703 0.246206 0.763703 0.239859 0.754719 0.233513 0.749953 0.233513 0.744672 0.220843 0.741500 0.216885 0.736734 0.224005 0.732516 0.239859 0.730922 0.246206 0.733563 0.250960 0.733563 0.258876 0.727750 0.264426 0.719813 0.264426 0.718766 0.257307 0.714531 0.253349 0.710297 0.250960 0.705531 0.253349
2 0.872656 0.231686 0.880578 0.212108 0.895625 0.194286 0.943172 0.199040 0.942375 0.218642 0.920984 0.223981 0.901578 0.240609
2 0.592687 0.218126 0.615391 0.217073 0.624609 0.220258 0.625313 0.234075 0.619641 0.253208 0.596953 0.258525 0.589141 0.247892 0.584188 0.229836 0.594109 0.218126
2 0.531328 0.253466 0.530078 0.259977 0.521375 0.259063 0.522000 0.247869 0.520141 0.244145 0.522000 0.237611 0.523859 0.227354 0.534438 0.221780 0.535688 0.206862 0.561172 0.205925 0.559312 0.250656 0.548125 0.252529 0.545016 0.258126 0.543766 0.251593 0.531328 0.252529
0 0.007812 0.390773 0.013062 0.367166 0.021391 0.366698 0.023563 0.351429 0.024172 0.327845 0.025406 0.313958 0.031281 0.313489 0.027578 0.256581 0.020469 0.241311 0.018313 0.233443 0.018313 0.214473 0.018625 0.209859 0.016766 0.196440 0.016766 0.183021 0.000000 0.170984 0.000000 0.402342 0.000000 0.418103 0.008625 0.440187 0.013703 0.469157 0.018281 0.487447 0.018797 0.510304 0.010656 0.519461 0.004547 0.522506 0.005063 0.498876 0.001500 0.479836 0.000484 0.470679
0 0.294047 0.274215 0.294297 0.271475 0.295859 0.269906 0.294563 0.268361 0.293250 0.260913 0.292469 0.253489 0.292469 0.246066 0.292469 0.244496 0.292469 0.233162 0.292469 0.230422 0.293000 0.223396 0.291438 0.224965 0.288828 0.224965 0.287516 0.222225 0.287000 0.218314 0.285688 0.210492 0.285437 0.205808 0.287516 0.206581 0.289609 0.208548 0.291438 0.208923 0.294563 0.208548 0.296125 0.203466 0.296906 0.196815 0.297688 0.191733 0.298734 0.190164 0.300828 0.189391 0.301859 0.189391 0.305250 0.194871 0.304219 0.200726 0.305000 0.205410 0.307078 0.209719 0.308906 0.217916 0.309172 0.223396 0.308125 0.230820 0.306297 0.235504 0.305516 0.240585 0.305781 0.246066 0.306812 0.250375 0.308391 0.255831 0.311000 0.263279 0.311516 0.269906 0.310203 0.272646 0.305781 0.264824 0.305000 0.262881 0.302641 0.259368 0.300563 0.262108 0.300828 0.269906 0.299516 0.272646
3 0.349344 0.296253 0.331344 0.311991 0.325344 0.354684 0.329844 0.397377 0.292359 0.478267 0.292359 0.529953 0.230891 0.568173 0.206906 0.615363 0.190406 0.671546 0.160422 0.779391 0.209906 0.900749 0.263875 0.927705 0.359828 0.869297 0.371828 0.790632 0.415312 0.732201 0.466281 0.747939 0.586219 0.667049 0.656687 0.628829 0.704672 0.592881 0.743656 0.556932 0.728656 0.626581 0.748156 0.635574 0.794625 0.635574 0.803625 0.487260 0.787125 0.455808 0.767641 0.413115 0.754141 0.381639 0.754141 0.381639 0.698672 0.316487 0.658188 0.201874 0.635703 0.233326 0.572734 0.289508 0.520250 0.309742 0.568234 0.325457 0.482781 0.334450 0.391313 0.341194 0.380828 0.329953 0.359828 0.302998
3 0.060250 0.508033 0.032531 0.551733 0.013344 0.558127 0.010500 0.522951 0.041766 0.461171 0.071625 0.385527 0.097922 0.330117 0.096500 0.290703 0.085844 0.256604 0.093656 0.252342 0.116406 0.285386 0.134891 0.297096 0.155500 0.290703 0.159047 0.318408 0.150531 0.340773 0.137734 0.370609 0.122797 0.433466 0.092953 0.446253 0.077312 0.479274 0.065234 0.501663
