30 0.044896 0.102766 0.044896 0.097578 0.062167 0.107937 0.079438 0.136438 0.044896 0.465453 0.027625 0.522453 0.006917 0.512094 0.041458 0.131266 0.006917 0.149391 0.020729 0.175297 0.003458 0.426594 0.003458 0.151984
30 0.443083 0.468734 0.441271 0.435016 0.442167 0.397547 0.439458 0.356000 0.440812 0.301500 0.439896 0.261656 0.439896 0.210562 0.439896 0.166969 0.443542 0.154359 0.446250 0.149250 0.449437 0.143813 0.455792 0.141078 0.461250 0.142109 0.471229 0.148234 0.490313 0.184672 0.490313 0.220094 0.488042 0.262328 0.488042 0.311375 0.488042 0.356344 0.488042 0.363828 0.490771 0.406750 0.490771 0.415938 0.489396 0.468062 0.490313 0.507563 0.490313 0.530734 0.489854 0.562750 0.486688 0.572625 0.486688 0.614859 0.486688 0.622687 0.481229 0.635625 0.443542 0.624734 0.447167 0.568531 0.442167 0.525625 0.432875 0.519422 0.439063 0.593234 0.439063 0.633500 0.428042 0.642281 0.392938 0.639703 0.397083 0.624219 0.387437 0.549359 0.393625 0.538516 0.401896 0.529734 0.377104 0.517344 0.381250 0.455406 0.374354 0.377969 0.365417 0.331500 0.357833 0.244250 0.361958 0.224125 0.365417 0.209656 0.370229 0.202953 0.376417 0.196750 0.388125 0.202953 0.402583 0.217406 0.414292 0.251484 0.418417 0.341312 0.430104 0.461078 0.433562 0.498250
30 0.720354 0.662344 0.751521 0.631172 0.744583 0.568828 0.730729 0.550656 0.772292 0.535062 0.862333 0.231172 0.851958 0.197406 0.806917 0.205188 0.796542 0.267531 0.730729 0.477922 0.713417 0.574031 0.689187 0.631172 0.689187 0.654547 0.689187 0.644156 0.678792 0.620781 0.741125 0.387016 0.782687 0.161031 0.772292 0.142859 0.734208 0.163641 0.716875 0.283109 0.661479 0.522078 0.640688 0.631172 0.647625 0.644156
30 0.603396 0.538594 0.613021 0.479219 0.624042 0.384234 0.629542 0.367203 0.633688 0.283562 0.650208 0.194250 0.658458 0.139531 0.669479 0.118359 0.674979 0.107516 0.684625 0.101328 0.694938 0.103906 0.707333 0.133328 0.701833 0.196828 0.690812 0.264469 0.676354 0.363063 0.664646 0.435859 0.653646 0.496266 0.644688 0.576281 0.635750 0.642875 0.623354 0.641844 0.589625 0.640297 0.585500 0.644422 0.538688 0.639266 0.549708 0.528781 0.555896 0.445156 0.566917 0.346031 0.567604 0.278406 0.571042 0.265500 0.579979 0.187547 0.582750 0.120422 0.602021 0.086875 0.611646 0.078094 0.614396 0.082219 0.630229 0.127141 0.627479 0.216969 0.615083 0.273750 0.613021 0.324344 0.614396 0.366172 0.602708 0.404891 0.596500 0.464766 0.588938 0.559250
30 0.526417 0.628578 0.564500 0.140266 0.561042 0.111688 0.536792 0.096109 0.516021 0.111688 0.509083 0.132469 0.502167 0.327266 0.488313 0.625969 0.477917 0.636359 0.543729 0.631172 0.484854 0.753250 0.467542 0.781812 0.439833 0.789609 0.401729 0.781812
30 0.117750 0.275328 0.138521 0.176625 0.145458 0.132469 0.148917 0.090906 0.162771 0.067531 0.190479 0.101297 0.190479 0.168828 0.135063 0.441563 0.100437 0.503891 0.072729 0.496109 0.079646 0.501297 0.024250 0.506500 0.065792 0.340266 0.090042 0.249344 0.096979 0.171422 0.103896 0.114281 0.121208 0.085719 0.142000 0.098703 0.142000 0.161031 0.107354 0.311687 0.090042 0.441563
30 0.233729 0.637016 0.364104 0.490781 0.381708 0.504000 0.373500 0.531313 0.398146 0.530422 0.388750 0.551562 0.284229 0.639656 0.266604 0.644953 0.239583 0.643188
2 0.824792 0.140594 0.830208 0.127813 0.870500 0.124906 0.901500 0.106891 1.000000 0.104562 0.996042 0.146406 0.836417 0.148156 0.820146 0.148156
30 0.252167 0.525047 0.265979 0.509500 0.276333 0.493953 0.283250 0.488781 0.293604 0.512094 0.283250 0.543172 0.110542 0.690844 0.079438 0.680484 0.079438 0.675297 0.241792 0.538000 0.207250 0.535406 0.027625 0.662344 0.010354 0.675297 0.010354 0.680484 0.058729 0.683078
56 0.347562 0.235266 0.350563 0.206063 0.377521 0.210547 0.398500 0.212797 0.431458 0.621781 0.452437 0.619531 0.437458 0.149875 0.455438 0.149875 0.485396 0.172344 0.497375 0.610547 0.521354 0.610547 0.497375 0.113922 0.515354 0.100437 0.533333 0.102688 0.533333 0.603813 0.542313 0.585828 0.575271 0.208297 0.593250 0.100437 0.602250 0.084703 0.605250 0.100437 0.623229 0.149875 0.614229 0.608297 0.653188 0.165609 0.680146 0.107172 0.701125 0.129656 0.644188 0.626281 0.653188 0.646500 0.731083 0.188078 0.764042 0.127406 0.767042 0.154375 0.683146 0.630781 0.758062 0.428531 0.800000 0.219531 0.829958 0.212797 0.844938 0.239766 0.770042 0.545375 0.874917 0.686953 0.853938 0.693703 0.740083 0.972344 0.671167 0.810547 0.323604 0.765609 0.344563 0.927406 0.299625 0.925156 0.269667 0.630781 0.398500 0.507172 0.338583 0.215047
