56 0.761582 0.982063 0.763242 0.979234 0.761992 0.969891 0.770332 0.975719 0.779102 0.978234 0.822500 0.977734 0.903652 0.975562 0.911797 0.971547 0.919707 0.964047 0.920352 0.975562 0.923047 0.977734 0.930566 0.977391 0.931602 0.975719 0.931191 0.967719 0.928691 0.964703 0.927012 0.955031 0.921387 0.925656 0.920762 0.921156 0.915137 0.899281 0.911367 0.888109 0.904688 0.864563 0.904492 0.859062 0.906992 0.853891 0.915547 0.829359 0.918887 0.821172 0.922852 0.810328 0.930566 0.788625 0.937441 0.766437 0.941836 0.755078 0.945801 0.740891 0.947891 0.740734 0.955801 0.721703 0.955801 0.717203 0.954141 0.710688 0.951211 0.706516 0.946426 0.701844 0.938906 0.698172 0.927852 0.695000 0.855039 0.695328 0.788281 0.697500 0.774727 0.699672 0.763242 0.705844 0.753438 0.714359 0.748438 0.720031 0.744687 0.732547 0.743633 0.744734 0.743008 0.749734 0.738418 0.777781 0.733086 0.780750 0.730020 0.783016 0.730723 0.792656 0.732617 0.803250 0.729082 0.823109 0.726953 0.830672 0.718789 0.865984 0.717324 0.873156 0.709609 0.905031 0.707090 0.913875 0.705645 0.914719 0.703340 0.919047 0.702930 0.922891 0.704590 0.924063 0.708555 0.924562 0.713574 0.924562 0.714824 0.923391 0.715449 0.918219 0.715645 0.914047 0.721914 0.891016 0.740488 0.890844 0.748828 0.939422 0.751953 0.969625 0.750703 0.970625 0.750078 0.973469 0.750918 0.982141 0.754668 0.983312 0.760918 0.982969
0 0.405918 0.330047 0.400137 0.336406 0.396992 0.342781 0.392402 0.345484 0.380332 0.347813 0.396992 0.361719 0.386621 0.381609 0.379375 0.381406 0.373574 0.407875 0.359824 0.430078 0.354023 0.439359 0.363203 0.453266 0.350156 0.455000 0.341719 0.454812 0.338574 0.443984 0.335195 0.437422 0.325059 0.415984 0.309844 0.388953 0.303320 0.376781 0.298008 0.367500 0.308145 0.353016 0.326250 0.333516 0.334473 0.333516 0.377676 0.333125 0.393379 0.331203 0.393848 0.319219 0.392656 0.299328 0.397969 0.300687 0.403516 0.310531 0.403027 0.319031 0.406660 0.327719
0 0.930703 0.763672 0.924629 0.745844 0.896250 0.749078 0.874980 0.747469 0.846348 0.640891 0.839668 0.640891 0.838008 0.676937 0.831328 0.696969 0.764570 0.703641 0.753398 0.820422 0.758457 0.839063 0.746289 0.838250 0.745293 0.864188 0.798984 0.880406 0.819258 0.866625 0.813164 0.854469 0.818242 0.845547 0.817227 0.837438 0.778730 0.831766 0.765547 0.822844 0.764570 0.650234 0.762891 0.586141 0.759551 0.583469 0.777910 0.490000 0.747871 0.492672 0.736191 0.475313 0.747871 0.451281 0.761230 0.417906 0.776250 0.395203 0.812969 0.384531 0.838008 0.379187 0.836328 0.373844 0.821309 0.375172 0.819648 0.363156 0.826309 0.339125 0.821309 0.327109 0.819648 0.325781 0.831328 0.316422 0.831328 0.304406 0.848008 0.296406 0.878066 0.293734 0.896426 0.307078 0.903086 0.332453 0.888066 0.377844 0.929805 0.376516 0.954824 0.404547 0.961504 0.428578 0.949824 0.475313 0.941484 0.512703 0.924785 0.650234 0.919785 0.678266 0.919785 0.695625 0.858027 0.696969 0.867891 0.745031 0.825332 0.745031 0.808105 0.751516 0.779727 0.747469 0.764531 0.744219 0.759473 0.775828 0.824316 0.774219 0.875996 0.778266 0.914492 0.804203 0.920586 0.809062 0.934766 0.781500 0.928691 0.809875 0.943887 0.817984 0.923613 0.859328 0.905371 0.856891
37 0.322949 0.412141 0.305781 0.379656 0.276094 0.335906 0.244844 0.335906 0.204238 0.372156 0.168301 0.439641 0.132363 0.562109 0.118301 0.663344 0.113613 0.800828 0.121426 0.895797 0.122988 0.910797 0.140176 0.999531 0.344824 1.000000 0.371387 0.859563 0.380762 0.748328 0.376074 0.637109 0.355762 0.510875 0.329199 0.427141
0 0.541055 0.403094 0.535430 0.376094 0.546680 0.353594 0.555664 0.340094 0.592793 0.335594 0.618672 0.347297 0.616426 0.363484 0.609668 0.359891 0.622051 0.377000 0.620918 0.388687 0.623184 0.399500 0.613047 0.408500 0.606309 0.422891 0.581543 0.424703 0.626562 0.457094 0.637812 0.504797 0.645684 0.521000 0.623184 0.524609 0.631055 0.560609 0.629922 0.593906 0.632187 0.615516 0.634434 0.639813 0.632187 0.655109 0.619805 0.672031 0.617559 0.699047 0.617559 0.737750 0.617559 0.819656 0.633301 0.824984 0.655801 0.827687 0.661426 0.837594 0.637812 0.843891 0.619805 0.845688 0.613047 0.845688 0.606309 0.844797 0.580430 0.850187 0.563555 0.848391 0.560176 0.845688 0.554551 0.834891 0.552305 0.818688 0.557930 0.794391 0.557930 0.785391 0.554551 0.769188 0.553418 0.752078 0.553418 0.729578 0.553418 0.715187 0.551172 0.700781 0.546680 0.688172 0.509551 0.772781 0.501660 0.792594 0.503926 0.803391 0.500547 0.808797 0.492676 0.814188 0.491543 0.815984 0.491543 0.825891 0.484785 0.827687 0.465664 0.830391 0.460039 0.830391 0.454414 0.824094 0.451035 0.819594 0.439785 0.812391 0.449922 0.799797 0.457793 0.799797 0.463418 0.772062 0.471289 0.762172 0.472422 0.748672 0.475781 0.727063 0.478047 0.709969 0.481406 0.695562 0.482539 0.688359 0.482539 0.672156 0.482539 0.669453 0.487031 0.616406 0.490410 0.568828 0.474668 0.533734 0.473535 0.518422 0.473535 0.504922 0.463418 0.494125 0.458906 0.494297 0.481406 0.440297 0.494922 0.424094 0.520801 0.415094 0.543301 0.406094
0 0.066973 0.494266 0.068105 0.442063 0.050098 0.442969 0.043359 0.441172 0.044473 0.420469 0.056855 0.408766 0.066973 0.396156 0.079355 0.392563 0.090605 0.377266 0.101855 0.365562 0.111992 0.370953 0.115352 0.387156 0.126602 0.393469 0.132246 0.409656 0.126602 0.440266 0.140117 0.471766 0.137871 0.488875 0.131113 0.496969 0.131113 0.531172 0.133359 0.572578 0.128867 0.575281 0.119863 0.568984 0.102988 0.535672 0.080488 0.513172
24 0.085547 0.525703 0.085547 0.526922 0.082871 0.548594 0.079062 0.551641 0.071055 0.552859 0.059609 0.552859 0.052734 0.552250 0.045098 0.547375 0.034043 0.542188 0.032500 0.528750 0.033652 0.526000 0.036699 0.524781 0.041289 0.524469 0.063789 0.501891 0.067617 0.498219 0.069512 0.496078 0.073340 0.494250 0.079062 0.492734 0.085547 0.490891 0.092051 0.491891 0.091230 0.511359 0.090957 0.515094 0.092324 0.517281 0.096973 0.516187 0.099980 0.514203 0.108203 0.501297 0.109844 0.496922 0.101914 0.491891
56 0.002969 0.712672 0.073379 0.723047 0.073379 0.736391 0.071523 0.742312 0.004805 0.764562 0.017793 0.820891 0.017793 0.820891 0.052988 0.871312 0.086348 0.877234 0.097480 0.895031 0.080801 0.908375 0.106738 0.945438 0.099336 0.957297 0.075234 0.914297 0.002969 0.924672 0.006660 0.912813 0.060410 0.903922 0.043730 0.872781 0.002969 0.874266 0.034473 0.865375 0.008516 0.819422 0.002676 0.787156
0 0.898086 0.343469 0.923418 0.341219 0.945938 0.347969 0.957207 0.388516 0.976914 0.408781 0.993809 0.449328 0.990996 0.519141 0.979727 0.566437 0.951582 0.620500 0.934687 0.636266 0.934687 0.573203 0.940313 0.501125 0.962832 0.422297 0.951582 0.397516 0.929062 0.377250 0.889648 0.377250
56 0.025352 0.648984 0.019199 0.642594 0.022891 0.637172 0.027188 0.635703 0.000000 0.595844 0.001348 0.566813 0.061641 0.571734 0.077012 0.576641 0.091777 0.586984 0.096094 0.599281 0.100391 0.606172 0.107168 0.619953 0.111465 0.628312 0.124375 0.628812 0.120078 0.645547 0.118223 0.648984 0.107168 0.648984 0.101016 0.648984 0.096699 0.647516 0.089941 0.652438 0.068398 0.654406 0.059785 0.654406 0.051172 0.666219 0.053027 0.673109 0.062246 0.687375 0.072715 0.690812 0.085625 0.692297 0.077637 0.695734 0.064707 0.692297 0.068398 0.697703 0.064707 0.699188 0.047480 0.673594 0.019199 0.711484 0.013047 0.711484 0.042578 0.666703 0.036426 0.651453 0.025957 0.648000 0.025957 0.648000
56 0.021191 0.532172 0.020449 0.522109 0.045566 0.523297 0.054434 0.510891 0.063301 0.500828 0.069219 0.493141 0.067012 0.491969 0.055918 0.491375 0.055176 0.486641 0.066270 0.483094 0.050000 0.479547 0.055176 0.467734 0.060352 0.456500 0.060352 0.450578 0.056660 0.446453 0.047051 0.443484 0.000488 0.444078 0.000000 0.455906 0.001230 0.497875 0.018965 0.497875 0.031543 0.497875 0.036699 0.501422 0.035234 0.504375 0.033750 0.506750 0.012324 0.509703 0.014531 0.516797 0.015273 0.526250
2 0.624297 0.682250 0.681504 0.680313 0.741152 0.680313 0.748457 0.704656 0.755762 0.712438 0.767930 0.706594 0.770352 0.688094 0.760625 0.650125 0.758184 0.626750 0.756973 0.606297 0.756973 0.587797 0.756973 0.575141 0.766699 0.529531 0.769141 0.506156 0.772793 0.497391 0.744805 0.491547 0.738711 0.476937 0.744805 0.453578 0.744805 0.437984 0.758184 0.420516 0.760625 0.403953 0.774004 0.397141 0.793477 0.389359 0.797129 0.389359 0.804434 0.382531 0.792266 0.365016 0.777656 0.344563 0.765488 0.333844 0.755762 0.323141 0.691250 0.308531 0.660801 0.309500 0.632812 0.304641 0.624297 0.307563 0.489180 0.312266 0.456328 0.319094 0.435625 0.327859 0.427109 0.338562 0.405195 0.352203 0.395449 0.375562 0.388164 0.391141 0.390586 0.411594 0.407637 0.425234 0.417363 0.439844 0.403984 0.451516 0.383281 0.460281 0.371113 0.468078 0.362598 0.478781 0.360156 0.512875 0.357715 0.535266 0.367461 0.572266 0.369902 0.598562 0.371113 0.624859 0.378262 0.666844 0.392305 0.670062 0.418379 0.676469 0.408340 0.687703 0.420371 0.694125 0.440430 0.695719 0.452461 0.702141 0.482520 0.690906 0.488535 0.676469 0.482520 0.654016 0.486543 0.618734 0.490547 0.589859 0.486543 0.551359 0.466484 0.517687 0.468496 0.498437 0.460469 0.475984 0.478516 0.437484 0.496563 0.423047 0.524629 0.413422 0.540664 0.403797 0.542676 0.371719 0.544688 0.350875 0.574766 0.339641 0.604824 0.338031 0.618867 0.346062 0.620879 0.365297 0.618867 0.379734 0.616855 0.405406 0.602832 0.418234 0.586777 0.427859 0.616855 0.443891 0.628887 0.456734 0.634902 0.469562 0.636914 0.490406 0.648945 0.509656 0.648945 0.517687 0.626895 0.525703 0.626895 0.543344 0.630898 0.559391 0.632910 0.580234 0.632910 0.599484 0.630898 0.618734 0.630898 0.644391 0.630898 0.665250 0.630898 0.673266
