33 0.404812 0.766792 0.402500 0.760625 0.359609 0.760625 0.314391 0.751333 0.213547 0.729708 0.181094 0.729708 0.127766 0.704979 0.060547 0.694167 0.048953 0.684875 0.043156 0.677146 0.003734 0.667875 0.000000 0.689521 0.042000 0.698792 0.069812 0.717333 0.115016 0.723521 0.153266 0.729708 0.174141 0.734333 0.186891 0.749792 0.273828 0.760625 0.302797 0.763708 0.334109 0.771438 0.368875 0.774521 0.402500 0.782250 0.563141 0.779667 0.567375 0.769333 0.560328 0.751521 0.564562 0.748688 0.582156 0.757146 0.624375 0.758083 0.647594 0.761833 0.672922 0.767458 0.706703 0.795604 0.705297 0.808750 0.707406 0.819062 0.708813 0.827521 0.700375 0.827521 0.702484 0.839708 0.694047 0.847229 0.637750 0.850979 0.606078 0.844396 0.594813 0.844396 0.578625 0.838771 0.549078 0.812500 0.543437 0.799375 0.491750 0.796167 0.483641 0.786896 0.484797 0.782250 0.466250 0.776063 0.462766 0.783792
33 0.529047 0.309396 0.535000 0.303896 0.543250 0.297792 0.552172 0.295667 0.561328 0.292917 0.567969 0.292000 0.574609 0.290458 0.581937 0.284979 0.594766 0.278875 0.603687 0.275208 0.618578 0.267271 0.633219 0.258417 0.652906 0.245292 0.661125 0.239417 0.675391 0.229667 0.686094 0.221333 0.692516 0.216333 0.697688 0.216333 0.710000 0.218000 0.701047 0.222354 0.683875 0.231250 0.670328 0.238792 0.657797 0.246604 0.646281 0.253896 0.639203 0.257396 0.631125 0.260896 0.620609 0.268708 0.614344 0.272479 0.610109 0.276250 0.605453 0.276792 0.598391 0.280833 0.593531 0.281375 0.586266 0.285688 0.584234 0.288646 0.575781 0.294146 0.562594 0.304708 0.553531 0.313271 0.538078 0.322812 0.537328 0.325833 0.539203 0.330354 0.542984 0.329854 0.564438 0.310146 0.574141 0.304479 0.584844 0.296396 0.592719 0.290458 0.598594 0.284000 0.608688 0.281583 0.613547 0.278333 0.621219 0.275917 0.644063 0.263250 0.663250 0.252208 0.692969 0.237375 0.717625 0.224458 0.727313 0.220417 0.735516 0.215583 0.740234 0.211792 0.747141 0.217604 0.756625 0.221125 0.774641 0.192979 0.796375 0.173917 0.796375 0.174750 0.774641 0.194625 0.758484 0.220313 0.762219 0.221958 0.758484 0.221125 0.783328 0.233562 0.785812 0.220313 0.781469 0.215333 0.782094 0.207062 0.777750 0.196292 0.783328 0.189667 0.792031 0.199604 0.793891 0.211188 0.796375 0.198771 0.796375 0.182208 0.789547 0.159854 0.777750 0.135833 0.769047 0.117604 0.768484 0.117729 0.761391 0.136667 0.755891 0.153146 0.752688 0.162000 0.745141 0.180917 0.737813 0.199854 0.737578 0.202896 0.733453 0.203208 0.727281 0.206875 0.717891 0.209000 0.714000 0.211458 0.707594 0.209917 0.701406 0.212063 0.696828 0.212979 0.690422 0.213271 0.682625 0.216333 0.676453 0.220313 0.670500 0.223667 0.667984 0.226104 0.656406 0.232042 0.634656 0.245708 0.615797 0.256125 0.608266 0.262667 0.593922 0.269208 0.585250 0.271729 0.575828 0.280271 0.562625 0.286812 0.556750 0.290167 0.551719 0.292292 0.546219 0.294125 0.540734 0.295958 0.535234 0.296271 0.532484 0.298396 0.531109 0.300854 0.524938 0.303583 0.523328 0.309083 0.524250 0.311833 0.373953 0.458958 0.372547 0.460292 0.373141 0.459521 0.358500 0.473646 0.352828 0.478521 0.344844 0.491396 0.339188 0.498063 0.335859 0.500271 0.330531 0.512708 0.328531 0.518479 0.324203 0.525125 0.323547 0.529563 0.324203 0.532229 0.329531 0.526458 0.331203 0.526021 0.333188 0.529563 0.333531 0.523792 0.341844 0.507375 0.350844 0.499833 0.358500 0.493167 0.366156 0.487396 0.370125 0.483208 0.376797 0.477542 0.374563 0.470271 0.369719 0.475667 0.361031 0.483750 0.358000 0.485083 0.364656 0.475125 0.371734 0.465417 0.373563 0.464063
0 0.419094 0.317625 0.421500 0.295063 0.436016 0.240292 0.438422 0.206458 0.477094 0.198396 0.500047 0.204833 0.527844 0.261229 0.524219 0.287000 0.531469 0.307958 0.583438 0.393354 0.587062 0.428792 0.573766 0.462625 0.562891 0.478750 0.541141 0.493250 0.553219 0.543187 0.550812 0.575417 0.548391 0.589917 0.553219 0.609250 0.543563 0.630187 0.545969 0.715583 0.553219 0.734917 0.552016 0.760688 0.543563 0.809042 0.538719 0.860583 0.536297 0.883146 0.542344 0.910542 0.560469 0.920208 0.566516 0.933104 0.562891 0.937937 0.545969 0.944375 0.484344 0.928271 0.487969 0.912146 0.491594 0.886375 0.487969 0.875083 0.486766 0.768750 0.490391 0.755854 0.472266 0.684979 0.466219 0.741354 0.466219 0.784875 0.456547 0.805813 0.450516 0.863813 0.450516 0.912146 0.449297 0.929875 0.458969 0.955646 0.457766 0.962104 0.413047 0.958875 0.404594 0.936312 0.404594 0.904083 0.397344 0.825146 0.405797 0.792917 0.408219 0.752646 0.404594 0.741354 0.410625 0.720417 0.403375 0.636646 0.394922 0.536750 0.386469 0.501292 0.370750 0.465854 0.381625 0.393354 0.390094 0.357896 0.416672 0.317625
0 0.765203 0.434687 0.709453 0.407667 0.682438 0.398646 0.675672 0.409917 0.648656 0.400896 0.653719 0.380625 0.684125 0.360354 0.709453 0.371625 0.729734 0.362604 0.787156 0.382875 0.783781 0.367125 0.793922 0.342333 0.792234 0.295042 0.788844 0.270271 0.795609 0.247750 0.832766 0.234229 0.871625 0.268021 0.881750 0.310813 0.876688 0.362604 0.887313 0.397687 0.884172 0.491063 0.871875 0.577438 0.878984 0.600854 0.881469 0.669271 0.864859 0.689187 0.851344 0.788292 0.859797 0.853604 0.871625 0.995500 0.768578 1.000000 0.777031 0.991000 0.783781 0.970729 0.795609 0.968458 0.795609 0.882875 0.780406 0.817562 0.778719 0.673417 0.763516 0.668917 0.743250 0.662167 0.755062 0.630625 0.751687 0.601354 0.763516 0.567562 0.768578 0.475229
0 0.299578 0.415167 0.293891 0.406479 0.287375 0.384792 0.287375 0.362021 0.293078 0.319729 0.302016 0.307792 0.314219 0.292604 0.316656 0.283937 0.321547 0.265500 0.323172 0.247062 0.332938 0.242708 0.336188 0.244896 0.345125 0.257896 0.350828 0.272000 0.344312 0.298021 0.352453 0.312125 0.354891 0.330563 0.354891 0.353333 0.354891 0.370687 0.360594 0.396729 0.362219 0.406479 0.354078 0.412979 0.354891 0.417333 0.354078 0.447688 0.352453 0.466125 0.355703 0.476979 0.351641 0.485646 0.342688 0.485646 0.341062 0.473729 0.347578 0.465042 0.345125 0.442271 0.343500 0.404313 0.340250 0.372854 0.339438 0.359854 0.334562 0.343583 0.331297 0.334896 0.319922 0.335979 0.309344 0.344667 0.308531 0.368521 0.310969 0.373938 0.303656 0.385875 0.301203 0.401062 0.301203 0.416250
0 0.016156 0.568313 0.016156 0.533458 0.016156 0.523146 0.017125 0.507646 0.026797 0.502479 0.028734 0.477313 0.027281 0.465708 0.026313 0.456021 0.029703 0.448271 0.030672 0.444417 0.030672 0.444417 0.028734 0.430854 0.026797 0.428271 0.018094 0.401812 0.008891 0.383750 0.011797 0.374063 0.016641 0.361813 0.019547 0.339854 0.031641 0.305479 0.044703 0.288688 0.059234 0.279667 0.067453 0.266104 0.077141 0.260938 0.094563 0.266750 0.096984 0.271271 0.099406 0.282896 0.097469 0.293854 0.090687 0.306771 0.090203 0.319021 0.092141 0.331937 0.103266 0.356458 0.119734 0.366792 0.134250 0.377750 0.135703 0.386146 0.134250 0.395813 0.122625 0.394542 0.110047 0.388729 0.097469 0.388729 0.094563 0.387437 0.090203 0.408083 0.090203 0.409375 0.092141 0.430667 0.092141 0.445521 0.088266 0.457125 0.082938 0.463542 0.081484 0.548083 0.084875 0.559687 0.100375 0.562917 0.097469 0.572604 0.059719 0.573250 0.056328 0.565500 0.055844 0.493229 0.051969 0.488708 0.044703 0.547437 0.038422 0.564208 0.038422 0.571958 0.025828 0.570021
0 0.111906 0.340125 0.133625 0.272292 0.137625 0.272292 0.141625 0.269250 0.143906 0.262396 0.145625 0.246375 0.157063 0.238000 0.162766 0.222000 0.177641 0.220479 0.194203 0.233417 0.195359 0.243333 0.195922 0.260854 0.193062 0.270771 0.201062 0.292104 0.206781 0.386625 0.207359 0.399562 0.200500 0.418625 0.187344 0.421667 0.175922 0.468167 0.174781 0.519229 0.178781 0.544375 0.183344 0.558104 0.190203 0.561917 0.190781 0.573333 0.162203 0.574854 0.154203 0.569521 0.138766 0.564187 0.130766 0.555813 0.122187 0.538271 0.147906 0.470458 0.137047 0.405667 0.137047 0.375937 0.120469 0.368333
26 0.798891 0.452229 0.781109 0.520437 0.754422 0.609396 0.749969 0.637563 0.787781 0.655354 0.852266 0.661292 0.868953 0.653875 0.876734 0.597542 0.868953 0.501167 0.874516 0.394417 0.871172 0.387000 0.854500 0.517479 0.840047 0.539708 0.804453 0.523396 0.800016 0.501167 0.800016 0.465583
33 0.587531 0.096729 0.591422 0.099146 0.590656 0.104000 0.588578 0.109187 0.584422 0.111250 0.575859 0.111250 0.567562 0.109875 0.563156 0.107458 0.556156 0.105042 0.551750 0.105375 0.546297 0.109875 0.543453 0.114021 0.543453 0.122667 0.552781 0.132354 0.570156 0.151375 0.578719 0.166583 0.577422 0.204292 0.570422 0.227104 0.568609 0.233687 0.559000 0.255812 0.546562 0.278979 0.531516 0.296958 0.529437 0.293500 0.540078 0.284521 0.548641 0.271729 0.561859 0.238521 0.568344 0.219167 0.574562 0.208792 0.576391 0.183542 0.575609 0.165208 0.569125 0.155875 0.560297 0.144104 0.547344 0.133042 0.540594 0.121292 0.542672 0.109521 0.553813 0.099854 0.560562 0.098125 0.571453 0.100875 0.576641 0.101583 0.580531 0.098812 0.584172 0.095688 0.587016 0.096729
0 0.337531 0.365771 0.336969 0.352188 0.334141 0.340833 0.331312 0.332542 0.313734 0.334792 0.304672 0.345375 0.305234 0.353687 0.309766 0.370313 0.311469 0.374854 0.304109 0.380896 0.301844 0.396000 0.301266 0.410354 0.302406 0.430000 0.303531 0.448896 0.304109 0.461729 0.306375 0.468542 0.301844 0.476083 0.296172 0.479125 0.290500 0.489688 0.283703 0.507062 0.283141 0.513875 0.289375 0.534708 0.297875 0.545292 0.302969 0.543771 0.302406 0.533188 0.302406 0.527896 0.308078 0.518083 0.313734 0.514313 0.314875 0.529417 0.315437 0.540750 0.320531 0.541500 0.335266 0.542250 0.338672 0.541500 0.335844 0.533188 0.334141 0.526396 0.332437 0.522604 0.323375 0.533188 0.321109 0.527896 0.326203 0.521854 0.329031 0.515063 0.331312 0.509021 0.334141 0.502208 0.336969 0.496917 0.340937 0.481813 0.341500 0.470479 0.347172 0.462812 0.346031 0.443937 0.344906 0.427312 0.343766 0.412188 0.343203 0.397833 0.340375 0.383062 0.338672 0.377771
0 0.664281 0.401896 0.656484 0.460792 0.654750 0.517396 0.637422 0.518562 0.646094 0.489688 0.638297 0.449250 0.634828 0.510479 0.631359 0.520875 0.619234 0.518562 0.619234 0.508167 0.624422 0.467729 0.621828 0.413437 0.601906 0.352208 0.607094 0.308313 0.615766 0.295604 0.616625 0.278292 0.633094 0.257479 0.650422 0.267875 0.651281 0.282896 0.671219 0.307167 0.675547 0.351062 0.669484 0.370687 0.650422 0.389187 0.654750 0.403042
0 0.202813 0.284604 0.210234 0.268937 0.207141 0.237604 0.210844 0.239250 0.220734 0.235958 0.225078 0.243375 0.228156 0.253271 0.234969 0.264000 0.241766 0.283792 0.245484 0.311812 0.243000 0.328312 0.238672 0.344792 0.235578 0.355521 0.236203 0.370354 0.236203 0.394271 0.236203 0.420646 0.238063 0.433854 0.221984 0.441271 0.221359 0.441271 0.225078 0.435500 0.228156 0.433021 0.226922 0.420646 0.226312 0.395104 0.224453 0.382729 0.221359 0.376958 0.217031 0.380250 0.218266 0.399208 0.217031 0.420646 0.217031 0.435500 0.216406 0.440437 0.208984 0.439625 0.202187 0.436312 0.203422 0.431375 0.206516 0.427250 0.206516 0.410771 0.206516 0.408292 0.208984 0.399208 0.200953 0.292021
0 0.712969 0.364479 0.711812 0.352313 0.711234 0.338792 0.715438 0.326438 0.710938 0.316000 0.709062 0.307896 0.712391 0.290896 0.715719 0.287229 0.718328 0.284917 0.719781 0.283167 0.721078 0.279896 0.721516 0.275458 0.725281 0.258271 0.731078 0.254208 0.736875 0.254979 0.739625 0.263292 0.741219 0.274104 0.743828 0.283563 0.748891 0.293417 0.752656 0.306542 0.748750 0.308667 0.744109 0.313313 0.742516 0.324896 0.739766 0.337250 0.734406 0.366417 0.725422 0.366813 0.717453 0.369312 0.729625 0.416250 0.732953 0.419333 0.734266 0.431313 0.734984 0.437500 0.735703 0.452562 0.730641 0.453917 0.722094 0.454292 0.719484 0.446562 0.717750 0.443875 0.719781 0.432271 0.720062 0.418958 0.724266 0.418375
0 0.264344 0.320938 0.259922 0.323896 0.261391 0.356229 0.253312 0.356229 0.253312 0.347417 0.254781 0.312125 0.257719 0.282708 0.248891 0.275854 0.249625 0.265063 0.251844 0.260167 0.256984 0.267021 0.258453 0.269958 0.260656 0.268979 0.258453 0.260167 0.262859 0.249375 0.269484 0.252313 0.271688 0.261146 0.268016 0.267021 0.275359 0.268979 0.273156 0.283688 0.276094 0.310167 0.272422 0.321917 0.276844 0.355250 0.274625 0.358208 0.268016 0.355250 0.268750 0.339563 0.268750 0.326833
0 0.003125 0.383583 0.008406 0.384083 0.013328 0.398208 0.016734 0.405771 0.021641 0.426417 0.023156 0.432479 0.027687 0.436000 0.029578 0.446083 0.026563 0.454646 0.026937 0.479333 0.027687 0.499000 0.023906 0.506042 0.014844 0.507563 0.013328 0.527708 0.014469 0.538292 0.011812 0.541833 0.017484 0.544354 0.014078 0.566521 0.021266 0.571062 0.026563 0.575583 0.022391 0.580125 0.000469 0.581646 0.000859 0.568542 0.000469 0.438021 0.000469 0.384083
33 0.407531 0.065875 0.416562 0.062167 0.416562 0.069021 0.415875 0.070875 0.412953 0.072729 0.403781 0.088667 0.397797 0.094604 0.395719 0.093104 0.399328 0.089042 0.406281 0.076812 0.406563 0.072542 0.406422 0.071792 0.406000 0.069771 0.405859 0.068083 0.405859 0.066229
0 0.668219 0.310375 0.671453 0.310021 0.672000 0.299583 0.676047 0.298146 0.680625 0.301375 0.682250 0.314333 0.681703 0.328708 0.681703 0.343104 0.680625 0.355687 0.675781 0.358937 0.673609 0.357500 0.675500 0.341312 0.674703 0.328708 0.671453 0.317208 0.669562 0.311812
33 0.869969 0.093750 0.863984 0.107125 0.863141 0.112687 0.863562 0.118625 0.865234 0.122354 0.869281 0.120500 0.869969 0.112313 0.869828 0.107312 0.870391 0.103396 0.873312 0.098750 0.873172 0.095979 0.871078 0.093187
0 0.883141 0.374604 0.886516 0.365604 0.893266 0.363354 0.900000 0.347625 0.898312 0.340896 0.898312 0.322917 0.910109 0.311667 0.915172 0.316167 0.918547 0.320667 0.923594 0.327396 0.928656 0.340896 0.928656 0.354375 0.920219 0.365604 0.920219 0.401563 0.920219 0.406063 0.923594 0.412792 0.932016 0.419542 0.932016 0.430771 0.926969 0.437521 0.913484 0.428521 0.911797 0.439771 0.911797 0.455500 0.911797 0.466729 0.911797 0.491458 0.911797 0.522917 0.906734 0.529646 0.906734 0.549875 0.906734 0.563354 0.906734 0.570104 0.893266 0.574604 0.883141 0.570104 0.879781 0.547625 0.884828 0.534146 0.886516 0.509417 0.888203 0.495937 0.888203 0.473479 0.888203 0.444250 0.888203 0.421792 0.888203 0.408312 0.883141 0.388083
