4 0.391094 0.526230 0.288969 0.527845 0.184703 0.508501 0.109453 0.484333 0.109453 0.464988 0.099781 0.460164 0.147078 0.458548 0.110531 0.326440 0.133094 0.320000 0.204047 0.440820 0.267469 0.445667 0.377109 0.440820 0.407219 0.448876 0.511484 0.448876 0.624359 0.448876 0.667359 0.445667 0.720031 0.461780 0.739375 0.489157 0.741531 0.494005 0.706047 0.503677 0.706047 0.471452 0.700672 0.473045 0.704984 0.510117 0.658750 0.514941 0.581359 0.524614 0.540516 0.452108 0.516859 0.455340 0.523313 0.532670 0.487844 0.519789 0.496437 0.497213 0.421187 0.477892 0.411516 0.455340
4 0.291031 0.424660 0.393812 0.418126 0.565406 0.424660 0.596500 0.442436 0.400031 0.443607 0.390938 0.421686 0.375922 0.421686 0.375922 0.421686 0.380266 0.445995 0.287500 0.445995 0.213547 0.445995 0.193000 0.422881 0.147781 0.455457 0.115766 0.348806 0.113797 0.345855 0.091266 0.316815 0.085719 0.325105 0.103109 0.434145 0.069906 0.429391 0.076234 0.460211 0.100344 0.459602 0.119328 0.457845
4 0.536656 0.605199 0.507531 0.595644 0.486594 0.597002 0.390125 0.560187 0.362812 0.528806 0.366453 0.526066 0.399219 0.539719 0.374641 0.425105 0.391031 0.421030 0.406500 0.451030 0.435625 0.501522 0.451109 0.523349 0.529375 0.536979 0.585813 0.530164 0.614031 0.595644 0.705047 0.594286 0.728719 0.579274 0.728719 0.562904 0.719609 0.560187 0.708687 0.550632 0.660453 0.531522
7 0.561625 0.715363 0.587844 0.743583 0.601297 0.747096 0.609703 0.759696 0.608359 0.805059 0.596922 0.810609 0.591547 0.853934 0.587516 0.853934 0.575063 0.844379 0.567328 0.855948 0.558250 0.857471 0.547828 0.851429 0.521266 0.821686 0.520938 0.792974 0.526656 0.790445 0.526656 0.772810 0.516563 0.765761 0.522953 0.728970 0.528000 0.740047 0.536062 0.737541 0.536062 0.721405 0.547828 0.718384 0.553547 0.730468 0.557250 0.712834
4 0.082156 0.364145 0.064594 0.333208 0.064594 0.333208 0.042422 0.331827 0.059672 0.392763 0.040875 0.399227 0.040875 0.399227 0.047656 0.412155 0.068297 0.422763 0.094781 0.421382
7 0.650297 0.862365 0.638438 0.858642 0.630937 0.849274 0.620937 0.840843 0.617813 0.835223 0.615312 0.813700 0.609078 0.800586 0.608453 0.767822 0.619063 0.771569 0.619687 0.752834 0.622813 0.741616 0.635938 0.741616 0.647172 0.741616 0.643422 0.752834 0.660922 0.773443 0.673406 0.781874 0.680906 0.794028 0.679656 0.818384 0.685281 0.832412 0.684031 0.862365 0.670281 0.863302 0.661547 0.860492 0.655922 0.866112
7 0.924250 0.844637 0.916281 0.848946 0.882641 0.849930 0.875562 0.845293 0.871797 0.840328 0.868469 0.837330 0.860953 0.830703 0.857625 0.828712 0.853641 0.828384 0.851203 0.820422 0.848109 0.815105 0.847453 0.805808 0.848781 0.780609 0.852531 0.777611 0.870687 0.773630 0.875562 0.773981 0.880422 0.776300 0.887281 0.775621 0.897250 0.775621 0.902781 0.776956 0.908750 0.780937 0.917609 0.782272 0.921594 0.787237 0.924906 0.794215 0.923813 0.819087 0.926688 0.835012 0.925359 0.844309 0.924688 0.845621
2 0.722516 0.933443 0.782562 0.931522 0.807594 0.951265 0.825578 0.960890 0.827109 0.986745 0.823891 0.985316 0.821656 0.984824 0.820047 0.984356 0.819078 0.996862 0.802063 0.994450 0.802063 0.987236 0.774141 0.967986 0.757766 0.966534 0.739469 0.970867 0.740422 0.980023 0.739781 0.991569 0.722453 0.993489 0.714422 0.984356 0.708000 0.981452
7 0.686609 0.808642 0.686609 0.795761 0.686609 0.786089 0.686609 0.773185 0.690906 0.771030 0.695203 0.765667 0.695203 0.759204 0.695203 0.752763 0.695922 0.745246 0.703094 0.739860 0.711703 0.739860 0.718156 0.739860 0.719594 0.747401 0.728203 0.764590 0.731781 0.769953 0.746125 0.779625 0.748984 0.793607 0.751859 0.804356 0.758313 0.812951 0.759031 0.825855 0.760469 0.838735 0.760469 0.849485 0.760469 0.855948 0.748984 0.858103 0.738953 0.858103 0.733938 0.858103 0.730344 0.854871 0.726047 0.851639 0.722453 0.853794 0.718156 0.855948 0.712422 0.853794 0.708828 0.851639 0.701672 0.843045 0.697359 0.841967 0.694500 0.836604 0.689469 0.829063 0.685172 0.820468 0.687328 0.807588
2 0.721594 0.941194 0.718734 0.921897 0.783156 0.913302 0.806063 0.936909 0.821813 0.943349 0.823250 0.956230 0.787453 0.936909 0.771703 0.936909
2 0.653437 0.904005 0.659641 0.876979 0.698547 0.875269 0.694031 0.867682 0.640469 0.870211 0.637094 0.887119
2 0.683266 0.925644 0.670922 0.914660 0.673234 0.900773 0.675563 0.891522 0.679797 0.888642 0.684422 0.888642 0.748469 0.890960 0.753859 0.896721 0.755406 0.900773 0.756953 0.905995 0.756563 0.909461 0.756563 0.912342 0.756172 0.914660 0.740359 0.908290 0.692922 0.911756 0.684047 0.922178
2 0.683516 0.924543 0.688922 0.915386 0.687109 0.912412 0.689641 0.910796 0.739437 0.907564 0.753281 0.913770 0.756688 0.916721 0.717672 0.921311 0.721281 0.936674 0.717141 0.949602
2 0.966609 0.886487 0.981141 0.868501 1.000000 0.863185 0.999156 0.893372 0.989266 0.895082 0.978625 0.912740 0.969500 0.913302 0.962656 0.903045 0.964938 0.890515
2 0.939672 0.894028 0.937938 0.882412 0.952578 0.867564 0.956453 0.867564 0.969813 0.854005 0.997359 0.851429 0.999516 0.860468 0.999516 0.864988 0.982297 0.868220 0.966359 0.887564 0.964203 0.901124 0.959047 0.904356 0.954734 0.901124 0.953016 0.896604 0.942250 0.897892
2 0.991172 0.894169 0.976531 0.914637 0.987266 0.932904 0.998484 0.938759 0.999953 0.894169
4 0.515891 0.458806 0.538594 0.612998 0.517406 0.615269 0.691391 0.678759 0.859328 0.721850 0.865375 0.678759 0.945562 0.676487 0.981875 0.642482 0.965234 0.631148 0.957656 0.622061 0.832094 0.603934 0.689875 0.597119 0.611203 0.592600 0.546156 0.452014 0.508328 0.456534
