47 0.690141 0.634871 0.702609 0.614824 0.713297 0.616159 0.716859 0.629532 0.739125 0.637541 0.744469 0.640211 0.757844 0.656229 0.764078 0.672248 0.780109 0.688267 0.784562 0.706955 0.793469 0.731007 0.804156 0.752365 0.806828 0.763045 0.807719 0.815105 0.780109 0.825808 0.758734 0.823138 0.738234 0.803091 0.732000 0.783068 0.730219 0.771054 0.724875 0.751030 0.709734 0.741686 0.696375 0.747026 0.692813 0.771054 0.683891 0.779063 0.672312 0.771054 0.675875 0.736347 0.666078 0.721663 0.661625 0.708290 0.659844 0.685597 0.659844 0.669578 0.660734 0.641546 0.679438 0.624192 0.687453 0.622857 0.691922 0.630867
46 0.230719 0.095082 0.260734 0.139087 0.260078 0.151803 0.237891 0.185059 0.232672 0.201686 0.246375 0.217354 0.238547 0.230070 0.204609 0.220281 0.195469 0.213443 0.179813 0.208548 0.177203 0.204637 0.181766 0.195831 0.198078 0.178220 0.209172 0.148876 0.213094 0.120515 0.211781 0.103888 0.211781 0.100937
46 0.268984 0.096745 0.267641 0.117354 0.265625 0.126909 0.262609 0.133443 0.260594 0.147518 0.255891 0.162108 0.248516 0.178689 0.239125 0.185246 0.234094 0.191265 0.231063 0.200328 0.231406 0.204848 0.233078 0.211382 0.240125 0.212881 0.242141 0.210890 0.245156 0.214895 0.251531 0.219438 0.262266 0.216909 0.268984 0.217424 0.271328 0.215902 0.272328 0.217916 0.283406 0.216417 0.289781 0.212881 0.295141 0.209368 0.302531 0.211874 0.310906 0.204333 0.320312 0.186745 0.324328 0.167143 0.318625 0.131944 0.310250 0.116347 0.297828 0.109813 0.292125 0.106792 0.287094 0.101265 0.286766 0.093208 0.279375 0.089204 0.273344 0.090703
49 0.569969 0.518735 0.548922 0.516089 0.521734 0.516089 0.497188 0.516089 0.452453 0.518735 0.422641 0.521358 0.424391 0.508220 0.434031 0.497705 0.439297 0.480609 0.453328 0.460890 0.455078 0.443794 0.465609 0.428033 0.472625 0.410937 0.482266 0.403045 0.493672 0.412248 0.504203 0.418829 0.521734 0.413560 0.526125 0.408314 0.534891 0.418829 0.547172 0.441171 0.555937 0.454309 0.572609 0.468782 0.576109 0.484543 0.578734 0.499016 0.581375 0.506885
47 0.300547 0.522038 0.303531 0.508642 0.302031 0.492272 0.301547 0.480375 0.306016 0.467728 0.315937 0.460281 0.319406 0.444660 0.328344 0.437213 0.332312 0.437213 0.334297 0.416393 0.344234 0.408197 0.349688 0.397049 0.359625 0.388852 0.376000 0.385878 0.376984 0.402998 0.385922 0.418618 0.388406 0.428290 0.391875 0.437213 0.402797 0.450609 0.403297 0.464754 0.417203 0.472927 0.417688 0.497494 0.415703 0.520539 0.347703 0.519813 0.318422 0.523513 0.304516 0.519813
46 0.836359 0.092717 0.827109 0.100632 0.820063 0.113185 0.816547 0.118454 0.808609 0.125059 0.804203 0.131007 0.802891 0.157400 0.806406 0.202951 0.816094 0.218126 0.837687 0.227377 0.844734 0.229368 0.848687 0.226066 0.852656 0.221429 0.860141 0.222763 0.871594 0.230023 0.879969 0.234637 0.887453 0.237283 0.890969 0.234637 0.889656 0.222763 0.886125 0.212857 0.880406 0.194379 0.871594 0.181827 0.857938 0.134309 0.853094 0.123747 0.852219 0.122412 0.850453 0.101944 0.850891 0.092061
46 0.372125 0.118478 0.382562 0.133162 0.369516 0.181077 0.355812 0.190867 0.340156 0.195761 0.331016 0.193794 0.340797 0.168361 0.362984 0.137073 0.362344 0.115550 0.364953 0.109672
46 0.565500 0.079625 0.578703 0.123185 0.591906 0.150890 0.599828 0.210258 0.578703 0.218173 0.547016 0.216206 0.528531 0.212248 0.520609 0.190468 0.520609 0.146932 0.536453 0.117237 0.548328 0.089532 0.562859 0.075667
46 0.493000 0.092295 0.500812 0.106230 0.500812 0.106230 0.506688 0.108407 0.514500 0.123068 0.523313 0.145785 0.523797 0.180234 0.523797 0.181686 0.516469 0.208080 0.505219 0.216136 0.498859 0.216136 0.492016 0.221991 0.486156 0.226393 0.479313 0.222717 0.472953 0.224918 0.468547 0.225644 0.468547 0.225644 0.467078 0.227119 0.462687 0.221991 0.463172 0.208806 0.468547 0.175105 0.467578 0.158244 0.471484 0.137002 0.478813 0.117939 0.478813 0.117939 0.479797 0.100351 0.483219 0.090820
46 0.954813 0.104286 0.970703 0.096112 0.976156 0.102810 0.976656 0.113232 0.982609 0.134052 0.991047 0.163068 0.993031 0.185386 0.994516 0.203981 0.987078 0.212904 0.978141 0.213653 0.970703 0.224075 0.961766 0.230023 0.948359 0.225550 0.937938 0.212904 0.935953 0.201007 0.939422 0.172740 0.940922 0.151897 0.939922 0.140749 0.938922 0.132576 0.945375 0.126604 0.950844 0.110984 0.955313 0.104286
46 0.665688 0.212904 0.683641 0.127681 0.683641 0.096300 0.703094 0.103021 0.721047 0.125457 0.727031 0.179251 0.715062 0.217377 0.703094 0.226347
46 0.757016 0.099274 0.760437 0.103677 0.768719 0.120492 0.776531 0.133630 0.783844 0.164356 0.787750 0.200913 0.782875 0.213326 0.776531 0.208946 0.775063 0.215527 0.769219 0.215527 0.764828 0.208946 0.759937 0.214052 0.749219 0.214801 0.744828 0.212600 0.736531 0.214801 0.730672 0.214052 0.722391 0.201639 0.721891 0.197986 0.722391 0.181171 0.723844 0.159227 0.721406 0.146066 0.720437 0.135831 0.725313 0.128525 0.734578 0.119742 0.740922 0.109508 0.746781 0.100000 0.752141 0.097822
46 0.626781 0.104145 0.614125 0.111897 0.600531 0.121733 0.591141 0.140703 0.595375 0.173044 0.603813 0.199742 0.615531 0.226464 0.618813 0.227166 0.622094 0.232084 0.630062 0.239110 0.635234 0.239110 0.636641 0.234192 0.643672 0.237002 0.646484 0.237002 0.649766 0.232084 0.651641 0.229977 0.661484 0.237002 0.665234 0.237002 0.666656 0.231382 0.668063 0.227166 0.665719 0.206066 0.647891 0.138595 0.642734 0.129461 0.642734 0.107658 0.640859 0.102037 0.635234 0.099227
47 0.685172 0.821967 0.679781 0.813443 0.678297 0.801358 0.680078 0.791054 0.687266 0.780281 0.698625 0.777143 0.704000 0.782529 0.709391 0.794637 0.709391 0.808080 0.702516 0.821522 0.693547 0.824215 0.687266 0.822857
49 0.492797 0.387564 0.507234 0.379438 0.518047 0.378759 0.523453 0.390258 0.526609 0.398361 0.526172 0.406464 0.521203 0.415246 0.518500 0.417963 0.508578 0.424052 0.498219 0.416604 0.491453 0.410515 0.486938 0.401733
47 0.356312 0.453302 0.361234 0.446956 0.363125 0.446956 0.366875 0.446253 0.369219 0.445902 0.373219 0.449063 0.377438 0.454356 0.380031 0.460679 0.380266 0.471241 0.378609 0.478642 0.374625 0.483911 0.368516 0.489180 0.364062 0.489532 0.358422 0.488829 0.354906 0.486019 0.352547 0.475457 0.352078 0.464918 0.352781 0.458923 0.354906 0.454356
47 0.741047 0.814286 0.734000 0.823981 0.721063 0.822225 0.711078 0.808993 0.711656 0.798431 0.715187 0.793138 0.719891 0.786979 0.728109 0.781686 0.735172 0.788735 0.741047 0.801967
46 0.436297 0.094379 0.445297 0.094379 0.466281 0.161803 0.460281 0.200000 0.445297 0.213489 0.424297 0.215738 0.406313 0.215738 0.400313 0.177518 0.403313 0.152810 0.409312 0.128080
49 0.744375 0.449906 0.749203 0.431850 0.750000 0.407775 0.762859 0.389719 0.789359 0.384918 0.811047 0.395738 0.846391 0.453536 0.865672 0.474005 0.870484 0.511311 0.819078 0.519742 0.737953 0.523349 0.736344 0.505293 0.743578 0.494450 0.747594 0.480023
