0 0.515700 0.676287 0.535580 0.569491 0.540260 0.555479 0.549620 0.551976 0.561320 0.546737 0.561320 0.530958 0.554300 0.523952 0.554300 0.501198 0.563660 0.487186 0.580040 0.488952 0.588220 0.495958 0.592900 0.515210 0.590560 0.529222 0.585880 0.546737 0.589400 0.562485 0.604600 0.571228 0.604600 0.632515 0.604600 0.706048 0.603420 0.723563 0.595240 0.737575 0.587060 0.749820 0.577700 0.846138 0.582380 0.884641 0.584720 0.905659 0.575360 0.912665 0.567160 0.907425 0.560160 0.896916 0.560160 0.823383 0.562480 0.734072 0.562480 0.728832 0.557820 0.742814 0.544940 0.812874 0.543780 0.853144 0.537920 0.877635 0.526240 0.877635 0.522720 0.865389 0.525060 0.839132 0.527400 0.819880 0.536760 0.760329 0.535580 0.690299 0.536760 0.667545 0.540260 0.636018 0.544940 0.594012 0.539100 0.602755 0.525060 0.685060 0.522720 0.693802 0.513360 0.704311 0.511020 0.692036
0 0.003300 0.469132 0.003300 0.461737 0.016500 0.444431 0.019800 0.427156 0.021440 0.400000 0.032980 0.387665 0.044540 0.385180 0.059380 0.392605 0.069280 0.404940 0.075880 0.424701 0.077520 0.444431 0.074220 0.481467 0.075880 0.518533 0.070920 0.548144 0.067620 0.567904 0.059380 0.570359 0.052780 0.555569 0.047840 0.545689 0.044540 0.567904 0.046180 0.602455 0.046180 0.637036 0.046180 0.659252 0.044540 0.686407 0.047840 0.716048 0.044540 0.762964 0.039580 0.787665 0.026400 0.807395 0.019800 0.814820 0.006600 0.822216 0.001640 0.913593 0.003300 0.916048 0.019800 0.945689 0.016500 0.958024 0.003300 0.955569
13 0.261860 0.690778 0.270580 0.707096 0.266960 0.761467 0.232820 0.759281 0.232820 0.766886 0.296000 0.773413 0.293820 0.802784 0.250240 0.806048 0.255340 0.821257 0.341040 0.821257 0.338140 0.808204 0.301820 0.807126 0.306900 0.751677 0.316340 0.738623 0.272760 0.689701 0.261140 0.689701
0 0.735540 0.624341 0.733860 0.655060 0.733860 0.660060 0.713900 0.676647 0.704480 0.714012 0.712800 0.721467 0.721660 0.689940 0.723880 0.704042 0.721660 0.735599 0.719440 0.735599 0.720000 0.739731 0.731640 0.738922 0.733320 0.698234 0.750500 0.675808 0.752160 0.667515 0.750500 0.632665 0.749940 0.624341 0.742740 0.611916 0.739420 0.596138 0.731100 0.596946 0.722780 0.605269 0.725000 0.613563 0.729440 0.622695
0 0.639160 0.633713 0.649940 0.619521 0.647340 0.613054 0.645620 0.605958 0.644760 0.595000 0.638300 0.589850 0.634420 0.583383 0.636140 0.574341 0.643040 0.573054 0.646480 0.578862 0.648220 0.586617 0.652080 0.588533 0.660280 0.598862 0.667180 0.625329 0.666740 0.634371 0.661140 0.639521 0.658560 0.677605 0.660720 0.694371 0.653380 0.700838 0.646920 0.702784 0.642180 0.700180 0.639160 0.697605 0.642600 0.692455 0.649500 0.687934 0.648220 0.670509 0.646920 0.649850 0.651660 0.633084 0.652080 0.625329
36 0.969960 0.733263 0.970540 0.728323 0.964500 0.712635 0.961560 0.711497 0.959580 0.714192 0.959400 0.718293 0.965160 0.733982 0.968260 0.734551
0 0.237380 0.567814 0.228840 0.578144 0.228180 0.588952 0.228840 0.607665 0.229820 0.618982 0.228840 0.629311 0.223240 0.650000 0.222580 0.658353 0.222580 0.661317 0.229820 0.666228 0.231140 0.657365 0.232120 0.653443 0.240020 0.612096 0.242960 0.611587 0.244280 0.624401 0.241660 0.650479 0.241980 0.657874 0.241660 0.664760 0.242640 0.667695 0.251180 0.660329 0.247240 0.637186 0.249220 0.618982 0.249540 0.611108 0.249540 0.605689 0.249880 0.598323 0.253480 0.602246 0.256780 0.605210 0.257440 0.595868 0.253160 0.576647 0.263020 0.590928 0.262360 0.580599 0.256120 0.572246 0.249220 0.562395 0.251520 0.554012 0.249880 0.549581 0.245920 0.547635 0.239680 0.547635 0.235080 0.560928 0.238700 0.566317
36 0.693200 0.696826 0.696740 0.697425 0.710500 0.717994 0.720120 0.735060 0.716000 0.738892 0.713060 0.739192 0.698520 0.715958 0.694780 0.716228 0.693200 0.714192 0.694580 0.711527 0.690660 0.704760 0.690460 0.699760
0 0.782000 0.626497 0.782180 0.623563 0.782360 0.620329 0.783620 0.615210 0.787400 0.615479 0.789000 0.621407 0.787920 0.624910 0.786140 0.629192 0.787920 0.634850 0.788280 0.642635 0.788460 0.651527 0.786320 0.663623 0.786860 0.670060 0.786320 0.676257 0.785060 0.680539 0.784700 0.684581 0.785780 0.687814 0.787920 0.693443 0.786320 0.695060 0.783080 0.693982 0.783980 0.690778 0.782000 0.688623 0.776620 0.689162 0.774280 0.685659 0.773920 0.679461 0.774460 0.673024 0.775720 0.666018 0.775720 0.657964 0.775540 0.650988 0.776080 0.648024 0.775540 0.643174 0.773920 0.638623 0.776080 0.634042 0.777340 0.631347 0.779840 0.628653 0.781280 0.627305
0 0.889320 0.659850 0.887960 0.638623 0.885600 0.635090 0.885600 0.626018 0.884260 0.619431 0.878860 0.616916 0.875480 0.621976 0.875820 0.625000 0.875820 0.626018 0.874140 0.634611 0.871100 0.640659 0.871440 0.649760 0.871760 0.656317 0.870080 0.664401 0.869080 0.666916 0.869080 0.667425 0.872440 0.674491 0.872780 0.699252 0.872780 0.703802 0.871760 0.709341 0.869740 0.713383 0.867040 0.717934 0.870420 0.719970 0.878860 0.713383 0.880200 0.704311 0.881560 0.688653 0.885600 0.719970 0.891680 0.721467 0.891680 0.712874 0.890320 0.699252 0.889980 0.689641 0.889980 0.679551 0.889980 0.669461
0 0.297280 0.584222 0.299400 0.573982 0.299640 0.565150 0.299640 0.561617 0.301280 0.558443 0.300820 0.553174 0.301520 0.549641 0.303180 0.547874 0.306000 0.546467 0.308360 0.549641 0.308120 0.555988 0.309300 0.558802 0.310960 0.563743 0.309300 0.588443 0.308360 0.606437 0.308600 0.613862 0.306940 0.618802 0.304120 0.617365 0.304120 0.603982 0.302460 0.602904 0.301520 0.618084 0.297040 0.619132 0.296580 0.608922 0.296820 0.594431
0 0.322960 0.617964 0.322540 0.589850 0.324220 0.577515 0.317900 0.578473 0.317680 0.567725 0.324440 0.557605 0.324020 0.548144 0.323380 0.541497 0.328660 0.539281 0.333520 0.542455 0.337520 0.558862 0.334780 0.581946 0.331400 0.618892 0.331200 0.623323 0.325920 0.625210 0.322320 0.622365
36 0.098460 0.697784 0.100820 0.702784 0.100040 0.706916 0.100220 0.712784 0.100220 0.717485 0.098260 0.720748 0.096700 0.716916 0.094920 0.715748 0.085880 0.714850 0.086280 0.723383 0.081560 0.722216 0.080980 0.719252 0.080780 0.703683 0.095900 0.704252
36 0.230040 0.662964 0.235040 0.645329 0.238240 0.633563 0.238960 0.618563 0.240040 0.606287 0.240040 0.603593 0.242540 0.600928 0.243240 0.601467 0.246100 0.612695 0.247900 0.616437 0.248240 0.622844 0.242180 0.621257 0.241460 0.643713 0.239320 0.646377 0.244680 0.649072 0.243960 0.656557 0.238240 0.653862 0.232880 0.664581
0 0.603560 0.596976 0.603280 0.613383 0.607920 0.613593 0.609180 0.610030 0.608060 0.604551 0.607340 0.602874 0.607340 0.595090 0.604680 0.594252
36 0.643340 0.691138 0.647100 0.694970 0.650240 0.694970 0.654300 0.694970 0.658360 0.696108 0.659700 0.699461 0.656560 0.705748 0.650540 0.704401 0.642440 0.703293 0.637480 0.701707 0.636880 0.699701 0.637480 0.697904 0.638240 0.696766 0.635540 0.694970 0.635080 0.691587 0.636580 0.690030
36 0.196520 0.673204 0.207840 0.678563 0.212620 0.675000 0.217980 0.669192 0.220660 0.673204 0.219760 0.675868 0.217980 0.678114 0.213200 0.679012 0.217680 0.681677 0.217680 0.687036 0.215580 0.694162 0.205760 0.689701 0.206660 0.686138 0.203380 0.686587 0.201900 0.691946 0.194440 0.691946 0.192960 0.687036 0.193260 0.685689 0.195940 0.682575 0.198320 0.681677 0.196820 0.680329 0.193840 0.680329 0.189980 0.680329 0.191460 0.675000
36 0.259400 0.639521 0.292600 0.643473 0.289640 0.646916 0.284720 0.647395 0.284380 0.651347 0.280440 0.650838 0.279120 0.647395 0.264660 0.644431 0.264340 0.648862 0.260060 0.647874 0.259740 0.643473 0.256780 0.640988
