39 0.196797 0.161716 0.236078 0.160556 0.233775 0.120131 0.234918 0.092402 0.226846 0.077386 0.217598 0.065833 0.215294 0.038105 0.214134 0.027712 0.201422 0.027712 0.194493 0.028873 0.194493 0.038105 0.195654 0.046193 0.193333 0.072761 0.184101 0.093562 0.187565 0.120131 0.192190 0.143235 0.194493 0.158252 0.197958 0.164020
39 0.286111 0.041667 0.280980 0.065588 0.278137 0.090082 0.273578 0.099771 0.291242 0.104886 0.299216 0.102042 0.299216 0.092925 0.299216 0.061601 0.300359 0.042222
60 0.197549 0.178382 0.205392 0.153693 0.244559 0.159183 0.231242 0.178382 0.218709 0.192876 0.213611 0.199542 0.209297 0.201879 0.197549 0.196013 0.192843 0.187386
39 0.326895 0.057533 0.342206 0.053922 0.339510 0.080931 0.334101 0.116928 0.329608 0.134036 0.322402 0.108840 0.326895 0.093529 0.324199 0.066536
41 0.126454 0.090458 0.132925 0.130882 0.159869 0.136814 0.194902 0.150817 0.187369 0.086144 0.155016 0.083448 0.132925 0.086144
41 0.324690 0.102026 0.325229 0.133039 0.317206 0.128235 0.297418 0.129837 0.295801 0.140539 0.294739 0.167810 0.284036 0.165670 0.274951 0.162990 0.261046 0.103088 0.272810 0.100425 0.278693 0.102565
39 0.301111 0.055261 0.315735 0.062565 0.315735 0.070605 0.315735 0.089624 0.319395 0.095458 0.312810 0.102778 0.298186 0.102778 0.295997 0.099853 0.300392 0.078644 0.299657 0.066961
56 0.818742 0.118824 0.828464 0.121814 0.838186 0.118072 0.850899 0.119575 0.862124 0.128546 0.856879 0.149477 0.817010 0.152157 0.815261 0.131765
42 0.137075 0.413480 0.173039 0.534837 0.215735 0.579771 0.213480 0.734837 0.188758 0.644951 0.191013 0.739330 0.170784 0.633709 0.164052 0.743824 0.143824 0.633709 0.139330 0.757304 0.119101 0.579771 0.134837 0.532582 0.121356 0.415735 0.094379 0.292141 0.078644 0.296634 0.044951 0.107859 0.053938 0.076405 0.089886 0.074150 0.130343 0.098873 0.137075 0.175278 0.101127 0.195507 0.098873 0.222467 0.152810 0.222467 0.085392 0.249444
56 1.000000 0.117418 0.985457 0.117418 0.970768 0.117418 0.959461 0.116275 0.956062 0.104967 0.950425 0.099330 0.940245 0.098186 0.935719 0.108366 0.941373 0.127582 0.945899 0.158105 0.956062 0.213513 0.957206 0.272304 0.957206 0.308480 0.957206 0.353709 0.985457 0.406781 1.000000 0.410180
0 0.152369 0.000833 0.002010 0.000833 0.002010 0.131830 0.016863 0.129902 0.050408 0.126029 0.044608 0.084722 0.061389 0.071814 0.076879 0.060196 0.089134 0.066013 0.105261 0.072467 0.120114 0.078268 0.123987 0.085359 0.160114 0.084069 0.161405 0.077631 0.171095 0.078268 0.176258 0.067941 0.175605 0.062141 0.170441 0.042778 0.178840 0.020196 0.166569 0.015033 0.165278 0.009869 0.157533 0.007925
0 0.948546 0.758611 0.941830 0.689248 0.995523 0.610948 1.000000 0.476732 0.959739 0.344739 0.917222 0.259722 0.883676 0.141160 0.789706 0.018121 0.628627 0.015882 0.449657 0.009167 0.384788 0.015882 0.357941 0.022582 0.348987 0.085229 0.328856 0.134444 0.275163 0.143399 0.232663 0.183660 0.165556 0.143399 0.044739 0.141160 0.000000 0.145637 0.008954 0.320131 0.022369 0.467778 0.120801 0.523709 0.187925 0.543840 0.252794 0.584101 0.695752 0.577402 0.825507 0.610948 0.845637 0.704918
