0 0.245359 0.975458 0.243844 0.943708 0.240063 0.934146 0.240063 0.919021 0.240063 0.911958 0.241578 0.900875 0.244219 0.894333 0.247625 0.888792 0.251406 0.882729 0.256703 0.880729 0.260484 0.877187 0.263500 0.874167 0.263875 0.865604 0.260094 0.864083 0.260094 0.854521 0.263125 0.845937 0.265766 0.840396 0.271437 0.837875 0.282781 0.838896 0.295250 0.848458 0.296766 0.849979 0.294109 0.856521 0.291469 0.857042 0.292609 0.865104 0.292984 0.867625 0.292984 0.869125 0.290344 0.871646 0.289578 0.877187 0.290344 0.879708 0.290719 0.880208 0.289203 0.883750 0.285797 0.884750 0.283531 0.884750 0.280125 0.889292 0.279375 0.891312 0.277859 0.894833 0.287313 0.944208 0.291844 0.936667 0.295250 0.934146 0.299031 0.935146 0.302047 0.936667 0.303562 0.944729 0.303937 0.949250 0.303937 0.954292 0.303187 0.955813 0.300547 0.956312 0.299031 0.945729 0.295625 0.946229 0.292984 0.950271 0.292234 0.952292 0.291094 0.953292 0.289203 0.956312 0.288063 0.962354 0.288828 0.976479
0 0.784266 0.974167 0.796344 0.990271 0.795469 0.995833 0.794594 1.000000 0.701500 1.000000 0.699078 1.000000 0.701281 0.998167 0.716203 0.983542 0.718625 0.976792 0.723453 0.950458 0.724547 0.923229 0.730703 0.910646 0.733328 0.910354 0.744094 0.908292 0.755500 0.908875 0.762094 0.912104 0.764953 0.920292 0.766922 0.929083 0.776578 0.939333 0.778562 0.946062 0.777016 0.946646 0.772188 0.946938 0.770219 0.962458 0.764953 0.975042 0.769344 0.990271 0.773297 0.995833 0.779656 0.997583 0.781406 0.992604 0.780531 0.982354 0.777906 0.971521 0.780531 0.969187
0 0.185922 0.976917 0.189313 0.951104 0.193672 0.927229 0.180125 0.936271 0.174797 0.947229 0.165109 0.947229 0.156891 0.942729 0.149141 0.938208 0.144781 0.929167 0.144297 0.924646 0.149141 0.920125 0.156406 0.918187 0.158344 0.927875 0.169953 0.929167 0.174797 0.926583 0.181578 0.911104 0.193188 0.896250 0.211094 0.893667 0.213031 0.887875 0.212063 0.880125 0.215937 0.855604 0.221750 0.845917 0.228516 0.844625 0.237234 0.851729 0.240625 0.862708 0.237719 0.877542 0.233844 0.885938 0.233844 0.887229 0.237719 0.893021 0.241109 0.903354 0.241109 0.914333 0.232875 0.922708 0.214969 0.958854 0.213031 0.971750
58 0.222187 0.321708 0.277969 0.323500 0.278641 0.297521 0.273938 0.293042 0.267891 0.274229 0.271922 0.264375 0.265203 0.258104 0.257141 0.261687 0.255797 0.261687 0.249750 0.267063 0.238984 0.259896 0.224203 0.257208 0.217484 0.267063 0.217484 0.267958 0.200016 0.274229 0.210094 0.285875 0.219500 0.290354 0.220172 0.306479 0.219500 0.324396
74 0.905062 0.597604 0.906031 0.626583 0.898297 0.649125 0.889609 0.657500 0.873188 0.659417 0.857734 0.652354 0.843734 0.624667 0.841313 0.598250 0.847594 0.578938 0.863531 0.567354 0.876078 0.568646 0.891047 0.570562 0.898781 0.579583 0.904094 0.590521
58 0.536750 0.345500 0.538281 0.354583 0.541141 0.367750 0.545750 0.368917 0.579781 0.371563 0.587031 0.369521 0.590094 0.368042 0.592734 0.348729 0.593391 0.344917 0.593391 0.343458 0.588562 0.339938 0.588562 0.337021 0.588562 0.334083 0.582641 0.329104 0.581313 0.324146 0.583297 0.318583 0.580219 0.311833 0.575391 0.310083 0.569453 0.316521 0.564625 0.318000 0.561109 0.325604 0.558266 0.320333 0.551453 0.316813 0.548156 0.318583 0.546188 0.324729 0.539813 0.323854 0.539156 0.330583 0.541359 0.335563
0 0.844281 0.925729 0.840125 0.899062 0.838625 0.889021 0.833719 0.885000 0.830328 0.885000 0.830328 0.877958 0.833344 0.872917 0.833719 0.866896 0.832594 0.864375 0.830328 0.853312 0.825422 0.846271 0.819391 0.844271 0.816000 0.846271 0.803172 0.860354 0.795250 0.879458 0.797516 0.885000 0.792609 0.889521 0.792609 0.896563 0.796016 0.902583 0.794500 0.910125 0.790359 0.926729 0.793000 0.933271 0.815250 0.929250 0.826937 0.929250 0.839375 0.927729 0.843531 0.927729
26 0.603594 0.876875 0.604219 0.868604 0.615391 0.866938 0.637141 0.948937 0.640250 0.987042 0.616641 1.000000 0.594891 0.998625 0.607328 0.992000 0.601734 0.972125 0.598625 0.967146 0.601734 0.946458 0.612906 0.934021 0.630922 0.935687 0.614781 0.868604 0.607328 0.870250 0.605453 0.872729
0 0.287125 0.883542 0.302609 0.895167 0.310844 0.900979 0.316656 0.915812 0.322937 0.937104 0.326328 0.949375 0.328750 0.956458 0.335047 0.967438 0.331172 0.973896 0.331172 0.973896 0.331172 0.973896 0.329234 0.977771 0.321484 0.975187 0.318109 0.970021 0.316656 0.959687 0.312781 0.945500 0.310359 0.942917 0.305031 0.963563 0.301641 0.973896 0.287609 0.977771 0.290031 0.962917 0.292937 0.955813 0.294391 0.951312 0.296328 0.950021 0.300672 0.958396 0.305031 0.946792 0.300203 0.933875 0.288094 0.936458 0.287125 0.941625 0.279391 0.894521 0.285188 0.882250
24 0.240687 0.911375 0.241094 0.921208 0.243563 0.937063 0.243563 0.949083 0.244375 0.958375 0.246844 0.968208 0.247656 0.974229 0.241094 0.975312 0.237000 0.975312 0.223891 0.971479 0.214453 0.973667 0.210766 0.964938 0.221016 0.942521 0.226344 0.931604 0.226344 0.928312 0.221016 0.922854 0.221016 0.918479 0.227578 0.920125 0.232078 0.924500 0.238641 0.916833 0.240687 0.913021
58 0.847828 0.382458 0.848828 0.385125 0.847328 0.386479 0.845828 0.405188 0.837047 0.407854 0.802703 0.403854 0.799453 0.386146 0.797188 0.380792 0.799453 0.377438 0.801953 0.366750 0.807469 0.370104 0.806719 0.363417 0.810234 0.354729 0.820500 0.357062 0.821766 0.360729 0.819500 0.366750 0.830031 0.368083 0.824766 0.360729 0.829531 0.356063 0.831531 0.359729 0.837047 0.355062 0.846078 0.360396 0.846078 0.365083 0.844312 0.372104 0.847828 0.373771 0.846328 0.380458 0.848578 0.383125
0 0.999422 0.873708 0.993891 0.861896 0.987250 0.856000 0.974328 0.856000 0.972109 0.859937 0.970266 0.869771 0.970266 0.874687 0.969531 0.876167 0.971734 0.880604 0.972109 0.889458 0.976547 0.891917 0.979859 0.899292 0.975797 0.911104 0.972109 0.920958 0.971734 0.926375 0.975797 0.928333 0.987984 0.927854 0.991672 0.930312 1.000000 0.931792 1.000000 0.876167
0 0.893125 0.923167 0.902844 0.897250 0.906844 0.889625 0.906844 0.872104 0.913703 0.856854 0.942859 0.860667 0.948000 0.891917 0.943437 0.923167 0.931422 0.923917
26 0.465047 0.948917 0.463437 0.972146 0.460578 0.997688 0.460891 1.000000 0.440141 0.994104 0.454187 0.954083 0.459297 0.931521 0.464078 0.912771 0.464406 0.915333 0.463125 0.923417 0.463437 0.937479
2 0.782375 0.971313 0.788641 0.981917 0.796031 0.991792 0.795469 1.000000 0.822219 1.000000 0.819938 0.985729 0.818234 0.972062 0.819938 0.956896 0.825625 0.939438 0.833594 0.932604 0.848391 0.933375 0.859203 0.937167 0.867734 0.944750 0.871719 0.950813 0.877984 0.990271 0.897891 0.971313 0.920656 0.969021 0.926344 0.952333 0.933172 0.933375 0.936594 0.924271 0.968453 0.928812 0.975281 0.940958 0.977563 0.968271 0.999750 0.975854 0.999187 0.931854 0.892766 0.922750 0.858062 0.924271 0.824484 0.925771 0.798875 0.930333 0.778391 0.938688 0.775547 0.948542 0.769859 0.945500 0.771562 0.963708 0.719219 0.979646 0.715234 0.979646 0.698734 0.998625 0.716937 0.999375
0 0.829891 1.000000 0.816484 0.997562 0.810391 0.981313 0.816484 0.971563 0.818922 0.937437 0.826234 0.934188 0.860359 0.934188 0.872563 0.942312 0.882312 1.000000
0 0.878219 0.990021 0.897469 0.971792 0.914859 0.972625 0.924797 0.968479 0.923563 0.955229 0.935984 0.925417 0.944063 0.919604 0.950891 0.919604 0.962703 0.923750 0.972016 0.940313 0.978219 0.958542 0.974500 0.980083 0.968906 0.985875 0.976359 0.999958 0.881938 0.999958
0 0.458172 0.994708 0.465000 0.965313 0.462906 0.958312 0.456078 0.955521 0.458703 0.930333 0.461844 0.913521 0.468141 0.910021 0.475500 0.878542 0.481797 0.865937 0.490719 0.865250 0.499641 0.866646 0.503828 0.876437 0.504359 0.893229 0.500687 0.910021 0.504891 0.924729 0.504891 0.940812 0.503828 0.964604 0.506453 0.989792 0.505937 1.000000 0.459219 0.998187
0 0.394672 0.860896 0.399391 0.854604 0.401422 0.853687 0.411547 0.859104 0.416938 0.873500 0.416938 0.882500 0.410875 0.899604 0.422344 0.915792 0.426391 0.941896 0.433828 0.969813 0.443953 1.000000 0.437203 1.000000 0.419641 0.982417 0.418297 0.996813 0.399391 0.995000 0.395344 0.971604 0.394672 0.905000 0.389937 0.885208
