0 0.453891 0.009604 0.424672 0.113500 0.465578 0.201813 0.485063 0.188833 0.504547 0.160250 0.506500 0.207021 0.496750 0.256354 0.467531 0.368042 0.545453 0.370646 0.627266 0.178438 0.557141 0.375854 0.656500 0.381042 0.722734 0.251167 0.734422 0.292729 0.757797 0.277146 0.790906 0.217396 0.783109 0.170646 0.787016 0.155062 0.843500 0.126500 0.872734 0.025187 0.884422 0.001813
45 0.802250 0.771188 0.815031 0.689354 0.840609 0.651854 0.880250 0.641625 0.941625 0.641625 0.969750 0.670604 0.999156 0.743917 1.000000 0.863250 0.995313 0.897333 0.964625 0.933146 0.894313 0.929729 0.866187 0.907562 0.835500 0.861542 0.802250 0.774604
41 0.002672 0.498708 0.029844 0.479542 0.049812 0.477417 0.068984 0.483792 0.078578 0.493396 0.086562 0.505104 0.096156 0.520021 0.112937 0.564771 0.120922 0.576479 0.120922 0.595667 0.110547 0.618042 0.092969 0.647875 0.065000 0.656396 0.037031 0.644667 0.020250 0.647875 0.006672 0.654271 0.000000 0.656396
63 0.086422 0.020854 0.083141 0.002583 0.362234 0.002583 0.380875 0.163417 0.385266 0.194125 0.388000 0.242375 0.385266 0.248229 0.222406 0.253333 0.215828 0.262104 0.087516 0.162687 0.084781 0.020125
45 0.341750 0.317917 0.360094 0.315958 0.378422 0.314979 0.394563 0.323792 0.410703 0.339437 0.420250 0.363896 0.426109 0.385417 0.426109 0.414750 0.416578 0.435292 0.391625 0.464646 0.353484 0.470521 0.333672 0.463667 0.319734 0.451917 0.306531 0.433333 0.301391 0.421604 0.298469 0.400083 0.299938 0.367813 0.307266 0.348250 0.318266 0.336500 0.318266 0.344333 0.317531 0.341396
45 0.725641 0.900792 0.725641 0.900792 0.693297 0.906771 0.655484 0.894479 0.624375 0.864292 0.604969 0.827479 0.593781 0.791312 0.592031 0.774729 0.594766 0.733604 0.600750 0.709375 0.627359 0.665250 0.644531 0.652312 0.661453 0.648333 0.679859 0.645354 0.712953 0.654646 0.737094 0.675208 0.756250 0.700750 0.763219 0.714354 0.771922 0.735917 0.778641 0.768438 0.778641 0.782687 0.776406 0.820500 0.767938 0.849708 0.756500 0.871271 0.734344 0.893833
45 0.576406 0.527396 0.623594 0.588083 0.662359 0.599313 0.709547 0.588083 0.736516 0.545375 0.744938 0.477958 0.714609 0.430771 0.675844 0.397062 0.632016 0.392562 0.589891 0.415042 0.573031 0.455500 0.569656 0.498188
45 0.356391 0.917542 0.346797 0.865396 0.332609 0.840375 0.312234 0.822958 0.291391 0.814417 0.270328 0.814417 0.256141 0.819604 0.237594 0.831208 0.222703 0.846479 0.212172 0.864479 0.205078 0.884021 0.200047 0.909042 0.197297 0.925833 0.199359 0.952396 0.204625 0.970708 0.213781 0.992083 0.222250 1.000000 0.324813 1.000000 0.336953 0.981396 0.348625 0.956375 0.353891 0.933771 0.355500 0.921271
66 0.214047 0.006896 0.224156 0.240604 0.389328 0.238354 0.369094 0.006896
44 0.702797 0.768500 0.712937 0.767083 0.726094 0.773396 0.741875 0.783917 0.747656 0.793042 0.772906 0.818979 0.806031 0.846333 0.826031 0.856146 0.842328 0.872979 0.838641 0.884917 0.831281 0.887021 0.817078 0.880000 0.781844 0.857562 0.769750 0.848437 0.745031 0.841438 0.720297 0.842125 0.702422 0.836521 0.686109 0.804250 0.698219 0.770604 0.704516 0.769188
44 0.743906 0.410375 0.752875 0.425125 0.776031 0.457188 0.801422 0.475000 0.815234 0.485688 0.833047 0.529646 0.833484 0.559917 0.826359 0.578333 0.813891 0.574167 0.796078 0.535583 0.787609 0.494000 0.771141 0.472625 0.750203 0.439375 0.740859 0.431063 0.735953 0.418000 0.739078 0.413250 0.743969 0.409083
45 0.104500 0.410708 0.103594 0.410708 0.120719 0.385479 0.148656 0.367458 0.195516 0.371062 0.223453 0.399896 0.236969 0.433542 0.230656 0.482812 0.207219 0.512854 0.179297 0.529667 0.158563 0.533271 0.136937 0.528458 0.093672 0.447958 0.092781 0.445562 0.089172 0.481604 0.109000 0.511646
67 0.689500 0.041979 0.675172 0.059083 0.677812 0.063604 0.721187 0.100313 0.728344 0.093271 0.730234 0.084229 0.726469 0.081208 0.705344 0.060083 0.689500 0.046000
44 0.656250 0.547042 0.669531 0.555604 0.677234 0.556750 0.686234 0.548187 0.702500 0.534479 0.719625 0.527063 0.744891 0.521917 0.779578 0.513917 0.786000 0.511646 0.788562 0.501354 0.783859 0.492229 0.744891 0.498500 0.715344 0.499083 0.689656 0.498500 0.675531 0.494521 0.659688 0.493937 0.651547 0.499083 0.648125 0.512792 0.648969 0.532771 0.650266 0.540750
60 0.037016 0.301292 0.058438 0.301292 0.066234 0.329875 0.296109 0.345458 0.298047 0.425979 0.284422 0.574021 0.303891 0.566229 0.338969 0.480521 0.403250 0.459750 0.428578 0.374021 0.765578 0.387021 0.820125 0.345458 0.911687 0.376625 0.954547 0.402604 1.000000 0.412979 0.997406 0.981812 0.000000 0.974021 0.007797 0.477917
