0 0.135082 0.401094 0.135082 0.416891 0.137576 0.429375 0.149977 0.433531 0.125152 0.450172 0.118951 0.462656 0.104056 0.495937 0.118951 0.517563 0.128881 0.518391 0.128881 0.501750 0.131375 0.485953 0.149977 0.463484 0.156177 0.496766 0.157436 0.510906 0.188462 0.542531 0.187226 0.566656 0.188462 0.596609 0.190932 0.617406 0.219487 0.630719 0.219487 0.624891 0.218252 0.588281 0.218252 0.564984 0.223217 0.537531 0.223217 0.525891 0.228182 0.520891 0.249277 0.518391 0.254242 0.510906 0.246783 0.500922 0.228182 0.467641 0.218252 0.454328 0.235618 0.458500 0.248042 0.472641 0.267902 0.466813 0.266643 0.456000 0.238112 0.436031 0.210793 0.417734 0.188462 0.418563 0.181002 0.422719 0.181002 0.406078 0.173566 0.397766 0.168601 0.388609 0.151212 0.387781 0.138811 0.392766 0.126410 0.405250
0 0.265851 0.373422 0.278205 0.390000 0.279441 0.405734 0.295501 0.421469 0.358508 0.409875 0.348625 0.384188 0.377040 0.370109 0.406690 0.385016 0.400513 0.410703 0.432657 0.419813 0.433893 0.476125 0.447483 0.500984 0.437599 0.510094 0.440070 0.525828 0.428951 0.538250 0.495338 0.571734 0.489138 0.613312 0.496224 0.644188 0.475851 0.648938 0.467879 0.593719 0.466993 0.573531 0.417366 0.534328 0.384592 0.487234 0.378904 0.465375 0.360956 0.448984 0.365851 0.422750 0.339767 0.441328 0.317762 0.440234 0.316131 0.435313 0.302261 0.424937 0.296550 0.436953 0.276993 0.434766 0.260699 0.401438 0.249277 0.390516 0.252541 0.376844
0 0.499814 0.420766 0.499814 0.428781 0.499814 0.437359 0.495548 0.448812 0.509207 0.449375 0.515175 0.451672 0.522867 0.448234 0.522867 0.455094 0.530536 0.454531 0.533963 0.457969 0.540793 0.460828 0.543357 0.463109 0.543357 0.466547 0.536527 0.472266 0.522005 0.472266 0.514336 0.475125 0.515175 0.479703 0.540793 0.479703 0.547622 0.478563 0.551026 0.479703 0.553590 0.497437 0.568951 0.491156 0.582611 0.474562 0.594569 0.465969 0.583473 0.455672 0.583473 0.445937 0.590303 0.438500 0.602261 0.449953 0.612494 0.461391 0.621888 0.468828 0.638112 0.473984 0.618811 0.454812 0.602191 0.443219 0.592214 0.437422 0.574242 0.437422 0.565618 0.436531 0.558298 0.419141 0.544312 0.408437 0.514382 0.410234 0.495758 0.421812 0.498438 0.437422
0 0.962611 0.501281 0.965641 0.499234 0.972681 0.499078 0.977599 0.501906 0.978298 0.504250 0.976643 0.509750 0.976410 0.511953 0.978298 0.513516 0.992098 0.521203 0.997483 0.524500 0.996783 0.528422 0.987413 0.531406 0.979231 0.533766 0.971748 0.533609 0.968462 0.531094 0.979930 0.529047 0.971748 0.529047 0.966597 0.529203 0.961678 0.529359 0.959790 0.530937 0.959557 0.532188 0.953939 0.532188 0.952774 0.528891 0.952308 0.525594 0.950676 0.523250 0.952308 0.519797 0.955827 0.515234 0.957925 0.513516 0.961212 0.512734 0.963776 0.512109 0.962844 0.508656 0.961445 0.504891 0.961445 0.501906 0.961911 0.500969
32 0.356550 0.714141 0.365524 0.713203 0.375175 0.715062 0.380699 0.720609 0.385524 0.729406 0.385524 0.736812 0.381399 0.743281 0.372424 0.748828 0.359301 0.751156 0.342051 0.751156 0.333776 0.744672 0.330303 0.722922 0.331702 0.722469 0.337902 0.717828 0.348951 0.714141 0.356550 0.713672
0 0.928974 0.510641 0.927156 0.516250 0.926900 0.519844 0.907016 0.519672 0.907529 0.518609 0.912121 0.517828 0.914336 0.517391 0.914732 0.514406 0.911189 0.512125 0.912121 0.508266 0.916690 0.508531 0.917995 0.505813 0.917483 0.502141 0.921538 0.501172 0.924802 0.502656 0.925967 0.505031 0.929254 0.508359
0 0.938065 0.529891 0.937716 0.521328 0.936643 0.513484 0.937016 0.508016 0.941259 0.507531 0.944802 0.508953 0.948368 0.513484 0.948368 0.517516 0.948718 0.523469 0.950839 0.530125 0.947995 0.531078
0 0.987343 0.653953 0.964429 0.627625 0.945897 0.614469 0.891352 0.576453 0.851002 0.557438 0.844452 0.547203 0.821562 0.536250 0.821562 0.536250 0.789930 0.531125 0.779021 0.520156 0.767016 0.518703 0.751748 0.523078 0.735385 0.526000 0.714662 0.515766 0.729930 0.490187 0.731026 0.477031 0.733217 0.468250 0.733217 0.461672 0.732121 0.456547 0.719044 0.455828 0.719044 0.449250 0.707040 0.445594 0.698322 0.435359 0.686317 0.431703 0.700490 0.417812 0.703753 0.408297 0.735385 0.400984 0.752844 0.405375 0.767016 0.414156 0.768112 0.423656 0.777925 0.433156 0.803007 0.434625 0.815012 0.436078 0.825921 0.447047 0.838998 0.468984 0.858648 0.490187 0.873916 0.505531 0.892448 0.516500 0.904452 0.523078 0.904452 0.535516 0.908811 0.543547 0.931725 0.560375 0.950256 0.581563 0.972075 0.594000 0.985152 0.605703 1.000000 0.617391 1.000000 0.654672
17 0.973217 0.653406 0.999021 0.683375 0.997296 0.724859 0.937110 0.683375 0.852867 0.705266 0.851165 0.788250 0.901026 0.828578 0.871795 0.838953 0.821935 0.798625 0.792704 0.716797 0.780676 0.708734 0.799580 0.805531 0.790979 0.852781 0.749720 0.850484 0.766923 0.826281 0.725641 0.699516 0.679231 0.656875 0.663753 0.602703 0.643124 0.547391 0.533100 0.583109 0.507296 0.572734 0.510746 0.552000 0.574359 0.478234 0.593263 0.470172 0.589837 0.436750 0.629371 0.475938 0.653450 0.479391 0.699860 0.505906 0.760047 0.540469 0.794429 0.538172 0.851165 0.562375 0.942284 0.613078 0.997296 0.618844 0.916480 0.553156 0.993846 0.554297 0.997296 0.578500
17 0.406107 0.565531 0.441538 0.525750 0.437110 0.515063 0.433566 0.510312 0.459254 0.493687 0.460140 0.485969 0.459254 0.475875 0.466340 0.469938 0.478741 0.461625 0.485828 0.469938 0.485828 0.480625 0.493823 0.474094 0.502681 0.457469 0.514196 0.465187 0.515082 0.472313 0.516853 0.482406 0.523054 0.492500 0.557599 0.497844 0.530140 0.528719 0.516853 0.542969 0.511538 0.553656 0.503566 0.572672 0.535455 0.583359 0.582401 0.565531 0.614289 0.560187 0.642634 0.547719 0.678974 0.655797 0.687832 0.680141 0.710862 0.701531 0.718835 0.722906 0.717949 0.748438 0.732121 0.761500 0.730350 0.772188 0.713520 0.771000 0.709091 0.771000 0.702005 0.773969 0.671888 0.773375 0.656807 0.740719 0.653263 0.714000 0.636434 0.703906 0.635548 0.721719 0.629347 0.719938 0.632005 0.696781 0.612517 0.697375 0.605431 0.696187 0.596573 0.698563 0.563800 0.725281 0.571772 0.744281 0.596573 0.764469 0.599231 0.771000 0.583287 0.765063 0.561142 0.764469 0.545198 0.744875 0.533683 0.725281 0.542541 0.708063 0.547855 0.694406 0.513263 0.646875 0.509907 0.615422 0.500373 0.567734 0.465781 0.581813 0.439837 0.590922 0.423776 0.588437 0.415128 0.576844 0.407716 0.566906
17 0.325967 0.624328 0.321422 0.583641 0.335082 0.551094 0.332051 0.507344 0.300186 0.510406 0.284988 0.480906 0.294103 0.461578 0.306247 0.443266 0.300186 0.424953 0.321422 0.440203 0.339627 0.441219 0.365431 0.419859 0.360886 0.446313 0.374545 0.471750 0.388205 0.495141 0.410956 0.527687 0.435245 0.532781 0.401865 0.566344 0.423100 0.593813 0.435245 0.596859 0.457995 0.586688 0.488368 0.578562 0.494429 0.646719 0.464079 0.642641 0.470140 0.605000 0.448904 0.629422 0.454965 0.662984 0.461049 0.687406 0.492914 0.741313 0.473193 0.743359 0.454965 0.717922 0.444359 0.697578 0.432214 0.688422 0.433730 0.668078 0.423100 0.706734 0.420070 0.680281 0.407925 0.650781 0.392751 0.639594 0.371492 0.637563 0.362401 0.637563 0.362401 0.637563 0.351772 0.644672 0.344196 0.654844 0.336597 0.662984 0.330536 0.668078 0.329021 0.671125 0.327483 0.679266 0.325967 0.693500 0.325967 0.705719 0.325967 0.711812 0.325967 0.716906 0.321422 0.719953 0.315361 0.721984 0.310793 0.723016 0.306247 0.723016 0.306247 0.723016 0.306247 0.729109 0.301702 0.706734 0.301702 0.698594 0.304732 0.680281 0.304732 0.679266 0.306247 0.675203 0.306247 0.671125
17 0.195711 0.632266 0.160420 0.632266 0.147576 0.627953 0.144382 0.630109 0.195711 0.694625 0.170047 0.705375 0.160420 0.692469 0.157203 0.686016 0.134755 0.668813 0.121911 0.653766 0.121911 0.649469 0.115501 0.632266 0.128322 0.612906 0.128322 0.602156 0.096247 0.604297 0.096247 0.610750 0.086620 0.623656 0.083403 0.632266 0.080210 0.640859 0.073800 0.668813 0.080210 0.686016 0.086620 0.703219 0.076993 0.707531 0.060956 0.707531 0.060956 0.686016 0.054545 0.660219 0.054545 0.643016 0.044918 0.615047 0.035291 0.582797 0.035291 0.567734 0.041702 0.544094 0.067366 0.524734 0.080210 0.520437 0.157203 0.520437 0.231002 0.632266 0.263077 0.638703 0.288741 0.604297 0.291958 0.597844 0.304779 0.576344 0.304779 0.554844 0.314406 0.529031 0.314406 0.511828 0.301585 0.483875 0.285524 0.468813 0.279114 0.464516 0.266294 0.464516 0.231002 0.477422 0.237413 0.488172 0.237413 0.516125 0.237413 0.520437 0.214965 0.529031 0.211748 0.548391 0.211748 0.576344 0.311212 0.737641 0.307995 0.722578 0.307995 0.698922
