39 0.935448 0.850789 0.039354 0.057703
74 0.759729 0.287664 0.098292 0.075359
0 0.547000 0.527484 0.100042 0.138406
58 0.639833 0.569383 0.102000 0.133328
56 0.909042 0.688859 0.181917 0.121594
39 0.879823 0.842180 0.039729 0.080016
56 0.827292 0.663398 0.135875 0.113641
58 0.225833 0.247180 0.104458 0.095359
39 0.897896 0.870195 0.063250 0.074109
39 0.959073 0.834031 0.030521 0.058562
67 0.410052 0.646102 0.047479 0.082266
56 0.750417 0.628898 0.121667 0.090734
62 0.947781 0.365563 0.104438 0.095812
39 0.826167 0.848891 0.071417 0.072406
39 0.675198 0.674922 0.011479 0.017531
39 0.969031 0.854391 0.024104 0.037594
0 0.372854 0.655695 0.745708 0.666672
56 0.842938 0.652367 0.142458 0.115359
