0 0.639992 0.535551 0.216516 0.355512
0 0.469109 0.509488 0.197406 0.411785
67 0.395703 0.589265 0.019094 0.051286
27 0.058055 0.479816 0.025828 0.119003
27 0.810367 0.479856 0.009797 0.034094
27 0.674258 0.492612 0.007859 0.031522
27 0.631180 0.475197 0.007703 0.031181
27 0.911516 0.449081 0.010906 0.022940
0 0.324094 0.519751 0.112094 0.391050
0 0.215680 0.620013 0.136797 0.567848
27 0.528594 0.460735 0.014781 0.107664
0 0.052609 0.642270 0.105219 0.693517
0 0.909617 0.550459 0.114578 0.434672
0 0.113711 0.652808 0.085609 0.662940
60 0.579930 0.838202 0.809359 0.296614
0 0.816891 0.541010 0.090031 0.338031
