58 0.631750 0.163760 0.133260 0.272160
28 0.420630 0.337960 0.042100 0.105840
0 0.770000 0.370053 0.202880 0.489493
28 0.620250 0.816840 0.168740 0.234053
28 0.714050 0.695813 0.146780 0.414453
26 0.845950 0.823213 0.231820 0.353573
58 0.511360 0.137667 0.103240 0.249360
26 0.495760 0.835613 0.151160 0.220933
28 0.369260 0.316520 0.046320 0.099173
28 0.635950 0.467213 0.111940 0.172987
28 0.512990 0.378627 0.071140 0.152293
26 0.846020 0.259387 0.128040 0.134240
28 0.575580 0.256013 0.043080 0.121573
28 0.457510 0.343507 0.037260 0.114373
28 0.571140 0.366653 0.045920 0.100507
28 0.122770 0.302427 0.036500 0.096267
28 0.324920 0.379493 0.049960 0.095093
