58 0.378750 0.700479 0.026500 0.034250
0 0.589836 0.634771 0.020078 0.067167
58 0.657867 0.730469 0.043609 0.072771
0 0.968117 0.673708 0.038797 0.069625
58 0.060039 0.679396 0.013047 0.020875
56 0.868859 0.747260 0.051000 0.065229
60 0.460359 0.674823 0.062187 0.010771
0 0.497906 0.641781 0.018375 0.081354
60 0.913789 0.697865 0.085234 0.022396
0 0.745281 0.676740 0.019906 0.045937
58 0.092281 0.683802 0.013688 0.024271
60 0.086234 0.667802 0.026562 0.010521
0 0.956719 0.654490 0.018031 0.035729
14 0.275375 0.773177 0.022656 0.010937
58 0.109773 0.692573 0.015141 0.025729
0 0.992977 0.671760 0.013891 0.075771
0 0.523930 0.608458 0.013016 0.022750
60 0.345172 0.676396 0.055031 0.004167
58 0.965664 0.749031 0.068672 0.081521
