56 0.213516 0.573854 0.207344 0.280125
73 0.797836 0.778333 0.061547 0.167833
62 0.305414 0.332990 0.085828 0.116521
73 0.801586 0.591531 0.052297 0.074271
73 0.790195 0.571906 0.068422 0.091687
73 0.793008 0.575135 0.065484 0.090104
73 0.819117 0.312979 0.016516 0.118042
73 0.809031 0.309302 0.015625 0.121813
73 0.788156 0.443219 0.013875 0.106979
73 0.822625 0.449542 0.011938 0.125917
73 0.810719 0.452271 0.009000 0.112458
73 0.803273 0.447344 0.008766 0.111687
59 0.414938 0.400000 0.159750 0.800000
59 0.608109 0.494365 0.402031 0.986479
