56 0.157040 0.386920 0.106720 0.204080
16 0.287980 0.743520 0.111080 0.119840
56 0.656980 0.350520 0.033760 0.203440
0 0.563030 0.346853 0.174780 0.691840
16 0.607220 0.793920 0.104680 0.134987
0 0.017970 0.234133 0.034220 0.184267
16 0.529130 0.888187 0.128900 0.156960
41 0.789780 0.216280 0.023920 0.057573
56 0.246030 0.406987 0.060620 0.080800
65 0.489890 0.249880 0.038500 0.036987
32 0.452930 0.914573 0.038100 0.051547
65 0.015740 0.313467 0.010440 0.021387
65 0.419270 0.222853 0.011820 0.019253
65 0.492430 0.210253 0.011140 0.009253
0 0.794460 0.390600 0.189600 0.633093
