0 0.870375 0.820625 0.259250 0.358750
0 0.614211 0.374333 0.145672 0.432917
0 0.843961 0.373979 0.164578 0.188292
53 0.331695 0.847771 0.234266 0.271750
0 0.097672 0.744365 0.195344 0.285646
57 0.826508 0.504312 0.346984 0.228458
0 0.849406 0.659958 0.145781 0.293625
41 0.640281 0.945750 0.084000 0.108500
57 0.890148 0.412198 0.192016 0.115896
0 0.555117 0.497833 0.108297 0.180208
0 0.729195 0.328906 0.113547 0.171146
56 0.553484 0.510021 0.163812 0.083500
56 0.491711 0.455729 0.060016 0.106208
41 0.359492 0.656073 0.047578 0.089396
62 0.338891 0.310906 0.084156 0.152188
53 0.734297 0.692510 0.106469 0.066771
53 0.293094 0.657719 0.082250 0.056521
56 0.776156 0.370573 0.044188 0.117813
0 0.711195 0.286438 0.062297 0.165375
41 0.653617 0.616740 0.042859 0.078688
53 0.400508 0.598865 0.081797 0.040021
53 0.526297 0.608281 0.030094 0.026229
41 0.485039 0.267802 0.014391 0.028771
41 0.613898 0.570635 0.036828 0.063812
73 0.229070 0.487698 0.024953 0.040313
73 0.275242 0.467198 0.013703 0.014271
73 0.279609 0.456948 0.025406 0.018312
73 0.199586 0.410281 0.007484 0.057521
41 0.735727 0.400229 0.013203 0.028375
41 0.542273 0.265146 0.013234 0.023208
41 0.523992 0.382260 0.008422 0.014979
