0 0.186664 0.726435 0.132422 0.502847
0 0.547531 0.731271 0.120500 0.457035
0 0.833281 0.708165 0.086375 0.393788
24 0.327430 0.630765 0.122766 0.199553
26 0.439711 0.831765 0.070578 0.090447
26 0.648016 0.668176 0.094281 0.253106
26 0.766031 0.624459 0.070844 0.076212
0 0.975391 0.639071 0.049219 0.442941
24 0.135102 0.620882 0.029891 0.081906
0 0.669430 0.709588 0.126109 0.580824
0 0.055211 0.687647 0.110422 0.480894
0 0.777711 0.700435 0.108453 0.434000
26 0.891102 0.696482 0.042234 0.138894
