0 0.833961 0.668443 0.085141 0.354543
0 0.119195 0.686511 0.100453 0.388759
0 0.225539 0.615995 0.050359 0.247681
0 0.062820 0.671393 0.068234 0.298103
0 0.944523 0.677283 0.084391 0.363560
0 0.733227 0.693642 0.081922 0.314215
56 0.399516 0.756604 0.068937 0.126370
0 0.884406 0.610012 0.038750 0.198759
0 0.339258 0.516393 0.042047 0.099625
26 0.260445 0.648876 0.036359 0.158033
56 0.251727 0.759485 0.040078 0.143419
0 0.189812 0.539789 0.033937 0.100749
41 0.911852 0.608302 0.013641 0.029016
41 0.815898 0.633899 0.009234 0.020773
0 0.581727 0.739333 0.146922 0.462927
