56 0.513437 0.798573 0.154219 0.332571
56 0.686922 0.615342 0.054156 0.064080
56 0.546852 0.828667 0.182766 0.323278
56 0.932477 0.720920 0.131703 0.193632
58 0.117422 0.728950 0.076969 0.124552
57 0.045773 0.697925 0.082109 0.060708
40 0.955508 0.616981 0.012453 0.046981
40 0.932570 0.619269 0.010578 0.031462
40 0.920945 0.612300 0.012859 0.041344
40 0.903359 0.612394 0.011406 0.042665
40 0.968234 0.625295 0.010437 0.028892
40 0.961727 0.621863 0.010078 0.034953
40 0.943562 0.624894 0.008063 0.023939
56 0.826930 0.686132 0.095078 0.150943
58 0.634289 0.639104 0.128828 0.249858
58 0.826648 0.587111 0.028984 0.056250
60 0.719398 0.800000 0.547141 0.371745
