73 0.954578 0.252323 0.058406 0.053479
73 0.954461 0.501677 0.017922 0.049146
73 0.948445 0.379250 0.054016 0.055625
65 0.726258 0.473292 0.032453 0.113583
73 0.961664 0.620854 0.020141 0.047750
73 0.930906 0.311948 0.019563 0.053146
65 0.472781 0.415365 0.033781 0.050604
73 0.975414 0.384875 0.013891 0.052792
73 0.967414 0.508000 0.013016 0.051542
73 0.915008 0.252396 0.012609 0.048500
65 0.306008 0.674458 0.054078 0.021875
73 0.910109 0.250448 0.022625 0.053062
73 0.973484 0.509729 0.011906 0.052583
73 0.924859 0.430969 0.012438 0.045562
73 0.960156 0.443156 0.008188 0.047562
0 0.627055 0.583437 0.303203 0.833125
0 0.718258 0.601125 0.563484 0.766292
62 0.085758 0.716365 0.164797 0.544854
