0 0.844367 0.435164 0.228297 0.162297
0 0.643253 0.472469 0.244017 0.179531
3 0.843635 0.586781 0.205786 0.324594
3 0.851583 0.411445 0.094651 0.082266
0 0.322697 0.390141 0.107751 0.273656
3 0.044017 0.365352 0.088035 0.194266
0 0.524378 0.290586 0.039585 0.038766
0 0.967817 0.349609 0.064367 0.056188
0 0.847467 0.318555 0.032838 0.046984
0 0.865710 0.336062 0.051026 0.048875
3 0.502489 0.428461 0.199214 0.231766
0 0.118865 0.399156 0.146245 0.293438
0 0.260491 0.406844 0.167402 0.348469
3 0.680557 0.830336 0.638886 0.303359
3 0.562838 0.312602 0.067336 0.050984
