46 0.303750 0.509961 0.259062 0.172328
0 0.311797 0.195508 0.168555 0.391016
0 0.164092 0.164680 0.173262 0.329359
46 0.061045 0.932258 0.122090 0.108422
46 0.085918 0.825570 0.171836 0.098484
46 0.123525 0.728695 0.235293 0.169422
46 0.485371 0.364922 0.201523 0.086563
46 0.249561 0.593250 0.198965 0.072344
46 0.147061 0.629406 0.276465 0.072938
0 0.031152 0.183461 0.062305 0.366922
46 0.120586 0.808234 0.152930 0.072938
46 0.075273 0.856148 0.150547 0.074328
46 0.537178 0.281266 0.156621 0.044531
46 0.506797 0.316813 0.131250 0.040313
