0 0.913169 0.349047 0.059437 0.053156
56 0.509448 0.448344 0.095939 0.114000
0 0.111913 0.259727 0.114390 0.091641
56 0.517523 0.470211 0.068850 0.069703
41 0.333897 0.471828 0.047465 0.042625
73 0.938216 0.417758 0.044507 0.012891
56 0.719014 0.325734 0.032066 0.028000
73 0.296913 0.275023 0.050681 0.025359
73 0.751103 0.497484 0.040094 0.021344
63 0.835376 0.352875 0.029343 0.020188
56 0.872887 0.357062 0.027559 0.023969
73 0.819425 0.568609 0.098850 0.031469
0 0.321408 0.270773 0.114131 0.082141
0 0.979202 0.365070 0.040610 0.052109
0 0.722066 0.594664 0.299531 0.342891
0 0.582700 0.451719 0.130986 0.134344
63 0.283685 0.528563 0.138545 0.063250
73 0.359554 0.359563 0.090235 0.052875
0 0.785610 0.368211 0.076009 0.055016
56 0.803298 0.844477 0.386315 0.311047
