0 0.136750 0.420562 0.026125 0.103888
0 0.036500 0.436944 0.033781 0.164520
0 0.476211 0.421956 0.027484 0.082881
32 0.921578 0.581815 0.010250 0.019461
38 0.459789 0.413782 0.008453 0.012670
0 0.251773 0.440761 0.020422 0.034262
32 0.657250 0.740785 0.010594 0.016323
38 0.150195 0.407307 0.011703 0.010539
32 0.995859 0.694157 0.008281 0.013560
32 0.204687 0.681335 0.009844 0.017002
32 0.214344 0.508595 0.006469 0.007963
32 0.680039 0.468337 0.004484 0.006276
0 0.613445 0.470422 0.082859 0.244824
0 0.364938 0.544052 0.156719 0.501124
