45 0.254492 0.739323 0.444953 0.422479
53 0.250008 0.719427 0.404172 0.335604
0 0.900500 0.177396 0.196750 0.188333
44 0.819328 0.758906 0.361344 0.182562
45 0.885469 0.635896 0.202312 0.194250
43 0.371164 0.808396 0.204641 0.137792
53 0.813680 0.485875 0.227609 0.124083
44 0.798438 0.430073 0.226844 0.149521
53 0.208812 0.459448 0.189938 0.145854
45 0.598578 0.414906 0.110031 0.116687
43 0.267539 0.232594 0.080828 0.087854
53 0.526180 0.298177 0.205672 0.110313
0 0.130516 0.119458 0.135281 0.238917
43 0.061180 0.170240 0.096828 0.211021
43 0.280688 0.265698 0.066687 0.091396
44 0.629234 0.353708 0.039563 0.067417
60 0.499719 0.615729 0.996063 0.746083
0 0.096500 0.457677 0.176063 0.437938
