0 0.564844 0.533478 0.580344 0.793700
56 0.916891 0.699930 0.166219 0.376066
56 0.928773 0.561335 0.136078 0.156768
0 0.642914 0.162658 0.054609 0.180023
0 0.621047 0.122787 0.031750 0.073115
0 0.276539 0.212740 0.029141 0.177939
56 0.980156 0.641979 0.039688 0.154496
0 0.262242 0.182166 0.026266 0.124567
60 0.174117 0.692986 0.348234 0.486721
0 0.957008 0.157213 0.085984 0.309415
60 0.500766 0.949941 0.998188 0.100117
0 0.367164 0.165937 0.104797 0.324052
53 0.726695 0.641405 0.238922 0.110258
45 0.608422 0.881136 0.304219 0.139883
