50 0.171103 0.629412 0.095964 0.260261
50 0.256348 0.700294 0.161716 0.172124
50 0.618889 0.612672 0.116928 0.133938
50 0.396234 0.709910 0.089624 0.200474
50 0.592623 0.898309 0.249657 0.088676
50 0.762034 0.567900 0.148382 0.119003
50 0.325302 0.797083 0.112206 0.112206
50 0.435645 0.509322 0.091716 0.091716
50 0.246348 0.413039 0.066520 0.057712
50 0.372933 0.659493 0.067990 0.084085
50 0.356846 0.590866 0.053660 0.064608
50 0.312328 0.403382 0.057696 0.065686
50 0.483431 0.646944 0.052451 0.039608
45 0.501119 0.614608 0.993252 0.748301
49 0.486814 0.536895 0.102418 0.143954
