15 0.833430 0.541010 0.308422 0.537062
75 0.614836 0.728344 0.119484 0.235354
61 0.626563 0.386979 0.251563 0.155208
74 0.086375 0.311385 0.108906 0.105188
39 0.292492 0.344917 0.045766 0.146458
39 0.629633 0.245406 0.026922 0.135354
79 0.185383 0.473375 0.021734 0.050292
79 0.224047 0.459708 0.020438 0.044042
39 0.277297 0.414615 0.022062 0.040104
39 0.613562 0.263354 0.023906 0.117083
39 0.624805 0.875083 0.157422 0.248500
15 0.264516 0.701073 0.529031 0.597854
75 0.457836 0.857271 0.108297 0.285458
