0 0.331328 0.665657 0.281438 0.668685
0 0.849445 0.697019 0.301109 0.605962
0 0.225047 0.506080 0.157625 0.377746
0 0.201125 0.324331 0.066406 0.122277
60 0.770047 0.670434 0.259938 0.187347
56 0.094383 0.576174 0.075203 0.246385
60 0.322367 0.528251 0.113422 0.076221
0 0.709070 0.450164 0.107547 0.281690
0 0.121156 0.520235 0.065812 0.249437
41 0.118328 0.763228 0.046125 0.117441
56 0.395437 0.903991 0.149000 0.192019
44 0.047625 0.736843 0.014375 0.049695
56 0.077812 0.916901 0.155625 0.166197
56 0.833727 0.498322 0.115453 0.212887
56 0.884328 0.574554 0.078812 0.078545
0 0.100969 0.369883 0.059844 0.164272
0 0.284273 0.406596 0.071797 0.173239
56 0.310094 0.401948 0.052125 0.118685
41 0.746586 0.616174 0.027328 0.047700
41 0.068008 0.733486 0.030328 0.031479
0 0.038187 0.707653 0.076094 0.148357
60 0.136117 0.391009 0.137609 0.044930
45 0.273805 0.713967 0.042109 0.050610
45 0.042352 0.764754 0.072453 0.082136
60 0.027414 0.429742 0.053266 0.027746
41 0.103016 0.830376 0.044812 0.079249
41 0.197437 0.708709 0.039188 0.095399
41 0.174148 0.685129 0.034141 0.072840
39 0.339445 0.058427 0.024203 0.083991
41 0.206484 0.742523 0.037812 0.078944
41 0.164023 0.782876 0.032141 0.063357
44 0.276953 0.680904 0.008594 0.041526
41 0.301664 0.478063 0.012484 0.049836
41 0.144227 0.684437 0.026391 0.056948
39 0.356742 0.086068 0.008641 0.033967
39 0.330711 0.082488 0.011141 0.036338
39 0.380023 0.059049 0.019766 0.097817
43 0.279523 0.744871 0.041328 0.010117
41 0.151000 0.376866 0.010437 0.035845
44 0.129891 0.649613 0.016688 0.031714
