0 0.932300 0.684280 0.135400 0.591013
56 0.371090 0.665560 0.129820 0.217093
56 0.914010 0.570120 0.040740 0.144187
56 0.097580 0.722813 0.146760 0.262373
62 0.637780 0.329427 0.173840 0.254000
60 0.754130 0.892827 0.418860 0.214347
56 0.804690 0.598533 0.080420 0.168747
60 0.219000 0.616667 0.436000 0.118667
67 0.884500 0.390547 0.042600 0.094480
56 0.952580 0.570413 0.050200 0.085573
65 0.579840 0.486187 0.019920 0.019840
0 0.449820 0.636013 0.166040 0.601360
56 0.251120 0.690653 0.124360 0.228880
63 0.911800 0.886520 0.171920 0.204507
