45 0.466639 0.656258 0.162881 0.074047
39 0.696211 0.037469 0.104739 0.074938
39 0.370971 0.288234 0.069165 0.185875
39 0.488413 0.040781 0.112610 0.080656
39 0.702025 0.577227 0.059624 0.092672
39 0.741221 0.573594 0.049916 0.119188
39 0.637610 0.343875 0.057182 0.084281
39 0.605793 0.037484 0.088497 0.072625
39 0.687276 0.522445 0.097474 0.068141
45 0.458716 0.357398 0.111127 0.054297
49 0.572317 0.455664 0.064092 0.033016
49 0.553361 0.432258 0.032568 0.031516
72 0.592871 0.535875 0.814259 0.901344
0 0.501347 0.570008 0.997307 0.834672
39 0.804812 0.899281 0.163486 0.171750
