0 0.653633 0.558556 0.152922 0.425657
3 0.656359 0.727453 0.141688 0.424108
0 0.853750 0.432641 0.059844 0.196080
0 0.084242 0.551092 0.079766 0.541291
25 0.782016 0.298474 0.131875 0.081315
1 0.760516 0.451972 0.083094 0.095399
2 0.710086 0.399484 0.098203 0.057981
0 0.063961 0.364061 0.029109 0.073897
25 0.628594 0.323650 0.082031 0.041103
0 0.977719 0.417746 0.044562 0.147559
2 0.383633 0.377887 0.086578 0.038638
0 0.781250 0.387042 0.014281 0.060845
0 0.811484 0.417676 0.030875 0.163146
0 0.899187 0.431068 0.032969 0.163451
9 0.805953 0.151056 0.021813 0.067465
39 0.275109 0.761408 0.027531 0.117465
25 0.969273 0.334437 0.060078 0.031080
9 0.226656 0.211162 0.013969 0.053826
9 0.793172 0.153427 0.012562 0.068263
9 0.006484 0.209120 0.012969 0.051620
0 0.507391 0.353357 0.013437 0.028122
0 0.541977 0.354296 0.011172 0.030986
0 0.180984 0.606737 0.221375 0.755070
0 0.028414 0.503369 0.050859 0.337066
