2 0.860984 0.380207 0.277344 0.285392
2 0.490172 0.291475 0.197094 0.147834
3 0.277773 0.366325 0.154172 0.160484
0 0.283305 0.329309 0.069141 0.168618
0 0.081148 0.359389 0.090672 0.203018
0 0.139055 0.320737 0.057703 0.143088
3 0.816461 0.238468 0.042422 0.040392
0 0.736172 0.195887 0.015156 0.047212
3 0.771148 0.254770 0.068391 0.049954
0 0.986070 0.284171 0.027859 0.103318
26 0.124695 0.306647 0.030297 0.062650
0 0.293438 0.222465 0.034625 0.119954
0 0.616852 0.218272 0.025703 0.097005
0 0.249141 0.285161 0.019656 0.096912
0 0.811023 0.230035 0.017047 0.067396
2 0.531977 0.375000 0.283516 0.256452
19 0.345648 0.664735 0.369453 0.388318
3 0.318336 0.302719 0.078922 0.092304
