5 0.643953 0.650562 0.211406 0.487635
7 0.380609 0.719450 0.155219 0.324379
5 0.522211 0.566054 0.044609 0.201897
5 0.766086 0.594215 0.053609 0.236019
0 0.070133 0.787763 0.048641 0.194965
2 0.510227 0.716569 0.063984 0.103349
58 0.957961 0.577365 0.051516 0.082693
58 0.239859 0.593407 0.092000 0.084520
0 0.031602 0.885773 0.047141 0.228454
2 0.912117 0.597365 0.044172 0.048876
2 0.977641 0.775504 0.044719 0.118033
26 0.095844 0.823009 0.033250 0.051030
26 0.022359 0.944356 0.025469 0.060796
26 0.023766 0.946464 0.035687 0.043700
9 0.807453 0.532248 0.009000 0.036815
2 0.749180 0.734637 0.014703 0.079297
10 0.953484 0.662342 0.014656 0.065152
0 0.901516 0.609789 0.015438 0.062342
9 0.796531 0.518267 0.009312 0.042810
11 0.185953 0.547588 0.009562 0.038595
0 0.832570 0.593314 0.011891 0.032810
0 0.913109 0.609895 0.014000 0.060960
26 0.904008 0.599578 0.008734 0.021546
9 0.884570 0.547705 0.007422 0.048759
0 0.886773 0.609286 0.009297 0.058056
9 0.454188 0.509496 0.012063 0.014824
2 0.827141 0.936218 0.345719 0.127564
0 0.875375 0.604813 0.014938 0.074309
