0 0.735375 0.561026 0.311125 0.382984
0 0.619852 0.560676 0.251547 0.469650
68 0.290906 0.062506 0.130125 0.125012
41 0.919953 0.754592 0.042344 0.104336
16 0.695586 0.595897 0.091641 0.092867
39 0.390680 0.272529 0.051453 0.116993
39 0.392953 0.297739 0.021906 0.097995
41 0.292445 0.666783 0.051797 0.101026
41 0.239164 0.336212 0.032266 0.047296
26 0.086352 0.353834 0.101203 0.104079
39 0.141500 0.307273 0.020156 0.086527
71 0.250336 0.336399 0.111266 0.031212
65 0.133836 0.825152 0.099859 0.036550
57 0.467211 0.656527 0.624391 0.567459
