51 0.696220 0.479227 0.099240 0.108907
51 0.642370 0.494480 0.015940 0.047787
49 0.672440 0.305840 0.034400 0.046187
51 0.739520 0.580013 0.104280 0.073147
46 0.641580 0.318360 0.044760 0.030533
51 0.750620 0.534480 0.098200 0.026027
46 0.623160 0.312373 0.040560 0.051893
51 0.743710 0.562933 0.089980 0.046187
46 0.593720 0.330973 0.044640 0.045787
51 0.710100 0.495187 0.035480 0.040987
46 0.638880 0.352787 0.073120 0.040667
51 0.741250 0.507067 0.096900 0.039947
51 0.768300 0.508147 0.080280 0.038213
49 0.698930 0.309173 0.044660 0.030987
51 0.747970 0.493747 0.060620 0.025413
46 0.644620 0.300587 0.017640 0.019360
46 0.658030 0.336133 0.032540 0.016373
