58 0.747344 0.788756 0.087375 0.157136
5 0.635633 0.849202 0.043453 0.071268
2 0.904977 0.901631 0.071484 0.061056
9 0.454961 0.766244 0.011484 0.043662
2 0.434258 0.854695 0.015203 0.021972
2 0.359109 0.867923 0.031781 0.037441
2 0.418633 0.853451 0.016578 0.020845
2 0.321945 0.859472 0.022297 0.013873
9 0.153805 0.781291 0.012828 0.033897
2 0.533922 0.853016 0.015844 0.019648
9 0.443266 0.760411 0.014250 0.050822
9 0.881234 0.710646 0.013625 0.043638
9 0.485969 0.785657 0.008937 0.024038
9 0.502070 0.819437 0.009766 0.035446
9 0.465562 0.815915 0.011344 0.040329
