0 0.197414 0.663063 0.074828 0.304296
0 0.486977 0.821080 0.197266 0.166291
0 0.726141 0.764941 0.186719 0.220775
0 0.962969 0.648122 0.070781 0.480141
0 0.572570 0.753380 0.106641 0.213944
0 0.264719 0.678357 0.063719 0.280282
0 0.285469 0.714847 0.071625 0.232042
33 0.631875 0.471913 0.092688 0.043451
0 0.925508 0.690293 0.042953 0.163028
33 0.863414 0.496373 0.047578 0.041244
0 0.589500 0.667700 0.050687 0.175540
0 0.738641 0.659131 0.049344 0.260939
0 0.404984 0.677582 0.043125 0.152723
0 0.548094 0.661608 0.025656 0.117113
33 0.707914 0.414120 0.031328 0.028239
33 0.628672 0.418580 0.076063 0.021901
33 0.482289 0.517746 0.060922 0.033474
33 0.443469 0.590305 0.019062 0.030563
33 0.581031 0.532523 0.082437 0.025047
33 0.603578 0.509765 0.075625 0.009296
33 0.864383 0.410962 0.024203 0.015634
33 0.466055 0.133263 0.011016 0.013380
33 0.598727 0.264272 0.018391 0.016432
33 0.608281 0.457101 0.006125 0.018427
