72 0.175625 0.607089 0.164281 0.503615
69 0.442664 0.655775 0.133172 0.254648
45 0.781164 0.647864 0.047922 0.036244
47 0.712430 0.419906 0.064766 0.065446
39 0.468211 0.181667 0.012203 0.042066
47 0.710578 0.323228 0.047188 0.037441
39 0.635133 0.646491 0.018453 0.093357
39 0.456297 0.180505 0.014219 0.052887
39 0.651883 0.656643 0.015672 0.073427
39 0.563078 0.169225 0.014094 0.043286
39 0.441922 0.169624 0.010594 0.061221
39 0.547742 0.176068 0.011891 0.039038
39 0.479906 0.180070 0.012438 0.047606
39 0.522891 0.514695 0.013344 0.063146
39 0.645977 0.140610 0.014578 0.048028
68 0.454719 0.391009 0.122656 0.098873
