0 0.449578 0.386247 0.051594 0.175647
0 0.621617 0.445047 0.061703 0.142612
0 0.649141 0.483153 0.077594 0.116847
56 0.772125 0.507271 0.040500 0.074400
0 0.341969 0.433294 0.054594 0.122918
2 0.391844 0.427988 0.067781 0.059035
56 0.881406 0.518059 0.052594 0.057482
29 0.716992 0.695129 0.069984 0.075624
2 0.283781 0.423082 0.086375 0.066118
0 0.490953 0.482071 0.046062 0.121176
0 0.840852 0.380847 0.050172 0.169694
2 0.584187 0.446235 0.080094 0.088329
0 0.179313 0.466565 0.065031 0.154965
0 0.724109 0.374035 0.044406 0.137765
2 0.965016 0.413694 0.048313 0.054729
0 0.113266 0.466529 0.041625 0.153106
2 0.155320 0.411047 0.024766 0.026094
2 0.239430 0.393482 0.070672 0.024941
2 0.396852 0.391835 0.038422 0.016847
67 0.849570 0.325082 0.002453 0.004424
0 0.454867 0.603141 0.489859 0.264588
