69 0.419133 0.715635 0.147859 0.289187
41 0.485625 0.349146 0.006625 0.015792
71 0.625555 0.607479 0.088203 0.019375
73 0.230906 0.298115 0.032500 0.086188
75 0.024438 0.437083 0.048875 0.065167
71 0.573773 0.600958 0.077609 0.017792
41 0.543289 0.356938 0.012422 0.021875
41 0.551742 0.430490 0.019266 0.021771
41 0.553891 0.356344 0.019938 0.021813
41 0.513734 0.352156 0.014375 0.024979
41 0.288352 0.419750 0.011047 0.020208
41 0.492672 0.350469 0.006813 0.017396
41 0.499555 0.350979 0.006609 0.020167
41 0.280734 0.418750 0.007719 0.017833
41 0.273070 0.420417 0.007391 0.018708
41 0.486773 0.400979 0.009172 0.013042
68 0.945102 0.595729 0.103047 0.126125
58 0.801625 0.228188 0.178000 0.118667
72 0.129227 0.727479 0.258453 0.524792
