0 0.960015 0.449300 0.079970 0.086280
8 0.450916 0.506210 0.323333 0.195460
0 0.599910 0.726780 0.102943 0.080040
8 0.681321 0.483970 0.360841 0.126020
8 0.308544 0.748670 0.498288 0.281900
7 0.083168 0.250820 0.166336 0.086520
8 0.809009 0.375500 0.129730 0.088200
8 0.853709 0.492160 0.253303 0.079200
8 0.120285 0.445610 0.240571 0.197740
45 0.330030 0.716190 0.084204 0.030620
45 0.379084 0.695650 0.050901 0.028140
7 0.302958 0.234540 0.135526 0.049880
5 0.539790 0.192450 0.109850 0.059260
0 0.382763 0.537730 0.117117 0.091460
0 0.882628 0.809250 0.183694 0.164180
45 0.169895 0.782330 0.064655 0.038820
8 0.742688 0.369410 0.111081 0.057020
47 0.464670 0.519200 0.114925 0.029800
47 0.429144 0.711130 0.049760 0.028260
0 0.575886 0.309340 0.037778 0.024520
0 0.175210 0.371000 0.066757 0.044000
45 0.926667 0.714200 0.099760 0.062640
0 0.103829 0.341750 0.056607 0.083940
8 0.839775 0.306550 0.063153 0.044180
44 0.829069 0.908120 0.018979 0.046080
45 0.747808 0.843590 0.054595 0.038580
8 0.574354 0.277190 0.090150 0.029820
45 0.424685 0.719770 0.079760 0.044860
8 0.906607 0.384110 0.096637 0.102060
45 0.400315 0.747700 0.075285 0.039560
0 0.777387 0.438230 0.089730 0.075020
8 0.558559 0.334540 0.091532 0.040640
45 0.446877 0.687180 0.040601 0.026280
45 0.830526 0.717950 0.086276 0.034380
8 0.905631 0.309530 0.065856 0.048100
0 0.760270 0.346410 0.041321 0.036340
0 0.858859 0.239240 0.020300 0.020800
44 0.648739 0.756540 0.034715 0.031480
25 0.535360 0.300740 0.041652 0.034320
0 0.411997 0.226410 0.022553 0.042020
45 0.800571 0.746340 0.039880 0.022480
25 0.748799 0.617880 0.502402 0.227760
7 0.110450 0.235770 0.218739 0.074460
