0 0.801703 0.596629 0.396594 0.806743
40 0.575250 0.548143 0.027625 0.132514
60 0.492984 0.692186 0.519969 0.615629
0 0.201094 0.484300 0.176563 0.569514
0 0.604797 0.389400 0.134688 0.305429
0 0.704086 0.406043 0.092109 0.229171
27 0.090125 0.457429 0.029875 0.113657
0 0.452430 0.383629 0.117984 0.269486
0 0.303477 0.393329 0.130297 0.297286
39 0.465539 0.466714 0.015828 0.164457
0 0.546727 0.282029 0.085234 0.313943
40 0.354453 0.504357 0.020344 0.121171
0 0.353703 0.314671 0.038031 0.082657
40 0.612867 0.546986 0.029266 0.134771
0 0.495398 0.327243 0.053984 0.293686
56 0.355656 0.398329 0.045531 0.104257
56 0.989211 0.917057 0.020609 0.165886
56 0.726445 0.437971 0.053578 0.097486
27 0.888484 0.506657 0.041031 0.098343
40 0.601625 0.510157 0.023688 0.115457
41 0.454047 0.633829 0.049938 0.061429
42 0.334664 0.622071 0.062891 0.045057
40 0.551070 0.557214 0.029609 0.129000
41 0.572063 0.636414 0.055375 0.059400
41 0.310844 0.562286 0.034719 0.041829
40 0.437727 0.545743 0.032109 0.138743
40 0.382102 0.527657 0.028797 0.135086
40 0.585930 0.543586 0.022016 0.127571
27 0.811063 0.507371 0.034875 0.160971
39 0.452359 0.469429 0.020594 0.163029
27 0.594258 0.423729 0.010422 0.077000
27 0.215594 0.439929 0.013844 0.055514
40 0.495812 0.489371 0.022281 0.108000
56 0.397477 0.412843 0.016578 0.060657
42 0.658297 0.545129 0.013594 0.012429
0 0.182961 0.555557 0.363234 0.864200
41 0.637984 0.601700 0.035313 0.047971
0 0.737148 0.416586 0.122141 0.275343
