26 0.347880 0.621400 0.025400 0.069840
0 0.728930 0.539160 0.129780 0.463227
0 0.273960 0.584267 0.145280 0.571627
3 0.716170 0.574000 0.140340 0.237973
0 0.859480 0.418120 0.058720 0.162907
7 0.241250 0.321973 0.355180 0.226507
0 0.828600 0.400733 0.046280 0.176027
26 0.338470 0.697187 0.036580 0.112027
2 0.945590 0.392867 0.108820 0.106853
9 0.876120 0.226520 0.013520 0.051707
9 0.148800 0.233173 0.045920 0.057760
2 0.651420 0.340173 0.073400 0.047813
9 0.386120 0.178973 0.024240 0.024507
0 0.581520 0.537760 0.114360 0.458667
0 0.118420 0.379613 0.049360 0.174907
0 0.337030 0.552893 0.058940 0.424027
