0 0.282969 0.623467 0.176719 0.519434
0 0.851062 0.760448 0.182000 0.448349
33 0.541813 0.641521 0.105594 0.295448
26 0.941969 0.973290 0.092063 0.051156
0 0.720664 0.435354 0.023703 0.062406
5 0.389523 0.363208 0.254922 0.089292
0 0.166609 0.509811 0.064125 0.268632
0 0.410609 0.628892 0.076656 0.222311
2 0.631109 0.399882 0.064562 0.059387
0 0.907344 0.602642 0.068344 0.124009
2 0.869141 0.395012 0.074625 0.051958
0 0.663844 0.418703 0.029781 0.098538
0 0.788594 0.522500 0.024969 0.075519
33 0.538766 0.457795 0.041688 0.082005
2 0.074945 0.391757 0.041328 0.032571
2 0.942336 0.407229 0.022984 0.074175
26 0.671047 0.423986 0.016281 0.032736
2 0.037391 0.409917 0.074219 0.060967
26 0.220477 0.486922 0.041984 0.094741
26 0.948141 0.627311 0.042906 0.060236
33 0.510320 0.477229 0.031328 0.054693
2 0.172531 0.383019 0.035531 0.016934
0 0.868852 0.418927 0.030609 0.093467
2 0.605883 0.361592 0.018797 0.013514
2 0.106188 0.409988 0.038500 0.058420
2 0.726656 0.349670 0.027281 0.020849
33 0.530227 0.427052 0.030453 0.028019
26 0.876398 0.627193 0.025266 0.079245
0 0.536727 0.393585 0.020859 0.052453
0 0.581312 0.422901 0.022156 0.094434
26 0.360836 0.507241 0.019859 0.029953
0 0.380312 0.415153 0.018625 0.091580
0 0.074312 0.410366 0.010094 0.061203
