2 0.336867 0.393000 0.153859 0.127917
0 0.901914 0.406031 0.033328 0.264313
3 0.603914 0.451833 0.245266 0.135125
3 0.664562 0.418708 0.168938 0.148792
3 0.780133 0.458396 0.049828 0.108292
0 0.878742 0.392104 0.028203 0.241208
3 0.734234 0.469510 0.082063 0.119438
0 0.975234 0.445667 0.049531 0.387583
0 0.720617 0.354823 0.020828 0.094313
0 0.917188 0.423802 0.034469 0.276813
3 0.644125 0.443865 0.201156 0.192229
3 0.292828 0.725302 0.585656 0.549396
0 0.943055 0.427667 0.050141 0.337708
3 0.616602 0.423354 0.199422 0.117000
