0 0.675453 0.599098 0.211875 0.497728
0 0.776336 0.591838 0.074297 0.269953
0 0.355711 0.619274 0.097859 0.175550
0 0.890953 0.698091 0.142313 0.278946
34 0.826859 0.549438 0.139437 0.047213
56 0.310797 0.283267 0.052969 0.106112
0 0.504391 0.627330 0.093688 0.172693
0 0.720242 0.610141 0.062078 0.202576
0 0.085406 0.284204 0.089844 0.091639
0 0.035633 0.280398 0.054672 0.092037
56 0.278203 0.298349 0.065312 0.073888
0 0.622344 0.634438 0.048562 0.159415
0 0.854461 0.315187 0.058984 0.076979
56 0.424180 0.135117 0.044016 0.070281
56 0.254094 0.315410 0.053531 0.041171
35 0.811984 0.665304 0.040656 0.075621
56 0.345906 0.083431 0.022187 0.032529
56 0.836680 0.222482 0.049328 0.035644
56 0.191805 0.174461 0.041391 0.031030
56 0.354687 0.117927 0.030531 0.039087
13 0.574133 0.663665 0.067359 0.057588
