24 0.331000 0.902330 0.212594 0.195340
63 0.302102 0.380726 0.251016 0.335738
2 0.454172 0.189871 0.059750 0.042412
2 0.127414 0.193653 0.093016 0.073396
0 0.893969 0.217166 0.038969 0.064543
28 0.725344 0.262611 0.029906 0.068220
0 0.851430 0.222506 0.030172 0.067119
0 0.830891 0.224309 0.023688 0.056300
0 0.818758 0.222061 0.009109 0.037518
0 0.804102 0.206944 0.019141 0.042693
0 0.060773 0.187951 0.018234 0.045550
56 0.756719 0.603583 0.401469 0.792834
25 0.849305 0.117260 0.301391 0.234520
2 0.043219 0.226944 0.085875 0.072904
2 0.220391 0.209379 0.322906 0.118525
0 0.559742 0.507881 0.434266 0.961710
1 0.420180 0.207752 0.198297 0.154567
