15 0.252836 0.794422 0.117641 0.411156
56 0.485406 0.847677 0.139594 0.304646
73 0.466000 0.661934 0.005500 0.064245
58 0.334945 0.464552 0.110109 0.189953
69 0.089375 0.585083 0.103469 0.173608
45 0.184586 0.578361 0.131484 0.060024
38 0.033406 0.516557 0.053250 0.275094
41 0.283992 0.564953 0.022891 0.048868
75 0.636305 0.539953 0.024797 0.101085
73 0.492508 0.462983 0.019203 0.079505
73 0.547727 0.461781 0.034641 0.078797
73 0.555414 0.563526 0.008234 0.074552
73 0.521672 0.558667 0.011813 0.079552
73 0.503422 0.564351 0.005719 0.063608
73 0.504883 0.462771 0.005891 0.072665
73 0.535195 0.562040 0.009328 0.079741
73 0.454227 0.457158 0.011016 0.080165
73 0.514648 0.461781 0.009547 0.082807
73 0.527180 0.466639 0.006484 0.070684
73 0.514563 0.562948 0.005969 0.072453
57 0.952211 0.837075 0.095578 0.159387
56 0.212992 0.862571 0.204203 0.253208
