0 0.208961 0.500000 0.417922 1.000000
41 0.583867 0.623712 0.088641 0.174309
54 0.834164 0.922225 0.140953 0.057705
0 0.914148 0.395000 0.129328 0.240632
54 0.768680 0.888946 0.119422 0.116393
54 0.658859 0.902705 0.120344 0.109813
0 0.489508 0.372986 0.055141 0.079930
42 0.416492 0.421944 0.047797 0.125902
54 0.723906 0.819859 0.097812 0.090117
42 0.337805 0.450609 0.039609 0.170351
44 0.328391 0.463255 0.049844 0.151101
13 0.443336 0.370340 0.034891 0.034122
0 0.373016 0.335972 0.026937 0.055222
54 0.697125 0.945948 0.107937 0.029742
44 0.376734 0.430621 0.026062 0.096511
41 0.921281 0.497717 0.030000 0.022412
0 0.706531 0.387728 0.300875 0.575550
39 0.672195 0.572916 0.065578 0.283630
