56 0.830242 0.637875 0.151828 0.313333
56 0.938578 0.610271 0.101656 0.138083
0 0.830617 0.441719 0.115672 0.220062
40 0.831906 0.692802 0.112750 0.333437
56 0.471906 0.941292 0.197500 0.117417
60 0.861328 0.481396 0.072000 0.067458
0 0.933594 0.408771 0.080750 0.143917
56 0.895047 0.521823 0.036219 0.060146
0 0.922508 0.343531 0.034172 0.059813
0 0.828508 0.374281 0.026078 0.092771
0 0.857484 0.395479 0.040281 0.058917
0 0.907156 0.403135 0.021219 0.064938
56 0.882445 0.427167 0.039203 0.028583
56 0.812562 0.496792 0.035406 0.039042
40 0.864891 0.418958 0.016781 0.017167
56 0.822180 0.459906 0.008297 0.026229
0 0.429055 0.550677 0.851359 0.889646
60 0.841852 0.869667 0.308422 0.238208
