62 0.890375 0.745880 0.117469 0.362371
0 0.397289 0.471714 0.143109 0.357746
24 0.697531 0.846373 0.075750 0.151714
73 0.848922 0.418310 0.052750 0.036291
26 0.288391 0.579742 0.069156 0.091643
73 0.824367 0.573204 0.049484 0.042793
65 0.795883 0.753885 0.060484 0.031854
73 0.861117 0.325141 0.049297 0.025869
65 0.309547 0.690716 0.032937 0.030023
65 0.799180 0.720786 0.055141 0.030446
65 0.404453 0.592934 0.017719 0.015822
65 0.347281 0.710563 0.035219 0.022066
0 0.184977 0.556127 0.262984 0.754460
