0 0.100211 0.597892 0.200422 0.588764
0 0.920945 0.538786 0.143047 0.631126
55 0.417125 0.688068 0.184438 0.347881
40 0.769344 0.647483 0.055875 0.137042
40 0.869281 0.617406 0.036656 0.147837
40 0.860531 0.839150 0.036812 0.161921
40 0.194617 0.588344 0.029484 0.185254
40 0.014031 0.680011 0.028063 0.146556
40 0.810930 0.835132 0.032734 0.157373
40 0.672141 0.644007 0.035437 0.147925
40 0.516516 0.732307 0.023781 0.074150
27 0.475938 0.458168 0.026531 0.092848
0 0.515352 0.521347 0.206766 0.629227
0 0.796953 0.544249 0.153719 0.633841
0 0.288898 0.545353 0.237547 0.569161
0 0.068398 0.258422 0.133609 0.305629
