50 0.274970 0.938880 0.094140 0.122240
47 0.642350 0.668240 0.215300 0.282347
47 0.766320 0.791893 0.273800 0.414027
50 0.406210 0.675480 0.108340 0.110107
47 0.855110 0.891147 0.081420 0.217707
50 0.335150 0.871373 0.102260 0.165520
50 0.445780 0.823867 0.087920 0.152907
50 0.266050 0.685107 0.143580 0.149147
47 0.767610 0.769013 0.154940 0.133813
50 0.186270 0.614333 0.077820 0.124827
50 0.323240 0.619307 0.089360 0.119147
47 0.583990 0.872667 0.102820 0.114613
47 0.629140 0.948667 0.188440 0.102667
47 0.801620 0.622920 0.138800 0.171760
45 0.721340 0.737640 0.424720 0.498853
45 0.292420 0.240453 0.409560 0.453920
45 0.508990 0.492133 0.303380 0.382027
