46 0.177414 0.892854 0.242484 0.131111
2 0.145055 0.317974 0.186953 0.267407
0 0.097672 0.458028 0.072281 0.334880
60 0.465148 0.939401 0.259453 0.121198
2 0.547250 0.213181 0.064125 0.054074
73 0.678289 0.394303 0.051047 0.085556
15 0.694188 0.511492 0.174344 0.161634
46 0.190984 0.835959 0.185344 0.116841
73 0.944867 0.403355 0.054922 0.049237
73 0.840437 0.398279 0.050000 0.057560
73 0.772188 0.401503 0.049312 0.076340
73 0.683063 0.326895 0.043344 0.024074
73 0.774625 0.363519 0.045687 0.015752
46 0.284344 0.846035 0.241312 0.190588
