0 0.681617 0.496791 0.085891 0.264371
36 0.450172 0.521418 0.080531 0.089062
0 0.500914 0.367068 0.037672 0.213667
36 0.061305 0.743273 0.080203 0.119510
0 0.799828 0.379254 0.071188 0.106098
0 0.185570 0.314584 0.063922 0.181450
36 0.643211 0.479989 0.021078 0.101215
0 0.630281 0.394147 0.045875 0.180959
0 0.961617 0.415096 0.036141 0.086311
36 0.240633 0.629264 0.083953 0.075544
0 0.580148 0.439787 0.065641 0.268699
0 0.854430 0.379275 0.043641 0.093433
2 0.815164 0.309382 0.155109 0.049041
36 0.632719 0.397228 0.046375 0.025885
36 0.339523 0.570330 0.029391 0.171450
36 0.491680 0.411663 0.017328 0.063497
0 0.148852 0.161876 0.025703 0.091855
36 0.604352 0.509328 0.019141 0.114136
36 0.160148 0.394670 0.051891 0.025373
9 0.712555 0.128539 0.013891 0.024200
0 0.283734 0.552207 0.191938 0.428593
0 0.320719 0.487985 0.060844 0.372132
0 0.141227 0.717090 0.124109 0.564499
