8 0.351539 0.361815 0.165047 0.062365
8 0.341430 0.616756 0.350297 0.163770
2 0.052672 0.230972 0.103250 0.073653
8 0.509742 0.324028 0.126828 0.036862
2 0.564336 0.226054 0.052422 0.041850
2 0.195750 0.221663 0.076219 0.071054
2 0.609125 0.223630 0.053562 0.046089
7 0.387305 0.201967 0.098641 0.091475
8 0.240289 0.396276 0.171047 0.056347
8 0.421344 0.351604 0.194719 0.038618
7 0.490242 0.217553 0.075609 0.063115
8 0.236734 0.481874 0.289906 0.071803
2 0.464398 0.224602 0.062672 0.039789
2 0.722500 0.227998 0.057156 0.040164
8 0.277938 0.384906 0.188312 0.039321
2 0.644313 0.221604 0.057250 0.051265
2 0.132437 0.230141 0.081469 0.066511
2 0.681992 0.225070 0.022172 0.048080
0 0.596344 0.303560 0.016906 0.024309
2 0.757938 0.229742 0.023563 0.035785
8 0.499141 0.697319 0.588500 0.230609
8 0.336656 0.567037 0.418563 0.155714
