0 0.192762 0.462336 0.385524 0.421266
0 0.494432 0.311945 0.373144 0.336734
41 0.479312 0.700125 0.123253 0.122406
42 0.458996 0.799172 0.207729 0.104969
41 0.626867 0.581047 0.106659 0.104688
45 0.659869 0.806539 0.086288 0.047609
45 0.287052 0.563047 0.109476 0.066500
41 0.445502 0.473672 0.065240 0.064438
48 0.577183 0.429828 0.067729 0.052969
45 0.798275 0.767000 0.065328 0.049688
45 0.868384 0.676789 0.057031 0.042891
51 0.566976 0.867469 0.030939 0.034875
41 0.490775 0.530141 0.084432 0.049906
45 0.761812 0.661469 0.060699 0.042344
41 0.613100 0.533516 0.090655 0.060406
45 0.378461 0.722359 0.078668 0.047156
45 0.829269 0.659633 0.060153 0.039422
42 0.159389 0.833219 0.207336 0.023125
50 0.623046 0.868938 0.068581 0.047500
41 0.939017 0.457188 0.061092 0.093094
51 0.203308 0.771945 0.060590 0.016484
0 0.203330 0.680813 0.406659 0.638031
60 0.528199 0.710648 0.943603 0.493266
50 0.558144 0.831539 0.069607 0.095953
44 0.768133 0.734281 0.158275 0.038062
0 0.802707 0.327961 0.344891 0.300203
