0 0.680383 0.436885 0.391703 0.613854
39 0.458508 0.712198 0.107609 0.396146
56 0.628359 0.217021 0.119375 0.175583
41 0.610414 0.871063 0.095734 0.214125
40 0.531906 0.708562 0.080344 0.288458
48 0.835109 0.843135 0.150000 0.141563
56 0.973969 0.263844 0.052062 0.238521
39 0.682320 0.888458 0.061391 0.160833
0 0.570805 0.059281 0.073391 0.118562
67 0.292992 0.980115 0.092234 0.039771
39 0.351562 0.710135 0.108312 0.426729
0 0.489719 0.179000 0.162875 0.353500
60 0.500844 0.856333 0.998312 0.265167
