5 0.546148 0.448206 0.721016 0.799554
0 0.320961 0.485786 0.042922 0.125711
28 0.045219 0.625361 0.052875 0.063970
0 0.517453 0.212357 0.038781 0.051083
0 0.483742 0.528429 0.032297 0.033843
0 0.104711 0.490977 0.030297 0.042972
9 0.149953 0.404098 0.019656 0.076178
2 0.991508 0.636656 0.016984 0.142569
2 0.434625 0.514862 0.017719 0.040127
2 0.078766 0.546401 0.042281 0.060658
2 0.164102 0.509374 0.044172 0.054926
0 0.712891 0.259045 0.029375 0.052781
9 0.090750 0.417962 0.016063 0.039618
9 0.150789 0.446539 0.011016 0.038769
9 0.985438 0.425414 0.021406 0.054055
0 0.129812 0.497611 0.016656 0.043121
9 0.079766 0.442813 0.008906 0.023376
2 0.070187 0.521338 0.135594 0.093928
