0 0.565797 0.538750 0.120781 0.163625
0 0.390094 0.644552 0.242094 0.319854
60 0.343703 0.876906 0.365563 0.246188
0 0.845078 0.614417 0.120375 0.334875
60 0.916211 0.606729 0.039422 0.145583
0 0.957625 0.461406 0.050000 0.078146
56 0.752242 0.704073 0.046297 0.274896
0 0.781367 0.479354 0.045484 0.084542
0 0.923602 0.556208 0.087391 0.265208
0 0.742555 0.506906 0.073922 0.113479
56 0.318367 0.621146 0.074672 0.029167
56 0.294234 0.663990 0.120969 0.069437
56 0.957719 0.596438 0.034063 0.173875
45 0.317266 0.761812 0.117750 0.068583
0 0.828906 0.461437 0.047656 0.087292
0 0.980219 0.454083 0.037437 0.075792
60 0.983680 0.568292 0.032641 0.112917
0 0.989633 0.442021 0.018922 0.060167
56 0.776680 0.706021 0.025734 0.264667
43 0.229367 0.809375 0.033641 0.021167
56 0.318313 0.669323 0.060500 0.037437
42 0.615633 0.578354 0.015359 0.047750
56 0.634992 0.576833 0.024141 0.035458
8 0.181109 0.463813 0.044000 0.051333
0 0.954625 0.334937 0.013906 0.035375
41 0.569250 0.605865 0.019062 0.032938
41 0.681273 0.626344 0.016172 0.038812
56 0.989234 0.505385 0.016313 0.028896
41 0.772437 0.563385 0.020344 0.027104
0 0.141570 0.740448 0.279766 0.496646
42 0.292250 0.703510 0.031375 0.014104
