0 0.892328 0.866639 0.215344 0.266721
62 0.707086 0.414859 0.058422 0.066159
0 0.720961 0.529251 0.020172 0.067260
0 0.580625 0.435515 0.017969 0.060539
0 0.734602 0.721674 0.045453 0.214778
38 0.762047 0.753583 0.014750 0.040984
0 0.408992 0.431077 0.020203 0.063091
0 0.493445 0.449520 0.019203 0.069672
0 0.627781 0.437623 0.016656 0.058571
0 0.765977 0.543653 0.030641 0.058501
0 0.495711 0.434848 0.009984 0.055129
0 0.375273 0.429368 0.013953 0.055504
32 0.739375 0.707143 0.005938 0.007354
32 0.713172 0.542447 0.003063 0.003489
0 0.148430 0.846815 0.290859 0.283138
