0 0.816789 0.528829 0.135016 0.271335
69 0.543672 0.699906 0.116187 0.197471
45 0.827250 0.225328 0.056844 0.060539
71 0.293055 0.653794 0.142766 0.065386
45 0.828328 0.255609 0.053469 0.024426
40 0.973555 0.771311 0.052891 0.273021
40 0.917109 0.694122 0.055344 0.212693
40 0.897641 0.673150 0.048000 0.203021
40 0.976523 0.609532 0.046953 0.050070
40 0.981812 0.721323 0.036375 0.230984
0 0.016781 0.894660 0.033563 0.210679
0 0.978211 0.482190 0.043578 0.241616
44 0.256344 0.147927 0.026219 0.045831
