43 0.557430 0.715270 0.361297 0.152052
0 0.176547 0.361404 0.118781 0.263067
0 0.350078 0.372689 0.130688 0.243434
0 0.030539 0.276242 0.061078 0.074730
55 0.748172 0.843844 0.200969 0.190756
60 0.276414 0.340313 0.187297 0.058596
0 0.071273 0.632905 0.142547 0.564168
45 0.813344 0.662624 0.129125 0.101274
41 0.971492 0.941134 0.057016 0.117732
27 0.578086 0.410918 0.032953 0.074492
56 0.265406 0.418056 0.064031 0.160648
0 0.302680 0.276868 0.072547 0.103801
56 0.135109 0.390065 0.062906 0.134168
0 0.050773 0.291976 0.064141 0.134276
0 0.039563 0.327225 0.079125 0.150907
41 0.864844 0.708240 0.038437 0.108747
27 0.529703 0.280983 0.043031 0.028488
0 0.403195 0.283855 0.029578 0.073672
56 0.096859 0.350659 0.025500 0.025076
67 0.024852 0.545972 0.015797 0.014017
27 0.297656 0.274438 0.014344 0.005940
0 0.533656 0.585464 0.298469 0.802678
60 0.755383 0.802343 0.438109 0.391210
