56 1 1 0.428280 0.842960 0.455800 0.852133 0.491440 0.852133 0.536480 0.849627 0.550220 0.857973 0.544600 0.892160 0.525220 0.909653 0.521460 1.000000 0.516460 1.000000 0.445160 0.988880 0.441420 0.943840 0.435160 0.912987 0.423900 0.892987 0.422020 0.876320 0.418900 0.862133
74 1 1 1.000000 0.219387 0.987380 0.209040 0.966680 0.210187 0.947700 0.220533 0.933900 0.242400 0.928740 0.276880 0.936500 0.306800 0.956340 0.330933 0.977040 0.343600 0.994280 0.337840 0.997740 0.335547
56 1 0 0.107620 0.955067 0.100240 0.861067 0.091520 0.844293 0.092480 0.811387 0.166540 0.814613 0.166540 0.846880 0.150080 0.853973 0.140880 0.866240 0.136540 0.892053 0.137980 0.922373 0.137500 0.931413 0.129760 0.941093 0.131200 0.967547 0.130240 0.999813 0.101680 0.998533
56 1 1 0.686720 0.996907 0.665200 0.904427 0.654840 0.901227 0.653240 0.885280 0.655640 0.872533 0.659620 0.867227 0.720200 0.884213 0.787180 0.869333 0.789560 0.889547 0.789560 0.906560 0.772820 0.925680 0.761660 0.940560 0.748120 0.997973
74 1 1 0.761860 0.508773 0.741500 0.492853 0.733780 0.471333 0.734480 0.446053 0.741500 0.432000 0.747120 0.423573 0.764680 0.415173 0.778020 0.415173 0.792060 0.423573 0.805400 0.443253 0.805400 0.476000 0.795560 0.497547 0.780820 0.506907 0.768180 0.509707 0.763260 0.509707
56 1 0 0.364220 0.844347 0.366480 0.874533 0.338580 0.902187 0.333680 0.949440 0.331400 0.995200 0.290300 0.997707 0.286540 0.953467 0.278620 0.890613 0.277480 0.839813 0.281260 0.826747 0.289540 0.826747 0.292940 0.834293 0.356300 0.839333 0.366480 0.838320
60 1 1 0.441760 0.957493 0.334860 0.938053 0.336800 0.916000 0.338740 0.912133 0.439620 0.922000 0.338720 0.907040 0.344020 0.890507 0.354060 0.878720 0.361720 0.875573 0.366440 0.875573 0.367040 0.859840 0.383560 0.858267 0.386520 0.853547 0.420140 0.852747 0.420740 0.861413 0.423100 0.864560 0.421920 0.876347 0.425460 0.884213 0.437260 0.899947 0.441380 0.914907 0.443160 0.924347 0.442740 0.925093 0.448580 0.948400 0.448580 0.960080 0.518560 0.966560 0.521480 0.928960 0.529240 0.913413 0.548680 0.914720 0.551600 0.910827 0.564240 0.903040 0.575900 0.903040 0.588540 0.908240 0.566180 0.930267 0.564240 0.988587 0.564240 0.993760 0.564240 1.000000 0.550640 1.000000 0.552580 0.967840 0.522440 0.966560
74 1 0 0.145240 0.498187 0.151500 0.505760 0.153200 0.510320 0.160040 0.509547 0.165160 0.508027 0.169700 0.501200 0.173120 0.490587 0.179960 0.475413 0.183360 0.447333 0.185640 0.420027 0.183360 0.399547 0.177680 0.376027 0.173700 0.368427 0.165160 0.368427 0.157180 0.372213 0.153780 0.382080 0.149800 0.392720 0.144680 0.404853 0.142960 0.432933 0.142400 0.446587 0.141820 0.460240 0.141820 0.473147 0.141820 0.486800 0.143540 0.497413 0.144680 0.498933
60 1 0 0.185940 0.867120 0.153700 0.856747 0.170380 0.840427 0.170380 0.824133 0.187060 0.818213 0.225980 0.815227 0.263780 0.833040 0.274900 0.836000 0.278240 0.855253 0.263780 0.868613 0.207080 0.871573 0.210420 0.916053 0.195960 0.929387 0.192620 0.877493
74 1 0 0.297440 0.585253 0.288680 0.577227 0.281560 0.561893 0.278280 0.543680 0.278280 0.525440 0.283220 0.505733 0.287580 0.492613 0.292520 0.483867 0.305100 0.475093 0.315480 0.475093 0.328080 0.486773 0.334080 0.510853 0.335740 0.532000 0.334080 0.549493 0.328080 0.569200 0.316040 0.583067 0.307820 0.587440 0.298520 0.585973
0 1 0 0.060440 0.691013 0.057140 0.699093 0.054380 0.707920 0.053280 0.713040 0.053280 0.722613 0.067060 0.737280 0.069800 0.737280 0.067060 0.748293 0.067060 0.757840 0.067060 0.760800 0.058800 0.761520 0.049980 0.757120 0.043360 0.760800 0.046680 0.772533 0.052740 0.779147 0.061000 0.779893 0.068700 0.790160 0.072560 0.787227 0.080820 0.783547 0.081920 0.775467 0.089080 0.788693 0.096800 0.798240 0.111120 0.799707 0.116620 0.801920 0.116080 0.781360 0.105600 0.739493 0.094600 0.724080 0.084540 0.709627 0.079200 0.695387
74 1 0 0.305620 0.623147 0.317900 0.593147 0.332220 0.594507 0.347560 0.609520 0.349620 0.636800 0.343480 0.660000 0.331200 0.674987 0.311760 0.665440 0.304600 0.644987
74 1 0 0.226500 0.421947 0.207480 0.404800 0.208600 0.354827 0.217560 0.343627 0.223720 0.342880 0.231540 0.346613 0.236580 0.358560 0.239380 0.381680 0.238260 0.403307 0.230420 0.411520
56 1 0 0.128700 0.997360 0.132940 0.936160 0.143140 0.928213 0.242620 0.944080 0.247720 0.959947 0.236660 0.991707 0.236660 1.000000 0.131240 0.995093
60 1 0 0.060620 0.787413 0.042580 0.792533 0.039840 0.799093 0.008660 0.796907 0.000000 0.796907 0.001540 0.778667 0.049140 0.782320
60 1 0 0.105360 0.793627 0.136740 0.801360 0.164760 0.809093 0.170540 0.816827 0.157500 0.814240 0.139160 0.818107 0.099560 0.814240 0.090380 0.811680 0.087960 0.795573 0.097140 0.791707
74 1 1 0.729820 0.366827 0.729820 0.223307 0.847540 0.218827 0.847540 0.371307 0.731500 0.366827
74 1 1 0.864300 0.601413 0.858700 0.555013 0.862440 0.519413 0.871740 0.491253 0.878580 0.477173 0.884180 0.467227 0.891000 0.461440 0.910880 0.449840 0.923920 0.440720 0.944420 0.434933 0.969900 0.437413 0.984800 0.444880 1.000000 0.460613 1.000000 0.666827 0.981080 0.679253 0.946300 0.687547 0.921440 0.678427 0.903420 0.662693 0.890380 0.659387 0.887900 0.654427 0.887900 0.650267 0.886040 0.639520 0.873620 0.622933 0.868640 0.602240
56 1 1 0.864600 0.970773 0.842700 0.901120 0.839320 0.898880 0.832580 0.903360 0.829220 0.894373 0.825840 0.878640 0.832580 0.869653 0.876400 0.883147 0.948880 0.878640 0.964040 0.867413 0.960680 0.894373 0.962360 0.912347 0.953940 0.957307 0.943820 0.975280 0.943820 0.988773 0.867980 0.979787
