46 1 1 0.353828 0.850141 0.372250 0.851150 0.369906 0.864225 0.378266 0.875282 0.365219 0.874789 0.380281 0.890869 0.369234 0.896408 0.389313 0.917019 0.375922 0.915516 0.369906 0.914507 0.363547 0.918521 0.359188 0.924061 0.364203 0.931103 0.353500 0.932113 0.361203 0.941150 0.358859 0.947183 0.354500 0.951714 0.344125 0.942160 0.333078 0.931596 0.331750 0.921033 0.331078 0.904437 0.327391 0.903944 0.311656 0.896901 0.300953 0.889366 0.297937 0.875798 0.340109 0.871268 0.348484 0.864718 0.349813 0.851643
0 1 1 0.271344 0.476361 0.269844 0.494366 0.263844 0.503380 0.248859 0.510141 0.245859 0.521385 0.241359 0.552934 0.241359 0.584460 0.242859 0.602488 0.259359 0.627253 0.266844 0.627253 0.277344 0.627253 0.307328 0.631761 0.325312 0.634014 0.341812 0.620493 0.356797 0.570939 0.361297 0.559695 0.356797 0.503380 0.349297 0.471854 0.328312 0.431315 0.310328 0.424554 0.289344 0.431315 0.274344 0.449319 0.268344 0.465094
26 1 2 0.798750 1.000000 0.783797 1.000000 0.773328 1.000000 0.756875 0.921338 0.759859 0.894390 0.765844 0.874155 0.773328 0.885399 0.776312 0.905610 0.776312 0.925845 0.789781 0.957300 0.804734 0.975282 0.816703 0.975282 0.816703 0.950563 0.800250 0.903380 0.794266 0.876408 0.794266 0.858427 0.813703 0.851690 0.851109 0.937089 0.863063 1.000000
46 1 1 0.369031 0.781408 0.321562 0.758451 0.296250 0.738639 0.272516 0.720399 0.238750 0.706150 0.223453 0.664930 0.234000 0.655423 0.234000 0.627699 0.260906 0.627699 0.267766 0.630070 0.279891 0.625305 0.295719 0.634812 0.310484 0.634812 0.324719 0.641948 0.333687 0.646714 0.353203 0.646714 0.370078 0.676831 0.384328 0.696620 0.388016 0.725164 0.376422 0.748146 0.376422 0.772700
46 1 2 0.437125 0.954577 0.458781 0.962324 0.472188 0.957676 0.482500 0.943732 0.481469 0.917394 0.486609 0.909648 0.500016 0.875587 0.489703 0.863192 0.477344 0.895728 0.463938 0.887981 0.458781 0.877136 0.448469 0.894178 0.445375 0.881784 0.445375 0.863192 0.456719 0.856995 0.438156 0.856995 0.423719 0.880235 0.419594 0.901925 0.418563 0.911197 0.418563 0.928239 0.430937 0.951479
0 1 0 0.761953 0.434671 0.762969 0.410282 0.770063 0.403427 0.780219 0.407230 0.780219 0.424014 0.768547 0.440775 0.750281 0.475822 0.740641 0.504038 0.736078 0.488028 0.731516 0.481925 0.724922 0.481174 0.721375 0.481174 0.721875 0.469742 0.733031 0.458310 0.745719 0.448404 0.760938 0.440775 0.766016 0.434671
46 1 1 0.298531 0.742160 0.262484 0.722723 0.240313 0.710235 0.228297 0.681080 0.191328 0.688005 0.213516 0.762981 0.254172 0.754648 0.294828 0.762981 0.305000 0.756033
46 1 1 0.740281 0.704202 0.740281 0.753239 0.750891 0.769178 0.773734 0.755704 0.796594 0.744648 0.799031 0.711549 0.787609 0.675986 0.770469 0.664953 0.751703 0.669859 0.741094 0.698075
46 1 1 0.775906 0.801596 0.762812 0.798310 0.755172 0.805422 0.748250 0.789038 0.751531 0.785751 0.745703 0.779202 0.753344 0.776455 0.750078 0.770446 0.761344 0.766620 0.768266 0.760070 0.775531 0.755704 0.780625 0.756784 0.789000 0.768263 0.795906 0.777559 0.807547 0.780282 0.807547 0.785751 0.799547 0.789577 0.791906 0.793404 0.787906 0.801056 0.779906 0.798310 0.775906 0.801056
0 1 1 0.490125 0.370258 0.504297 0.345728 0.507734 0.339930 0.498719 0.310235 0.500000 0.281197 0.506016 0.271502 0.527063 0.272160 0.531797 0.302488 0.529641 0.317324 0.533516 0.327653 0.508594 0.354765 0.493563 0.366385
46 1 1 0.460453 0.774202 0.463578 0.782653 0.463578 0.792981 0.460453 0.830516 0.431734 0.818310 0.434234 0.807042 0.442344 0.790164 0.459828 0.777019
46 1 1 0.273016 0.758357 0.271516 0.776737 0.275688 0.786596 0.287625 0.786596 0.293891 0.791972 0.300750 0.796009 0.304328 0.790188 0.300750 0.775399 0.298969 0.765986 0.296281 0.759718 0.290906 0.755235 0.280172 0.759718
46 1 1 0.335156 0.681174 0.356703 0.687324 0.364922 0.699671 0.357734 0.707394 0.335156 0.699671 0.326937 0.690423
46 1 2 0.430625 0.935329 0.434891 0.918709 0.440422 0.913592 0.446797 0.910728 0.451047 0.913592 0.451687 0.918075 0.449141 0.923498 0.444250 0.930869 0.440844 0.938216 0.435094 0.950986 0.432750 0.954202
46 1 1 0.252297 0.806854 0.242344 0.795869 0.235641 0.786995 0.235437 0.773263 0.235234 0.764413 0.240719 0.757394 0.241734 0.757700 0.245187 0.762582 0.247016 0.768685 0.246813 0.775094 0.251687 0.790681 0.256172 0.798005 0.255547 0.806244 0.255547 0.806244
46 1 1 0.275312 0.834554 0.282250 0.840117 0.288250 0.850540 0.288719 0.856103 0.287328 0.860258 0.283625 0.861995 0.279000 0.858521 0.271141 0.850188 0.269297 0.844648 0.268609 0.841502
0 1 1 0.997578 0.987324 0.999297 0.333592 0.964437 0.313099 0.976094 0.272793 0.981938 0.216690 0.984844 0.198286 1.000000 0.194789 0.988344 0.186901 0.973766 0.161479 0.970266 0.149225 0.925937 0.132559 0.894437 0.165000 0.879844 0.235986 0.889188 0.271033 0.902016 0.279789 0.900844 0.289437 0.876344 0.324484 0.829094 0.349038 0.817437 0.358662 0.776016 0.432277 0.732266 0.524296 0.736250 0.604178 0.742437 0.620117 0.791953 0.701127 0.822891 0.766221 0.831734 0.814038 0.830844 0.895070 0.847641 0.998685 0.998844 1.000000
0 1 0 0.508969 0.973263 0.517938 0.900516 0.497625 0.838545 0.497625 0.799930 0.482078 0.608638 0.482078 0.598756 0.485063 0.587089 0.510172 0.512559 0.565766 0.470352 0.575922 0.415563 0.568156 0.375141 0.559781 0.341925 0.558000 0.293427 0.569344 0.262887 0.594453 0.234155 0.631516 0.221573 0.654828 0.228756 0.676344 0.256596 0.691297 0.300610 0.691891 0.325751 0.698469 0.347300 0.699062 0.381432 0.700266 0.400305 0.697281 0.425446 0.698469 0.434413 0.687703 0.449695 0.689500 0.459577 0.707438 0.445188 0.714609 0.444296 0.718797 0.449695 0.718797 0.458662 0.699672 0.489202 0.705047 0.517042 0.718797 0.560141 0.725969 0.598756 0.727156 0.606854 0.740312 0.648169 0.740906 0.718216 0.743297 0.769390 0.745094 0.786455 0.755250 0.797230 0.765422 0.796338 0.780969 0.803521 0.792922 0.801737 0.801891 0.808005 0.813234 0.825986 0.813234 0.842136 0.807859 0.868192 0.801281 0.879859 0.794703 0.898709 0.783953 0.905000 0.766016 0.893333 0.752859 0.887042 0.739719 0.861901 0.746297 0.920282 0.748078 0.966080 0.751672 1.000000 0.509578 1.000000
46 1 1 0.262375 0.897277 0.264734 0.889836 0.273594 0.884366 0.289766 0.884742 0.306453 0.894155 0.320797 0.902371 0.329922 0.905915 0.329656 0.916878 0.318719 0.947441 0.309328 0.967019 0.302797 0.990141 0.299672 0.997582 0.244656 1.000000 0.245172 0.934108 0.245953 0.922371 0.254031 0.917277 0.261078 0.907864 0.263953 0.899648
0 0 0 0.014953 0.981338 0.234844 0.979084 0.248297 0.981338 0.236328 0.835258 0.180984 0.648756 0.112188 0.477958 0.077781 0.408310 0.070297 0.370094 0.056844 0.367864 0.056844 0.345376 0.065812 0.329648 0.106203 0.307183 0.131625 0.275728 0.149578 0.244249 0.143594 0.212793 0.157063 0.203803 0.146594 0.158873 0.137609 0.120657 0.130141 0.080211 0.198938 0.051009 0.116672 0.006056 0.059828 0.024038 0.010469 0.051009 0.001500 0.075728 0.002984 0.370094 0.000000 0.399319 0.004484 0.981338
