31 1 2 0.053628 0.459200 0.120737 0.685200 0.106460 0.691180 0.083333 0.691180 0.043746 0.680740 0.030531 0.659100 0.021740 0.607640 0.022832 0.454720 0.026136 0.424880 0.023923 0.357760 0.026136 0.350300 0.042625 0.423400
0 1 1 0.180472 0.331280 0.171681 0.311700 0.149086 0.302340 0.145310 0.301480 0.148437 0.287000 0.139027 0.274240 0.127729 0.271680 0.117670 0.270400 0.102596 0.285720 0.101976 0.288280 0.093186 0.292120 0.088171 0.300640 0.083127 0.304880 0.074985 0.307020 0.071209 0.313820 0.074336 0.317660 0.086283 0.326600 0.104484 0.345340 0.115782 0.359380 0.123953 0.365340 0.118289 0.372580 0.112655 0.381520 0.106372 0.381100 0.105752 0.390040 0.108260 0.404520 0.108260 0.413040 0.115162 0.422820 0.134012 0.433040 0.129617 0.387060 0.127080 0.363220 0.135870 0.347900 0.156608 0.335120 0.172301 0.332980 0.186755 0.332560
31 1 2 0.138761 0.458600 0.125811 0.369480 0.131357 0.355660 0.149882 0.336840 0.177640 0.331820 0.199853 0.335580 0.216519 0.348140 0.216519 0.374500 0.212832 0.604240 0.220236 0.656960 0.210973 0.675780 0.198024 0.677040 0.153569 0.672020 0.136903 0.660720 0.135074 0.648180
0 1 0 0.683717 0.282160 0.693510 0.276840 0.717965 0.278840 0.722861 0.283820 0.723363 0.289460 0.722389 0.294100 0.723363 0.298740 0.725310 0.302400 0.725811 0.305380 0.724336 0.305720 0.715516 0.304380 0.692537 0.302400 0.688614 0.295100 0.687139 0.288120
0 1 1 0.783215 0.342360 0.776932 0.331320 0.769410 0.323660 0.761268 0.320700 0.749381 0.316860 0.734956 0.308380 0.736844 0.305400 0.743746 0.299880 0.748761 0.293920 0.762537 0.282880 0.768791 0.279900 0.778820 0.282880 0.780708 0.291380 0.784454 0.304120 0.793245 0.312620 0.791357 0.325780 0.791976 0.339380 0.790088 0.349580
0 1 1 0.831534 0.307780 0.804720 0.321140 0.818112 0.388000 0.820472 0.408320 0.831534 0.452700 0.836254 0.468740 0.852832 0.467140 0.887522 0.468220 0.885162 0.440940 0.883569 0.411520 0.885959 0.397940 0.890678 0.385640 0.892271 0.377620 0.885959 0.360500 0.888319 0.351400 0.890678 0.339640 0.894631 0.331620 0.892271 0.326280 0.883569 0.317720 0.871740 0.311840 0.870177 0.304340 0.868584 0.296860 0.862301 0.290440 0.858348 0.287760 0.846519 0.287760 0.841003 0.292040 0.837847 0.297400 0.835457 0.302740 0.834690 0.305420
0 1 1 0.802448 0.302900 0.799440 0.288560 0.811534 0.283780 0.819587 0.283780 0.825634 0.289920 0.825634 0.296740 0.829646 0.306980 0.818584 0.320640 0.813540 0.388240 0.819587 0.430580 0.826637 0.460620 0.809499 0.474960 0.793392 0.470860 0.773245 0.451740 0.785339 0.415560 0.790384 0.369800 0.798437 0.326100 0.793392 0.313820
0 1 0 0.018732 0.725760 0.071298 0.725760 0.080442 0.724200 0.087286 0.699420 0.110147 0.693220 0.119263 0.634360 0.107847 0.601840 0.101003 0.569300 0.101003 0.532120 0.101003 0.532120 0.101003 0.518180 0.107847 0.485660 0.110147 0.462420 0.139823 0.462420 0.135280 0.436080 0.119263 0.426780 0.094130 0.405100 0.094130 0.380320 0.082714 0.357080 0.064454 0.336940 0.064454 0.333840 0.085015 0.312160 0.085015 0.312160 0.075870 0.285820 0.068997 0.264140 0.068997 0.264140 0.030177 0.256400
31 1 2 0.587345 0.438700 0.762212 0.843620 0.742419 0.886120 0.702832 0.906260 0.620324 0.908500 0.597227 0.874940 0.597227 0.863760 0.445457 0.472260 0.534543 0.425280 0.560944 0.387240 0.471858 0.389480 0.428938 0.407380 0.405841 0.416320 0.395959 0.411840 0.415752 0.376060 0.438850 0.355920 0.481740 0.355920
0 1 0 0.556667 0.360040 0.567552 0.329060 0.584956 0.314300 0.567552 0.278880 0.547965 0.253780 0.611091 0.213920 0.650266 0.216880 0.665516 0.231640 0.680737 0.250820 0.669852 0.270020 0.669852 0.299540 0.717758 0.303960 0.770000 0.321680 0.785251 0.346760 0.776519 0.383660 0.750413 0.410240 0.783068 0.464840 0.783068 0.489940 0.783068 0.532740 0.765634 0.568160 0.783068 0.625720 0.772183 0.662620 0.789587 0.692140 0.813540 0.739380 0.835310 0.775720 0.852714 0.834760 0.824425 0.879040 0.807021 0.893800 0.754749 0.877560 0.752596 0.853940 0.772183 0.825900 0.693805 0.738820 0.641563 0.608940 0.589322 0.468720 0.580619 0.439200 0.552301 0.427400 0.519646 0.440680 0.493540 0.422960 0.482655 0.393440 0.493540 0.380160 0.521829 0.380160 0.558850 0.391980 0.606726 0.400820 0.604543 0.383120 0.589322 0.362460 0.558850 0.365400 0.554484 0.366880
