0 1 0 0.719234 0.925833 0.723031 0.629222 0.719234 0.543833 0.723031 0.501111 0.725562 0.435944 0.714188 0.377528 0.654781 0.368528 0.653516 0.422472 0.669937 0.424722 0.704078 0.474167 0.667422 0.557306 0.667422 0.633694 0.686375 0.624722 0.695219 0.687639 0.667422 0.705611 0.669937 0.892139
0 1 0 0.544297 0.588667 0.530703 0.553222 0.534328 0.469444 0.541578 0.425944 0.544297 0.351833 0.565141 0.316389 0.603219 0.327667 0.603219 0.409833 0.583266 0.445278 0.584172 0.512944 0.578734 0.545167 0.547922 0.590278
0 1 1 0.120203 0.422306 0.138141 0.469056 0.141734 0.507333 0.150094 0.534972 0.147109 0.629583 0.141125 0.706111 0.133953 0.791139 0.151297 0.842167 0.153688 0.865556 0.160266 0.891083 0.162656 0.914445 0.153094 0.920833 0.147703 0.921889 0.141734 0.882556 0.112438 0.825167 0.106453 0.777333 0.098078 0.769889 0.095688 0.818778 0.096891 0.922972 0.090312 0.922972 0.080734 0.892139 0.074766 0.783722 0.073563 0.717806 0.069375 0.679528 0.059812 0.592361 0.070578 0.558361 0.084328 0.509472 0.093891 0.492444 0.088516 0.455250 0.091500 0.426556 0.101078 0.412722 0.117812 0.413778
0 1 0 0.461719 0.633278 0.471344 0.623306 0.483375 0.859861 0.460922 0.861278 0.456109 0.909750 0.449703 0.928278 0.434469 0.924000 0.433672 0.854167 0.440875 0.798583 0.442484 0.751556 0.435266 0.661778 0.450500 0.646083 0.424047 0.594778 0.415234 0.553472 0.420047 0.517833 0.420844 0.487917 0.426453 0.470806 0.423250 0.425194 0.443281 0.392417 0.463328 0.393861 0.478563 0.425194 0.478563 0.472222 0.475359 0.493611 0.465734 0.506444 0.467328 0.533500 0.467328 0.540639 0.440875 0.556306 0.428062 0.562000
0 1 0 0.576406 0.564056 0.590312 0.523583 0.591578 0.492139 0.587781 0.447194 0.595359 0.424722 0.610531 0.411222 0.623172 0.411222 0.633281 0.433694 0.630766 0.471917 0.629500 0.483139 0.604219 0.519111 0.590312 0.546056
0 1 1 0.005063 0.391000 0.026547 0.469667 0.051828 0.550556 0.061937 0.617972 0.072047 0.732583 0.080906 0.885389 0.092281 0.916861 0.001266 0.921361
0 1 1 0.008375 0.390667 0.004781 0.376806 0.005375 0.357639 0.014375 0.348056 0.030547 0.351250 0.036547 0.353389 0.036547 0.373611 0.034141 0.383194 0.034141 0.396000 0.029359 0.414111 0.033547 0.422639 0.041938 0.423694 0.051531 0.433278 0.062906 0.470556 0.061719 0.484417 0.070703 0.531306 0.073094 0.551528 0.064109 0.576028 0.058125 0.577111 0.058719 0.562194 0.057516 0.543000 0.057516 0.523833 0.050328 0.498278 0.047938 0.498278 0.042531 0.516389 0.046734 0.534500 0.046734 0.552611 0.036547 0.511056 0.029953 0.490806 0.026359 0.471639 0.026953 0.459917 0.021562 0.433278 0.017969 0.414111
26 1 1 0.415531 0.544222 0.421391 0.530111 0.432266 0.521917 0.438547 0.522667 0.442719 0.533083 0.442719 0.541250 0.442719 0.555389 0.448578 0.551667 0.447750 0.534556 0.441891 0.519694 0.432266 0.514472 0.424313 0.518944 0.417609 0.527861 0.414266 0.538278
0 1 0 0.394250 0.459583 0.393172 0.426083 0.406625 0.409806 0.408781 0.410778 0.409859 0.454806 0.398016 0.475861 0.393703 0.457667
0 1 0 0.714188 0.694389 0.744516 0.561806 0.786234 0.480889 0.784969 0.341583 0.831734 0.280889 0.883562 0.339333 0.892422 0.447194 0.882297 0.541583 0.900000 0.591000 0.932859 0.820222 0.918953 0.862917 0.925281 0.928083 0.719234 0.932583 0.715453 0.689889
0 1 1 0.203219 0.507000 0.207406 0.492139 0.202625 0.476250 0.197859 0.458194 0.196063 0.432750 0.215156 0.402000 0.232453 0.402000 0.242000 0.435944 0.236641 0.484722 0.246187 0.511250 0.264672 0.523972 0.264672 0.542000 0.259906 0.578056 0.259906 0.590778 0.256328 0.605639 0.259313 0.621528 0.254531 0.643806 0.259906 0.669278 0.258109 0.694722 0.267062 0.712750 0.252750 0.805028 0.256328 0.881389 0.261687 0.914278 0.262891 0.935472 0.166234 0.929111 0.170406 0.805028 0.166828 0.750944 0.162062 0.725472 0.166828 0.683056 0.175187 0.642750 0.181156 0.575944 0.181156 0.518667 0.187719 0.502750
0 1 0 0.505625 0.928083 0.523313 0.730333 0.523313 0.647194 0.543547 0.593250 0.508141 0.480889 0.525844 0.458417 0.525844 0.404500 0.513203 0.386528 0.498031 0.370778 0.470219 0.400000 0.472750 0.501111 0.480344 0.537083 0.481594 0.611222 0.468953 0.631472 0.481594 0.856167 0.471484 0.867417 0.472750 0.937083
5 1 0 0.723031 0.611222 0.724297 0.568528 0.728094 0.480889 0.726828 0.422472 0.699016 0.366306 0.693953 0.298889 0.696484 0.222472 0.798875 0.071917 0.830484 0.067417 0.991016 0.060667 1.000000 0.094389 1.000000 0.640444 0.960672 0.656167 0.910109 0.656167 0.897469 0.602250 0.887359 0.548306 0.882297 0.537083 0.881047 0.496639 0.888625 0.402250 0.888625 0.379778 0.883562 0.334833 0.822891 0.316861 0.795078 0.325833 0.786234 0.382028 0.779922 0.453944 0.783703 0.494389 0.777391 0.532583 0.734406 0.620222 0.725562 0.624722
0 1 0 0.391797 0.457333 0.425719 0.619333 0.440906 0.723750 0.441406 0.797556 0.438875 0.811972 0.432797 0.830861 0.433813 0.864167 0.435328 0.910972 0.432297 0.923583 0.328000 0.926278 0.323953 0.884861 0.321922 0.856972 0.323953 0.794083 0.328000 0.596972 0.325469 0.568167 0.336094 0.480194 0.338625 0.460389 0.338625 0.435194 0.341156 0.425278 0.341156 0.417194 0.328500 0.402778 0.328000 0.391972 0.327484 0.375778 0.320406 0.307444 0.318891 0.293083 0.332547 0.258889 0.350281 0.231944 0.364453 0.231944 0.384203 0.235556 0.397859 0.231056 0.402422 0.243639 0.411031 0.260750 0.407984 0.285944 0.402922 0.294056 0.402422 0.299444 0.404953 0.313861 0.403937 0.324667 0.406469 0.334556 0.405969 0.359472 0.407984 0.385556 0.409000 0.402667 0.407484 0.411667 0.404453 0.412556 0.398875 0.424278 0.393812 0.441361 0.392797 0.448583
26 1 0 0.766016 0.559167 0.754641 0.628833 0.764750 0.759167 0.774859 0.869278 0.798875 0.929972 0.879781 0.929972 0.901266 0.873778 0.916438 0.891750 0.927812 0.970417 0.767281 0.929972 0.743266 0.624333 0.760953 0.534444 0.772328 0.529972
