72 1 0 0.718156 0.256440 0.729500 0.261756 0.828078 0.251124 0.821703 0.270258 0.818859 0.280890 0.818859 0.291522 0.823125 0.298970 0.823125 0.305340 0.820984 0.313841 0.822406 0.322365 0.830219 0.325550 0.835172 0.325550 0.835172 0.342553 0.833750 0.363817 0.824531 0.384005 0.816031 0.404192 0.809641 0.427588 0.809641 0.436089 0.802547 0.444590 0.794047 0.436089 0.787656 0.428642 0.785531 0.427588 0.775609 0.439274 0.772062 0.454169 0.769922 0.466909 0.769922 0.478618 0.772062 0.489251 0.777016 0.499883 0.779141 0.504122 0.779141 0.514754 0.786953 0.528571 0.787656 0.537073 0.774188 0.529625 0.767094 0.532834 0.765672 0.555152 0.763547 0.577471 0.752203 0.577471 0.751484 0.565785 0.739437 0.563653 0.724547 0.560468 0.723125 0.567892 0.725250 0.576417 0.726672 0.598735 0.710359 0.591288 0.695469 0.584918 0.689078 0.578525 0.697594 0.521124 0.694047 0.499883 0.693328 0.467986 0.699000 0.441405 0.712484 0.436089 0.719578 0.425457 0.724547 0.406323 0.730219 0.376557 0.729500 0.362740 0.723125 0.350000 0.718859 0.340422 0.713188 0.327658
45 1 1 0.638641 0.666768 0.628141 0.619602 0.637469 0.600375 0.666609 0.581171 0.715562 0.593396 0.738875 0.612599 0.747031 0.637073 0.729547 0.685972 0.713234 0.705199 0.671266 0.703443 0.650297 0.685972
0 1 1 0.629047 0.523560 0.629047 0.506628 0.628234 0.483630 0.628234 0.454590 0.628234 0.434028 0.615328 0.426768 0.608859 0.423138 0.606453 0.406206 0.614516 0.369930 0.620172 0.344520 0.638734 0.321546 0.650828 0.315480 0.660516 0.307026 0.655672 0.284028 0.656484 0.261054 0.666984 0.239274 0.675047 0.233232 0.679891 0.233232 0.701687 0.233232 0.712172 0.259836 0.707328 0.302178 0.707328 0.317916 0.732344 0.343302 0.735578 0.366300 0.736391 0.405012 0.721859 0.438876 0.716203 0.441288 0.716203 0.458220 0.715406 0.482412 0.713781 0.496932 0.704109 0.512670 0.684734 0.513864 0.675047 0.517494 0.651641 0.521124 0.637109 0.518712 0.630656 0.518712
56 1 0 0.292328 0.750070 0.353422 0.702576 0.423578 0.782857 0.422062 0.789649 0.431125 0.911756 0.410000 0.958103 0.376813 0.909485 0.384359 0.956979 0.378312 0.964871 0.364734 0.904965 0.302891 0.970539 0.309672 0.996487 0.290812 0.998735 0.286297 0.990820 0.280250 0.998735 0.259141 0.999883 0.237266 0.780539 0.274219 0.790703 0.274969 0.825761 0.284781 0.823489 0.295344 0.785059
71 1 0 0.422391 0.530913 0.399000 0.536534 0.427078 0.536534 0.453750 0.544239 0.456547 0.540726 0.508953 0.571593 0.515047 0.561077 0.518313 0.559672 0.526734 0.570890 0.518313 0.576511
0 1 0 0.404266 0.411030 0.395141 0.431124 0.386031 0.452014 0.391391 0.455222 0.398359 0.523513 0.399437 0.528314 0.399437 0.532342 0.397297 0.543583 0.430516 0.538759 0.424625 0.536347 0.428375 0.528314 0.440172 0.529930 0.440172 0.526721 0.431594 0.419063 0.412828 0.423091 0.403188 0.427916 0.394609 0.443981 0.386578 0.481733 0.388172 0.492178 0.381219 0.492974 0.358703 0.486557 0.360313 0.480937 0.348516 0.478525 0.346906 0.483326 0.340484 0.488970 0.335125 0.488970 0.327625 0.478525 0.323859 0.466464 0.328156 0.456019 0.344234 0.454426 0.368891 0.451194 0.368891 0.451194 0.364062 0.431920 0.362453 0.427916 0.372094 0.356417 0.372094 0.356417 0.352266 0.333934 0.343156 0.292155 0.342625 0.280913 0.346375 0.280913 0.356016 0.258407 0.369953 0.252787 0.379609 0.265644 0.390328 0.285714 0.394078 0.297775 0.396750 0.317869 0.409078 0.323489 0.425703 0.365246 0.436422 0.402998 0.433203 0.408642 0.404797 0.404614 0.406406 0.405410 0.405328 0.407026 0.402656 0.419063 0.417656 0.407822
45 1 1 0.499031 0.654052 0.491219 0.636838 0.485219 0.636066 0.482609 0.609883 0.479734 0.603232 0.480000 0.597752 0.483656 0.591124 0.490953 0.583302 0.507906 0.578220 0.520953 0.578595 0.535812 0.582131 0.545203 0.590328 0.548594 0.598150 0.547031 0.607143 0.546500 0.608712 0.546766 0.627073 0.539203 0.639204 0.528766 0.657963 0.513125 0.659133 0.503734 0.659133
39 1 1 0.752953 0.673817 0.761016 0.613419 0.764594 0.555012 0.766391 0.534215 0.774438 0.529508 0.792359 0.537564 0.792797 0.548314 0.785641 0.603349 0.778469 0.657705 0.776688 0.681194 0.753844 0.675831
41 1 1 0.268281 0.523372 0.274219 0.517002 0.283266 0.512342 0.296000 0.516159 0.297688 0.519555 0.301375 0.579742 0.295156 0.583981 0.285531 0.584824 0.278750 0.586112 0.278187 0.586112
41 1 1 0.619828 0.542014 0.618969 0.572998 0.624125 0.572998 0.623703 0.583981 0.620250 0.586557 0.619391 0.622037 0.623703 0.629134 0.631453 0.638829 0.632312 0.648501 0.637047 0.649157 0.629297 0.616230 0.631016 0.608501 0.635750 0.593653 0.643937 0.590422 0.646953 0.588478 0.649109 0.542670 0.648250 0.536862 0.643500 0.532998 0.639203 0.532998 0.631875 0.532998 0.627141 0.533630 0.620687 0.536862 0.619391 0.541382
45 1 1 0.574516 0.616089 0.560844 0.621944 0.555000 0.629977 0.553531 0.646066 0.555969 0.662155 0.564266 0.686276 0.573469 0.706112 0.584875 0.712155 0.596281 0.713162 0.606687 0.707119 0.617094 0.695059 0.627156 0.683490 0.631844 0.658361 0.633187 0.647799 0.631516 0.635714 0.621453 0.625667 0.609703 0.620632 0.591594 0.616628 0.579844 0.614614 0.574141 0.618126
41 1 1 0.834156 0.636112 0.839703 0.631007 0.850516 0.632412 0.866875 0.639344 0.871203 0.650000 0.848656 0.718009 0.829516 0.710609 0.831688 0.682365 0.832297 0.657845
41 1 1 0.724875 0.597518 0.721641 0.579110 0.722937 0.569087 0.725953 0.562319 0.727672 0.559415 0.739094 0.559415 0.748141 0.560703 0.749000 0.573934 0.745125 0.589134 0.742969 0.607869 0.741250 0.628197 0.726812 0.605597
40 1 1 0.778406 0.439461 0.801547 0.439063 0.799109 0.463958 0.794750 0.474590 0.790656 0.478267 0.788750 0.481944 0.785203 0.491311 0.784672 0.503162 0.784391 0.508056 0.779484 0.507658 0.781672 0.478665 0.779484 0.467237
39 1 1 0.288922 0.512927 0.289297 0.500984 0.291953 0.497377 0.294484 0.494731 0.293719 0.485808 0.298281 0.484497 0.299547 0.489040 0.299156 0.497939 0.307516 0.502108 0.308016 0.514239 0.309531 0.536628 0.309031 0.539461 0.308141 0.540023 0.308016 0.543817 0.300172 0.546862 0.297391 0.533021 0.290812 0.523162 0.288922 0.521827
39 1 1 0.557703 0.419297 0.554969 0.423653 0.554281 0.424941 0.554281 0.447845 0.554453 0.448876 0.563891 0.448876 0.563719 0.420820 0.561312 0.418009 0.561484 0.413888 0.557875 0.413888 0.557703 0.413888
39 1 1 0.557438 0.411967 0.557578 0.393770 0.561391 0.393115 0.561391 0.411967 0.562125 0.415269 0.561234 0.416370 0.561234 0.413958 0.558016 0.413279 0.557578 0.417892 0.555969 0.418337 0.556266 0.413724
39 1 1 0.573484 0.440773 0.573156 0.416276 0.575797 0.408618 0.577609 0.397728 0.577453 0.391546 0.577609 0.389321 0.578937 0.387330 0.580250 0.386838 0.581250 0.388829 0.581578 0.407377 0.584047 0.415785 0.585375 0.446698 0.580094 0.448431 0.578937 0.447939 0.577609 0.441007
39 1 1 0.580953 0.396464 0.584281 0.396909 0.585391 0.401756 0.586000 0.408548 0.587109 0.415222 0.587719 0.421101 0.588016 0.432600 0.588328 0.435176 0.588828 0.447119 0.585094 0.447728 0.584688 0.416581 0.583891 0.411897 0.582969 0.408712 0.583172 0.403115 0.582266 0.398735
0 1 0 0.112641 0.976628 0.062391 0.885714 0.032922 0.838970 0.034656 0.672717 0.013859 0.519485 0.045063 0.306487 0.067578 0.277916 0.060656 0.174028 0.079719 0.129859 0.143828 0.122084 0.199297 0.181827 0.211422 0.231171 0.227016 0.272717 0.213156 0.283115 0.213156 0.293513 0.216625 0.332459 0.188891 0.353255 0.230484 0.506487 0.263406 0.527283 0.292875 0.529859 0.244344 0.553255 0.235687 0.540258 0.233953 0.672717 0.259937 0.745457 0.282469 0.737658 0.291141 0.774028 0.273813 0.810398 0.273813 0.784426 0.235687 0.784426 0.233953 0.805199 0.213156 0.794801 0.197563 0.987002
0 1 0 0.939969 0.644520 0.924328 0.516932 0.912172 0.402342 0.893062 0.339836 0.891328 0.321616 0.889578 0.298173 0.910437 0.259110 0.903484 0.222646 0.886109 0.201827 0.861781 0.209625 0.828766 0.248689 0.818344 0.285152 0.818344 0.319016 0.837453 0.329438 0.846141 0.352857 0.827031 0.373700 0.821828 0.410164 0.816609 0.454426 0.809656 0.464848 0.780125 0.516932 0.794016 0.542974 0.792281 0.584637 0.800969 0.589836 0.811391 0.563794 0.837453 0.571616 0.839203 0.600258 0.858312 0.602857 0.879156 0.548173 0.889578 0.532553 0.898266 0.548173 0.898266 0.584637 0.908703 0.597658 0.919125 0.615878 0.924328 0.657541
39 1 1 0.450484 0.630070 0.450172 0.569438 0.454672 0.554988 0.460125 0.537190 0.466547 0.536229 0.473281 0.557400 0.479062 0.571358 0.478750 0.634871 0.468469 0.635831 0.454984 0.634403 0.450812 0.632459
