0 1 1 0.467406 0.538958 0.466891 0.520729 0.475828 0.491979 0.483187 0.468125 0.483187 0.457604 0.499500 0.387479 0.511594 0.360833 0.527906 0.358729 0.530000 0.346792 0.540531 0.339792 0.548937 0.346104 0.548937 0.351000 0.555781 0.354521 0.551047 0.361521 0.549984 0.361521 0.544734 0.376958 0.546313 0.379063 0.544203 0.408521 0.538422 0.447792 0.537891 0.453396 0.536844 0.461104 0.528953 0.454104 0.533156 0.442875 0.533156 0.414125 0.530531 0.417625 0.527906 0.457604 0.523172 0.482146 0.521594 0.523521 0.533156 0.541771 0.522109 0.550875 0.510016 0.540354 0.514219 0.475146 0.508438 0.450583 0.498969 0.467417 0.493719 0.475833 0.478984 0.515813 0.476875 0.539667 0.467938 0.538250
0 1 1 0.308875 0.339979 0.308047 0.315937 0.302719 0.297354 0.297813 0.292437 0.293297 0.282063 0.290844 0.261292 0.291250 0.248729 0.298625 0.240521 0.300266 0.226312 0.307641 0.215938 0.315016 0.216479 0.319109 0.227417 0.317484 0.236167 0.327312 0.243271 0.331000 0.253104 0.332641 0.265125 0.341656 0.276042 0.347391 0.282063 0.349438 0.305000 0.353125 0.318667 0.358047 0.331792 0.350266 0.333979 0.336328 0.333417 0.336328 0.326875 0.336734 0.312667 0.333875 0.292437 0.329359 0.295708 0.322812 0.294083 0.321578 0.294083 0.321172 0.308833 0.320750 0.322500 0.318703 0.332333 0.317484 0.342167 0.314609 0.342167
38 1 1 0.520484 0.450167 0.528297 0.456917 0.536109 0.470729 0.536531 0.476062 0.539703 0.483958 0.546031 0.491562 0.555953 0.491562 0.560813 0.487604 0.562719 0.484792 0.562922 0.475500 0.560813 0.470729 0.555531 0.463688 0.549406 0.461708 0.540750 0.460021 0.536531 0.456917 0.527234 0.452417 0.520906 0.445938 0.520906 0.445938
0 1 1 0.714312 0.958458 0.709625 0.984604 0.710469 0.994833 0.817031 0.998250 0.812781 0.985167 0.811922 0.951063 0.817891 0.938000 0.822578 0.927771 0.823438 0.923792 0.810219 0.907875 0.794875 0.899354 0.783359 0.898792 0.771000 0.894229 0.748828 0.905042 0.724109 0.926625
0 1 1 0.644797 0.273896 0.646078 0.260812 0.652906 0.252833 0.657609 0.248271 0.657609 0.239146 0.659312 0.231750 0.667000 0.231188 0.672125 0.235167 0.672125 0.243708 0.673406 0.251125 0.678547 0.258521 0.678547 0.266500 0.679828 0.274479 0.681109 0.281875 0.680250 0.287000 0.679391 0.293271 0.678547 0.296125 0.671281 0.297250 0.660594 0.298396 0.653328 0.298958 0.648203 0.298396 0.647781 0.292708 0.647359 0.287000 0.646078 0.283583 0.645219 0.275604
0 1 1 0.453375 0.173146 0.453375 0.167521 0.454844 0.164167 0.459062 0.162188 0.462844 0.161917 0.465172 0.163875 0.465797 0.168646 0.466437 0.173708 0.468328 0.175667 0.469797 0.178771 0.470641 0.182417 0.470859 0.186354 0.468125 0.186354 0.465375 0.189167 0.464109 0.193375 0.464109 0.196750 0.463906 0.199833 0.462641 0.204896 0.461797 0.206854 0.459062 0.206292 0.457375 0.206563 0.455484 0.208250 0.455062 0.212187 0.452953 0.211917 0.450422 0.209937 0.448734 0.208542 0.448953 0.201521 0.449375 0.195333 0.448531 0.191396 0.447047 0.188313 0.446625 0.185792 0.450625 0.182688 0.453156 0.179042 0.453578 0.176792 0.453578 0.173146 0.453578 0.171750
0 1 1 0.509844 0.258938 0.473078 0.262437 0.473078 0.237917 0.479641 0.230917 0.478328 0.213417 0.483594 0.206417 0.494094 0.199396 0.503281 0.208167 0.501969 0.225667 0.504594 0.243167
0 1 1 0.611328 0.204125 0.614047 0.199729 0.617922 0.197667 0.619469 0.195854 0.616953 0.189667 0.617141 0.185771 0.618688 0.180104 0.622375 0.177500 0.626063 0.178292 0.628578 0.181125 0.630516 0.187583 0.628969 0.194562 0.629359 0.199479 0.634594 0.200250 0.639250 0.201813 0.632656 0.210604 0.634391 0.217583 0.634781 0.220417 0.633813 0.222750 0.630328 0.225583 0.628781 0.228687 0.629156 0.232833 0.629547 0.234125 0.626828 0.233083 0.626453 0.228687 0.626453 0.226875 0.621406 0.225583 0.618891 0.224813 0.620047 0.218354 0.620047 0.214208 0.618109 0.208521 0.613656 0.206458 0.611906 0.206208
0 1 1 0.166672 0.253812 0.176516 0.236667 0.177375 0.233250 0.176094 0.221833 0.178656 0.218396 0.183797 0.220125 0.189359 0.224125 0.191937 0.229250 0.192359 0.236104 0.190641 0.242375 0.183797 0.249229 0.184656 0.260646 0.170516 0.272646 0.165813 0.261792 0.164953 0.258938
56 1 1 0.647234 0.034271 0.660688 0.032854 0.662531 0.046583 0.664641 0.059250 0.653297 0.061354 0.650391 0.054313 0.643531 0.053271 0.644859 0.043063 0.644859 0.035312
56 1 1 0.343688 0.147104 0.343688 0.132917 0.362203 0.133833 0.363250 0.140354 0.364641 0.148042 0.364812 0.157583 0.364812 0.159917 0.352594 0.160604 0.348750 0.154792 0.345094 0.150375
56 1 1 0.210156 0.161354 0.208500 0.147062 0.203969 0.144875 0.201500 0.136625 0.202531 0.112708 0.223141 0.108854 0.225406 0.116271 0.226656 0.120667 0.228719 0.127812 0.228297 0.137438 0.228297 0.140458 0.225828 0.141292 0.224594 0.154208 0.224172 0.160542 0.211391 0.162188
56 1 1 0.628781 0.081000 0.628781 0.074146 0.632484 0.074583 0.634578 0.070083 0.634406 0.068375 0.631516 0.061292 0.633766 0.057021 0.636016 0.055729 0.650313 0.055292 0.652562 0.057875 0.652719 0.061729 0.652562 0.072854 0.654016 0.075229 0.653844 0.080146 0.642438 0.079500 0.641312 0.083146 0.640672 0.084854 0.640516 0.087646 0.634891 0.088063 0.632000 0.085500 0.630391 0.084437
56 1 1 0.389172 0.162771 0.398375 0.162771 0.402703 0.166375 0.400000 0.180083 0.397297 0.184417 0.392969 0.184417 0.389172 0.182979 0.387016 0.181521 0.386469 0.172875 0.387016 0.164208
56 1 1 0.641297 0.032167 0.640766 0.024396 0.640766 0.020167 0.658766 0.020521 0.662469 0.033229 0.644203 0.034271
56 1 1 0.390219 0.158750 0.387547 0.151646 0.379031 0.148083 0.368375 0.151646 0.365703 0.153771 0.365172 0.159458 0.368375 0.165854 0.373703 0.164438 0.376891 0.158042 0.381687 0.156625 0.384891 0.157333 0.387016 0.160875 0.388078 0.161583
0 1 1 0.582297 0.212875 0.581797 0.222729 0.574750 0.224917 0.572609 0.225792 0.571625 0.217688 0.569656 0.214625 0.564078 0.212875 0.562922 0.211562 0.564078 0.206521 0.566859 0.204333 0.566703 0.199958 0.565391 0.196229 0.566531 0.190333 0.570969 0.187042 0.574906 0.187708 0.578031 0.192521 0.580984 0.196896 0.579344 0.202812 0.579344 0.207625
56 1 1 0.386578 0.144583 0.384797 0.134271 0.383516 0.131917 0.378203 0.131917 0.372719 0.131917 0.368375 0.132354 0.364016 0.134917 0.362891 0.143083 0.363547 0.145229 0.364016 0.145667
0 1 1 0.503969 1.000000 0.468203 0.998458 0.426453 0.998458 0.396641 1.000000 0.363844 1.000000 0.357891 0.998458 0.353422 0.992500 0.356391 0.960708 0.381734 0.954729 0.410062 0.938833 0.414531 0.932875 0.404094 0.909021 0.399625 0.885167 0.404094 0.857354 0.414531 0.839458 0.426453 0.831500 0.444344 0.831500 0.456266 0.835479 0.478625 0.883187 0.477141 0.913000 0.474156 0.934854 0.472672 0.940833 0.480125 0.962687 0.490562 0.970646 0.503969 0.988521 0.505469 0.996479
0 1 1 0.886078 0.974104 0.874344 0.955875 0.879719 0.933083 0.889000 0.926562 0.906578 0.914187 0.923188 0.910937 0.941750 0.926562 0.940281 0.942833 0.938813 0.948708 0.938813 0.955208 0.933937 0.959125 0.935891 0.968896 0.935891 0.983875 0.929047 0.992979 0.928078 0.999500 0.885094 0.991688 0.884109 0.985167 0.887531 0.981271
0 1 1 0.571016 0.995708 0.579938 0.967729 0.595156 0.951625 0.618250 0.940437 0.648687 0.945333 0.664953 0.957229 0.673344 0.988021 0.672828 1.000000
