0 1 0 0.545922 0.426932 0.517234 0.423958 0.524156 0.397283 0.524156 0.343911 0.526141 0.317213 0.521187 0.266815 0.516250 0.238642 0.510312 0.180820 0.514266 0.133372 0.518219 0.099274 0.528109 0.081499 0.535031 0.047400 0.541969 0.031077 0.555812 0.035527 0.559766 0.047400 0.556797 0.074075 0.553828 0.081499 0.559766 0.127447 0.563719 0.219368 0.562734 0.251991 0.534047 0.260890 0.533063 0.286089 0.533063 0.286089 0.567688 0.306838 0.558781 0.348361 0.543938 0.400258 0.545922 0.418033
0 1 0 0.719656 0.537073 0.725656 0.573044 0.716672 0.582014 0.703172 0.602248 0.701672 0.588759 0.683688 0.582014 0.682187 0.568548 0.682187 0.525831 0.686672 0.478642 0.688172 0.402248 0.703172 0.368548 0.745156 0.215738 0.769141 0.200000 0.790125 0.184262 0.799125 0.146066 0.791625 0.107869 0.809625 0.056183 0.827609 0.051686 0.845609 0.040445 0.871094 0.044941 0.881594 0.062927 0.892078 0.094379 0.893578 0.132576 0.893578 0.137073 0.889078 0.155059 0.896578 0.164052 0.874094 0.193255 0.874094 0.197752 0.878594 0.202248 0.953547 0.296628 0.971547 0.364052 0.965547 0.530328 0.979047 0.584262 0.964047 0.725831 0.932563 0.752810 0.917562 0.764051 0.917562 0.766300 0.917562 0.770796 0.929562 0.869672 0.910078 0.901124 0.890578 0.907869 0.878594 0.932576 0.878594 0.946066 0.877094 0.946066 0.859094 0.894379 0.851594 0.894379 0.833609 0.862927 0.833609 0.755059 0.824609 0.710117 0.817125 0.674169 0.817125 0.649438 0.806625 0.633700 0.806625 0.606745 0.782641 0.600000 0.764641 0.546066 0.760141 0.498876 0.799125 0.483138 0.778141 0.406745 0.766141 0.346066 0.757141 0.375269 0.734656 0.426955 0.722656 0.478642 0.721156 0.507869 0.719656 0.534824 0.725656 0.564052
7 1 0 0.376047 0.231171 0.346594 0.228571 0.337922 0.257143 0.320594 0.254543 0.223547 0.254543 0.207953 0.280515 0.195828 0.215574 0.199297 0.145457 0.230484 0.059742 0.376047 0.057143 0.398578 0.148056
0 1 0 0.998875 1.000000 0.821562 0.996206 0.829078 0.969180 0.839594 0.955667 0.877156 0.955667 0.895187 0.953419 0.880156 0.946675 0.883172 0.926393 0.908719 0.912881 0.931250 0.874590 0.947781 0.838571 0.985344 0.804778 0.998875 0.786768
2 1 1 0.615766 0.201944 0.627109 0.168876 0.762000 0.170773 0.784688 0.170773 0.637203 0.162272 0.683844 0.163208 0.768922 0.167939 0.794141 0.171710 0.790359 0.185878 0.757578 0.193443 0.727953 0.244450 0.707156 0.340820 0.683844 0.437166 0.676906 0.455105 0.676906 0.468337 0.674391 0.457002 0.651703 0.451335 0.640359 0.434333 0.644766 0.408829 0.650437 0.386159 0.646656 0.355925 0.638469 0.340820 0.622078 0.320984 0.593078 0.304918 0.577953 0.320984 0.577953 0.347424 0.570391 0.392763 0.564719 0.421101 0.555891 0.449438 0.553375 0.452272 0.543922 0.448501 0.544547 0.392763 0.552109 0.364426 0.557156 0.335152 0.562828 0.319087 0.561562 0.309649 0.534469 0.287916 0.536984 0.250117 0.565344 0.248244 0.579844 0.256745 0.582359 0.258618 0.596859 0.241616 0.596859 0.238782 0.588047 0.261452 0.585516 0.269953 0.582359 0.278454 0.580469 0.262412 0.583625 0.234075 0.588047 0.208548 0.591828 0.205714 0.618297 0.160375 0.630891 0.166042 0.614516 0.197213
0 1 1 0.546078 0.459602 0.570813 0.447892 0.581891 0.440070 0.581891 0.431288 0.576672 0.435199 0.566266 0.435199 0.570172 0.401030 0.570813 0.361991 0.572766 0.342482 0.587750 0.318080 0.611188 0.308314 0.629422 0.321007 0.643094 0.359063 0.645703 0.376651 0.643094 0.395176 0.639187 0.412740 0.641797 0.430328 0.644391 0.442037 0.640484 0.446909 0.665891 0.457635 0.676953 0.475222 0.680219 0.498642 0.680859 0.518150 0.680219 0.524005 0.658078 0.514239 0.626172 0.525972 0.603375 0.554262 0.602719 0.570843 0.604031 0.578665 0.586453 0.561101 0.571469 0.552319 0.578641 0.532787 0.579281 0.522061 0.562359 0.519134 0.550641 0.517166 0.541516 0.517166 0.531094 0.519134 0.525234 0.510351 0.528500 0.497658 0.537609 0.475222
41 1 1 0.808781 0.499813 0.809906 0.542201 0.808219 0.545152 0.802281 0.550679 0.798875 0.558290 0.801422 0.563372 0.811609 0.562951 0.811891 0.571429 0.802844 0.581616 0.793797 0.581616 0.793797 0.577799 0.790969 0.570585 0.785875 0.562529 0.782766 0.562529 0.783328 0.580773 0.779375 0.581194 0.774000 0.567190 0.766359 0.557447 0.757875 0.514215 0.756187 0.507002 0.758438 0.498103 0.770312 0.490913 0.787578 0.485386 0.800297 0.483700 0.808219 0.484543
26 1 0 0.401812 0.413489 0.416813 0.352810 0.436297 0.314614 0.448297 0.285386 0.449797 0.314614 0.386813 0.462927 0.367328 0.462927 0.341844 0.534824 0.293859 0.559555 0.287859 0.557307 0.292359 0.638197 0.302859 0.608993 0.326844 0.555059 0.341844 0.555059
41 1 1 0.252297 0.686862 0.254922 0.684590 0.255578 0.657845 0.261406 0.655902 0.265328 0.657190 0.267484 0.703583 0.270375 0.710562 0.283516 0.710070 0.283000 0.690164 0.285750 0.686557 0.301453 0.685246 0.307609 0.685316 0.312063 0.659906 0.309563 0.654356 0.301453 0.650726 0.285875 0.648454 0.270500 0.649461 0.266859 0.651452 0.265359 0.650094 0.255234 0.650867 0.252641 0.654754 0.251594 0.659157 0.251781 0.682155 0.250437 0.684731
41 1 1 0.309156 0.684590 0.316531 0.685129 0.327672 0.688361 0.333609 0.691593 0.333609 0.698595 0.326781 0.700749 0.320125 0.703443 0.310594 0.709930 0.305734 0.715574 0.307906 0.735785 0.303578 0.740094 0.299625 0.746019 0.297109 0.748712 0.287406 0.747096 0.283984 0.744145 0.284531 0.707494 0.285609 0.686206 0.297109 0.686487
0 1 0 0.995719 0.785480 0.972844 0.805246 0.960047 0.817447 0.955781 0.823255 0.948422 0.804660 0.945703 0.786066 0.948422 0.771522 0.966641 0.770375 0.974406 0.768033 0.974781 0.760492 0.968578 0.758150 0.958891 0.759321 0.953078 0.754660 0.953078 0.747705 0.956172 0.736651 0.958891 0.734918 0.955406 0.729672 0.948031 0.730843 0.935625 0.750609 0.924375 0.763981 0.917016 0.790703 0.929031 0.856370 0.934078 0.869157 0.937953 0.868595 0.955016 0.854052 0.973234 0.841265 0.989516 0.819180 1.000000 0.804075 1.000000 0.787799 1.000000 0.779672 1.000000 0.753513 1.000000 0.678548 0.997281 0.686089 0.996891 0.696557 0.997281 0.699461 0.994563 0.701780 0.993781 0.713419 0.993781 0.722717 0.994172 0.733747 0.994953 0.743044
39 1 1 0.536609 0.707026 0.535516 0.702670 0.539516 0.607283 0.542422 0.599087 0.548234 0.588735 0.568609 0.588735 0.577344 0.599649 0.580609 0.609461 0.582062 0.617096 0.576969 0.624731 0.567156 0.635621 0.562063 0.646534 0.559156 0.655785 0.558422 0.676511 0.558781 0.707588 0.553328 0.711944
41 1 1 0.332188 0.670351 0.328484 0.676370 0.326000 0.682389 0.328172 0.688876 0.334344 0.693489 0.334953 0.697190 0.334953 0.699040 0.352250 0.699977 0.367984 0.715714 0.370766 0.718946 0.372625 0.720796 0.376328 0.672201 0.376016 0.669438 0.373547 0.668056 0.371078 0.666206 0.366453 0.665269 0.357188 0.665269 0.349156 0.665269 0.341141 0.665738 0.335891 0.668056 0.332797 0.668501
39 1 1 0.569141 0.560047 0.566422 0.585527 0.575938 0.596745 0.580703 0.608970 0.586828 0.614075 0.582062 0.592670 0.582062 0.577377 0.580703 0.566159 0.575938 0.556979 0.572547 0.556979
40 1 1 0.391687 0.609836 0.416562 0.609836 0.422219 0.612810 0.418547 0.663677 0.417141 0.673841 0.405828 0.684028 0.404125 0.699274 0.404687 0.706487 0.409219 0.719625 0.403281 0.720890 0.390547 0.717073 0.386031 0.712412 0.389422 0.708595 0.394234 0.707330 0.397062 0.704778 0.398187 0.684871 0.397344 0.684450 0.392812 0.678080 0.388297 0.663255 0.388578 0.613653
2 1 0 0.203453 0.138126 0.164547 0.133630 0.139125 0.135878 0.116687 0.158290 0.098734 0.160539 0.089750 0.185199 0.089750 0.207635 0.104719 0.214356 0.122672 0.227799 0.140625 0.223326 0.155578 0.218829 0.164547 0.227799 0.176516 0.230047 0.192969 0.218829 0.194469 0.187447 0.197469 0.156042 0.194469 0.142600
45 1 1 0.530953 0.757658 0.520016 0.787518 0.517484 0.795995 0.497172 0.803607 0.477828 0.804778 0.471188 0.801850 0.459672 0.786628 0.444828 0.760000 0.445219 0.748876 0.445797 0.742717 0.462016 0.735410 0.490328 0.733068 0.520016 0.733068 0.527438 0.740375 0.532719 0.752084
56 1 0 0.166063 0.698220 0.193281 0.697049 0.204156 0.691803 0.210375 0.685386 0.225156 0.690632 0.226328 0.691803 0.214266 0.706370 0.210375 0.729672 0.207266 0.750070 0.204938 0.771639 0.200656 0.780375 0.180828 0.790867 0.175781 0.795527 0.172281 0.787962 0.166844 0.739016 0.164891 0.697049
41 1 1 0.419797 0.646136 0.420578 0.670422 0.420844 0.670796 0.422422 0.699789 0.440719 0.700984 0.440719 0.700984 0.440453 0.644567 0.435219 0.643771 0.421109 0.644169
40 1 1 0.656656 0.568782 0.664391 0.567939 0.680406 0.568782 0.682063 0.575410 0.684281 0.577892 0.690359 0.579532 0.694781 0.587822 0.686484 0.630070 0.679859 0.638337 0.677641 0.644145 0.675438 0.648290 0.674328 0.651593 0.668813 0.652436 0.667156 0.643326 0.666594 0.640843 0.661078 0.627588 0.658859 0.620117 0.657750 0.613489 0.657750 0.605222 0.657750 0.576230 0.658312 0.569602
75 1 1 0.486500 0.670609 0.492953 0.662857 0.498547 0.649321 0.500703 0.609953 0.500703 0.577026 0.515344 0.575738 0.514906 0.630609 0.517063 0.649953 0.512328 0.658993 0.511906 0.670609 0.517922 0.680937 0.520938 0.687377 0.504578 0.686745 0.494250 0.684801 0.485203 0.683513 0.485203 0.669953 0.486922 0.669321
39 1 1 0.440766 0.631241 0.440000 0.731288 0.454578 0.692201 0.474531 0.708290 0.473766 0.624333 0.464547 0.605948 0.463781 0.585246 0.449969 0.584098 0.449203 0.597892
39 1 1 0.626797 0.597447 0.628844 0.540047 0.628844 0.520890 0.632922 0.504824 0.632422 0.497166 0.655406 0.496393 0.655906 0.503302 0.660000 0.554590 0.658969 0.566066 0.656422 0.569134 0.656937 0.610468 0.638031 0.602810 0.630375 0.601265
56 1 1 0.203781 0.611827 0.221188 0.608853 0.244094 0.597658 0.255031 0.602881 0.258516 0.618548 0.258016 0.640913 0.239109 0.637190 0.224672 0.627494 0.207766 0.614824
41 1 1 0.515828 0.732857 0.516141 0.722201 0.516141 0.718970 0.524484 0.716183 0.532812 0.716183 0.542688 0.719438 0.543922 0.720820 0.544859 0.724988 0.539906 0.732389 0.540531 0.741171 0.528484 0.741639 0.522625 0.735152
41 1 1 0.694953 0.660023 0.697766 0.674988 0.672953 0.674215 0.669375 0.688782 0.667844 0.689930 0.660422 0.655035 0.675250 0.653513 0.694438 0.653513
44 1 2 0.712766 0.579508 0.717719 0.575105 0.726156 0.581967 0.729453 0.592974 0.726156 0.604239 0.720656 0.606721 0.713688 0.603419 0.708547 0.596534 0.710750 0.590773 0.713688 0.583349
41 1 1 0.471938 0.667775 0.471609 0.705667 0.483766 0.703208 0.487047 0.662365 0.481141 0.654965 0.471609 0.653489
44 1 2 0.396141 0.511967 0.402422 0.537588 0.403672 0.547682 0.399281 0.553794 0.402266 0.567892 0.408531 0.573068 0.417781 0.573770 0.419813 0.568361 0.419031 0.555433 0.416531 0.547682 0.408219 0.542506 0.397250 0.503044 0.395984 0.512670
74 1 1 0.856766 0.544473 0.854078 0.540234 0.850984 0.540234 0.847484 0.542857 0.846422 0.549508 0.846141 0.554122 0.847094 0.557564 0.848031 0.559578 0.851656 0.560984 0.855547 0.558970 0.857969 0.555738 0.858641 0.552529 0.858375 0.547892 0.857297 0.544052
2 1 1 0.643203 0.065316 0.742156 0.074309 0.799125 0.083302 0.796125 0.159696 0.788625 0.173185 0.688172 0.164192 0.616219 0.164192 0.596719 0.193419 0.592219 0.204637 0.602719 0.227119 0.571234 0.204637 0.559234 0.141733 0.557734 0.108009 0.560734 0.081054 0.584719 0.067564 0.611719 0.069813
0 1 0 0.002984 0.464356 0.032906 0.457635 0.070312 0.536089 0.064328 0.690796 0.134641 0.836557 0.170531 0.906042 0.206437 0.971077 0.225891 0.982295 0.218406 1.000000 0.002984 0.993489 0.001500 0.652693
0 1 1 0.505266 0.979930 0.514266 0.901265 0.577234 0.829368 0.605719 0.806885 0.584719 0.793419 0.566734 0.777682 0.557734 0.748454 0.556234 0.703513 0.556234 0.663068 0.559234 0.651827 0.572734 0.631616 0.583234 0.620375 0.625203 0.611382 0.649203 0.611382 0.668687 0.640609 0.670188 0.692295 0.670188 0.705761 0.671687 0.759696 0.671687 0.784426 0.682187 0.786674 0.713672 0.788923 0.728656 0.788923 0.748156 0.788923 0.727156 0.782178 0.718156 0.761944 0.703172 0.705761 0.703172 0.692295 0.730156 0.696768 0.742156 0.687799 0.746656 0.681054 0.746656 0.741733 0.758641 0.782178 0.791625 0.831616 0.802125 0.867564 0.805125 0.901265 0.811125 0.946206 0.787125 0.946206 0.787125 0.984426 0.512766 0.984426
