0 1 0 0.438875 0.427477 0.442797 0.396145 0.445422 0.384766 0.444109 0.374977 0.444891 0.369883 0.448562 0.364019 0.457203 0.372243 0.456156 0.382804 0.453281 0.394953 0.458516 0.407500 0.461922 0.414930 0.464813 0.413762 0.466906 0.403972 0.470828 0.401238 0.471625 0.414556 0.467422 0.429836 0.466125 0.446285 0.467172 0.467430 0.456688 0.467430 0.459828 0.451379 0.459312 0.438458 0.455906 0.431799 0.450922 0.432570 0.447250 0.440397 0.444109 0.434533
0 1 1 0.090328 0.479112 0.083375 0.471028 0.080281 0.453692 0.088016 0.440981 0.091875 0.427126 0.094187 0.413271 0.100375 0.404019 0.107328 0.401706 0.115047 0.394790 0.121234 0.390164 0.126641 0.382079 0.125875 0.376308 0.122000 0.368201 0.122000 0.358972 0.122781 0.350888 0.131281 0.340491 0.137453 0.337009 0.149812 0.340491 0.156766 0.355514 0.158312 0.371682 0.152141 0.379766 0.145953 0.386682 0.145187 0.393622 0.144406 0.398248 0.159094 0.409790 0.176859 0.450234 0.173766 0.489509 0.176078 0.511449 0.174531 0.512617 0.189219 0.556495 0.186125 0.558808 0.180719 0.544953 0.175312 0.528785 0.172984 0.518388 0.168359 0.510304 0.164500 0.536869 0.163719 0.554206 0.162953 0.572687 0.162172 0.580771 0.162953 0.602710 0.160625 0.632757 0.159094 0.674346 0.158312 0.696285 0.167578 0.710140 0.173766 0.722851 0.160625 0.727477 0.146719 0.707827 0.146719 0.685888 0.146719 0.661636 0.145187 0.639673 0.132828 0.645444 0.136688 0.688201 0.142094 0.730935 0.139000 0.733248 0.123547 0.725164 0.123547 0.700911 0.119687 0.651238 0.115047 0.626963 0.112734 0.602710 0.107328 0.575000 0.104234 0.557664 0.100375 0.534556 0.115828 0.527617 0.122000 0.513762 0.125094 0.484883 0.117375 0.480257 0.110422 0.477944
0 1 1 0.633766 0.445537 0.640891 0.418902 0.645156 0.411425 0.658703 0.405047 0.660828 0.400771 0.657266 0.396519 0.656563 0.382664 0.660828 0.374136 0.667953 0.376285 0.672234 0.391192 0.670094 0.401846 0.676516 0.412500 0.685063 0.430607 0.683641 0.444463 0.679359 0.450841 0.675797 0.443388 0.661547 0.444463 0.657984 0.456168 0.656563 0.474299 0.652281 0.473224 0.653000 0.451916 0.641594 0.445537
0 1 0 0.855516 0.523645 0.840453 0.480864 0.857031 0.393014 0.873594 0.375000 0.893172 0.325444 0.908234 0.343458 0.891672 0.543925 0.861547 0.525911
0 1 0 0.626391 0.394089 0.630828 0.432897 0.625281 0.433902 0.621063 0.440865 0.622391 0.458108 0.622172 0.464089 0.612188 0.469393 0.607094 0.474696 0.609312 0.469393 0.615297 0.454463 0.609750 0.440537 0.605312 0.433575 0.600438 0.432570 0.601328 0.396752 0.601547 0.379159 0.604875 0.364556 0.611297 0.360584 0.617734 0.361589 0.623281 0.370210 0.623062 0.374860 0.622172 0.380164 0.620172 0.385467 0.619516 0.386449 0.619734 0.389439
26 1 0 0.121969 0.464089 0.121969 0.534439 0.099094 0.537664 0.087875 0.536379 0.086156 0.535724 0.079672 0.533154 0.068031 0.523458 0.065000 0.513785 0.064578 0.506682 0.082266 0.476355 0.089609 0.474416 0.092625 0.474416 0.099531 0.463458 0.102984 0.460864 0.111188 0.394393 0.118516 0.395678 0.120672 0.461519 0.118516 0.460864 0.116359 0.400210 0.113766 0.400210 0.104703 0.458294 0.115922 0.457640 0.117656 0.460864 0.121109 0.462150
0 1 0 0.811875 0.439556 0.799438 0.424112 0.808844 0.408224 0.801562 0.407313 0.800953 0.380981 0.806719 0.380981 0.795188 0.377360 0.776656 0.414136 0.767250 0.429556 0.764516 0.464065 0.764516 0.481776 0.766953 0.489509 0.761172 0.513551 0.766641 0.516285 0.802172 0.522196 0.810359 0.507196 0.811281 0.440467
0 1 0 0.669703 0.444907 0.675281 0.442874 0.679016 0.449696 0.680531 0.456028 0.680875 0.463365 0.683234 0.464369 0.683406 0.466916 0.683062 0.469696 0.679516 0.470958 0.678844 0.479813 0.683234 0.480070 0.681891 0.491706 0.678500 0.498528 0.649234 0.494977 0.649234 0.487150 0.653125 0.482336 0.659719 0.477033 0.657531 0.464626 0.657531 0.456776 0.658875 0.449696 0.660062 0.446659 0.661422 0.444393
0 1 0 0.623656 0.489369 0.626984 0.482757 0.632734 0.481425 0.636281 0.480771 0.635391 0.478458 0.632734 0.470514 0.631625 0.464206 0.630969 0.462897 0.630750 0.460234 0.627422 0.456262 0.632078 0.449650 0.639828 0.447009 0.645141 0.446332 0.648453 0.448318 0.650453 0.451308 0.652219 0.455280 0.654875 0.459907 0.655094 0.464556 0.655094 0.470514 0.655094 0.476121 0.657750 0.478458 0.660187 0.478785 0.651328 0.484065 0.649125 0.488037 0.648891 0.495327
0 1 0 0.608922 0.441192 0.605906 0.436682 0.602906 0.436682 0.599719 0.436682 0.598953 0.443715 0.598391 0.453271 0.598203 0.463668 0.598016 0.474322 0.598016 0.486682 0.602531 0.486402 0.610984 0.487827 0.620000 0.491192 0.623000 0.481075 0.626578 0.473481 0.630703 0.461986 0.630703 0.461986 0.629578 0.460000 0.628641 0.459439 0.627328 0.458598 0.626016 0.458878 0.622437 0.467874 0.620750 0.472360 0.617375 0.476589 0.614547 0.479953 0.611359 0.485000 0.610234 0.479673 0.610234 0.479673 0.605812 0.473505 0.610266 0.466075 0.610266 0.466075 0.612875 0.456822 0.614234 0.455327 0.613359 0.452360 0.612500 0.449953 0.611141 0.446636 0.609031 0.440888
73 1 1 0.170578 0.546589 0.165953 0.578294 0.169734 0.581752 0.180750 0.587874 0.189469 0.556635 0.185062 0.554439 0.184531 0.557897 0.180750 0.562757 0.177500 0.558364 0.176344 0.552547 0.176672 0.546916
0 1 0 0.402547 0.378411 0.405156 0.376121 0.411234 0.381332 0.407328 0.452103 0.400812 0.452103 0.393422 0.448528 0.389734 0.449509 0.389297 0.411192 0.393000 0.407944 0.393219 0.407944
0 1 0 0.436734 0.392967 0.437859 0.387360 0.436734 0.382593 0.437297 0.374720 0.441437 0.373879 0.444250 0.375280 0.445000 0.382033 0.445000 0.389883 0.442750 0.394673 0.441625 0.401402 0.441625 0.408435 0.439359 0.424159 0.437109 0.431752 0.434859 0.435397
6 1 0 0.229938 0.350561 0.682281 0.271916 0.796484 0.249439 0.807016 0.231472 0.970812 0.197757 0.996359 0.197757 0.996359 0.860678 0.874641 0.849439 0.834062 0.896636 0.781453 0.876402 0.752906 0.844953 0.745391 0.777523 0.713828 0.806752 0.662734 0.786519 0.638687 0.757313 0.601125 0.716846 0.507953 0.656168 0.214906 0.467407 0.187844 0.429206 0.207391 0.357313 0.228422 0.350561
