0 1 0 0.315000 0.649274 0.314734 0.649555 0.315453 0.652319 0.363766 0.696511 0.385734 0.880820 0.365016 0.899649 0.338047 0.765152 0.333016 0.669227 0.337641 0.642693 0.337641 0.626019 0.345484 0.615246 0.342219 0.605433 0.347438 0.605433 0.338937 0.584848 0.342219 0.567190 0.330437 0.536815 0.343516 0.530937 0.320625 0.499555 0.282031 0.511311 0.255875 0.554450 0.264656 0.622178 0.250953 0.646347 0.183063 0.770796 0.180562 0.767986 0.170516 0.849789 0.190594 0.890234
0 1 0 0.647891 0.816089 0.667672 0.992506 0.598437 0.989555 0.583594 0.879836 0.583594 0.698946 0.581609 0.690070 0.567766 0.679672 0.476766 0.667822 0.451047 0.661897 0.450063 0.651522 0.483687 0.639649 0.491609 0.632248 0.482703 0.595176 0.480719 0.589251 0.473797 0.568478 0.483687 0.532904 0.490609 0.516604 0.527219 0.516604 0.555891 0.519555 0.556891 0.529930 0.559859 0.561077 0.567766 0.605550 0.568750 0.610000 0.562828 0.632248 0.559859 0.648548 0.566781 0.661897 0.589531 0.690070 0.628109 0.750843 0.645906 0.820539
56 1 1 0.780969 0.722670 1.000000 0.737986 1.000000 0.760000 0.984719 0.930398 0.980250 1.000000 0.805234 1.000000 0.764359 1.000000
0 1 1 0.735828 0.869977 0.734266 0.967775 0.974312 0.973068 0.984891 0.867237 0.984891 0.801101 0.889578 0.740258 0.891344 0.663536 0.893109 0.663536 0.875469 0.560351 0.818984 0.525972 0.778391 0.565644 0.788969 0.687354 0.792500 0.711148 0.721906 0.740258 0.663656 0.965129 0.709547 0.975714
56 1 1 0.170266 0.647143 0.340547 0.673185 0.344016 0.933583 0.371813 0.962248 0.382250 0.980468 0.383984 1.000000 0.192859 0.975269 0.175484 0.863279
60 1 1 0.790406 0.690304 0.787406 0.679063 0.775375 0.663279 0.779891 0.656534 0.743828 0.658782 0.734812 0.665550 0.718281 0.663279 0.604078 0.652038 0.575531 0.663279 0.560500 0.667799 0.459812 0.652038 0.344109 0.638525 0.342609 0.640773 0.321578 0.649766 0.320062 0.647518 0.267469 0.629508 0.259969 0.609227 0.151766 0.600234 0.162281 0.597963 0.084156 0.613747 0.088656 0.645269 0.171312 0.656534 0.187828 0.647518 0.207375 0.647518 0.250953 0.649766 0.320062 0.661030 0.342609 0.670047 0.353125 0.685808 0.363641 0.703817 0.368156 0.724098 0.380172 0.753372 0.378672 0.782646 0.377172 0.807424 0.375672 0.820937 0.420750 0.825457 0.408734 0.665550 0.410234 0.661030 0.450797 0.667799 0.458313 0.652038 0.572516 0.676792 0.593562 0.688056 0.610078 0.710586 0.617594 0.724098 0.629625 0.746628 0.641641 0.769134 0.649156 0.807424 0.652156 0.823208 0.652156 0.825457 0.701750 0.825457 0.716781 0.751124 0.799422 0.721850 0.877563 0.717354 0.877563 0.733115 1.000000 0.746628 1.000000 0.685808 0.997781 0.683560 0.886578 0.670047 0.883578 0.694824 0.880562 0.706089
0 1 1 0.571047 0.565199 0.564391 0.600047 0.568828 0.605878 0.561078 0.621639 0.564391 0.625785 0.559406 0.639906 0.557203 0.663981 0.558859 0.668126 0.566063 0.661475 0.599844 0.651522 0.601500 0.628290 0.608156 0.623302 0.631969 0.622459 0.649687 0.621639 0.661312 0.621639 0.667406 0.632436 0.662984 0.671452 0.676828 0.671452 0.677375 0.642389 0.671281 0.604215 0.666859 0.579297 0.662422 0.554403 0.654672 0.543607 0.648031 0.531148 0.645250 0.522038 0.644703 0.502108 0.643047 0.483021 0.631406 0.455621 0.616453 0.444005 0.602609 0.451475 0.591531 0.458946 0.582125 0.497963 0.571594 0.551920
62 0 1 0.812703 0.363841 0.815297 0.262295 0.919734 0.260351 0.918437 0.372881 0.813578 0.366417
62 0 1 0.080969 0.299087 0.192016 0.290913 0.189281 0.368665 0.151953 0.368665 0.144672 0.404145 0.130109 0.434145 0.087328 0.431429 0.080969 0.431429
0 1 1 0.391937 0.641522 0.391937 0.634801 0.391937 0.607892 0.391937 0.601148 0.394922 0.578735 0.399422 0.574262 0.403906 0.565293 0.418859 0.551827 0.435313 0.533888 0.426062 0.490023 0.429141 0.468431 0.433266 0.463794 0.441484 0.454543 0.447656 0.452998 0.470297 0.456089 0.472359 0.459180 0.476469 0.468431 0.480594 0.482295 0.482641 0.503888 0.484703 0.519321 0.483672 0.533185 0.480594 0.556323 0.475437 0.577916 0.477500 0.604122 0.479563 0.613372 0.481609 0.621101 0.483672 0.628806 0.483672 0.630351 0.472359 0.634965 0.468234 0.634965 0.444578 0.638056 0.425031 0.636511 0.407531 0.633419 0.395187 0.634965
0 1 0 0.946359 0.508384 0.923422 0.510585 0.920984 0.517166 0.908312 0.554450 0.909766 0.588080 0.915141 0.595386 0.905375 0.623162 0.936125 0.628852 0.938547 0.622834 0.941750 0.620422 0.945781 0.621616 0.949797 0.622834 0.953000 0.632459 0.953812 0.636089 0.959437 0.639696 0.959437 0.640890 0.969078 0.657752 0.973094 0.661358 0.978719 0.658970 0.980328 0.656557 0.980328 0.656557 0.983531 0.650539 0.985953 0.626440 0.985141 0.621616 0.986750 0.619227 0.988359 0.619227 0.992016 0.626815 0.991250 0.665550 0.992016 0.666112 0.992391 0.668384 0.998094 0.670094 0.999234 0.670094 0.999234 0.669532 0.992016 0.651874 0.992016 0.651288 0.992016 0.638197 0.992781 0.634215 0.993531 0.625105 0.993156 0.621101 0.983281 0.608009 0.975672 0.589766 0.978719 0.585222 0.980609 0.559578 0.982891 0.543630 0.977203 0.528829 0.948687 0.507752
0 1 1 0.505078 0.495504 0.505859 0.483653 0.502703 0.461148 0.511000 0.456979 0.508234 0.425597 0.509422 0.413138 0.519313 0.403068 0.533938 0.407213 0.539469 0.421429 0.538672 0.448103 0.538281 0.454614 0.556078 0.468829 0.563187 0.490164 0.565953 0.533419 0.559625 0.520398 0.552906 0.499063 0.535125 0.499063 0.529984 0.484239 0.529578 0.502623 0.506656 0.500234
0 1 1 0.360797 0.493162 0.368953 0.482155 0.373859 0.474824 0.375484 0.466253 0.375484 0.454028 0.377937 0.439344 0.382016 0.434473 0.388531 0.430796 0.404031 0.432014 0.413016 0.444239 0.413016 0.455246 0.414641 0.458923 0.416281 0.466253 0.418719 0.472365 0.416281 0.474824 0.415453 0.478478 0.414641 0.482155 0.414641 0.488267 0.412203 0.493162 0.426875 0.511499 0.427687 0.522506 0.432594 0.549391 0.414641 0.562857 0.404859 0.578735 0.398328 0.495597
0 1 1 0.799859 0.438384 0.806312 0.422178 0.825188 0.420796 0.835312 0.448735 0.834859 0.462553 0.830703 0.472904 0.829094 0.478759 0.842453 0.501194 0.847969 0.512576 0.839453 0.536721 0.827031 0.530515 0.828641 0.507049 0.823578 0.480141 0.817125 0.447705 0.816438 0.444941 0.801469 0.442178
0 1 0 0.767094 0.446721 0.775937 0.441897 0.794422 0.441897 0.808078 0.444309 0.816109 0.445504 0.820125 0.470796 0.821734 0.475621 0.828156 0.504520 0.826563 0.528595 0.820125 0.537026 0.812891 0.538244 0.801656 0.540656 0.792812 0.552693 0.783172 0.567143 0.783172 0.574356 0.783172 0.590023 0.779156 0.633372 0.778344 0.646628 0.755047 0.646628 0.751828 0.636979 0.749422 0.620117 0.747813 0.608080 0.736562 0.608080 0.730141 0.608080 0.723719 0.606885 0.727734 0.597237 0.737375 0.559906 0.761469 0.537026 0.767094 0.526183 0.762281 0.503302 0.757453 0.470796 0.765500 0.447916
56 1 1 0.760797 0.504707 0.713875 0.505433 0.713406 0.603466 0.720516 0.606300 0.723359 0.607002 0.727156 0.589251 0.729984 0.582155 0.733312 0.572904 0.740422 0.557986 0.743266 0.553724 0.756063 0.538103 0.764109 0.530281 0.766484 0.527447 0.770281 0.524614
40 1 1 0.161016 0.619859 0.157141 0.608267 0.158797 0.586721 0.159906 0.579274 0.179250 0.575129 0.183109 0.603302 0.177578 0.622342 0.174828 0.641382 0.170406 0.645527 0.166531 0.634754 0.163766 0.628150
40 1 1 0.419453 0.607752 0.430422 0.605785 0.433828 0.605785 0.435125 0.605785 0.440875 0.607752 0.444281 0.609321 0.445578 0.627728 0.444797 0.636745 0.444281 0.641827 0.444016 0.646136 0.442969 0.648876 0.441656 0.652014 0.440625 0.653981 0.440094 0.655550 0.439047 0.657892 0.437750 0.659461 0.436438 0.661030 0.435391 0.662974 0.434078 0.666511 0.433828 0.667307 0.424937 0.668478 0.423359 0.662974 0.422844 0.658665 0.421016 0.655152 0.419969 0.652810 0.419703 0.651616 0.418656 0.649672 0.417094 0.646932 0.418406 0.631241 0.416828 0.626557 0.419453 0.608525
0 1 1 0.317281 0.498782 0.348422 0.492412 0.354781 0.490281 0.375313 0.490281 0.383094 0.488173 0.389453 0.487119 0.376719 0.474379 0.372484 0.472272 0.368937 0.466956 0.364688 0.455293 0.361859 0.445738 0.354078 0.434075 0.345594 0.426651 0.336391 0.425597 0.334266 0.436206 0.331437 0.455293 0.330016 0.469087 0.321531 0.477564 0.319406 0.478618
0 1 1 0.089953 0.458290 0.105828 0.474660 0.112781 0.485059 0.101375 0.490281 0.100875 0.511101 0.110797 0.507400 0.112281 0.518548 0.116750 0.514824 0.117750 0.499953 0.122219 0.514824 0.130656 0.517799 0.147531 0.514824 0.155969 0.529719 0.173844 0.573607 0.156469 0.586253 0.138094 0.586253 0.128172 0.591452 0.123203 0.578056 0.114766 0.552037 0.103359 0.563934 0.106328 0.578806 0.084484 0.577330 0.083500 0.540117 0.081016 0.528220 0.078531 0.494731 0.080016 0.464239 0.086469 0.459040
0 1 1 0.872766 0.445550 0.880766 0.430468 0.888453 0.427822 0.898531 0.427822 0.912141 0.430468 0.917469 0.439344 0.921313 0.450445 0.921906 0.466417 0.920734 0.483724 0.907406 0.501030 0.908000 0.507237 0.890828 0.515667 0.890531 0.547611 0.889344 0.597752 0.886687 0.598642 0.875438 0.567588 0.864188 0.551616 0.860922 0.542740 0.858562 0.504122 0.864484 0.489040 0.867734 0.477518 0.869219 0.466862 0.869812 0.450445
56 1 1 0.175594 0.497073 0.224125 0.500890 0.257344 0.501850 0.259891 0.518126 0.252234 0.579391 0.243297 0.590890 0.236266 0.593771 0.226688 0.593771 0.224766 0.536323 0.226047 0.532482 0.232437 0.522927 0.222844 0.519087 0.216469 0.525785 0.217734 0.538244 0.219016 0.598548 0.211359 0.599508 0.209437 0.576534 0.195391 0.579391 0.182609 0.580351 0.171750 0.574614
67 1 1 0.103125 0.486370 0.103406 0.512342 0.116203 0.510211 0.116203 0.484684 0.103406 0.485527
40 1 1 0.674641 0.681733 0.674062 0.712014 0.660797 0.728454 0.664250 0.749227 0.670609 0.753536 0.670609 0.758735 0.656172 0.762201 0.646937 0.759602 0.654437 0.735363 0.646359 0.711148 0.639437 0.696440 0.640594 0.676534 0.659063 0.671358 0.672906 0.676534 0.676953 0.680867
62 1 0 0.367484 0.341733 0.391625 0.338806 0.390984 0.314356 0.392281 0.304567 0.393594 0.302623 0.389016 0.297728 0.387719 0.295761 0.368141 0.293817 0.367484 0.338806
40 1 1 0.906047 0.709742 0.907953 0.683068 0.900844 0.675293 0.900844 0.640000 0.904672 0.625644 0.925469 0.624005 0.918078 0.642881 0.919453 0.665433 0.922734 0.674052 0.915891 0.684707 0.913437 0.711803 0.910688 0.712201
40 1 1 0.184359 0.578267 0.192422 0.576253 0.201813 0.576253 0.210875 0.578782 0.210531 0.613466 0.203828 0.625035 0.201469 0.628056 0.201141 0.645644 0.202484 0.645644 0.204500 0.648173 0.195766 0.649672 0.193766 0.645152 0.194766 0.643653 0.194766 0.630070 0.187391 0.625035 0.183359 0.609953 0.182359 0.602412 0.182359 0.589344
40 1 1 0.105766 0.581991 0.108203 0.618548 0.116984 0.633888 0.114547 0.651452 0.114547 0.656557 0.118938 0.656557 0.120406 0.645597 0.121859 0.636815 0.125281 0.630234 0.132594 0.601007 0.125281 0.581265
40 1 1 0.620188 0.735597 0.625437 0.720820 0.622813 0.696206 0.613609 0.671569 0.617562 0.628244 0.634641 0.621358 0.643172 0.639087 0.633984 0.692248 0.630031 0.700140 0.631359 0.739532 0.632672 0.745433 0.623469 0.750351
40 1 1 0.345297 0.586651 0.359266 0.584614 0.373250 0.588009 0.375500 0.610984 0.373250 0.635972 0.365125 0.643419 0.365125 0.667728 0.362875 0.659625 0.359266 0.642740 0.354766 0.636651 0.348453 0.617049
40 1 1 0.941859 0.631686 0.938000 0.650656 0.942562 0.673817 0.949594 0.684871 0.948531 0.720141 0.941859 0.721639 0.939406 0.723747 0.942922 0.729016 0.948531 0.731639 0.954516 0.731124 0.960125 0.731124 0.958719 0.724286 0.956266 0.722693 0.955203 0.714801 0.954516 0.688993 0.956609 0.681639 0.964000 0.672670 0.968203 0.651101 0.966797 0.626347 0.962938 0.622131 0.946781 0.621616 0.940812 0.624239 0.941156 0.628454
40 1 1 0.396719 0.695269 0.396094 0.663372 0.385453 0.639906 0.387953 0.611756 0.391094 0.606136 0.413000 0.607073 0.418000 0.631475 0.416125 0.660562 0.408609 0.673700 0.407984 0.686838
40 1 1 0.619469 0.624731 0.612672 0.620492 0.602500 0.622178 0.599672 0.659063 0.607578 0.676862 0.609844 0.676019 0.611547 0.684473 0.612109 0.692529 0.612109 0.695504 0.615219 0.692108 0.616063 0.688290 0.616359 0.678548 0.612109 0.671335 0.618047 0.628525 0.618891 0.625152
39 1 1 0.225406 0.431522 0.233844 0.431920 0.233844 0.412365 0.231672 0.408290 0.230844 0.395667 0.225141 0.394848 0.224875 0.410749 0.222422 0.414403 0.222969 0.431920
40 1 1 0.728469 0.613208 0.727641 0.641546 0.727641 0.666183 0.735859 0.679719 0.736688 0.689578 0.742437 0.688337 0.742437 0.676019 0.750656 0.662482 0.750656 0.605808 0.729297 0.605808 0.728469 0.609508
39 1 1 0.259906 0.364286 0.260172 0.431710 0.275813 0.431710 0.275813 0.362646 0.259906 0.363045
43 1 2 0.397531 0.767892 0.409422 0.748993 0.411266 0.744075 0.411359 0.736393 0.404094 0.746534 0.399578 0.752061 0.391187 0.762974 0.389750 0.763419 0.395797 0.768642
40 1 1 0.089266 0.626745 0.088156 0.655738 0.093687 0.656557 0.098656 0.640820 0.104734 0.624262 0.104188 0.591124 0.090922 0.583677 0.087063 0.588642 0.085391 0.614333
43 1 2 0.364203 0.660141 0.364312 0.660304 0.368641 0.655480 0.373094 0.650140 0.374859 0.651803 0.374203 0.653981 0.365094 0.664122 0.362422 0.664309 0.359984 0.663958 0.356203 0.667471 0.356422 0.670960 0.361984 0.667307
39 1 1 0.293500 0.319649 0.295844 0.320281 0.298406 0.320281 0.297547 0.324754 0.299047 0.330515 0.299047 0.338501 0.298828 0.343302 0.297969 0.345855 0.296266 0.344895 0.294344 0.344895 0.294141 0.340749 0.293703 0.331148 0.293281 0.327307
39 1 1 0.213734 0.393560 0.214344 0.404496 0.211297 0.408361 0.211750 0.434754 0.220109 0.433396 0.221172 0.407447 0.218891 0.401991 0.218734 0.391733 0.214188 0.390843 0.213875 0.394028
39 1 1 0.182031 0.400328 0.183000 0.410258 0.184359 0.431288 0.187094 0.431288 0.187281 0.407354 0.187094 0.402670 0.184750 0.400913 0.184750 0.398876 0.182812 0.400047 0.183000 0.402084
39 1 1 0.236000 0.427330 0.236188 0.420867 0.237625 0.418993 0.237266 0.414965 0.237438 0.410656 0.237266 0.403677 0.239234 0.402857 0.240125 0.402857 0.240672 0.410937 0.241391 0.413349 0.242641 0.415504 0.242641 0.419532 0.243531 0.424895 0.243719 0.429742 0.243000 0.430281 0.240484 0.430562 0.236906 0.430820 0.235828 0.430820 0.236188 0.426253
56 1 1 0.406641 0.678899 0.415672 0.983630 0.588875 0.983630 0.581344 0.694684
