1 1 0 0.009000 0.961803 0.122938 0.934824 0.149937 0.928080 0.158922 0.928080 0.152922 0.885386 0.161922 0.860679 0.208406 0.869672 0.221891 0.919110 0.241391 0.925831 0.262375 0.930328 0.269875 0.957307 0.266875 0.984262 0.277953 0.987049 0.293719 0.977916 0.302875 0.967237 0.302875 0.951241 0.300328 0.936745 0.274406 0.910843 0.281016 0.819391 0.273891 0.814801 0.273891 0.806417 0.282531 0.796511 0.291172 0.793466 0.293219 0.798806 0.298297 0.801850 0.309484 0.806417 0.308969 0.815574 0.287625 0.827775 0.277453 0.909321 0.308469 0.940562 0.310000 0.996956 0.308469 1.000000 0.287109 1.000000 0.255578 1.000000 0.177781 1.000000 0.076094 1.000000 0.000000 1.000000 0.000828 0.966464
2 1 0 0.998031 0.803279 0.870609 0.812834 0.865141 0.834660 0.859688 0.849672 0.825094 0.866042 0.808703 0.861944 0.786859 0.823747 0.785953 0.808735 0.777766 0.818290 0.723156 0.819672 0.719516 0.799204 0.709500 0.795105 0.704031 0.729625 0.753188 0.687330 0.872422 0.664145 0.958891 0.560445 1.000000 0.549532 0.998031 0.804660
0 1 0 0.496266 0.671429 0.497437 0.657424 0.497437 0.634660 0.504438 0.622389 0.510281 0.613653 0.512625 0.608384 0.513797 0.594379 0.513797 0.573372 0.517297 0.550609 0.537156 0.541850 0.540656 0.543607 0.544156 0.552365 0.545328 0.564614 0.544156 0.585621 0.543000 0.597892 0.553516 0.606628 0.562859 0.611897 0.568703 0.617143 0.581547 0.639906 0.590891 0.655667 0.600234 0.660913 0.603734 0.664426 0.592063 0.674918 0.582719 0.674918 0.565188 0.659157 0.557016 0.652155 0.555844 0.666159 0.553516 0.676674 0.553516 0.692436 0.558187 0.704684 0.566359 0.718689 0.572203 0.734450 0.573375 0.743208 0.579203 0.771218 0.581547 0.792248 0.581547 0.820258 0.581547 0.825503 0.580375 0.851780 0.583875 0.855269 0.587391 0.858782 0.579203 0.872787 0.576875 0.874520 0.576875 0.874520 0.572203 0.890281 0.571031 0.874520 0.567531 0.851780 0.567531 0.818501 0.565188 0.778220 0.559344 0.762482 0.548844 0.755457 0.544156 0.750211 0.535984 0.748454 0.527812 0.746721 0.514953 0.746721 0.507953 0.751967 0.511453 0.767728 0.504438 0.771218 0.499766 0.758970 0.499766 0.737962 0.502109 0.722201 0.504438 0.697681 0.504438 0.685433 0.504438 0.681920
0 1 0 0.701984 0.821616 0.689875 0.755855 0.695938 0.694637 0.674750 0.637939 0.679297 0.601663 0.708031 0.578993 0.662656 0.529110 0.650547 0.540445 0.649031 0.578993 0.635422 0.583513 0.623313 0.622061 0.642984 0.649274 0.642984 0.712763 0.673234 0.715035 0.680797 0.832951
0 1 0 0.146938 0.888197 0.146938 0.841007 0.148438 0.769110 0.158922 0.661241 0.172422 0.616300 0.175422 0.611803 0.188906 0.605058 0.188906 0.589321 0.200906 0.544379 0.236891 0.560117 0.241391 0.582576 0.242891 0.614052 0.239891 0.627518 0.251875 0.656745 0.271375 0.715176 0.292359 0.771358 0.305859 0.784824 0.310359 0.793817 0.296859 0.807307 0.275875 0.793817 0.265375 0.771358 0.242891 0.766862 0.244391 0.787073 0.277375 0.814052 0.281875 0.872482 0.266875 0.926393 0.250375 0.926393 0.245891 0.901686 0.238391 0.881452 0.218891 0.870234 0.197906 0.870234 0.176922 0.874731
0 1 0 0.797266 0.518970 0.806625 0.517564 0.816453 0.523888 0.815047 0.540023 0.813187 0.549836 0.815984 0.556838 0.815984 0.559649 0.831891 0.577892 0.839391 0.594707 0.849672 0.611546 0.853891 0.619274 0.857172 0.617166 0.859031 0.617869 0.855766 0.627681 0.849203 0.628384 0.835641 0.612951 0.827687 0.610843 0.823000 0.610843 0.822078 0.643817 0.836109 0.669766 0.798672 0.682389 0.782297 0.684496 0.774344 0.657845 0.775281 0.645902 0.773875 0.636089 0.779031 0.601030 0.776688 0.577190 0.779031 0.564567 0.794000 0.556838 0.792594 0.526698 0.795406 0.516183
2 1 0 0.951734 0.562881 0.856250 0.572764 0.843047 0.590773 0.853859 0.614169 0.847844 0.621382 0.831031 0.608782 0.829234 0.633981 0.831641 0.668173 0.878469 0.653771 0.948734 0.568267
9 1 1 0.617641 0.219227 0.627547 0.218618 0.630313 0.251874 0.631500 0.281569 0.631500 0.295222 0.619625 0.299977 0.616453 0.295831 0.613281 0.260773 0.611297 0.228712 0.610500 0.221007
0 1 0 0.323750 0.674848 0.319453 0.671639 0.309547 0.674848 0.306531 0.680023 0.304812 0.687775 0.306531 0.706487 0.303953 0.710351 0.298359 0.714871 0.287156 0.726487 0.284578 0.740679 0.313859 0.736815 0.323328 0.680023
2 1 0 0.000000 0.691546 0.023531 0.694778 0.039000 0.722459 0.055750 0.723747 0.061344 0.766253 0.046734 0.786206 0.042438 0.805527 0.035563 0.810023 0.029547 0.812600 0.026109 0.808103 0.024828 0.801663 0.026109 0.795855 0.024391 0.791358 0.022672 0.787494 0.019234 0.784918 0.014516 0.786206 0.008500 0.786206 0.005922 0.787494 0.000328 0.788150
1 1 0 0.827266 0.650773 0.833484 0.641803 0.844938 0.637330 0.843188 0.630609 0.834234 0.633981 0.825016 0.637705 0.823031 0.636955 0.846672 0.626885 0.853156 0.626136 0.858125 0.622787 0.858625 0.622787 0.845922 0.631733 0.845922 0.638829 0.852156 0.666815 0.846422 0.667939 0.840703 0.646651 0.828000 0.658970 0.824266 0.652623 0.827016 0.649649
0 1 1 0.101688 0.745386 0.099531 0.716979 0.096094 0.699555 0.093500 0.699555 0.094359 0.689227 0.095656 0.676323 0.105125 0.671171 0.104703 0.662763 0.110297 0.656323 0.112875 0.656323 0.116750 0.669883 0.124937 0.675035 0.132687 0.696979 0.136562 0.707939 0.129234 0.717635 0.119766 0.706019 0.110734 0.709883 0.112016 0.735059 0.106422 0.752482 0.111156 0.770539 0.099531 0.780867 0.103406 0.757635 0.101250 0.745386
2 1 1 0.760813 0.623255 0.759609 0.609578 0.758172 0.600586 0.756250 0.593747 0.754812 0.591944 0.770172 0.594473 0.777125 0.601663 0.774969 0.636183 0.770172 0.642318 0.762969 0.648782 0.758172 0.649133 0.757922 0.630445 0.737766 0.633677 0.738000 0.619649 0.736328 0.614614 0.733922 0.614965 0.727922 0.621452 0.727687 0.635831 0.730812 0.635105 0.730094 0.659579 0.736562 0.660304 0.736328 0.643396 0.736328 0.636909
2 1 1 0.716547 0.636159 0.704469 0.605129 0.701016 0.589602 0.704031 0.587002 0.720859 0.578595 0.731219 0.577963 0.740719 0.577963 0.741578 0.592834 0.732078 0.599297 0.725609 0.614824 0.728625 0.627752 0.726906 0.633583 0.716984 0.636159
0 1 0 0.346750 0.727518 0.351484 0.712670 0.362687 0.702342 0.372156 0.694614 0.366125 0.693958 0.367422 0.675878 0.370859 0.664262 0.376891 0.661686 0.391109 0.675878 0.390234 0.691382 0.402297 0.702342 0.407031 0.715246 0.407469 0.718478
2 1 1 0.697984 0.596604 0.692891 0.599157 0.689500 0.599157 0.687234 0.597049 0.681016 0.597892 0.676484 0.609766 0.678750 0.640703 0.678750 0.656792 0.681297 0.663162 0.690063 0.664848 0.694875 0.671639 0.706187 0.658080 0.710141 0.651710 0.716922 0.629251 0.705906 0.611452 0.702500 0.603396 0.697125 0.598735
5 1 1 0.814797 0.542974 0.840469 0.541827 0.841484 0.558970 0.840969 0.571546 0.837922 0.576112 0.835891 0.581077 0.834109 0.582201 0.824953 0.564684 0.814531 0.563536 0.816828 0.556698 0.816828 0.549461
1 1 1 0.127094 0.701803 0.134797 0.697354 0.133312 0.701803 0.128578 0.709368 0.132125 0.726721 0.130047 0.732951 0.128281 0.744520 0.128625 0.758595 0.126344 0.769438 0.118344 0.772857 0.113766 0.772295 0.111859 0.763162 0.112625 0.755738 0.116062 0.742600 0.116437 0.732904 0.111484 0.725480 0.103484 0.729461 0.102719 0.727190 0.108812 0.718618 0.111109 0.712904 0.111859 0.707213 0.118344 0.704918 0.122531 0.703771 0.129391 0.701499
9 1 1 0.676219 0.287143 0.670188 0.212295 0.671047 0.210351 0.671484 0.208407 0.686547 0.203255 0.688703 0.204543 0.693875 0.283279 0.691719 0.284567 0.679234 0.287143
0 1 1 0.743109 0.684637 0.741391 0.673021 0.741391 0.662037 0.740953 0.642693 0.734062 0.627190 0.726750 0.628478 0.726313 0.609133 0.731922 0.596229 0.734922 0.584614 0.740531 0.571054 0.746125 0.566534 0.759047 0.584614 0.759469 0.596229 0.759906 0.614941 0.760766 0.640749 0.762484 0.662693 0.758172 0.684637 0.757750 0.696885 0.746547 0.687213
2 1 0 0.126813 0.714473 0.125703 0.756721 0.130125 0.777424 0.146141 0.764988 0.153328 0.688806 0.130125 0.715293
0 1 0 0.907438 0.567939 0.908969 0.559368 0.912016 0.558806 0.911250 0.547377 0.913922 0.544520 0.917734 0.548525 0.919250 0.556511 0.921922 0.558806 0.923063 0.567354
5 1 0 0.291984 0.666674 0.291984 0.496604 0.420578 0.385480 0.642984 0.362810 0.659625 0.544215 0.623313 0.589578 0.641469 0.696136 0.638438 0.743770 0.612719 0.780047 0.612719 0.741499 0.596078 0.668923 0.538594 0.589578 0.538594 0.548759 0.497750 0.575972 0.485641 0.625855 0.417562 0.639461 0.317703 0.639461 0.296531 0.650796
