3 1 0 0.632719 0.650375 0.619969 0.650094 0.618469 0.657400 0.618281 0.661335 0.616594 0.654309 0.614906 0.653747 0.614531 0.659087 0.612844 0.659368 0.612281 0.654590 0.609844 0.652623 0.608719 0.653747 0.607219 0.656557 0.601422 0.657400 0.595422 0.653466 0.593172 0.647588 0.592047 0.641967 0.595797 0.627354 0.596172 0.624262 0.602156 0.626792 0.599922 0.622576 0.595609 0.619766 0.590172 0.618642 0.588672 0.616956 0.590922 0.611616 0.595234 0.611054 0.602344 0.613583 0.605156 0.614707 0.612656 0.617799 0.616031 0.618080 0.622219 0.620047 0.623156 0.627916 0.620344 0.632974 0.622031 0.637752 0.623344 0.640000 0.627469 0.639719 0.628219 0.631850 0.627844 0.628759 0.626156 0.622576 0.625219 0.614988 0.621656 0.613864 0.616594 0.614145 0.615469 0.611335 0.618281 0.608806 0.617906 0.608244 0.614719 0.606557 0.614344 0.602904 0.614531 0.598712 0.619031 0.598150 0.621844 0.604590 0.623156 0.606276 0.626156 0.605714 0.630094 0.600656 0.631594 0.594778 0.636078 0.590281 0.637578 0.590281 0.634781 0.598993 0.634969 0.601780 0.637953 0.602061 0.640391 0.604028 0.635328 0.609087 0.634031 0.611335 0.636828 0.614426 0.638516 0.619204 0.639078 0.621171 0.638891 0.623981 0.637203 0.629602
0 1 1 0.332219 0.696276 0.299219 0.694379 0.290328 0.679157 0.301750 0.641101 0.306828 0.633489 0.305562 0.606838 0.323328 0.604941 0.327141 0.618267 0.327141 0.627775 0.334766 0.648712 0.334766 0.675340 0.330953 0.694379
0 1 1 0.195187 0.685457 0.196859 0.686862 0.199672 0.679578 0.202094 0.672834 0.202094 0.667518 0.208828 0.652389 0.211641 0.649859 0.214812 0.649297 0.218187 0.651827 0.220047 0.654356 0.221172 0.657143 0.221734 0.661639 0.221922 0.667237 0.222297 0.673396 0.222484 0.679297 0.226031 0.677611 0.228469 0.673677 0.227156 0.653232 0.225656 0.650422 0.222484 0.645667 0.220984 0.642014 0.220984 0.640609 0.220609 0.638080 0.223797 0.641733 0.224719 0.639204 0.224375 0.636604 0.222781 0.626628 0.221172 0.620703 0.219203 0.615340 0.212531 0.612576 0.211047 0.611663 0.211297 0.606838 0.211797 0.606112 0.212047 0.597963 0.209453 0.594262 0.205016 0.594450 0.200938 0.595761 0.200687 0.602412 0.202172 0.606838 0.202672 0.610726 0.203031 0.612763 0.201312 0.618126 0.200078 0.619415 0.198219 0.622740 0.196625 0.626815 0.195141 0.631077 0.194891 0.632365 0.191437 0.633091 0.190328 0.634403 0.189094 0.637541 0.188359 0.639204 0.190203 0.647892 0.190078 0.652881 0.190937 0.659368 0.190328 0.662693 0.190078 0.666745 0.194516 0.674895 0.194766 0.678407 0.195266 0.685059
3 1 0 0.887469 0.712155 0.895938 0.727752 0.906359 0.728735 0.908953 0.718009 0.914172 0.723864 0.927188 0.727752 0.929797 0.735574 0.938266 0.731663 0.940219 0.723864 0.945422 0.712155 0.942813 0.693607 0.940219 0.686768 0.944125 0.684824 0.935000 0.672131 0.931094 0.662365 0.925234 0.659438 0.925234 0.653583 0.922641 0.649672 0.918078 0.645785 0.912875 0.642857 0.908312 0.638946 0.914172 0.626253 0.906359 0.624309 0.906359 0.630164 0.905703 0.624309 0.904406 0.620398 0.893984 0.617471 0.899844 0.628220 0.899187 0.634075 0.897891 0.636019 0.894641 0.637963 0.895938 0.645785 0.892687 0.644801 0.898547 0.656511 0.890734 0.661405 0.890734 0.671148 0.888125 0.677002 0.888125 0.682857 0.888125 0.688712 0.886172 0.694567 0.884875 0.697494 0.884219 0.700422 0.884875 0.708244 0.885516 0.712155
0 1 1 0.681922 0.687002 0.682344 0.656674 0.680625 0.643138 0.681063 0.637963 0.680188 0.634098 0.678047 0.628923 0.679328 0.616019 0.680188 0.613443 0.685797 0.606347 0.687937 0.603770 0.690953 0.599251 0.693109 0.596019 0.697844 0.596019 0.698703 0.601171 0.698703 0.603770 0.699562 0.607635 0.700000 0.612155 0.700000 0.617307 0.702156 0.626347 0.705594 0.634098 0.706453 0.641827 0.705172 0.643771 0.703016 0.639251 0.700000 0.632810 0.697844 0.640539 0.697422 0.658618 0.693109 0.683794 0.691391 0.694754 0.689672 0.696698 0.685797 0.693466
3 1 1 0.298297 0.732482 0.298641 0.726932 0.299984 0.719859 0.300312 0.722365 0.301672 0.717822 0.303016 0.714286 0.303688 0.712272 0.304703 0.709742 0.306391 0.704707 0.308406 0.701663 0.315141 0.700140 0.320203 0.698642 0.323234 0.698642 0.325594 0.702670 0.326609 0.712272 0.326609 0.717822 0.327609 0.725410 0.328297 0.729953 0.328969 0.742084 0.329969 0.744098 0.332672 0.744098 0.333344 0.748127 0.330984 0.755199 0.326937 0.764801 0.323906 0.767330 0.320203 0.775925 0.317500 0.779953 0.314141 0.782482 0.311781 0.782482 0.307391 0.780960 0.302344 0.774403 0.300312 0.770351 0.297953 0.764801 0.293234 0.764801 0.292906 0.757237 0.292906 0.749649 0.295594 0.740047 0.293234 0.736511 0.291219 0.738033 0.289531 0.737518 0.288859 0.730468 0.289531 0.723888 0.290547 0.713794 0.290547 0.711265 0.291219 0.706206 0.297953 0.694098 0.298297 0.689040 0.299641 0.691054 0.295266 0.704707 0.294922 0.711780 0.294922 0.722881 0.294594 0.731475
2 1 0 0.216125 0.584473 0.217641 0.570890 0.220906 0.564098 0.225703 0.555410 0.246844 0.556159 0.248859 0.577307 0.244844 0.582201 0.244078 0.570890 0.237781 0.568618 0.235016 0.573911 0.231734 0.579953 0.225953 0.584848 0.224438 0.588618 0.215625 0.586745
0 1 1 0.308719 0.603208 0.310062 0.596651 0.317797 0.593138 0.319812 0.595644 0.320484 0.596159 0.319469 0.590117 0.319812 0.588595 0.321828 0.589602 0.323500 0.588595 0.322500 0.582037 0.320484 0.577002 0.315109 0.573466 0.315437 0.565925 0.312406 0.560890 0.308047 0.564403 0.308047 0.568431 0.308047 0.573466 0.303328 0.583045 0.300984 0.590609 0.301656 0.592623 0.301984 0.595152 0.304672 0.591616 0.305016 0.596651
3 1 1 0.210359 0.650375 0.216438 0.650375 0.220313 0.657002 0.221969 0.661148 0.221406 0.669438 0.226938 0.682670 0.221406 0.697588 0.216438 0.700070 0.216438 0.713326 0.212016 0.713326 0.210359 0.705035 0.207594 0.696768 0.199859 0.704215 0.196547 0.696768 0.195438 0.676885
3 1 0 0.529641 0.629227 0.529344 0.636019 0.527219 0.641452 0.524500 0.640539 0.524203 0.637822 0.524500 0.633747 0.525406 0.629227 0.526016 0.627869 0.522687 0.624684 0.521781 0.617002 0.532656 0.601593 0.530250 0.596628 0.531750 0.592553 0.532969 0.588923 0.532656 0.582131 0.537187 0.592084 0.539000 0.595269 0.542328 0.597073 0.545656 0.601148 0.544750 0.605667 0.540219 0.609742 0.536594 0.614731 0.535984 0.617002 0.538406 0.621967 0.539312 0.625152
3 1 0 0.546094 0.600211 0.548531 0.608759 0.539969 0.619133 0.539359 0.623115 0.540594 0.625550 0.537938 0.631967 0.538141 0.634403 0.535297 0.643864 0.538547 0.648150 0.542625 0.644778 0.544859 0.640211 0.546297 0.637447 0.547719 0.637447 0.548937 0.638689 0.558922 0.638056 0.560953 0.631967 0.557906 0.624637 0.560344 0.620656 0.566859 0.618829 0.568891 0.612436 0.566250 0.609063 0.570328 0.605410 0.567672 0.602951 0.561766 0.602646 0.559125 0.604192 0.553422 0.600515 0.551172 0.598993 0.548734 0.597166 0.546500 0.598384
0 1 0 0.396172 0.617002 0.400781 0.618665 0.401891 0.600796 0.402844 0.618665 0.405078 0.619859 0.406672 0.618923 0.406672 0.607939 0.406672 0.601991 0.405875 0.598173 0.404437 0.596745 0.404281 0.579578 0.404281 0.572670 0.404125 0.568384 0.403969 0.567892 0.403172 0.565504 0.400625 0.567892 0.399188 0.572670 0.396641 0.578384 0.396797 0.586253 0.396641 0.592693 0.396484 0.600070 0.398719 0.603185 0.397766 0.606276 0.397766 0.610094
3 1 1 0.253469 0.590867 0.257656 0.590492 0.263406 0.590492 0.265750 0.608899 0.262625 0.612037 0.261047 0.619087 0.255562 0.619461 0.255562 0.615948 0.254516 0.613208 0.251125 0.606932 0.250594 0.601850 0.250594 0.593232
3 1 1 0.242891 0.640211 0.246813 0.645105 0.246813 0.635316 0.250078 0.622600 0.242234 0.600117 0.230500 0.604988 0.224625 0.619672 0.223969 0.644122 0.228531 0.658806 0.233109 0.652927 0.246813 0.645105
2 1 0 0.215328 0.580398 0.213297 0.562927 0.211266 0.553513 0.194063 0.552951 0.191297 0.557119 0.187953 0.564590 0.184813 0.571241 0.186297 0.580117 0.195906 0.582061 0.199422 0.580117 0.205719 0.579836 0.205531 0.582623 0.214406 0.584824
0 1 1 0.245781 0.605831 0.240969 0.602600 0.234484 0.604754 0.229672 0.612693 0.225813 0.610890 0.225344 0.601148 0.226297 0.592131 0.232078 0.581686 0.232312 0.573044 0.235437 0.567986 0.239766 0.565831 0.244094 0.570140 0.244578 0.575925 0.243859 0.583489 0.247953 0.587447 0.247703 0.596838
0 1 0 0.481281 0.615199 0.479672 0.617963 0.478750 0.619344 0.479438 0.621405 0.482203 0.620726 0.484969 0.618642 0.485672 0.611030 0.490047 0.606885 0.490281 0.603443 0.490516 0.599274 0.491203 0.595129 0.491437 0.590984 0.490281 0.587518 0.489594 0.585785 0.487734 0.583724 0.487281 0.579578 0.485891 0.576792 0.484047 0.577494 0.481734 0.579227 0.480359 0.579578 0.481281 0.581288 0.481281 0.584075 0.481516 0.585457 0.480125 0.587166 0.479891 0.589953 0.480125 0.593396 0.480125 0.597213 0.480359 0.602037 0.480812 0.603091 0.480125 0.604824 0.480125 0.606534 0.481734 0.607237
9 1 1 0.286469 0.446792 0.270703 0.446792 0.270422 0.435199 0.289781 0.433958 0.290328 0.438501 0.293094 0.438501 0.293375 0.443068 0.289500 0.445550 0.289500 0.448454 0.287562 0.448876 0.287297 0.446393
0 1 1 0.264422 0.603911 0.265172 0.593232 0.265172 0.590422 0.265172 0.588173 0.262922 0.584824 0.262172 0.581733 0.262172 0.578923 0.263484 0.575269 0.264609 0.570492 0.262922 0.568525 0.260688 0.568806 0.258812 0.556440 0.253375 0.559532 0.252438 0.564590 0.254687 0.568806 0.252250 0.571616 0.250750 0.575831 0.250562 0.579485 0.249813 0.583700 0.248688 0.588454 0.248500 0.591265 0.248125 0.596604 0.249250 0.607845 0.250187 0.604192 0.250562 0.598009 0.251125 0.593513 0.257500 0.592670 0.259937 0.592108 0.261984 0.594918 0.261984 0.599415 0.262359 0.605597 0.263484 0.606721 0.264797 0.605597
0 1 1 0.127156 0.589930 0.124375 0.582061 0.125000 0.577892 0.128078 0.574192 0.129313 0.573255 0.129313 0.572810 0.127766 0.572342 0.127469 0.568173 0.129937 0.563091 0.131469 0.558923 0.131469 0.554286 0.132094 0.549204 0.139187 0.552436 0.138891 0.559391 0.142594 0.562623 0.143828 0.569110 0.139812 0.570023 0.141359 0.583443 0.140734 0.590375 0.137344 0.586230 0.136719 0.580656 0.134250 0.578806 0.129937 0.584379 0.127156 0.590843
2 1 1 0.007766 0.644145 0.011094 0.643232 0.015016 0.648665 0.019844 0.648665 0.019250 0.609742 0.017125 0.599321 0.014109 0.590258 0.012000 0.582108 0.010188 0.578478 0.007766 0.578033 0.005953 0.644145
0 1 1 0.155609 0.610773 0.159281 0.602529 0.164375 0.602529 0.167625 0.604052 0.167828 0.611077 0.168234 0.616885 0.168641 0.619391 0.169453 0.622436 0.170891 0.620609 0.170891 0.611756 0.170484 0.603513 0.170687 0.598337 0.169047 0.595269 0.168234 0.594356 0.170484 0.593138 0.170687 0.590094 0.170078 0.587026 0.169453 0.582155 0.168438 0.580937 0.167422 0.579391 0.165797 0.574145 0.164984 0.567728 0.161109 0.567119 0.156828 0.569555 0.158266 0.574754 0.158266 0.577494 0.156016 0.581780 0.155406 0.583911 0.152969 0.585433 0.151937 0.584215 0.151734 0.588782 0.153172 0.590937 0.154594 0.591546 0.154797 0.592459 0.152562 0.593068 0.152562 0.593068 0.152562 0.603138 0.152969 0.616042 0.153375 0.620000 0.154797 0.622131 0.156422 0.619391 0.156422 0.613583
3 1 1 0.132594 0.576440 0.138609 0.576838 0.140172 0.587026 0.137297 0.594075 0.136516 0.599180 0.132859 0.599180 0.130234 0.592506 0.130500 0.576838 0.132594 0.576838
3 1 1 0.156016 0.609063 0.154219 0.615504 0.154578 0.623583 0.156906 0.628689 0.157797 0.630023 0.159234 0.631382 0.160859 0.632178 0.162469 0.632998 0.163906 0.632459 0.165875 0.630023 0.166953 0.627611 0.169109 0.625199 0.172156 0.621967 0.171797 0.620890 0.170547 0.618478 0.169109 0.614965 0.169281 0.612014 0.169281 0.606909 0.169469 0.602881 0.169469 0.598571 0.166766 0.597237 0.164438 0.597237 0.160313 0.596955 0.157625 0.597237 0.155828 0.598571 0.155828 0.602342 0.156016 0.604754 0.156547 0.607447 0.156547 0.607447
3 1 1 0.113406 0.562904 0.116547 0.562717 0.118813 0.566487 0.118687 0.570258 0.117562 0.573653 0.115547 0.576300 0.114922 0.576300 0.113406 0.573091 0.112906 0.571405 0.112906 0.566862
0 1 0 0.421094 0.578126 0.421531 0.564543 0.425516 0.562553 0.428625 0.574145 0.428625 0.574145 0.432375 0.578806 0.432375 0.599696 0.433047 0.611967 0.436359 0.617283 0.437469 0.627236 0.431047 0.627564 0.428391 0.610304 0.427516 0.628899 0.427734 0.635855 0.420656 0.627564 0.420422 0.605012
