43 1 2 0.969688 0.487750 0.971021 0.481641 0.974167 0.466062 0.974958 0.457984 0.977312 0.458187 0.977312 0.474547 0.974438 0.488734
43 1 2 0.966458 0.459250 0.965292 0.483781 0.964500 0.486578 0.958813 0.486281 0.962146 0.457781 0.964896 0.456891 0.967833 0.457781
45 1 1 0.852167 0.492016 0.856229 0.495672 0.858271 0.502703 0.859896 0.506969 0.875354 0.509406 0.879021 0.508500 0.884313 0.500250 0.890000 0.497203 0.892854 0.493531 0.881875 0.492016 0.864375 0.491406 0.852563 0.491094
43 1 2 0.958708 0.438062 0.959229 0.433344 0.960021 0.430578 0.961583 0.428797 0.963167 0.427234 0.964750 0.427031 0.968167 0.428609 0.968958 0.432547 0.967625 0.444969 0.967104 0.449891 0.966854 0.453047 0.965542 0.455813 0.963167 0.456203 0.960792 0.456000 0.960542 0.452453 0.961333 0.446344 0.962750 0.439250 0.959188 0.439672
43 1 2 0.980104 0.482281 0.981937 0.461719 0.984125 0.458703 0.989250 0.459516 0.986333 0.480906 0.984500 0.486922 0.977917 0.486922
43 1 2 0.953062 0.483594 0.954604 0.460891 0.954833 0.457891 0.957729 0.456719 0.959500 0.457047 0.960167 0.459719 0.957958 0.480422 0.957292 0.485922 0.952167 0.487422
43 1 2 0.976271 0.455906 0.977062 0.444672 0.978646 0.442109 0.981271 0.441125 0.983375 0.441516 0.984937 0.444859 0.986000 0.451375 0.985458 0.456094 0.985458 0.458078 0.982313 0.459844 0.981271 0.461422 0.978375 0.461422 0.976271 0.456688
43 1 2 0.983312 0.438750 0.983833 0.433437 0.983562 0.430672 0.984625 0.428906 0.987500 0.428500 0.988813 0.428703 0.990667 0.429891 0.990667 0.431859 0.988042 0.450781 0.986188 0.452359 0.985396 0.448812 0.984625 0.446438 0.984083 0.444469 0.983833 0.443094 0.983562 0.440328
43 1 2 0.957167 0.439469 0.962188 0.439719 0.961187 0.458078 0.955146 0.457328
71 1 0 0.293021 0.541328 0.391333 0.561250 0.391333 0.567219 0.564021 0.519406 0.428521 0.511438 0.351479 0.519406 0.335542 0.521391
