7 1 1 0.507062 0.177053 0.541469 0.169430 0.568062 0.178954 0.597766 0.178954 0.599328 0.148498 0.610281 0.272186 0.669703 0.216996 0.680656 0.196065 0.668141 0.184658 0.658766 0.178954 0.649375 0.156122 0.649375 0.140894 0.735391 0.137091 0.741641 0.137091 0.710359 0.188460 0.700984 0.222719 0.699422 0.245551 0.708797 0.270285 0.736953 0.275989 0.726000 0.287414 0.757281 0.291217 0.804203 0.295019 0.821406 0.289316 0.813578 0.258859 0.790125 0.245551 0.783875 0.220817 0.787000 0.186559 0.807328 0.197985 0.826094 0.175152 0.837047 0.150399 0.951203 0.159924 0.943375 0.081901 0.951203 0.070494 0.963719 0.148498 0.974656 0.167529 0.980922 0.302624 0.976219 0.397776 0.944953 0.409182 0.930875 0.491008 0.910547 0.485304 0.904281 0.475779 0.888641 0.460570 0.871437 0.452947 0.863625 0.449144 0.857375 0.441540 0.843297 0.424411 0.829219 0.428213 0.805766 0.428213 0.794813 0.422510 0.771359 0.357814 0.660328 0.354011 0.679094 0.329278 0.680656 0.315951 0.715062 0.315951 0.738516 0.317852 0.772922 0.319753 0.788562 0.315951 0.794813 0.302624 0.696297 0.293118 0.588391 0.293118 0.582125 0.275989 0.566484 0.226521 0.522703 0.228422 0.502375 0.245551 0.502375 0.237928 0.500812 0.186559 0.497500 0.211958 0.482688 0.264411 0.485828 0.268783 0.475953 0.284087 0.481328 0.294468 0.495250 0.299924 0.499750 0.299924 0.478188 0.305399 0.471000 0.313042 0.456187 0.341996 0.451687 0.350741 0.445406 0.347472 0.442266 0.338175 0.444516 0.289544 0.446750 0.280247 0.453484 0.272605 0.460672 0.268783 0.465609 0.266597 0.474156 0.262776 0.468766 0.247471 0.469203 0.239278
0 1 1 0.182578 0.342357 0.182578 0.301920 0.178781 0.259183 0.181625 0.209506 0.173078 0.191027 0.173078 0.135570 0.189219 0.120551 0.182578 0.100913 0.195875 0.087053 0.211063 0.097452 0.212953 0.124011 0.228156 0.137890 0.225297 0.202567 0.223406 0.214125 0.228156 0.285741 0.228156 0.346977 0.241438 0.358517 0.229094 0.360837 0.212016 0.351597 0.212016 0.321559 0.204406 0.251084 0.196812 0.312319 0.197766 0.358517 0.175938 0.359677
0 1 1 0.032875 0.235000 0.031672 0.203080 0.028094 0.174049 0.037641 0.158099 0.048375 0.143574 0.059109 0.123270 0.069844 0.120361 0.079375 0.149392 0.103234 0.187110 0.100844 0.195817 0.090109 0.201616 0.091312 0.217586 0.099656 0.274182 0.090109 0.274182 0.081766 0.323517 0.088922 0.362681 0.071031 0.352529 0.051953 0.221939 0.043609 0.229202 0.041219 0.240798 0.044797 0.250951 0.028094 0.250951 0.031672 0.268365 0.041219 0.277072
26 1 0 0.424375 0.200171 0.424375 0.214525 0.433125 0.220076 0.433875 0.211749 0.435016 0.202015 0.435406 0.186749 0.435406 0.181198 0.446047 0.146046 0.447188 0.142338 0.456688 0.120589 0.459734 0.114582 0.462406 0.109487 0.464687 0.108555 0.466203 0.112719 0.452125 0.143726 0.447188 0.146046
0 1 1 0.464797 0.111350 0.473484 0.112719 0.480062 0.123973 0.485672 0.155019 0.485813 0.165760 0.461016 0.156217 0.459609 0.150760 0.458625 0.145798 0.456109 0.142909 0.453016 0.140342 0.449375 0.140856 0.446719 0.145133 0.445594 0.146996 0.442641 0.148707 0.442516 0.151597 0.444750 0.155703 0.447547 0.159962 0.451063 0.165247 0.454281 0.164221 0.459891 0.161844 0.484688 0.170703 0.484562 0.185703 0.486938 0.197129 0.479937 0.189468 0.471797 0.189981 0.466891 0.199183 0.466047 0.205836 0.470812 0.215209 0.462828 0.229886 0.464094 0.238745 0.465781 0.248631 0.470547 0.256996 0.469562 0.265171 0.468297 0.270627 0.463109 0.271825 0.460875 0.239259 0.457359 0.239772 0.454281 0.270627 0.446578 0.284106 0.442516 0.298270 0.443344 0.258194 0.440828 0.235684 0.435219 0.233973 0.436766 0.224259 0.435781 0.218973 0.433813 0.209582 0.430734 0.186217 0.434094 0.180760 0.428625 0.156388 0.429609 0.144449 0.431437 0.130970 0.433672 0.121426 0.440406 0.114601 0.441813 0.111863 0.444187 0.099259 0.444891 0.094468 0.444891 0.090209 0.447266 0.081179 0.450078 0.078612 0.455828 0.077243 0.460453 0.078612 0.464516 0.083726 0.466047 0.090038 0.468578 0.093631 0.467172 0.096350 0.466609 0.100779
0 1 1 0.398625 0.336217 0.405672 0.307091 0.407078 0.259106 0.415531 0.216255 0.412719 0.188840 0.414125 0.175133 0.422578 0.156293 0.411312 0.127148 0.395813 0.110019 0.401453 0.094601 0.388766 0.065456 0.376094 0.072319 0.376094 0.101445 0.356375 0.128859 0.353563 0.173422 0.363422 0.211122 0.366234 0.248821 0.367641 0.279677 0.373281 0.317376 0.369062 0.339639 0.374687 0.344791 0.381734 0.325932 0.381734 0.267681 0.388766 0.277947 0.383141 0.320798
0 1 1 0.491781 0.168992 0.490578 0.162643 0.490172 0.150418 0.493391 0.138688 0.497016 0.129392 0.499828 0.123517 0.501828 0.122053 0.530766 0.130856 0.534594 0.123612 0.508422 0.115437 0.512609 0.112586 0.514125 0.106654 0.513453 0.103403 0.511781 0.098080 0.509937 0.090951 0.510094 0.083593 0.511609 0.078498 0.513281 0.075228 0.516469 0.072776 0.522687 0.072567 0.525531 0.073384 0.528391 0.075437 0.530563 0.079106 0.531734 0.088498 0.531906 0.098080 0.533422 0.106046 0.534094 0.108707 0.534422 0.116255 0.534594 0.121768 0.525937 0.134278 0.521922 0.135741 0.515500 0.135266 0.514281 0.135266 0.514281 0.137700 0.517094 0.140627 0.525937 0.141616 0.526344 0.150418 0.525141 0.161654 0.523125 0.170951 0.521516 0.172909 0.518703 0.171445 0.517906 0.164106 0.515094 0.162148 0.514281 0.162148 0.513484 0.163118 0.511469 0.170951 0.508266 0.172909 0.510266 0.179753 0.511875 0.182186 0.511078 0.199791 0.509875 0.207129 0.506656 0.209087 0.502641 0.209563 0.500625 0.194411 0.502641 0.184144 0.505047 0.179259
0 1 1 0.737234 0.111578 0.738641 0.103042 0.750344 0.096198 0.746125 0.087091 0.740984 0.078555 0.747531 0.071711 0.748469 0.062034 0.762984 0.056331 0.770000 0.060323 0.769531 0.070000 0.778437 0.080247 0.775625 0.087662 0.770469 0.100190 0.772344 0.109886 0.765797 0.124125 0.753156 0.133802 0.741922 0.131521
26 1 0 0.058609 0.183384 0.057906 0.188156 0.057687 0.192376 0.053766 0.191255 0.055375 0.195456 0.052828 0.198270 0.049828 0.197700 0.048453 0.192376 0.047063 0.196312 0.045906 0.199106 0.042453 0.202757 0.039672 0.206141 0.037828 0.207814 0.035062 0.203327 0.028828 0.204163 0.030437 0.210627 0.030906 0.211198 0.031828 0.215970 0.029984 0.222148 0.030672 0.224677 0.032281 0.227490 0.037141 0.227205 0.042219 0.226920 0.047531 0.226369 0.050750 0.226369 0.053297 0.226369 0.056297 0.222985 0.058609 0.219049 0.059297 0.206692 0.059297 0.204163 0.059062 0.197700 0.059062 0.192376 0.059531 0.182814
0 1 1 0.914484 0.158650 0.913031 0.135475 0.918391 0.125380 0.930109 0.119449 0.923281 0.110532 0.925719 0.094506 0.930109 0.087376 0.940359 0.085000 0.946703 0.091540 0.947188 0.114106 0.945234 0.118859 0.949625 0.124202 0.950609 0.159829 0.916938 0.158650
0 1 0 0.673172 0.187719 0.625797 0.169183 0.611688 0.149962 0.612813 0.136920 0.637641 0.152719 0.644969 0.136920 0.642719 0.123194 0.613937 0.091635 0.595328 0.077205 0.595891 0.053194 0.606609 0.053194 0.593641 0.042890 0.574453 0.016122 0.563172 0.046331 0.560922 0.049068 0.548500 0.053878 0.564297 0.057985 0.563172 0.074468 0.537781 0.099867 0.531016 0.169183 0.540609 0.181540 0.553016 0.174677 0.600969 0.171255 0.600406 0.148593 0.606047 0.154087 0.612813 0.208992 0.615641 0.208992 0.645531 0.210361 0.660766 0.236445 0.685016 0.205570 0.689531 0.219297 0.678813 0.236445 0.674297 0.248118 0.699687 0.241939
7 1 0 0.028922 0.433232 0.273469 0.357852 0.361500 0.357852 0.353359 0.262643 0.372922 0.268593 0.377813 0.363802 0.457688 0.359829 0.416938 0.494715 0.487031 0.506616 0.504969 0.409430 0.548984 0.399506 0.588109 0.401483 0.658219 0.359829 0.773969 0.363802 0.791891 0.429259 0.852219 0.445133 0.914172 0.476863 0.933734 0.532414 0.923953 0.611749 0.935359 0.746635 0.923953 0.812091 0.858734 0.816065 0.845703 0.734734 0.721797 0.792262 0.712016 0.794240 0.690812 0.948954 0.599531 0.970779 0.550609 0.839867 0.485406 0.833916 0.408781 0.881521 0.368031 0.863669 0.343578 0.841844 0.294656 0.823992 0.265312 0.829943 0.250641 0.935076 0.195219 0.954905 0.152828 0.952928 0.125109 0.847795 0.130000 0.827966 0.092516 0.814068 0.084359 0.744658 0.024031 0.734734
0 1 0 0.717531 0.193384 0.726687 0.164449 0.755984 0.128802 0.757812 0.122129 0.763297 0.099848 0.768797 0.090951 0.781609 0.090951 0.798078 0.095399 0.805406 0.106540 0.809062 0.144392 0.823703 0.151084 0.829203 0.135494 0.845672 0.148840 0.836516 0.162205 0.838344 0.184487 0.799906 0.184487 0.779781 0.237928 0.829203 0.289164 0.832859 0.300304 0.765125 0.298061 0.754141 0.262433 0.741328 0.271350 0.734016 0.271350 0.704719 0.242395 0.699234 0.220114 0.726687 0.182262
0 1 0 0.420469 0.503726 0.433844 0.459335 0.454516 0.343954 0.476391 0.308460 0.497063 0.295152 0.505578 0.278878 0.494625 0.278878 0.515297 0.259639 0.520156 0.228574 0.538391 0.219696 0.563922 0.231540 0.580953 0.243365 0.579734 0.271483 0.593109 0.280342 0.573656 0.299582 0.582172 0.306977 0.600406 0.324734 0.580953 0.349867 0.602828 0.357281 0.666047 0.311407 0.685500 0.302548 0.695234 0.302548 0.700094 0.305494 0.687937 0.333612 0.636875 0.373536 0.584594 0.398688 0.561500 0.400171 0.527453 0.400171 0.500703 0.429753 0.484906 0.499278
