0 1 0 0.005969 0.374028 0.031344 0.324801 0.026859 0.277822 0.032844 0.217424 0.049250 0.195059 0.068656 0.174918 0.094031 0.127939 0.132844 0.000000 0.338813 0.000000 0.368672 0.054122 0.376125 0.114520 0.365687 0.174918 0.362703 0.215176 0.365687 0.295714 0.356734 0.340468 0.335828 0.371780 0.328375 0.378501 0.301500 0.407588 0.305984 0.461265 0.314938 0.499297 0.325391 0.512717 0.335828 0.544052 0.349266 0.546276 0.358219 0.523911 0.355234 0.499297 0.353750 0.481405 0.365687 0.465738 0.389563 0.465738 0.410469 0.474684 0.417922 0.510492 0.417922 0.552998 0.411953 0.588782 0.413453 0.608923 0.408969 0.638009 0.373141 0.691686 0.370156 0.709602 0.368672 0.720773 0.349266 0.774473 0.313438 0.785644 0.298516 0.787892 0.297031 0.814731 0.291063 0.897518 0.301500 0.915410 0.297031 0.942248 0.307469 0.969110 0.308969 0.982529 0.329859 0.993700 0.335828 1.000000 0.000000 1.000000
41 1 1 0.539547 0.541850 0.567906 0.538665 0.583516 0.536557 0.583516 0.546112 0.587766 0.546112 0.587766 0.539742 0.603375 0.541850 0.621109 0.545059 0.627484 0.553560 0.628188 0.562061 0.625359 0.566300 0.620391 0.571616 0.607625 0.710867 0.551594 0.710867 0.546641 0.566300 0.540250 0.560984
54 1 2 0.763687 0.951077 0.904641 0.946183 0.904641 0.928571 0.902031 0.918806 0.898125 0.912927 0.893547 0.909016 0.885719 0.904122 0.870063 0.893372 0.862875 0.893372 0.846563 0.893372 0.834156 0.893372 0.827641 0.893372 0.821766 0.894356 0.817187 0.894356 0.811328 0.894356 0.806750 0.897283 0.790438 0.910984 0.781953 0.914895 0.779344 0.918806 0.776734 0.921733 0.774781 0.923700
0 1 0 0.978813 0.490632 0.978125 0.477799 0.976969 0.467400 0.977422 0.459438 0.977422 0.459438 0.977422 0.459438 0.977891 0.448689 0.976047 0.424075 0.971641 0.402927 0.965641 0.393232 0.947141 0.379368 0.944828 0.376253 0.948984 0.370351 0.950141 0.356136 0.949453 0.353021 0.948516 0.337424 0.948297 0.337424 0.947594 0.334988 0.949453 0.329110 0.950828 0.323560 0.951984 0.316276 0.958922 0.298595 0.958234 0.286136 0.950375 0.280234 0.941359 0.282670 0.931406 0.282670 0.924469 0.274684 0.911984 0.276768 0.911984 0.276768 0.897641 0.282670 0.887469 0.293068 0.887469 0.293068 0.879844 0.307611 0.877766 0.328759 0.879703 0.336253 0.881938 0.349836 0.888453 0.355574 0.888937 0.360094 0.886391 0.364379 0.884953 0.366300 0.884000 0.366768 0.883375 0.358431 0.880984 0.352951 0.880984 0.352951 0.877328 0.348899 0.877328 0.348899 0.872078 0.348173 0.870000 0.351265 0.869531 0.354379 0.870328 0.356276 0.870328 0.356276 0.871922 0.357471 0.872875 0.359391 0.873344 0.366534 0.872234 0.377026 0.870328 0.388220 0.870484 0.391335 0.857609 0.416347 0.857609 0.416347 0.857609 0.416347 0.856641 0.427799 0.856172 0.437096 0.851875 0.464754 0.849484 0.484778 0.862984 0.415480 0.857687 0.471148 0.852375 0.498970 0.852375 0.498970 0.852375 0.500960 0.865641 0.506932 0.865641 0.506932 0.886859 0.506932 0.886859 0.506932 0.912062 0.502951 0.956781 0.507330 0.961172 0.506300 0.960016 0.515316 0.969500 0.514614 0.974578 0.511850 0.974578 0.511499 0.976656 0.500070
54 1 2 0.709609 0.871827 0.719406 0.890422 0.724625 0.923677 0.731812 0.934426 0.749422 0.947143 0.762484 0.947143 0.771609 0.931499 0.788578 0.911944 0.808812 0.903138 0.828391 0.892365 0.816641 0.856183 0.795109 0.840539 0.771609 0.834660 0.751391 0.830749 0.730500 0.830749 0.714844 0.846393 0.708969 0.867916
54 1 2 0.598688 0.900749 0.630734 0.957611 0.666703 0.935059 0.708562 0.930141 0.719031 0.930141 0.717063 0.904660 0.700719 0.859555 0.679781 0.848782 0.655578 0.847799 0.624188 0.852693 0.606531 0.862506 0.598688 0.884075
0 1 0 0.461938 0.382389 0.469250 0.396885 0.493828 0.412951 0.501406 0.410585 0.506891 0.395316 0.517078 0.371030 0.511328 0.360843 0.510547 0.356909 0.515250 0.341241 0.510547 0.333021 0.499047 0.340843 0.496172 0.355340 0.480234 0.380023 0.469516 0.379649
42 1 2 0.392594 0.484895 0.399531 0.449087 0.406469 0.419063 0.424203 0.358993 0.423422 0.389016 0.429594 0.365925 0.428047 0.392482 0.434219 0.368220 0.433453 0.398267 0.438078 0.371686 0.440391 0.407494 0.431141 0.442155 0.406469 0.459485 0.396453 0.484895
54 1 2 0.765188 0.813138 0.772812 0.833981 0.754875 0.831288 0.731531 0.838009 0.714938 0.858197 0.703266 0.864918 0.698781 0.848103 0.697437 0.837354 0.697875 0.822553 0.687563 0.801710 0.675000 0.793630 0.681734 0.780187 0.704156 0.775480 0.729297 0.774801 0.750828 0.784215 0.756219 0.795644
42 1 2 0.318422 0.386066 0.318000 0.370586 0.322734 0.372529 0.323156 0.376393 0.326172 0.368642 0.329625 0.373817 0.336516 0.368009 0.337375 0.374450 0.338656 0.365433 0.349859 0.395105 0.353297 0.420913 0.352875 0.442857 0.352437 0.454473 0.347703 0.465457 0.346844 0.471265 0.347703 0.478993 0.349859 0.489321 0.357609 0.534496 0.350719 0.535785 0.337375 0.473185 0.335219 0.470609 0.330484 0.409953 0.328766 0.405433 0.327469 0.402201 0.325312 0.395761 0.321875 0.386066
44 1 2 0.325062 0.494801 0.306234 0.474052 0.305125 0.448314 0.303469 0.394356 0.311219 0.387705 0.322297 0.396019 0.335594 0.427564 0.336141 0.459930 0.336141 0.474871 0.350547 0.516393 0.353312 0.537143 0.342781 0.538806 0.332812 0.503934
13 1 0 0.430438 0.353279 0.460781 0.357260 0.460781 0.381710 0.451672 0.386253 0.439156 0.387400 0.441063 0.372623 0.425891 0.363513
0 1 0 0.369219 0.328337 0.370266 0.314239 0.376547 0.308361 0.383594 0.311101 0.384906 0.324028 0.385953 0.336159 0.386219 0.351054 0.386484 0.362412 0.384391 0.363583 0.376281 0.356932 0.371062 0.360070 0.364781 0.357728 0.359547 0.352623 0.363734 0.345972 0.370266 0.337354
54 1 2 0.667703 0.960328 0.643156 0.955269 0.657953 0.938150 0.672406 0.934122 0.715109 0.931077 0.739328 0.938150 0.751094 0.956276 0.668047 0.960820
44 1 2 0.370859 0.478876 0.366766 0.452834 0.363703 0.393091 0.372391 0.382365 0.388234 0.438290 0.389766 0.457424 0.383125 0.470445 0.376484 0.478103
41 1 1 0.906937 0.498103 0.906281 0.489461 0.910594 0.486721 0.921906 0.486721 0.929422 0.486511 0.933500 0.488478 0.935188 0.491101 0.936281 0.496019 0.935406 0.499836 0.934750 0.501827 0.933719 0.506183 0.933797 0.508923 0.907812 0.501265
0 1 0 0.844266 0.529977 0.850625 0.469087 0.856969 0.425316 0.856969 0.370141 0.856969 0.292131 0.853156 0.193185 0.834109 0.139906 0.803641 0.115176 0.774453 0.103747 0.747781 0.099953 0.702078 0.157026 0.684312 0.238852 0.665266 0.307354 0.624641 0.335902 0.585281 0.373934 0.567516 0.446253 0.556094 0.527799 0.580203 0.527799 0.578937 0.428852 0.587828 0.430773 0.589094 0.535410 0.625906 0.548735 0.630984 0.565855 0.619563 0.581077 0.614484 0.665995 0.624641 0.675503 0.638609 0.669789 0.639875 0.574660 0.643687 0.490937 0.653844 0.464286 0.662734 0.428126 0.693203 0.428126 0.695734 0.468103 0.710969 0.492834 0.705891 0.570843 0.702078 0.627939 0.703359 0.645059 0.713516 0.646955 0.713516 0.626019 0.845547 0.532787
39 1 1 0.642531 0.708173 0.639406 0.697869 0.641281 0.653888 0.641906 0.634215 0.641906 0.627681 0.645656 0.541546 0.646281 0.533138 0.645656 0.496628 0.646281 0.492881 0.649406 0.482576 0.661891 0.460117 0.663141 0.452623 0.661266 0.451686 0.663766 0.431101 0.688750 0.432037 0.692500 0.447939 0.688750 0.453560 0.690000 0.461054 0.704984 0.490070 0.703109 0.529391 0.701234 0.531265 0.701234 0.542482 0.701859 0.548103 0.699984 0.602389 0.697484 0.666979 0.690625 0.708173 0.683750 0.714731 0.646281 0.711920 0.642531 0.707237
