0 1 0 0.265109 0.811425 0.218016 0.806449 0.205844 0.811425 0.196422 0.797336 0.203063 0.750958 0.175922 0.750140 0.144906 0.790724 0.137703 0.822196 0.122750 0.824673 0.102266 0.816402 0.101703 0.802313 0.111672 0.774977 0.110563 0.758411 0.126625 0.745981 0.101703 0.699603 0.121641 0.607687 0.130500 0.577033 0.155984 0.543902 0.184234 0.524019 0.187562 0.510771 0.209719 0.466869 0.236297 0.467710 0.266203 0.511589 0.262328 0.518224 0.257344 0.520701 0.260109 0.538925 0.255125 0.557991 0.326578 0.618435 0.353172 0.592757 0.352609 0.620935 0.350953 0.637500 0.362031 0.670631 0.353719 0.691332 0.338219 0.686355 0.321594 0.673107 0.318281 0.655724 0.286703 0.628388 0.235750 0.613481 0.223000 0.635000 0.242953 0.634182 0.264547 0.630865 0.281719 0.644953 0.285047 0.673107 0.252359 0.744346 0.239625 0.767523 0.266766 0.780771 0.270094 0.791542 0.269531 0.803131
56 1 1 0.213375 0.279439 0.214094 0.283271 0.227984 0.277804 0.233094 0.281636 0.238578 0.287103 0.242234 0.294206 0.245891 0.302407 0.249172 0.311682 0.248813 0.318785 0.253203 0.324790 0.263438 0.331893 0.264156 0.332991 0.264531 0.336285 0.265984 0.336285 0.279516 0.336822 0.284984 0.334626 0.290109 0.332991 0.296313 0.326986 0.300703 0.323715 0.301797 0.320981 0.297422 0.299673 0.297047 0.282734 0.297047 0.271799 0.294125 0.264136 0.287547 0.260864 0.282063 0.258692 0.267078 0.258692 0.247719 0.261963 0.223234 0.266332 0.214828 0.278902
0 1 1 0.084688 0.383294 0.108141 0.376916 0.110984 0.363084 0.110266 0.341822 0.110266 0.334393 0.113828 0.315257 0.117375 0.312079 0.130172 0.312079 0.138000 0.318458 0.142266 0.330140 0.142266 0.349276 0.140125 0.362033 0.140125 0.369463 0.140844 0.379042 0.137281 0.382220 0.137281 0.408808 0.135156 0.419439 0.125906 0.433248 0.114531 0.451332 0.103156 0.459813 0.098187 0.447079 0.081125 0.447079 0.075438 0.447079 0.073312 0.423692 0.076156 0.403481
0 1 1 0.372094 0.363738 0.368047 0.361262 0.366031 0.356238 0.365422 0.346145 0.367375 0.344650 0.367031 0.329019 0.370406 0.320958 0.375125 0.316425 0.381187 0.314393 0.387250 0.314907 0.394516 0.319907 0.395859 0.326355 0.396688 0.334019 0.397234 0.341402 0.400313 0.343902 0.400094 0.354883 0.397031 0.358248 0.397031 0.372874 0.402422 0.374883 0.415234 0.378411 0.426687 0.384463 0.433766 0.400584 0.442187 0.416706 0.446234 0.429299 0.444219 0.433341 0.425344 0.434860 0.407484 0.439393 0.399734 0.440397 0.394000 0.441916 0.388609 0.428808 0.387594 0.423762 0.390969 0.415701 0.392312 0.410654 0.391969 0.405631 0.391297 0.402593 0.390625 0.390000 0.387594 0.379907 0.381859 0.371846 0.373437 0.371846 0.364344 0.379907 0.361641 0.390000 0.363328 0.409650 0.361313 0.408645 0.359625 0.413178 0.362656 0.421238 0.364672 0.425280 0.364000 0.433832 0.355234 0.438388 0.351203 0.435864 0.343437 0.434346 0.337375 0.437360 0.334344 0.440888 0.334688 0.431822 0.337047 0.419229 0.337047 0.408131 0.344125 0.388995 0.346484 0.383949 0.357266 0.379416
0 1 1 0.355031 0.439042 0.360594 0.434276 0.359406 0.422991 0.358609 0.412313 0.359797 0.398061 0.362969 0.375491 0.379250 0.371332 0.387203 0.382033 0.392750 0.397477 0.391172 0.410537 0.391172 0.427757 0.401500 0.443201 0.402687 0.459229 0.408250 0.474065 0.413797 0.489509 0.418563 0.506729 0.408641 0.509112 0.389984 0.509112 0.378453 0.509112 0.370516 0.493668 0.361391 0.494252 0.359406 0.485958 0.361391 0.474673 0.362578 0.465748 0.358203 0.452103
56 1 1 0.122969 0.315257 0.125125 0.274720 0.130719 0.270864 0.151375 0.268925 0.172031 0.268271 0.198703 0.268925 0.209031 0.272780 0.209031 0.310748 0.205156 0.321051 0.195266 0.324907 0.190953 0.330701 0.184500 0.335841 0.181922 0.326192 0.174609 0.321051 0.177188 0.295304 0.172891 0.283715 0.170734 0.276636 0.159969 0.274720 0.146203 0.274720 0.143187 0.277921 0.139750 0.287593 0.134156 0.301729 0.132859 0.313318 0.132000 0.315257
0 1 1 0.341438 0.063505 0.341438 0.063505 0.351187 0.088154 0.350516 0.121332 0.350516 0.121332 0.350516 0.124346 0.368000 0.123855 0.371031 0.146986 0.362969 0.154019 0.362969 0.154019 0.351187 0.172126 0.351187 0.173621 0.351187 0.173621 0.351187 0.189720 0.337750 0.156542 0.323953 0.140444 0.313203 0.132407 0.317563 0.088645 0.317563 0.088645 0.317563 0.088645 0.318906 0.065514 0.328328 0.057991 0.340766 0.063505
56 1 1 0.009922 0.390818 0.033703 0.394977 0.044500 0.397290 0.050687 0.400981 0.050062 0.420841 0.050375 0.436075 0.052844 0.452220 0.037719 0.455000 0.034016 0.463762 0.031547 0.466542 0.023203 0.461449 0.014875 0.457313 0.008391 0.455911 0.002516 0.454533 0.000969 0.453598 0.000000 0.440678 0.001281 0.396355 0.001281 0.391752 0.009922 0.391285
34 1 1 0.462375 0.658668 0.560234 0.548925 0.596922 0.516005 0.605484 0.523318 0.541891 0.609276 0.472172 0.687921
0 1 1 0.226922 0.382827 0.239641 0.385748 0.248062 0.388388 0.254141 0.391028 0.261375 0.393949 0.261375 0.402430 0.250609 0.405654 0.246500 0.413271 0.245328 0.445771 0.220266 0.447523 0.216344 0.454252 0.214594 0.467710 0.203625 0.464486 0.197359 0.456308 0.196766 0.446939 0.199312 0.427313 0.197750 0.419112 0.194031 0.388972 0.195203 0.384579 0.194813 0.375794 0.191297 0.371121 0.190313 0.362336 0.188938 0.355888 0.190703 0.333061 0.195203 0.326028 0.201672 0.322220 0.209297 0.322220 0.217141 0.326332 0.221828 0.336869 0.224187 0.344182 0.226328 0.350023 0.227312 0.357056 0.225359 0.369346 0.224969 0.379019 0.223000 0.382827
0 1 1 0.517672 0.231378 0.517172 0.191075 0.523047 0.171308 0.537750 0.162500 0.533828 0.145654 0.531391 0.152243 0.526484 0.141986 0.527469 0.124393 0.533344 0.103154 0.544609 0.096565 0.555391 0.111215 0.558344 0.131729 0.550984 0.151519 0.554422 0.158107 0.549031 0.176425 0.538250 0.198411 0.527953 0.204276 0.533828 0.216005 0.532359 0.232850 0.522078 0.235047
56 1 1 0.002109 0.453995 0.026750 0.466262 0.025828 0.459439 0.034953 0.492196 0.031313 0.512664 0.001203 0.514019
0 1 1 0.287937 0.373178 0.292516 0.332079 0.316063 0.317407 0.312141 0.298832 0.314094 0.267523 0.337656 0.265584 0.343531 0.283178 0.344844 0.318388 0.364469 0.321332 0.367078 0.332079 0.366437 0.358505 0.371672 0.368271 0.371672 0.372196 0.340266 0.385888 0.336344 0.416215 0.333078 0.394696 0.327844 0.388808 0.319984 0.386869 0.315406 0.377079 0.302328 0.371215
56 1 1 0.064062 0.294977 0.064578 0.327734 0.041641 0.329276 0.031453 0.275164 0.070688 0.271355 0.093125 0.273621 0.115031 0.279720 0.116062 0.326986 0.109438 0.342220 0.096688 0.336893 0.096688 0.309463
56 1 1 0.035391 0.510257 0.036797 0.470935 0.036797 0.464556 0.038688 0.459813 0.050375 0.455444 0.062437 0.455444 0.075219 0.453808 0.078516 0.454346 0.078516 0.458738 0.073406 0.469112 0.072672 0.485491 0.067188 0.493692 0.057687 0.507897 0.037594 0.510093
0 1 1 0.593609 0.247196 0.532000 0.244953 0.532000 0.208995 0.539516 0.200000 0.548531 0.182033 0.556047 0.155047 0.569562 0.139322 0.584594 0.143832 0.587594 0.166285 0.592109 0.184276 0.596609 0.208995
0 1 1 0.685953 0.231565 0.682375 0.214346 0.680391 0.209603 0.678406 0.204252 0.678406 0.200678 0.679984 0.191192 0.680391 0.182290 0.681188 0.179322 0.683953 0.175748 0.688328 0.174556 0.691109 0.171589 0.695875 0.165070 0.698656 0.161495 0.699844 0.157944 0.699453 0.153178 0.698250 0.147827 0.698250 0.141893 0.697469 0.133575 0.696672 0.122313 0.697062 0.119346 0.699047 0.114579 0.703422 0.109229 0.708187 0.108061 0.712156 0.107453 0.715328 0.108061 0.718109 0.110421 0.721687 0.114579 0.722875 0.121706 0.724469 0.125864 0.725266 0.131215 0.727250 0.131215 0.728047 0.135958 0.727250 0.141308 0.726453 0.146051 0.725266 0.149019 0.725266 0.155561 0.732813 0.158528 0.738766 0.162079 0.742344 0.166846 0.747500 0.172196 0.749484 0.179322 0.752656 0.185841 0.755437 0.196542 0.756234 0.200678 0.756234 0.204836 0.753859 0.207220 0.756641 0.228598
56 1 1 0.251016 0.448808 0.248953 0.445444 0.243953 0.446005 0.233516 0.447150 0.219219 0.450794 0.216953 0.451355 0.216203 0.458949 0.217719 0.469346 0.225219 0.469346 0.228797 0.471589 0.235734 0.475257 0.241094 0.471589 0.246469 0.466822 0.248203 0.463972 0.251391 0.455000 0.270000 0.461916 0.270375 0.466706 0.293922 0.471472 0.293734 0.466145 0.294109 0.453505 0.291047 0.448014 0.286063 0.445397 0.277078 0.443551 0.273406 0.445093 0.273000 0.451542 0.271313 0.458832
56 1 1 0.307359 0.491168 0.334953 0.487687 0.331062 0.481285 0.330687 0.474907 0.329125 0.465023 0.331844 0.456308 0.332625 0.441776 0.336125 0.437710 0.323687 0.442944 0.311641 0.449907 0.308141 0.452243
56 1 1 0.009547 0.349650 0.009922 0.335421 0.063641 0.328575 0.056016 0.338832 0.050297 0.344533 0.038484 0.354206 0.029344 0.370748 0.025922 0.390093 0.021344 0.391238 0.013734 0.365607
35 1 0 0.332531 0.611846 0.322437 0.639486 0.324969 0.672173 0.345141 0.691028 0.361109 0.668411 0.353547 0.636986 0.344297 0.633201 0.356063 0.603037 0.351859 0.590467
67 1 1 0.705609 0.195911 0.705094 0.192523 0.707969 0.190841 0.709297 0.189463 0.708484 0.187453 0.704672 0.186075 0.705906 0.179626 0.714750 0.180701 0.715875 0.183154 0.716281 0.190981 0.710734 0.192523
0 1 1 0.856453 0.102103 0.862609 0.079626 0.862375 0.074533 0.855313 0.055794 0.855094 0.045561 0.858734 0.036028 0.880141 0.015257 0.880141 0.015257 0.879469 0.007757 0.879469 0.000000 0.888578 0.000000 0.911812 0.000000 0.907938 0.015935 0.926156 0.024463 0.932766 0.037056 0.935047 0.047617 0.936406 0.066682 0.939375 0.086776 0.940281 0.119486 0.931625 0.151168 0.929578 0.157290 0.927063 0.164089 0.906797 0.161379 0.904969 0.161379 0.902922 0.147757 0.900187 0.138224 0.893359 0.131051 0.891078 0.131051 0.887203 0.139229 0.890625 0.173972 0.883797 0.185561 0.881734 0.188622 0.875141 0.195771 0.875359 0.216542 0.855781 0.215864 0.849391 0.187593 0.850766 0.176706 0.850313 0.143995 0.853719 0.141285 0.850984 0.127313 0.850984 0.125280
0 1 1 0.646203 0.573037 0.626672 0.694393 0.577078 0.712360 0.544016 0.737079 0.522984 0.784276 0.501938 0.779766 0.510953 0.680888 0.541016 0.692126 0.599625 0.649439 0.587594 0.532593 0.586094 0.483154 0.559047 0.397757 0.580078 0.346075 0.563547 0.278645 0.592109 0.249439 0.610141 0.249439 0.625172 0.298878 0.649219 0.314603 0.662734 0.352804 0.661234 0.444953 0.691297 0.532593 0.715344 0.671916 0.739375 0.797757 0.706313 0.797757 0.671750 0.635958 0.649219 0.573037
