11 1 1 0.779469 0.125813 0.780578 0.063542 0.812828 0.008687 0.865094 0.007208 0.895109 0.056125 0.897328 0.130271 0.866203 0.179188 0.817281 0.186604 0.783922 0.130271
7 1 0 0.728984 0.382187 0.731906 0.355896 0.747250 0.295521 0.757469 0.283833 0.823938 0.288708 0.811516 0.379271 0.811516 0.409458 0.787422 0.409458 0.756016 0.410417 0.742141 0.423083 0.737016 0.432813 0.731906 0.432813 0.728266 0.388021
0 0 0 0.272047 0.355646 0.275438 0.344667 0.279797 0.344021 0.285109 0.345313 0.288500 0.348542 0.289953 0.351771 0.292859 0.364688 0.294797 0.367917 0.298187 0.376292 0.299156 0.388563 0.300125 0.395667 0.302063 0.413083 0.303031 0.426625 0.304469 0.429208 0.304469 0.438896 0.303031 0.444063 0.297703 0.449875 0.294797 0.460833 0.296734 0.471167 0.302547 0.485354 0.304469 0.489229 0.297219 0.502646 0.297219 0.509104 0.287531 0.511667 0.284625 0.507812 0.285594 0.500708 0.285594 0.487146 0.281734 0.482000 0.274953 0.467146 0.274953 0.448438 0.274953 0.433583 0.274953 0.421979 0.274953 0.392938 0.279797 0.381958 0.280766 0.372938 0.275438 0.372292 0.272531 0.355500
2 1 0 0.623922 0.356729 0.645813 0.352729 0.654812 0.352729 0.682281 0.351000 0.687000 0.349292 0.698594 0.363604 0.700734 0.381333 0.697312 0.403646 0.697312 0.404229 0.696453 0.411083 0.660828 0.412229 0.656531 0.424250 0.650531 0.429396 0.645813 0.429979 0.641516 0.424250 0.628219 0.413958 0.617906 0.415667 0.614047 0.417958 0.613187 0.416229 0.611906 0.407083 0.602891 0.400792 0.601172 0.401354 0.602469 0.395646 0.602469 0.393354
2 1 1 0.231094 0.356875 0.240891 0.356875 0.243344 0.361896 0.248094 0.364062 0.248406 0.369292 0.246609 0.373000 0.243016 0.375625 0.237953 0.374083 0.238766 0.369083 0.236484 0.364292 0.233547 0.360792 0.233047 0.359271 0.230922 0.359271
2 1 0 0.549563 0.355333 0.549078 0.339188 0.575219 0.337250 0.573766 0.348229 0.574250 0.360500 0.577156 0.361146 0.583438 0.361792 0.586344 0.361146 0.588281 0.364354 0.592641 0.363708 0.593125 0.361792 0.597000 0.362438 0.599906 0.352750 0.596031 0.346938 0.592156 0.344354 0.578125 0.340479 0.578125 0.349521 0.558281 0.360500 0.554406 0.365000 0.551016 0.366292 0.550531 0.361792 0.549563 0.359208 0.544719 0.358562 0.544234 0.341771 0.541813 0.339188 0.538437 0.344354 0.537953 0.359854 0.542297 0.360500 0.543750 0.363708
2 1 1 0.313188 0.375583 0.312406 0.365917 0.312406 0.360729 0.307469 0.356917 0.303578 0.356562 0.319672 0.353813 0.324594 0.359687 0.326672 0.362792 0.328219 0.373167 0.324594 0.374208
2 1 1 0.302469 0.373458 0.302469 0.378979 0.297094 0.378333 0.293922 0.375729 0.291719 0.366938 0.290750 0.361729 0.294406 0.358146 0.301969 0.355542 0.304172 0.355229 0.305391 0.358146
2 1 1 0.249781 0.372729 0.251062 0.371437 0.252516 0.370375 0.253953 0.368875 0.253797 0.367146 0.250578 0.364583 0.248500 0.363521 0.245766 0.361167 0.243672 0.359875 0.243359 0.359667 0.244484 0.362875 0.247531 0.364375 0.248500 0.367792 0.247688 0.370375 0.247859 0.373583
2 1 0 0.036641 0.368229 0.026719 0.367500 0.019563 0.379250 0.004688 0.382917 0.001391 0.385854 0.001391 0.398333 0.006344 0.401271 0.015703 0.405687 0.023969 0.396146 0.055906 0.393208 0.060312 0.401271 0.068578 0.394667 0.074078 0.391000 0.074641 0.376313 0.069125 0.373375 0.065828 0.366042
