57 1 1 0.996205 0.891167 0.816027 0.858400 0.621451 0.838033 0.480647 0.822200 0.478371 0.829000 0.543482 0.868567 0.566183 0.895700 0.569978 0.916067 0.566942 0.999700 0.997723 0.997467
25 1 1 0.388237 0.366300 0.371696 0.377533 0.373192 0.413467 0.373192 0.429200 0.446920 0.426967 0.434888 0.447200 0.421339 0.447200 0.416830 0.442700 0.410804 0.451700 0.352121 0.465167 0.347612 0.442700 0.347612 0.460667 0.302478 0.456167 0.299464 0.555067 0.293438 0.557300 0.294933 0.467400 0.191116 0.444933 0.165536 0.444933 0.142946 0.429200 0.133929 0.404500 0.145960 0.384267 0.183594 0.366300 0.246786 0.343833 0.281406 0.332600 0.300960 0.334833 0.331049 0.341567
60 1 1 0.846116 0.770467 0.801786 0.763433 0.781987 0.760633 0.781987 0.743733 0.823839 0.645033 0.984353 0.658133 0.981964 0.693933 0.893304 0.677233 0.876540 0.674833 0.826228 0.679600 0.816652 0.685567 0.816652 0.692733 0.816652 0.698700 0.832612 0.710633 0.842210 0.722533 0.846987 0.769067
41 1 1 0.155335 0.579967 0.168929 0.570933 0.174955 0.582200 0.179487 0.564200 0.232254 0.552933 0.315223 0.557433 0.331808 0.561933 0.324263 0.820933 0.318237 0.944833 0.268460 0.960600 0.183996 0.962833 0.171942 0.775900 0.156853 0.597967
39 1 1 0.336987 0.799633 0.352812 0.728667 0.372991 0.664167 0.388817 0.576000 0.387388 0.539433 0.390268 0.524367 0.407545 0.524367 0.426272 0.528667 0.432031 0.528667 0.436339 0.537267 0.434911 0.593200 0.436339 0.623300 0.440670 0.659867 0.450759 0.694267 0.457946 0.732967 0.470915 0.786733 0.478103 0.803933 0.480982 0.844800 0.465156 0.896400 0.444978 0.937267 0.352812 0.926533 0.339866 0.898567
0 1 1 0.635156 0.705633 0.679330 0.711533 0.683281 0.740067 0.692500 0.743500 0.705357 0.739100 0.710290 0.728767 0.705357 0.713500 0.700089 0.712033 0.690848 0.696767 0.678996 0.694300 0.676027 0.653967 0.665156 0.639667 0.648996 0.642133 0.645045 0.664300 0.645045 0.692333 0.638795 0.696767 0.635491 0.703667
8 1 0 0.813192 0.403133 0.884353 0.386967 0.922277 0.420467 0.902165 0.438933 0.852656 0.440100 0.822478 0.436633 0.808549 0.407733
56 1 1 0.138415 0.761367 0.117210 0.712733 0.113549 0.692500 0.128906 0.685400 0.150491 0.688667 0.160379 0.689767 0.172455 0.766267 0.169531 0.767900 0.156719 0.768467 0.147210 0.768467
8 1 0 0.973393 0.395433 0.983817 0.392400 0.989888 0.387900 0.989554 0.377833 0.989554 0.373300 0.993594 0.372800 0.996272 0.377833 0.995603 0.385367 0.998304 0.391900 1.000000 0.392900 1.000000 0.411033 0.996964 0.414533 0.987522 0.414033 0.980781 0.411033 0.975402 0.408000 0.973058 0.403467
25 1 1 0.027366 0.463667 0.030982 0.438567 0.030335 0.413467 0.035603 0.412967 0.038571 0.439567 0.056362 0.453333 0.068884 0.462200 0.072522 0.472033 0.071205 0.487300 0.054710 0.484833 0.031652 0.485800 0.027701 0.465133
56 1 1 0.708571 0.744600 0.705714 0.734433 0.704866 0.727633 0.700045 0.714500 0.691540 0.702200 0.697210 0.700933 0.715089 0.700100 0.721607 0.701367 0.730424 0.707300 0.732679 0.711533 0.737522 0.736533 0.740915 0.747567 0.743482 0.753933 0.739777 0.754333 0.730424 0.752633 0.715647 0.750100
39 1 1 0.060960 0.620400 0.051875 0.569533 0.048103 0.563867 0.045826 0.532233 0.037500 0.533367 0.032946 0.566133 0.035223 0.620400
39 1 1 0.078259 0.636367 0.078259 0.592200 0.069576 0.581833 0.071317 0.532467 0.059129 0.532467 0.064353 0.574033 0.057388 0.597400 0.057388 0.597400 0.060871 0.620767
25 1 1 0.375357 0.425100 0.507478 0.427367 0.513482 0.404933 0.519509 0.422867 0.525513 0.425100 0.525513 0.541700 0.530000 0.534967 0.537522 0.416133 0.597567 0.431833 0.600580 0.398200 0.605089 0.420633 0.696674 0.416133 0.695156 0.378033 0.543527 0.310767 0.531518 0.299567 0.519509 0.321967 0.453438 0.330933 0.372366 0.366800
