19 1 0 0.207750 0.413854 0.224375 0.411000 0.231625 0.414979 0.239297 0.406458 0.234172 0.397937 0.232047 0.387146 0.231625 0.375208 0.223516 0.359292 0.214141 0.360417 0.209453 0.350771 0.208609 0.342229 0.208172 0.357021 0.209875 0.366667 0.195391 0.371229 0.183875 0.365542 0.156172 0.365542 0.115672 0.359854 0.096922 0.359854 0.087969 0.366667 0.074750 0.368375 0.067938 0.375208 0.060688 0.393958 0.047047 0.420667 0.046625 0.425208 0.047891 0.426354 0.056844 0.408167 0.066656 0.389417 0.071344 0.378042 0.076031 0.376333 0.079016 0.392250 0.082859 0.407604 0.083281 0.422375 0.075172 0.445687 0.067938 0.487729 0.077734 0.488313 0.079438 0.461583 0.092656 0.441708 0.095219 0.457604 0.112266 0.494563 0.121641 0.491708 0.107156 0.460458 0.107156 0.440563 0.116953 0.440000 0.134438 0.446250 0.144234 0.437146 0.150625 0.438292 0.168953 0.454208 0.165547 0.474104 0.151484 0.485458 0.154891 0.491146 0.168109 0.483187 0.171516 0.492854 0.177906 0.491708 0.173641 0.474667 0.177906 0.460458 0.179609 0.449083 0.191547 0.431458 0.197953 0.420667 0.201781 0.417833
8 1 0 0.992703 0.579771 0.694375 0.566292 0.687641 0.559542 0.370781 0.507875 0.409547 0.647187 0.527531 0.692125 0.667422 0.725833 0.712922 0.755062 0.750000 0.730333 0.755062 0.723604 0.999438 0.728083
19 1 0 0.000000 0.420229 0.000750 0.369750 0.004844 0.353375 0.019172 0.352021 0.032469 0.361563 0.056000 0.371104 0.071359 0.371104 0.065219 0.380667 0.061125 0.387479 0.059078 0.399771 0.059078 0.412042 0.070328 0.409313 0.072375 0.382021 0.079531 0.390208 0.085672 0.418854 0.082609 0.427042 0.079531 0.431146 0.065219 0.422958 0.063172 0.440688 0.063172 0.461146 0.060094 0.461146 0.058047 0.451604 0.057031 0.429771 0.043734 0.428417 0.039641 0.424313 0.022234 0.413396 0.022234 0.433875 0.024281 0.451604 0.028375 0.462521 0.031453 0.477521 0.028375 0.476167 0.023266 0.467979 0.017125 0.448875 0.010984 0.428417 0.004844 0.442062 0.001781 0.443417
19 1 0 0.744031 0.455375 0.739266 0.447292 0.734062 0.435729 0.732328 0.421854 0.734484 0.412604 0.741000 0.416646 0.746203 0.420687 0.747500 0.424750 0.751828 0.424750 0.755734 0.418958 0.769609 0.417229 0.771344 0.421271 0.773078 0.423000 0.780016 0.440354 0.784359 0.448438 0.786953 0.451917 0.788688 0.462896 0.795641 0.461167 0.789125 0.441500 0.774813 0.413167 0.776984 0.386000 0.779156 0.376167 0.794328 0.366917 0.778281 0.365187 0.753563 0.362875 0.735797 0.360563 0.733187 0.361146 0.724078 0.361708 0.718875 0.365771 0.718875 0.427063 0.722344 0.416063 0.721484 0.430521 0.735797 0.450188 0.735797 0.459437 0.746203 0.460000 0.753563 0.457687 0.756609 0.461167 0.757469 0.460583 0.763109 0.453646 0.765281 0.440937 0.761813 0.447292 0.754875 0.453063
19 1 0 0.899984 0.371792 0.904141 0.371458 0.908562 0.371458 0.915844 0.371458 0.919484 0.371458 0.924156 0.371458 0.929875 0.371458 0.932734 0.371104 0.936641 0.372500 0.938984 0.373188 0.941063 0.372500 0.945219 0.372833 0.947563 0.372833 0.952750 0.372500 0.956141 0.371792 0.959000 0.371792 0.964453 0.370417 0.969141 0.370771 0.974859 0.372146 0.977969 0.372500 0.987844 0.372500 0.987844 0.372500 0.988625 0.368688 0.989406 0.363833 0.989937 0.359667 0.990187 0.355521 0.992266 0.356208 0.992531 0.360021 0.992531 0.363479 0.992531 0.366604 0.992531 0.368688 0.993047 0.369375 0.994609 0.367646 0.997203 0.366958 0.998250 0.368333 0.995906 0.371792 0.995125 0.372500 0.994609 0.375958 0.995391 0.377687 0.996953 0.380812 0.998516 0.383937 1.000000 0.387396 1.000000 0.393292 1.000000 0.410958 0.995656 0.408542 0.990969 0.405771 0.987594 0.402312 0.985516 0.402312 0.982656 0.406813 0.980047 0.409229 0.978234 0.411312 0.976937 0.411312 0.969391 0.420333 0.967578 0.422396 0.967578 0.425875 0.968609 0.430021 0.969656 0.433500 0.969391 0.436271 0.968609 0.438688 0.968609 0.440083 0.969656 0.443542 0.970172 0.448063 0.968094 0.451875 0.966531 0.453604 0.964188 0.456375 0.962641 0.458792 0.961328 0.458458 0.960031 0.457417 0.960031 0.456375 0.962109 0.452917 0.964188 0.449104 0.965234 0.444583 0.963672 0.438354 0.961859 0.434542 0.960031 0.431063 0.953531 0.429333 0.950422 0.429333 0.952234 0.436625 0.953797 0.439396 0.955875 0.442500 0.957172 0.445979 0.957953 0.448396 0.959781 0.453604 0.959000 0.455333 0.955875 0.453938 0.954313 0.449437 0.952750 0.443896 0.950672 0.441125 0.949109 0.437667 0.948078 0.432104 0.946250 0.429000 0.943922 0.427250 0.940531 0.426562 0.939234 0.427958 0.937672 0.428292 0.935344 0.428646 0.933000 0.429333 0.929359 0.426208 0.926766 0.424146 0.924688 0.424146 0.922609 0.431417 0.921562 0.432813 0.920266 0.439729 0.919734 0.444583 0.920266 0.453604 0.920000 0.456021 0.917406 0.456729 0.915063 0.456375 0.913250 0.454292 0.912984 0.452917 0.914547 0.444250 0.916109 0.436958 0.916875 0.430375 0.916625 0.425875 0.916109 0.424146 0.914547 0.422750 0.911938 0.421708 0.909859 0.421708 0.908562 0.421708 0.912719 0.412708 0.910906 0.408542 0.909078 0.399188 0.908297 0.395375 0.908297 0.390521 0.907531 0.387042 0.905187 0.381854 0.903109 0.378042 0.901281 0.375604
19 1 0 0.665703 0.365313 0.682000 0.363187 0.692219 0.367875 0.708172 0.366583 0.717125 0.363187 0.718078 0.371271 0.718719 0.419396 0.718391 0.429187 0.716156 0.444083 0.716156 0.456437 0.715516 0.460688 0.712641 0.460688 0.711688 0.441958 0.708500 0.441958 0.707219 0.457271 0.704031 0.457271 0.701469 0.437271 0.697641 0.421937 0.682625 0.422375 0.688062 0.451313 0.692531 0.462812 0.690297 0.464521 0.674656 0.430021 0.666031 0.427042 0.657719 0.445354 0.656125 0.461958 0.652297 0.461104 0.659328 0.424917 0.651656 0.423208 0.648469 0.415979 0.649109 0.413000 0.664750 0.404479 0.677844 0.408750 0.682625 0.403625 0.674328 0.381063 0.670812 0.375958 0.664109 0.370000
19 1 0 0.550125 0.378000 0.561547 0.369042 0.573641 0.369042 0.593813 0.373521 0.610609 0.375312 0.626734 0.375312 0.648250 0.378896 0.655641 0.373521 0.661016 0.370833 0.670422 0.374417 0.676469 0.384271 0.681172 0.397708 0.682516 0.404896 0.681172 0.408479 0.677141 0.409375 0.669750 0.407583 0.662359 0.405792 0.647578 0.413854 0.647578 0.416542 0.646234 0.426396 0.641516 0.433562 0.641516 0.445208 0.645547 0.468500 0.643531 0.469396 0.635469 0.464917 0.634797 0.454167 0.632109 0.443417 0.627406 0.436250 0.620687 0.433562 0.618000 0.433562 0.615312 0.434458 0.613297 0.457750 0.614641 0.461333 0.605234 0.462229 0.602547 0.467604 0.601875 0.467604 0.598516 0.460437 0.598516 0.451479 0.598516 0.440729 0.593813 0.427292 0.585750 0.425500 0.578344 0.431771 0.577000 0.431771 0.572297 0.433562 0.567594 0.429083 0.564906 0.426396 0.565578 0.442521 0.573641 0.449688 0.571625 0.460437 0.559531 0.459542 0.557516 0.459542 0.549453 0.446104 0.548781 0.440729 0.548109 0.431771 0.548109 0.428187 0.550125 0.421917 0.550125 0.416542 0.547437 0.400396 0.547437 0.394125 0.550125 0.387854 0.554156 0.378896 0.554156 0.378000
0 1 1 0.756844 0.346667 0.761703 0.340542 0.764953 0.334417 0.765484 0.326125 0.772797 0.326479 0.773875 0.335500 0.780359 0.343438 0.784422 0.351729 0.784688 0.363625 0.762250 0.361813 0.761969 0.349187 0.758734 0.352437 0.756297 0.347750
19 1 0 0.284281 0.387792 0.282984 0.402562 0.282734 0.404958 0.277578 0.405313 0.268313 0.403937 0.261094 0.401521 0.256203 0.400167 0.248219 0.401521 0.248219 0.406333 0.247953 0.412521 0.247953 0.414917 0.247703 0.415604 0.246406 0.416646 0.244359 0.417667 0.240484 0.417667 0.223484 0.415604 0.215500 0.416292 0.210875 0.415604 0.221422 0.412188 0.229406 0.414229 0.233797 0.414583 0.239203 0.407021 0.236891 0.401875 0.234562 0.393979 0.233797 0.386417 0.233016 0.376458 0.227875 0.365479 0.231734 0.365479 0.238172 0.366833 0.245125 0.368208 0.250531 0.367875 0.255688 0.365812 0.260063 0.363063 0.265469 0.361000 0.268828 0.359979 0.272687 0.360312 0.277844 0.360312 0.282469 0.359625 0.284016 0.359625 0.285047 0.359625 0.288922 0.358604 0.289438 0.356187 0.289438 0.352083 0.290969 0.348646 0.293297 0.352417 0.293547 0.352771 0.295359 0.355854 0.297672 0.358604 0.297672 0.361000 0.297422 0.361688 0.294062 0.363063 0.290969 0.364437 0.290203 0.367875 0.289937 0.369250 0.289438 0.369583 0.287375 0.371312 0.285828 0.372333 0.285047 0.374063 0.284797 0.376458 0.285047 0.382646 0.285047 0.385396 0.284531 0.386771 0.284531 0.388479
19 1 0 0.250719 0.472917 0.250719 0.467375 0.250078 0.461417 0.249437 0.452875 0.245922 0.441792 0.246234 0.436229 0.251031 0.430271 0.251672 0.423875 0.250078 0.412771 0.250078 0.405521 0.254562 0.401250 0.262234 0.402104 0.266078 0.403812 0.273750 0.404667 0.280469 0.405958 0.286875 0.406375 0.289422 0.405958 0.292625 0.405958 0.297109 0.406813 0.298703 0.407646 0.305109 0.407646 0.309906 0.405958 0.314703 0.406375 0.319500 0.420458 0.322062 0.425563 0.322703 0.431979 0.318547 0.432396 0.308953 0.430271 0.305422 0.431125 0.299344 0.442646 0.297422 0.444333 0.301906 0.453292 0.305750 0.464396 0.307344 0.467375 0.310219 0.474208 0.308625 0.475917 0.304141 0.475917 0.299344 0.471646 0.296141 0.463958 0.293906 0.457146 0.292313 0.453729 0.291031 0.453292 0.289750 0.453292 0.289422 0.461833 0.285906 0.461833 0.284625 0.469938 0.283344 0.472917 0.281109 0.472500 0.281109 0.465667 0.281109 0.457563 0.281750 0.445188 0.274078 0.440083 0.270234 0.444771 0.267031 0.444771 0.262234 0.440500 0.257109 0.438792 0.255516 0.467375 0.252312 0.471646
0 1 1 0.704828 0.329187 0.704828 0.329187 0.703937 0.333229 0.706250 0.335854 0.707141 0.351792 0.703578 0.348938 0.703578 0.348938 0.700906 0.349167 0.701438 0.357250 0.697516 0.358687 0.695547 0.360833 0.694125 0.358917 0.694125 0.347500 0.693047 0.343937 0.694297 0.338229 0.696625 0.334667 0.698047 0.334188 0.697859 0.327292 0.701438 0.324917 0.705000 0.325625
0 1 1 0.661328 0.359042 0.661812 0.352583 0.662297 0.348708 0.662781 0.343542 0.662781 0.338396 0.661812 0.333875 0.661812 0.330000 0.664719 0.323542 0.669078 0.323542 0.671016 0.328063 0.674406 0.332583 0.675375 0.339042 0.675375 0.346125 0.675375 0.352583 0.675375 0.356458 0.675859 0.359687 0.675859 0.360979 0.671984 0.360979 0.667625 0.360979 0.662781 0.360333
0 1 1 0.804500 0.355667 0.802969 0.349417 0.805156 0.342021 0.800906 0.333000 0.795781 0.332708 0.794688 0.334312 0.793063 0.332146 0.793172 0.344188 0.791641 0.347688 0.790000 0.357125 0.789891 0.362646 0.794359 0.359604 0.799266 0.357417 0.801672 0.357563
0 1 1 0.526266 0.360396 0.530141 0.344917 0.528687 0.335875 0.535937 0.332000 0.536906 0.342979 0.542719 0.349438 0.543203 0.359750 0.532562 0.362979
0 1 0 0.292375 0.335500 0.296469 0.338229 0.298375 0.345375 0.298500 0.352188 0.299656 0.359167 0.298125 0.363083 0.294813 0.365125 0.292000 0.365458 0.289453 0.362896 0.286891 0.358646 0.286641 0.354562 0.289062 0.352188 0.289703 0.349458 0.290344 0.345708 0.291875 0.341125
0 1 1 0.248641 0.358875 0.243188 0.357583 0.243016 0.349021 0.243656 0.343875 0.245750 0.340458 0.247844 0.339375 0.250094 0.342375
0 1 0 0.050828 0.356500 0.049359 0.349063 0.050828 0.341604 0.053781 0.340042 0.053781 0.336521 0.056422 0.335354 0.059359 0.338083 0.058188 0.343958 0.058766 0.349833 0.058469 0.355333 0.058469 0.356896 0.058188 0.358854 0.051719 0.358854
0 1 1 0.397266 0.355896 0.399344 0.350563 0.398078 0.349937 0.395187 0.347583 0.395031 0.344396 0.393594 0.340542 0.391844 0.340771 0.390875 0.343542 0.390078 0.347792 0.389437 0.352687 0.390875 0.357396 0.397594 0.357604 0.397906 0.355250
0 1 1 0.627688 0.359375 0.621734 0.358458 0.619453 0.335563 0.621516 0.334021 0.622422 0.330375 0.624484 0.330062 0.625641 0.330375 0.626094 0.333729 0.627922 0.337396
19 1 0 0.414656 0.368792 0.429906 0.371583 0.440953 0.374396 0.468297 0.375792 0.491437 0.368792 0.500906 0.378604 0.516172 0.384917 0.520375 0.384917 0.516688 0.368083 0.524578 0.370187 0.530891 0.389812 0.537203 0.408750 0.536672 0.426292 0.536156 0.429104 0.533000 0.429104 0.525625 0.429104 0.506703 0.429792 0.496172 0.435417 0.496172 0.447333 0.494594 0.464167 0.479875 0.479583 0.477250 0.472583 0.475141 0.461354 0.472516 0.433313 0.452000 0.434708 0.451469 0.435417 0.442000 0.435417 0.427281 0.429104 0.420437 0.437521 0.422016 0.452229 0.427797 0.462750 0.430953 0.466958 0.433062 0.473271 0.422547 0.473979 0.417281 0.463458 0.412016 0.434000 0.404125 0.444521 0.402547 0.457854 0.395719 0.450833 0.395719 0.436812 0.392031 0.436812 0.410437 0.412271 0.420437 0.417167 0.434109 0.406646 0.415172 0.375104 0.410969 0.368792
19 1 0 0.287469 0.404000 0.285875 0.391146 0.285875 0.374021 0.295500 0.363313 0.305141 0.365458 0.329234 0.369729 0.371969 0.369938 0.380000 0.361375 0.394453 0.372083 0.405703 0.374229 0.402484 0.357104 0.412125 0.369938 0.423359 0.384937 0.433000 0.408479 0.421750 0.417062 0.410516 0.410625 0.399266 0.425625 0.389641 0.440604 0.405703 0.468438 0.412125 0.477021 0.392844 0.474875 0.383219 0.440604 0.362328 0.432042 0.357516 0.464167 0.354297 0.483438 0.346281 0.477021 0.347875 0.438458 0.318969 0.429896 0.315766 0.412771 0.304516 0.408479 0.291672 0.408479
19 1 0 0.897266 0.374562 0.892531 0.377375 0.880437 0.378063 0.866766 0.373854 0.857297 0.369646 0.830469 0.371062 0.802594 0.368958 0.790500 0.368958 0.779453 0.376667 0.776297 0.386479 0.774188 0.420854 0.766828 0.429271 0.765250 0.447500 0.760516 0.467833 0.767344 0.468542 0.773656 0.446104 0.776812 0.436979 0.787859 0.441188 0.796281 0.459417 0.801547 0.470646 0.806797 0.465729 0.796281 0.442583 0.803125 0.432771 0.831000 0.432063 0.838359 0.431375 0.833625 0.471354 0.840984 0.471354 0.850453 0.435583 0.857297 0.435583 0.870969 0.447500 0.876234 0.469938 0.885172 0.472750 0.878859 0.458021 0.876234 0.438375 0.877813 0.428563 0.883062 0.421563 0.891484 0.418042 0.900422 0.418750 0.908844 0.420854 0.907781 0.413146 0.905156 0.406125 0.905156 0.389292 0.898844 0.380875 0.898312 0.374562
