0 1 0 0.124734 0.740894 0.138875 0.706682 0.150016 0.642800 0.160734 0.591812 0.167594 0.575035 0.184734 0.555671 0.201453 0.540188 0.203594 0.533082 0.201016 0.526635 0.195875 0.518894 0.193734 0.513082 0.201016 0.508565 0.201016 0.491153 0.217297 0.476306 0.224594 0.475012 0.236156 0.489859 0.248578 0.505341 0.246438 0.513082 0.241734 0.529859 0.238734 0.542776 0.231437 0.556965 0.227156 0.565365 0.240875 0.578918 0.243016 0.640871 0.248156 0.693082 0.252875 0.728588 0.251156 0.753106 0.251156 0.766659 0.248578 0.773106 0.252438 0.833318 0.251578 0.836541 0.238734 0.842988 0.239156 0.870094 0.241734 0.898494 0.216438 0.921718 0.211734 0.861059 0.216016 0.837176 0.208297 0.851388 0.183016 0.866235 0.150875 0.910753 0.150453 0.937859 0.150875 0.959788 0.153016 0.972071 0.144453 0.977859 0.135016 0.973341 0.128594 0.963671 0.141875 0.937224 0.124312 0.906235 0.141016 0.873976 0.165016 0.833318 0.160734 0.767482 0.157312 0.726824 0.165453 0.660353 0.145734 0.722306 0.146156 0.754588 0.139734 0.767482 0.124734 0.766847 0.120453 0.748118
0 1 0 0.518094 0.925694 0.527141 0.852023 0.526234 0.817906 0.523531 0.805624 0.518094 0.801529 0.511750 0.790612 0.505406 0.786518 0.490906 0.772894 0.487281 0.685576 0.502688 0.613271 0.508125 0.595529 0.519906 0.572329 0.529859 0.553247 0.538922 0.524588 0.558859 0.502753 0.582406 0.509576 0.586938 0.531412 0.578781 0.580518 0.578781 0.609176 0.593281 0.646000 0.602344 0.655553 0.607781 0.666471 0.600531 0.680118 0.593281 0.699224 0.598719 0.767435 0.569734 0.779718 0.585125 0.854753 0.571547 0.882024 0.563391 0.873835 0.526234 0.910682 0.509031 0.959788 0.502688 0.946141 0.508125 0.927059
0 1 0 0.816484 0.610024 0.824484 0.588353 0.824484 0.572682 0.818094 0.564259 0.814891 0.551012 0.818094 0.537765 0.821281 0.532941 0.821281 0.529341 0.823687 0.519694 0.830078 0.511271 0.854875 0.511271 0.859672 0.514894 0.862875 0.522118 0.865266 0.535365 0.868469 0.557035 0.868469 0.578706 0.870063 0.610024 0.870063 0.630494 0.870063 0.646141 0.869266 0.670235 0.870063 0.697929 0.872469 0.717200 0.876469 0.730447 0.874063 0.752118 0.870063 0.760541 0.864469 0.765365 0.858875 0.771388 0.857266 0.775012 0.863672 0.824376 0.865266 0.855694 0.867672 0.866518 0.847672 0.883388 0.841281 0.896635 0.833281 0.905059 0.827687 0.893012 0.822094 0.865318 0.817281 0.855694 0.805297 0.836424 0.809297 0.788259 0.817281 0.750918 0.818891 0.735271 0.820484 0.717200 0.818094 0.694306 0.811687 0.676259 0.805297 0.690706 0.801297 0.694306 0.799688 0.677459 0.802891 0.664212 0.804500 0.664212 0.813297 0.656988 0.813297 0.649765 0.813297 0.634094 0.814094 0.618447 0.814094 0.610024 0.808484 0.636518 0.798891 0.638918 0.792500 0.632894 0.790094 0.618447 0.801297 0.587129 0.808484 0.570282 0.810891 0.561859 0.814094 0.549812
24 1 0 0.347891 0.569153 0.339453 0.654235 0.336844 0.692400 0.318656 0.729553 0.307625 0.730541 0.286828 0.729553 0.268641 0.708047 0.266047 0.683576 0.270594 0.661082 0.277734 0.634682 0.286187 0.602400 0.295922 0.589694 0.309563 0.579906 0.314766 0.562306 0.328406 0.553482 0.335547 0.545671 0.340750 0.537835 0.345937 0.547624 0.353734 0.546635 0.372578 0.530988 0.382312 0.536871 0.388812 0.544682 0.370625 0.549576 0.355031 0.560329 0.349844 0.566212 0.347250 0.578918
26 1 0 0.465984 0.792212 0.433703 0.813671 0.419437 0.827247 0.407438 0.845341 0.404422 0.870212 0.405922 0.876988 0.452484 0.876988 0.471250 0.848729 0.475000 0.831765 0.473500 0.794471 0.472750 0.786541
26 1 1 0.630734 0.631553 0.610250 0.719576 0.600875 0.761976 0.626031 0.779953 0.657188 0.794729 0.679375 0.794729 0.687047 0.788306 0.695156 0.774188 0.691312 0.746565 0.678094 0.703506 0.677234 0.690024 0.665719 0.676518 0.662297 0.662400 0.657609 0.663671 0.652922 0.648259 0.643109 0.652753 0.635000 0.614847 0.636703 0.608423 0.643531 0.567953 0.647797 0.546753 0.655047 0.544188 0.642672 0.541624 0.635844 0.560235 0.631156 0.597506 0.629875 0.608423 0.631156 0.619341 0.629875 0.628353
26 1 1 0.730609 0.604659 0.731609 0.632094 0.730609 0.649624 0.735156 0.662565 0.783750 0.654188 0.800953 0.651906 0.801453 0.633600 0.790828 0.631318 0.794375 0.612282 0.801453 0.588635 0.785266 0.586353 0.777172 0.591694 0.765016 0.596259 0.747297 0.603129
0 1 0 1.000000 0.513788 1.000000 0.641318 1.000000 0.847129 0.995344 0.860541 0.974547 0.757647 0.962672 0.695012 0.950781 0.636847 0.965641 0.565247 0.980500 0.538400 0.995344 0.507082 1.000000 0.464588 0.986437 0.455624 0.979016 0.433247 0.989406 0.417600 1.000000 0.417600
24 1 0 0.125531 0.661835 0.124344 0.632141 0.124937 0.597035 0.120156 0.579929 0.144062 0.605129 0.148844 0.634824 0.150047 0.660024 0.126734 0.660024
0 1 0 0.679891 0.704494 0.675109 0.698188 0.671516 0.696400 0.667344 0.684682 0.661359 0.683788 0.654188 0.652282 0.647016 0.649576 0.644625 0.647788 0.642234 0.628894 0.638047 0.616282 0.637453 0.599176 0.626687 0.628894 0.624297 0.648682 0.618922 0.663082 0.615344 0.676588 0.611750 0.713482 0.606375 0.710800 0.608172 0.670282 0.608172 0.652282 0.608172 0.619882 0.615938 0.549671 0.617125 0.535271 0.618328 0.520871 0.618328 0.504682 0.618328 0.492071 0.620719 0.450659 0.627297 0.438965 0.643438 0.419176 0.653594 0.423671 0.662562 0.426376 0.670328 0.425459 0.675703 0.438965 0.682875 0.463271 0.687656 0.477671 0.687656 0.482165 0.687063 0.492071 0.685266 0.493882 0.684078 0.499271 0.683484 0.507365 0.681094 0.516376 0.679297 0.521765 0.673906 0.522682 0.669125 0.538871 0.670922 0.546988 0.686469 0.581176 0.691250 0.591082 0.693641 0.602776 0.693047 0.608188 0.701406 0.598282 0.704391 0.586588 0.703797 0.573976 0.702609 0.562282 0.706781 0.547882 0.710375 0.544282 0.720531 0.554188 0.723531 0.557788 0.732484 0.567671 0.728906 0.580282 0.724125 0.588376 0.719344 0.602776 0.714563 0.627976 0.709172 0.649576 0.690047 0.690094 0.688859 0.702682 0.691250 0.710800 0.690656 0.726988 0.686469 0.730588 0.694234 0.778306 0.715156 0.895318 0.714563 0.918706 0.712172 0.934000 0.706187 0.947506 0.690047 0.966424 0.675703 0.983506 0.659562 1.000000 0.630875 1.000000 0.629687 0.988918 0.630281 0.977224 0.634469 0.950212 0.637453 0.938518 0.638656 0.925906 0.638656 0.912400 0.633875 0.912400 0.629687 0.908800 0.629078 0.907012 0.626094 0.901600 0.622516 0.899812 0.620719 0.898918 0.618375 0.881035 0.614094 0.769859 0.654188 0.791788 0.674516 0.787294
0 1 0 0.110422 0.811247 0.073125 0.644941 0.070141 0.584259 0.068641 0.532588 0.064172 0.471906 0.053719 0.449435 0.038797 0.447200 0.017906 0.460682 0.000000 0.483153 0.016422 0.928094
0 1 0 0.771031 0.566212 0.757656 0.577388 0.739828 0.590824 0.727938 0.593059 0.723484 0.606471 0.750234 0.615435 0.771031 0.608706 0.785875 0.588588 0.803703 0.633318 0.796281 0.669129 0.791828 0.678071 0.787359 0.713859 0.793312 0.763082 0.790344 0.830188 0.784391 0.886118 0.787359 0.901788 0.793312 0.917435 0.831937 0.912965 0.821531 0.857035 0.809656 0.845859 0.805188 0.810071 0.814109 0.774259 0.815594 0.740706 0.814109 0.698212 0.814109 0.671365 0.803703 0.693718 0.800734 0.702682 0.797766 0.693718 0.802219 0.669129 0.811141 0.664635 0.814109 0.662400 0.815594 0.644518 0.817078 0.552800 0.809656 0.561741 0.800734 0.530424 0.788859 0.521459 0.772516 0.537129 0.760625 0.528188 0.772516 0.510282 0.771031 0.492376 0.754687 0.483435 0.736859 0.483435 0.742797 0.499106
26 1 0 0.879203 0.627035 0.874828 0.656259 0.869984 0.682588 0.872891 0.705976 0.876281 0.746918 0.883078 0.765929 0.901531 0.750588 0.908813 0.729388 0.912219 0.714024 0.902016 0.667224 0.896187 0.651153 0.887938 0.632871 0.882594 0.629953
