0 1 1 0.498417 0.143562 0.501354 0.112125 0.498417 0.096047 0.501354 0.084344 0.485750 0.072656 0.484771 0.062422 0.477958 0.054375 0.465292 0.052188 0.452604 0.055109 0.446771 0.063141 0.441896 0.071188 0.432146 0.077031 0.428250 0.088734 0.428250 0.104813 0.431167 0.115781 0.435062 0.110672 0.437021 0.097500 0.452604 0.091656 0.467229 0.094578 0.470146 0.101156 0.470146 0.112125 0.470146 0.118703 0.475021 0.120906 0.484771 0.125281 0.484771 0.131875 0.485750 0.138453 0.495500 0.139906
0 1 1 0.082938 0.197203 0.072646 0.167844 0.078833 0.152391 0.082938 0.124563 0.091187 0.123016 0.087063 0.104469 0.099437 0.098297 0.120042 0.099828 0.134458 0.102922 0.132396 0.121469 0.144771 0.126109 0.155062 0.146203 0.159188 0.158563 0.161250 0.161656 0.144771 0.166297 0.146833 0.197203 0.082938 0.187937
0 1 1 0.669937 0.187063 0.642958 0.186734 0.642958 0.178438 0.641646 0.168484 0.643417 0.163172 0.639417 0.153563 0.639875 0.146922 0.641646 0.141609 0.638979 0.134984 0.641187 0.121703 0.647833 0.108109 0.658437 0.101141 0.672604 0.096172 0.673042 0.091859 0.671708 0.088531 0.673479 0.082891 0.681437 0.079250 0.689417 0.082562 0.693833 0.084891 0.698687 0.085875 0.699146 0.093172 0.698250 0.099484 0.706667 0.100141 0.720375 0.106453 0.720375 0.111094 0.715062 0.115078 0.714188 0.125688 0.709750 0.143937 0.711083 0.163844 0.710646 0.179766 0.706667 0.188063 0.684979 0.187391 0.688083 0.175125 0.667292 0.175453
0 1 1 0.213500 0.194562 0.208000 0.181141 0.208729 0.169344 0.208000 0.162484 0.209104 0.157547 0.209104 0.149594 0.208000 0.141094 0.208000 0.134250 0.215687 0.126563 0.227750 0.120266 0.232146 0.116703 0.232146 0.113672 0.228125 0.111766 0.229583 0.103266 0.230313 0.095578 0.234688 0.091750 0.243833 0.090094 0.251875 0.093938 0.257000 0.099422 0.256271 0.104625 0.254438 0.108187 0.253333 0.114500 0.254083 0.117516 0.259188 0.119438 0.264667 0.123281 0.273812 0.130953 0.277833 0.148234 0.282229 0.154812 0.289167 0.160297 0.291375 0.162484 0.298313 0.177563 0.303438 0.178125 0.296125 0.190453 0.291729 0.191828 0.274917 0.192109 0.276000 0.182781 0.265417 0.185250 0.251521 0.186891 0.237625 0.184969 0.231396 0.183047 0.232875 0.189641 0.233604 0.193203
38 1 1 0.460833 0.337422 0.455229 0.335313 0.462708 0.311469 0.448687 0.276406 0.458042 0.250453 0.466458 0.233625 0.486083 0.230813 0.503854 0.235031 0.512271 0.246953 0.497313 0.281312 0.474875 0.305156 0.464583 0.345828 0.462708 0.354953 0.454292 0.354953 0.452417 0.356359 0.456167 0.362672 0.464583 0.361266
56 1 1 0.997833 0.250672 0.936771 0.252047 0.935542 0.256687 0.928750 0.283984 0.912708 0.285828 0.911479 0.302953 0.910229 0.328859 0.914562 0.334406 0.922583 0.341812 0.921958 0.352000 0.931208 0.352922 0.929354 0.361719 0.942937 0.362172 0.944167 0.352000 0.999687 0.352000
0 1 1 0.332833 0.095906 0.333375 0.105562 0.328625 0.118156 0.351021 0.119000 0.362208 0.137891 0.361375 0.144406 0.369771 0.148813 0.370063 0.156375 0.367542 0.166234 0.361375 0.177578 0.354104 0.181984 0.338417 0.184719 0.337854 0.190375 0.314063 0.192062 0.309583 0.179047 0.307354 0.172531 0.293354 0.176734 0.288604 0.163500 0.295583 0.156578 0.278521 0.151750 0.281875 0.145031 0.281042 0.125922 0.279354 0.123406 0.290563 0.119625 0.308479 0.116891 0.307625 0.114375 0.304000 0.112484 0.301750 0.099047 0.305667 0.090031 0.316312 0.087922 0.329750 0.090438
0 1 1 0.597750 0.203656 0.586000 0.201687 0.578188 0.211469 0.579479 0.222234 0.570354 0.234953 0.563833 0.243750 0.563833 0.249625 0.567750 0.258422 0.574271 0.269188 0.582083 0.279953 0.588604 0.290703 0.597750 0.300484 0.609479 0.311250 0.621208 0.320047 0.632958 0.331781 0.634250 0.329828 0.638167 0.306359 0.638167 0.293641 0.635563 0.285812 0.629042 0.279953 0.627729 0.274078 0.642083 0.266250 0.626437 0.241797 0.623833 0.237891 0.605563 0.230063 0.605563 0.229078 0.608167 0.227125 0.608167 0.208547 0.596438 0.200719
0 1 1 0.891271 0.107031 0.888438 0.103188 0.895250 0.092125 0.895812 0.089141 0.909437 0.087016 0.913979 0.087016 0.918521 0.094687 0.920229 0.102344 0.916250 0.111703 0.913417 0.111703 0.927604 0.117250 0.929313 0.137688 0.925896 0.141094 0.923625 0.151734 0.920792 0.155984 0.931021 0.158125 0.932708 0.166641 0.927604 0.175578 0.917958 0.185375 0.904333 0.186219 0.908312 0.173016 0.900917 0.168344 0.893542 0.169188 0.885021 0.178562 0.888438 0.184938 0.875375 0.184938 0.868000 0.175156 0.858917 0.167062 0.857208 0.156844 0.863458 0.151734 0.863458 0.146203 0.869708 0.136406 0.869708 0.131297 0.866292 0.129594 0.871979 0.113406 0.886729 0.109156 0.891271 0.107031
0 1 1 0.362458 0.131484 0.366750 0.153422 0.369333 0.181812 0.371062 0.190203 0.385688 0.190859 0.391708 0.178594 0.401167 0.180531 0.411500 0.192141 0.434729 0.188922 0.426125 0.172781 0.410646 0.159234 0.424417 0.157297 0.429563 0.128906 0.421833 0.121797 0.406333 0.116641 0.409771 0.095344 0.397729 0.088250 0.378812 0.091469 0.378812 0.117281 0.361583 0.130187
0 1 1 0.785021 0.172344 0.785021 0.165609 0.791021 0.158859 0.791021 0.149875 0.782021 0.131891 0.782021 0.116172 0.788021 0.102688 0.794000 0.100437 0.800000 0.100437 0.803000 0.091453 0.811979 0.086953 0.823979 0.077969 0.838958 0.077969 0.838958 0.091453 0.841937 0.095938 0.850938 0.098187 0.859917 0.102688 0.871917 0.118422 0.859917 0.143141 0.862917 0.165609 0.862917 0.176844 0.850938 0.185828 0.832958 0.163359 0.832958 0.161109 0.823979 0.163359 0.823979 0.174594 0.814979 0.190328 0.794000 0.192578 0.791021 0.170094 0.788021 0.181328 0.791021 0.163359
0 1 1 0.713104 0.191016 0.710104 0.168547 0.713104 0.159547 0.725083 0.157297 0.710104 0.141578 0.713104 0.119094 0.719104 0.116859 0.728083 0.105625 0.734083 0.105625 0.734083 0.096625 0.734083 0.089891 0.743063 0.085391 0.752062 0.085391 0.758062 0.094375 0.764042 0.101125 0.773042 0.105625 0.782021 0.110109 0.785021 0.123594 0.785021 0.146063 0.785021 0.152813 0.782021 0.157297 0.791021 0.161797 0.791021 0.173031 0.788021 0.184266 0.788021 0.188766 0.770042 0.184266 0.767042 0.170781 0.752062 0.164047 0.746062 0.166297 0.746062 0.188766 0.719104 0.188766
0 1 1 0.613208 0.051516 0.616125 0.060812 0.614667 0.067922 0.624875 0.072281 0.633625 0.077203 0.645271 0.112172 0.635792 0.117094 0.627062 0.115453 0.626333 0.097422 0.611750 0.090312 0.603750 0.091406 0.600104 0.097969 0.597917 0.108359 0.596458 0.114359 0.590625 0.118188 0.582604 0.118734 0.568042 0.112172 0.568771 0.088687 0.569500 0.078297 0.581896 0.071734 0.592812 0.070109 0.584792 0.055891 0.590625 0.049891 0.603021 0.047156 0.613937 0.047703
0 1 1 0.528688 0.131547 0.512792 0.139250 0.507187 0.144172 0.500646 0.165906 0.507187 0.184844 0.513729 0.190453 0.524021 0.193250 0.530563 0.192562 0.532438 0.180641 0.538979 0.179938 0.541792 0.178531 0.546458 0.182031 0.549271 0.187641 0.567979 0.185547 0.567979 0.175719 0.567042 0.166609 0.567042 0.154687 0.560479 0.139250 0.550208 0.132938 0.550208 0.132250 0.549271 0.123828 0.549271 0.117516 0.545521 0.111203 0.526833 0.109797 0.520271 0.115406 0.519354 0.115406 0.520271 0.121016 0.523083 0.124531
13 1 1 0.080625 0.110609 0.001958 0.111234 0.000000 0.119969 0.089792 0.119344
32 1 1 0.519896 0.236734 0.518167 0.240344 0.518167 0.244109 0.526438 0.249016 0.533437 0.248031 0.536917 0.246062 0.538438 0.243453 0.538438 0.242141 0.536708 0.240344 0.534083 0.239844 0.531458 0.239844 0.529063 0.239844 0.527104 0.240016 0.522958 0.239687 0.522958 0.238703 0.522521 0.237234 0.521875 0.236094
13 1 1 0.077625 0.081391 0.002813 0.083844 0.002813 0.072031 0.074333 0.072031
0 1 1 0.593063 0.499234 0.616583 0.537562 0.623875 0.545469 0.638479 0.583187 0.636854 0.596578 0.636854 0.619687 0.660375 0.623953 0.662000 0.608750 0.656333 0.592922 0.656333 0.564328 0.656333 0.547906 0.649021 0.534531 0.656333 0.522359 0.649021 0.460313 0.645792 0.430500 0.632812 0.375141 0.627937 0.331937 0.611708 0.307609 0.571979 0.265641 0.546500 0.241406 0.538813 0.224141 0.531917 0.219531 0.525000 0.220391 0.522313 0.222125 0.529229 0.224719 0.525000 0.227297 0.521542 0.228734 0.515792 0.227875 0.512333 0.229312 0.520021 0.235641 0.531146 0.250906 0.547250 0.269031 0.570271 0.292625 0.559146 0.293203 0.552250 0.296375 0.543813 0.304141 0.543042 0.308453 0.541125 0.319391 0.547250 0.328891 0.538854 0.349734 0.526188 0.350922 0.484333 0.372344 0.477938 0.364953 0.472521 0.350187 0.468083 0.342797 0.452813 0.337266 0.446417 0.350187 0.451833 0.354984 0.457250 0.371609 0.459229 0.379734 0.466125 0.390438 0.473500 0.391187 0.486792 0.387859 0.506500 0.382312 0.519292 0.387125 0.535062 0.381578 0.553271 0.418516 0.547854 0.441406 0.534604 0.489719 0.518187 0.532812 0.515188 0.576484 0.508479 0.590484 0.501750 0.598875 0.485333 0.613984 0.483104 0.617906 0.495042 0.625188 0.515188 0.624062 0.521167 0.613984 0.545042 0.607828 0.538333 0.591594 0.542812 0.570328 0.548042 0.534500 0.554750 0.526656 0.589833 0.523297
