0 1 0 0.606720 0.086621 0.609560 0.075014 0.608620 0.060218 0.609560 0.044768 0.616640 0.035749 0.624680 0.033815 0.635080 0.051853 0.634600 0.071798 0.627520 0.084033 0.618060 0.093706 0.625620 0.102071 0.621380 0.112371 0.613800 0.143924 0.607660 0.157439 0.599640 0.169019 0.599160 0.174823 0.591600 0.169673 0.599160 0.151635 0.606720 0.125232 0.606720 0.114305 0.603420 0.089183
0 1 0 0.442540 0.110136 0.437900 0.075777 0.436880 0.056839 0.446140 0.042807 0.443580 0.037193 0.447680 0.025967 0.462100 0.028774 0.461080 0.037193 0.453360 0.047030 0.454380 0.072970 0.452320 0.114332
0 1 0 0.886860 0.095286 0.886500 0.063161 0.887560 0.051008 0.890420 0.043215 0.891840 0.025722 0.915420 0.027657 0.911840 0.043706 0.917200 0.066567 0.923980 0.086512 0.928620 0.100627 0.917200 0.103542 0.902560 0.101608 0.900060 0.087984 0.896500 0.090409 0.895780 0.093815
0 1 0 0.097120 0.028828 0.111600 0.029837 0.109760 0.039973 0.108640 0.045014 0.115700 0.061199 0.122380 0.107766 0.121260 0.119401 0.115700 0.120899 0.098240 0.118365 0.097500 0.111308 0.097860 0.080954 0.098620 0.061199 0.100100 0.054142 0.095640 0.049564 0.093780 0.044005 0.093780 0.035422
0 1 0 0.635680 0.082234 0.633500 0.084659 0.629160 0.087357 0.624200 0.094632 0.620640 0.095967 0.618280 0.092725 0.626180 0.084114 0.631920 0.076022 0.634700 0.071172 0.634880 0.063896 0.634880 0.055286 0.635080 0.051499 0.633500 0.045041 0.630940 0.039373 0.629160 0.033460 0.631140 0.027520 0.638260 0.022153 0.644780 0.029673 0.645380 0.038038 0.647940 0.047193 0.648740 0.053134 0.648940 0.066049 0.649920 0.074142 0.649720 0.083025 0.650120 0.090300 0.651900 0.095150 0.651500 0.098120 0.649520 0.097847 0.641220 0.097330 0.640420 0.081417
0 1 0 0.257300 0.096894 0.260480 0.056104 0.265100 0.044496 0.264120 0.032888 0.267300 0.023597 0.275080 0.021935 0.279720 0.031880 0.285800 0.047139 0.285060 0.094251 0.284820 0.108174 0.280920 0.108856 0.277280 0.116812 0.270220 0.118147 0.265840 0.119455 0.266080 0.137711 0.265840 0.140354 0.263640 0.139373 0.262420 0.121444 0.270940 0.140354 0.277040 0.138692 0.279720 0.097221 0.277280 0.098556 0.272160 0.103542 0.270460 0.102207 0.269980 0.093597 0.267300 0.090926 0.265580 0.093924 0.265100 0.101226 0.263400 0.102861 0.267540 0.110845 0.263640 0.112507 0.261700 0.103869
0 1 0 0.825800 0.092316 0.831460 0.087166 0.837600 0.098120 0.840440 0.091689 0.835240 0.081362 0.834300 0.069128 0.835240 0.054986 0.839960 0.040163 0.832880 0.028583 0.825800 0.036294 0.821540 0.053052 0.816340 0.066567 0.816820 0.078147 0.818220 0.092970 0.821060 0.098120 0.826260 0.110354
0 1 0 0.659180 0.104659 0.662460 0.100926 0.662460 0.094223 0.665200 0.084523 0.664660 0.079292 0.661360 0.071090 0.660820 0.062153 0.659720 0.053188 0.663560 0.045749 0.670120 0.044251 0.675060 0.046485 0.676160 0.057684 0.676700 0.068856 0.676700 0.076322 0.676700 0.083025 0.676700 0.090490 0.678340 0.102425 0.677240 0.105395 0.667940 0.106894 0.660280 0.106894 0.661360 0.115858 0.656440 0.141962 0.656980 0.147166 0.661920 0.147166 0.667940 0.147166 0.674500 0.147166 0.676160 0.144196 0.676700 0.127793 0.677240 0.118828 0.670120 0.117330 0.666840 0.117330
0 1 0 0.937980 0.051172 0.933820 0.044796 0.931220 0.037711 0.931740 0.028501 0.937980 0.034169 0.939540 0.029918 0.944740 0.024932 0.950480 0.032044 0.950480 0.039837 0.951520 0.100817 0.948920 0.100109 0.946820 0.102943 0.945260 0.075286 0.943180 0.103651 0.934860 0.100817 0.933820 0.083079 0.933820 0.071744 0.933820 0.063243 0.934860 0.058283
0 1 0 0.400740 0.031580 0.400740 0.052916 0.400540 0.055722 0.403840 0.061063 0.403840 0.078202 0.403220 0.091689 0.406920 0.095041 0.413320 0.095613 0.415380 0.090272 0.417020 0.078202 0.417860 0.065286 0.416820 0.048420 0.417440 0.041962 0.417020 0.034659 0.414960 0.028774
0 1 0 0.788480 0.093106 0.785440 0.074796 0.787620 0.068883 0.788480 0.065940 0.787180 0.061226 0.782420 0.054741 0.786740 0.057084 0.784140 0.044114 0.787620 0.040572 0.788480 0.030518 0.781540 0.030518 0.779820 0.050599 0.779380 0.090136 0.788480 0.094877
0 1 0 0.571340 0.077711 0.560140 0.059646 0.567260 0.055014 0.569300 0.052725 0.560820 0.034196 0.568620 0.029128 0.573720 0.036975 0.581520 0.062425 0.580860 0.067057 0.579160 0.089728 0.578140 0.093896 0.575420 0.097139 0.571340 0.090191 0.572020 0.084632 0.571680 0.080000
8 1 0 0.121500 0.560082 0.860500 0.535150 0.918740 0.448992 0.928740 0.353733 0.900440 0.244905 0.812220 0.095232 0.840520 0.287984 0.840520 0.326539 0.615820 0.403624 0.481020 0.417221 0.401120 0.390027 0.372820 0.326539 0.189740 0.333324 0.136480 0.317466 0.136480 0.405886 0.103200 0.378692 0.096540 0.278910 0.099860 0.251689 0.061580 0.408174 0.066580 0.521553 0.101520 0.553297
