9 1 1 0.309400 0.376773 0.307320 0.188613 0.370200 0.191413 0.374380 0.385173 0.307320 0.382373
0 1 0 0.941500 0.487813 0.945820 0.488453 0.945920 0.492533 0.944660 0.495973 0.948680 0.504027 0.950040 0.514373 0.948500 0.525493 0.946380 0.529467 0.944180 0.545547 0.941400 0.544667 0.940540 0.536347 0.939500 0.523440 0.936240 0.532907 0.935560 0.545173 0.932600 0.545173 0.931740 0.532133 0.932120 0.504800 0.931820 0.502240 0.934500 0.497253 0.939200 0.495333 0.939780 0.487413
9 1 0 0.176120 0.421653 0.177020 0.466080 0.167580 0.468507 0.167120 0.463680 0.165760 0.452880 0.165320 0.443280 0.165320 0.437280 0.166220 0.428267 0.168480 0.424053 0.171620 0.422853
9 1 1 0.818740 0.432267 0.831380 0.433440 0.829620 0.472213 0.820220 0.470640
9 1 0 0.249700 0.365040 0.250180 0.438773 0.236120 0.433600 0.236120 0.382480 0.236120 0.381200 0.241940 0.379893 0.248240 0.364373
0 1 0 0.410080 0.503173 0.409420 0.505840 0.409420 0.508933 0.409740 0.515147 0.412400 0.527973 0.412080 0.541280 0.413060 0.548800 0.413400 0.551467 0.414400 0.554107 0.418060 0.557200 0.420700 0.555440 0.419380 0.551013 0.419720 0.541707 0.420700 0.533733 0.422040 0.528880 0.424040 0.521787 0.423700 0.518240 0.421700 0.506720 0.421380 0.505840 0.419380 0.503173 0.420040 0.496533 0.420040 0.491680 0.416400 0.490347 0.415400 0.490347 0.414060 0.496107 0.413060 0.497867
9 1 0 0.203480 0.468293 0.193900 0.468293 0.191980 0.406987 0.200620 0.405280 0.203480 0.415067 0.204440 0.467013
2 1 1 0.461560 0.528667 0.456420 0.527547 0.456420 0.529813 0.454300 0.532667 0.451720 0.532667 0.450440 0.528667 0.447880 0.531520 0.448740 0.527547 0.447880 0.517280 0.450020 0.515013 0.452160 0.501893 0.473940 0.501893 0.474380 0.509893 0.475220 0.515573 0.475220 0.522987 0.475660 0.526400 0.475220 0.529253 0.471800 0.531520 0.470520 0.531520 0.465820 0.531520 0.465820 0.528107
2 1 0 0.597220 0.486293 0.640800 0.484027 0.648060 0.507387 0.652760 0.518187 0.654480 0.530720 0.654480 0.539280 0.647220 0.541547 0.623720 0.539840 0.617740 0.526747 0.610900 0.510213 0.600220 0.505093 0.593820 0.499973 0.592520 0.497120 0.592100 0.491413
0 1 1 0.250320 0.539867 0.249740 0.524613 0.250320 0.508987 0.246520 0.505467 0.249440 0.498053 0.253840 0.495707 0.254140 0.488667 0.257360 0.484747 0.261180 0.487493 0.262640 0.497253 0.267040 0.498827 0.268500 0.511733 0.267040 0.521493 0.264680 0.526187 0.262920 0.539467 0.250900 0.539867
2 1 0 0.519300 0.529307 0.508240 0.522213 0.510300 0.513467 0.515200 0.507440 0.525860 0.505253 0.527100 0.509093 0.525460 0.514000 0.523400 0.518933
9 1 0 0.363560 0.428693 0.370080 0.428907 0.369800 0.451973 0.364120 0.452347
0 1 1 0.235460 0.538427 0.232500 0.534053 0.232800 0.509093 0.236360 0.505947 0.237260 0.494453 0.244680 0.494453 0.245560 0.503947 0.250920 0.509493 0.248240 0.533653 0.247940 0.541200 0.237540 0.538427
2 1 0 0.571900 0.541173 0.570020 0.545920 0.566040 0.546480 0.563300 0.544533 0.562040 0.536133 0.563520 0.529707 0.566460 0.515173 0.572120 0.502587 0.591000 0.502027 0.600220 0.503707 0.603780 0.510400 0.618260 0.522720 0.620780 0.530827 0.620360 0.540053 0.619300 0.547040 0.613220 0.548160 0.610920 0.544240 0.609440 0.542560 0.604000 0.540320 0.590160 0.541173 0.588260 0.543973 0.586160 0.547893 0.580920 0.547893 0.579660 0.542000 0.577780 0.540053
9 1 0 0.910280 0.421680 0.920840 0.421680 0.921220 0.466933 0.908020 0.465920 0.907260 0.423200
0 1 1 0.296660 0.497253 0.296660 0.497253 0.296460 0.497787 0.295660 0.503173 0.299500 0.513413 0.290400 0.515040 0.289200 0.518800 0.289200 0.518800 0.291020 0.532560 0.287780 0.535253 0.284940 0.530667 0.284940 0.530667 0.282120 0.530933 0.281920 0.524480 0.283740 0.522587 0.281720 0.514507 0.284340 0.506427 0.286760 0.504533 0.286560 0.498880 0.289400 0.495093
2 1 1 0.421120 0.509547 0.421120 0.526800 0.418640 0.535840 0.421420 0.544907 0.446700 0.541200 0.446700 0.529680 0.443620 0.516107 0.436840 0.506240
2 1 0 0.550520 0.507947 0.570460 0.506933 0.564440 0.521973 0.563320 0.532507 0.558420 0.536027 0.552780 0.540533 0.547520 0.538027 0.541120 0.542053 0.539620 0.535520 0.542240 0.524000 0.546380 0.512960 0.550900 0.509947
2 1 0 0.538160 0.532667 0.536240 0.532667 0.534320 0.535227 0.532400 0.537787 0.531120 0.537787 0.530480 0.536080 0.528560 0.532240 0.526640 0.531813 0.525680 0.533520 0.524400 0.535653 0.523120 0.535653 0.520560 0.528400 0.520240 0.524560 0.521520 0.517307 0.523440 0.513893 0.528560 0.508347 0.530480 0.506640 0.537200 0.504080 0.542000 0.504080 0.544560 0.507067 0.543280 0.512187 0.542320 0.515173 0.542000 0.520293 0.541040 0.524560 0.539440 0.527973 0.538800 0.528827 0.538800 0.528827
0 1 1 0.952560 0.543733 0.955220 0.534213 0.956340 0.528560 0.957020 0.511920 0.953900 0.511040 0.954120 0.505680 0.956780 0.502720 0.957460 0.498853 0.958580 0.494987 0.960800 0.493200 0.963700 0.493200 0.965260 0.495573 0.963700 0.500640 0.964360 0.500933 0.969040 0.503893 0.970840 0.509253 0.970840 0.515200 0.968600 0.517573 0.968820 0.523813 0.969040 0.527093 0.967480 0.530053 0.967480 0.538080 0.965700 0.544907 0.962580 0.547600 0.956340 0.541360 0.955000 0.537200
