0 1 0 0.628500 0.334958 0.631281 0.332646 0.635797 0.333104 0.639609 0.334958 0.642031 0.339125 0.644125 0.343292 0.646547 0.348854 0.648984 0.354396 0.648281 0.358104 0.646203 0.362729 0.646547 0.366417 0.650719 0.368271 0.652094 0.369667 0.654188 0.373375 0.656953 0.376146 0.657656 0.378458 0.657313 0.382167 0.655922 0.388167 0.654875 0.401583 0.653828 0.409000 0.653828 0.418250 0.651062 0.423792 0.648281 0.425187 0.645500 0.425187 0.641688 0.421479 0.651406 0.443687 0.653141 0.452958 0.656266 0.458500 0.658000 0.472854 0.658000 0.477938 0.651062 0.479333 0.645500 0.447854 0.639953 0.432583 0.636141 0.419646 0.632328 0.398354 0.630937 0.365042
0 1 0 0.771906 0.397896 0.739891 0.370937 0.739891 0.348458 0.750000 0.332729 0.750000 0.312500 0.744938 0.305771 0.739891 0.294542 0.723031 0.296771 0.714609 0.321500 0.701125 0.328250 0.680906 0.352958 0.691016 0.422625 0.697750 0.465313 0.746625 0.440604 0.746625 0.409146 0.756734 0.400146
0 1 0 0.659375 0.470396 0.645344 0.421000 0.662375 0.358229 0.664375 0.318188 0.683406 0.320854 0.697422 0.330187 0.686406 0.339542 0.683406 0.344875 0.685406 0.366250 0.687406 0.390292 0.691422 0.427667 0.682406 0.445021 0.680406 0.473063 0.670391 0.481083
0 1 0 0.363203 0.403354 0.358984 0.394938 0.357234 0.390250 0.355828 0.384167 0.357594 0.376687 0.359688 0.372938 0.362500 0.372021 0.365656 0.372021 0.368813 0.372479 0.371266 0.376687 0.373375 0.382312 0.374078 0.386979 0.375828 0.392125 0.376891 0.395875 0.378281 0.400542 0.378641 0.410833 0.378281 0.417854 0.377234 0.433771 0.377937 0.448729 0.376891 0.463708 0.376188 0.472583 0.374422 0.476812 0.370922 0.479604 0.368109 0.480542 0.362844 0.480542 0.360047 0.480542 0.356188 0.480542 0.354078 0.480542 0.351266 0.480083 0.349875 0.479146 0.348109 0.473063 0.348469 0.468375 0.349516 0.457625 0.349516 0.450604 0.350219 0.443583 0.350219 0.438437 0.350219 0.429083 0.351266 0.422542 0.351969 0.418792 0.353031 0.415042 0.354078 0.410833 0.356891 0.407104 0.361453 0.405687 0.362156 0.404292
0 1 0 0.429297 0.373583 0.438016 0.352000 0.441750 0.339542 0.454203 0.336229 0.461672 0.354479 0.460422 0.379396 0.458547 0.395167 0.456062 0.405958 0.459797 0.415083 0.455438 0.488125 0.424937 0.482313 0.428047 0.440812 0.423688 0.410104 0.422437 0.387688
0 1 0 0.600625 0.422083 0.621109 0.406250 0.642422 0.425917 0.650203 0.442854 0.648578 0.476729 0.658406 0.484938 0.648578 0.502417 0.607594 0.501875 0.600625 0.490938 0.604313 0.470729 0.594063 0.464167
0 1 1 0.249391 0.446917 0.251109 0.464000 0.251531 0.470271 0.271609 0.471417 0.272047 0.443500 0.266922 0.423562 0.266062 0.407604 0.266484 0.391083 0.267766 0.379125 0.264781 0.368312 0.255812 0.370021 0.250688 0.378000 0.249391 0.400771 0.247688 0.422417 0.241281 0.417875 0.240000 0.442354 0.240000 0.461729 0.237859 0.471417 0.230172 0.469708 0.223766 0.453187 0.219922 0.440646 0.223766 0.423562 0.228891 0.409313 0.234016 0.399063 0.238719 0.393375 0.241281 0.393375
0 1 1 0.499594 0.466333 0.494344 0.474063 0.486969 0.469854 0.488031 0.445312 0.490125 0.424271 0.493813 0.401125 0.498016 0.381479 0.505906 0.365354 0.513266 0.353437 0.521156 0.351333 0.522734 0.373771 0.519063 0.389896 0.518531 0.406021 0.518531 0.420750 0.522219 0.439000 0.522734 0.439688 0.531156 0.456521 0.529578 0.469146 0.524844 0.481771 0.523266 0.490896 0.519578 0.494396 0.513797 0.495104 0.504859 0.488792 0.496969 0.494396 0.495906 0.474750
0 1 1 0.540391 0.361813 0.523453 0.371479 0.517156 0.406333 0.518125 0.434083 0.527313 0.433437 0.530703 0.413437 0.529250 0.438604 0.527313 0.472167 0.522484 0.499271 0.532156 0.498625 0.538938 0.490875
6 1 0 0.006734 0.343812 1.000000 0.044937 1.000000 0.961792 0.992703 0.986521 0.709547 0.914604 0.475281 0.862917 0.183703 0.687646 0.005063 0.591021 0.005063 0.346063
0 1 1 0.940453 0.274729 0.948875 0.312917 0.953938 0.324167 0.932016 0.339896 0.923594 0.355625 0.905062 0.393813 0.898312 0.438771 0.900000 0.476958 0.905062 0.512917 0.915172 0.535396 0.980906 0.546625 0.997750 0.542125 1.000000 0.344375 0.987641 0.333146 0.996062 0.317417 1.000000 0.283708 0.997750 0.258979 0.997750 0.258979
