0 1 1 0.468234 0.305042 0.440141 0.303771 0.439813 0.297812 0.441734 0.235229 0.439813 0.222458 0.436938 0.236500 0.432469 0.290146 0.436297 0.309312 0.425453 0.311000 0.420016 0.302917 0.418734 0.283333 0.425125 0.219896 0.418734 0.214792 0.419063 0.157312 0.422578 0.143688 0.422891 0.129625 0.424172 0.109625 0.433109 0.073000 0.439813 0.068750 0.449078 0.067479 0.454828 0.058958 0.453547 0.052562 0.456422 0.045750 0.467281 0.035958 0.482609 0.043625 0.481328 0.062792 0.481328 0.064917 0.479094 0.071313 0.476531 0.078125 0.471109 0.083646 0.473672 0.099396 0.471109 0.121542 0.471109 0.137729 0.476219 0.179021 0.473984 0.192229 0.471109 0.195625 0.468234 0.194771 0.465047 0.187542 0.466953 0.178604 0.462172 0.172646 0.460891 0.160708 0.460250 0.204146 0.458969 0.219042 0.457703 0.222021 0.457703 0.226292 0.454500 0.273958 0.453547 0.289292 0.454187 0.293125 0.462484 0.297375 0.469187 0.299521 0.470797 0.302917
0 1 0 0.600531 0.161250 0.602797 0.093729 0.603172 0.088188 0.603547 0.081125 0.600906 0.074062 0.599391 0.065500 0.598250 0.055917 0.598250 0.045333 0.601281 0.036771 0.608469 0.031729 0.615266 0.030729 0.618281 0.033750 0.622063 0.039292 0.624328 0.043333 0.626219 0.049375 0.627359 0.061479 0.630391 0.071542 0.634156 0.080625 0.637563 0.089687 0.639453 0.097250 0.640594 0.107333 0.641719 0.129000 0.642094 0.153687 0.642094 0.155208 0.642484 0.169813 0.640969 0.204083 0.638703 0.215687 0.636047 0.227771 0.631516 0.254979 0.633031 0.271625 0.633031 0.284729 0.633406 0.296312 0.637187 0.318479 0.639078 0.329583 0.643234 0.353250 0.637937 0.353250 0.629625 0.354771 0.622828 0.354771 0.613375 0.356292 0.606953 0.356792 0.601281 0.356792 0.601656 0.352250 0.605062 0.348729 0.605062 0.346208 0.605062 0.343688 0.607703 0.337646 0.612625 0.331583 0.614891 0.323521 0.617156 0.319000 0.616781 0.308917 0.613375 0.300354 0.598641 0.268604 0.586156 0.256000 0.592203 0.231292 0.595234 0.216187 0.595984 0.196021 0.588047 0.194521 0.581625 0.191479 0.578984 0.181917 0.583141 0.174854 0.589563 0.168812
0 1 1 0.397828 0.559271 0.376297 0.537375 0.366047 0.522333 0.369109 0.492271 0.386547 0.443042 0.403984 0.419792 0.421422 0.408854 0.425516 0.406125 0.426547 0.406125 0.428594 0.400646 0.428594 0.382875 0.423469 0.373313 0.433719 0.339125 0.457312 0.336375 0.464484 0.344583 0.471672 0.355521 0.475766 0.367833 0.475766 0.369208 0.473719 0.377396 0.475766 0.393813 0.470641 0.393813 0.468594 0.412958 0.479875 0.422521 0.485000 0.453979 0.485000 0.533292 0.478844 0.556521 0.474750 0.552417 0.475766 0.611229 0.472687 0.700104 0.465516 0.712396 0.449109 0.713771 0.449109 0.795812 0.456281 0.816312 0.456281 0.834104 0.442953 0.831354 0.435781 0.831354 0.430641 0.827250 0.425516 0.812208 0.427563 0.786229 0.420391 0.742479 0.420391 0.712396 0.420391 0.726083 0.420391 0.738375 0.415266 0.742479 0.406031 0.741125 0.406031 0.721979 0.406031 0.702833 0.406031 0.691896 0.401937 0.670021 0.403984 0.650875 0.411156 0.650875 0.416297 0.650875 0.402953 0.611229 0.397828 0.589333
0 1 0 0.870703 0.291521 0.839031 0.291521 0.844000 0.269167 0.847094 0.212000 0.850828 0.180542 0.837156 0.154042 0.830953 0.113458 0.826609 0.101021 0.832812 0.066250 0.835922 0.057125 0.854562 0.039729 0.854562 0.028979 0.850828 0.012396 0.857047 0.001646 0.875047 0.000812 0.876297 0.014062 0.872563 0.047187 0.885609 0.125042 0.889344 0.163146 0.880641 0.169771 0.889344 0.207875 0.872563 0.246792 0.875047 0.256729 0.875047 0.275792 0.881266 0.288208
0 1 1 0.714125 0.276375 0.703219 0.276375 0.702125 0.264729 0.699391 0.247271 0.692297 0.224708 0.692297 0.199229 0.691203 0.183938 0.684656 0.181750 0.687391 0.127167 0.672094 0.110437 0.669375 0.071125 0.683563 0.056562 0.699391 0.042750 0.698297 0.030375 0.699391 0.015083 0.707031 0.010729 0.714672 0.015083 0.714672 0.028917 0.717953 0.042021 0.719047 0.047104 0.732141 0.049292 0.740875 0.071125 0.746875 0.089333 0.732141 0.135187 0.735422 0.157750 0.740875 0.190792 0.747969 0.235917 0.756703 0.257042 0.764891 0.267229 0.772531 0.267229 0.773078 0.272313 0.763266 0.277417 0.750156 0.273771 0.743062 0.274500 0.741422 0.270125 0.741969 0.262125 0.733781 0.233750 0.727781 0.221375 0.727781 0.205354 0.719047 0.187167 0.712500 0.185708 0.711406 0.175521 0.709219 0.192250 0.708672 0.216271 0.708672 0.243208 0.713047 0.263583
0 1 0 0.342672 0.334708 0.339297 0.296000 0.339969 0.286104 0.342672 0.274396 0.343344 0.264500 0.336594 0.253688 0.333891 0.241083 0.329172 0.206896 0.328484 0.193396 0.327141 0.182583 0.326469 0.172688 0.325797 0.168188 0.325109 0.159188 0.328484 0.150187 0.333891 0.133083 0.335922 0.121375 0.341312 0.114188 0.352797 0.096187 0.352797 0.091687 0.352797 0.080875 0.354813 0.065583 0.359547 0.061979 0.369672 0.062875 0.374391 0.064687 0.376422 0.065583 0.381141 0.073688 0.383172 0.087187 0.383172 0.088979 0.382500 0.095271 0.377766 0.104271 0.377766 0.115979 0.377094 0.131292 0.373047 0.184396 0.373719 0.209583 0.375062 0.221292 0.376422 0.242896 0.377766 0.256396 0.376422 0.276188 0.373047 0.286104 0.370344 0.294188 0.356219 0.332604 0.358109 0.338646 0.360750 0.342667 0.366406 0.347708 0.372063 0.350708 0.376203 0.353729 0.376953 0.356250 0.366781 0.362792 0.350563 0.361771 0.340750 0.356750 0.339250 0.350708 0.340000 0.338146
0 1 0 0.631250 0.083125 0.633172 0.077146 0.634766 0.072458 0.637969 0.068187 0.645969 0.058812 0.646937 0.056667 0.648219 0.051979 0.645969 0.045583 0.645328 0.040458 0.647891 0.030646 0.650453 0.026792 0.650766 0.025521 0.653328 0.022958 0.659094 0.022104 0.663578 0.024229 0.667094 0.029354 0.667094 0.035750 0.667734 0.041313 0.667406 0.047708 0.666141 0.054104 0.664219 0.059229 0.661656 0.062646 0.661656 0.066479 0.669328 0.072042 0.669328 0.074583 0.670937 0.092521 0.670609 0.101896 0.670609 0.110854 0.669328 0.111708 0.669016 0.117688 0.669016 0.123229 0.679891 0.145854 0.680859 0.148833 0.680859 0.158229 0.680859 0.165063 0.678937 0.167187 0.675734 0.168042 0.672859 0.166771 0.675094 0.164208 0.676375 0.163771 0.676375 0.161208 0.676375 0.156521 0.675734 0.158229 0.675734 0.161646 0.674141 0.163354 0.673172 0.162062 0.672859 0.159937 0.672859 0.151833 0.673172 0.149271 0.672531 0.145437 0.668047 0.142021 0.668047 0.150542 0.668047 0.162917 0.665812 0.166771 0.665812 0.172729 0.664859 0.184688 0.665812 0.192375 0.667406 0.197479 0.670937 0.203042 0.671250 0.210708 0.671250 0.213708 0.668687 0.214562 0.669328 0.218833 0.669656 0.222667 0.669328 0.234188 0.669969 0.239729 0.675094 0.250833 0.674453 0.252958 0.675094 0.259792 0.677969 0.269604 0.680219 0.280708 0.693016 0.291792 0.694297 0.291792 0.696531 0.292229 0.697500 0.296062 0.693656 0.298188 0.694938 0.301188 0.691094 0.302458 0.684375 0.302458 0.679250 0.302042 0.677969 0.301188 0.674453 0.303750 0.674453 0.298625 0.673500 0.293500 0.674453 0.287958 0.658453 0.249542 0.657812 0.242729 0.655250 0.219250 0.653328 0.220958 0.649484 0.230354 0.647250 0.241437 0.645656 0.247833 0.637016 0.284958 0.638297 0.289667 0.649813 0.296062 0.656531 0.296917 0.656531 0.300333 0.656531 0.302896 0.641484 0.302458 0.634453 0.299479 0.635094 0.285396 0.633813 0.275583 0.631250 0.264917 0.628688 0.255958 0.629969 0.246125 0.633172 0.235042 0.636688 0.223083 0.638297 0.218396 0.638297 0.208583 0.641484 0.199188 0.641172 0.119396 0.640844 0.106604 0.633484 0.086958 0.631250 0.083563
0 1 1 0.231781 0.066729 0.235453 0.052063 0.238391 0.043250 0.233250 0.032500 0.228109 0.025646 0.211234 0.024667 0.207578 0.042271 0.209766 0.061833 0.192906 0.077500 0.181156 0.122479 0.176766 0.155750 0.179688 0.166500 0.181891 0.189979 0.189234 0.201708 0.198031 0.189000 0.192172 0.175313 0.199500 0.181167 0.200969 0.175313 0.188500 0.159646 0.194359 0.124437 0.199500 0.131292 0.201703 0.177271 0.202437 0.224208 0.202437 0.236938 0.191437 0.252583 0.175297 0.308333 0.176766 0.323000 0.188500 0.323979 0.189234 0.314208 0.191437 0.297583 0.203172 0.275083 0.211969 0.254542 0.213438 0.244750 0.220047 0.225187 0.228109 0.227146 0.225906 0.249646 0.227375 0.274104 0.231047 0.285833 0.230312 0.310292 0.261125 0.315187 0.240578 0.291708 0.244984 0.257479 0.242047 0.241812 0.244250 0.226167 0.247922 0.219312 0.244250 0.151833 0.235453 0.099979 0.244984 0.101938 0.262594 0.085313 0.274328 0.084333 0.280203 0.081396 0.280937 0.078479 0.288266 0.081396 0.289734 0.073583 0.275797 0.067708 0.253781 0.074563 0.239844 0.083354
0 1 1 0.511438 0.137958 0.534609 0.159250 0.534609 0.195479 0.534609 0.231708 0.534609 0.274312 0.531422 0.302021 0.524219 0.302021 0.525828 0.315875 0.527422 0.325458 0.527422 0.338250 0.535406 0.346771 0.538609 0.351021 0.537016 0.356354 0.532219 0.363813 0.529016 0.372333 0.525031 0.388312 0.521828 0.390438 0.502656 0.388312 0.493859 0.386187 0.498656 0.379792 0.509844 0.377667 0.511438 0.367000 0.514641 0.353167 0.513844 0.343563 0.494656 0.327583 0.490672 0.318000 0.485078 0.308417 0.485078 0.292437 0.481875 0.287104 0.485078 0.271125 0.491469 0.253021 0.493859 0.238104 0.493859 0.223187 0.487469 0.235958 0.484281 0.242354 0.482672 0.250875 0.478687 0.257271 0.473891 0.254083 0.472281 0.246625 0.473891 0.232771 0.480281 0.222125 0.489875 0.197604 0.489875 0.174167 0.490672 0.156063 0.492266 0.148604 0.493859 0.145417 0.485078 0.145417 0.482672 0.140083 0.481078 0.125167 0.480281 0.113438 0.480281 0.109187 0.490672 0.102792 0.505047 0.101729 0.510641 0.117708 0.510641 0.129438 0.509047 0.135813
32 1 1 0.393266 0.534854 0.384609 0.511312 0.388594 0.488688 0.396922 0.480250 0.410563 0.475812 0.424219 0.480250 0.431547 0.490896 0.435203 0.501562 0.436875 0.511771 0.437203 0.521521 0.433547 0.527292 0.433203 0.521979 0.422547 0.529083 0.420891 0.525958 0.423547 0.514437 0.422219 0.511312 0.420563 0.511312 0.414234 0.517979 0.414234 0.522417 0.411234 0.527292 0.408234 0.532188 0.406578 0.533063 0.401578 0.529083 0.406906 0.521083 0.408906 0.517542 0.408234 0.515312 0.404906 0.513542 0.403250 0.513104 0.400922 0.513104 0.398594 0.516646 0.396922 0.521083 0.396594 0.523313 0.396250 0.523313 0.395250 0.525083
