8 1 2 0.031960 0.653813 0.099220 0.593280 0.141260 0.532747 0.230380 0.543947 0.269060 0.552907 0.346420 0.521520 0.420400 0.510320 0.430500 0.546187 0.393500 0.597760 0.381720 0.591040 0.376680 0.629147 0.074000 0.718827 0.020180 0.777120 0.013460 0.653813 0.030260 0.644853
0 1 0 0.232360 0.099947 0.241300 0.098560 0.243940 0.110480 0.246040 0.121680 0.242880 0.133600 0.241840 0.136427 0.239200 0.141333 0.238160 0.142027 0.246560 0.150453 0.249200 0.154640 0.249200 0.156053 0.249720 0.166587 0.249720 0.170773 0.246040 0.175680 0.241840 0.179893 0.239720 0.184800 0.239200 0.186907 0.241300 0.189013 0.249200 0.189707 0.257080 0.191813 0.257080 0.193920 0.263920 0.198827 0.267600 0.195333 0.270240 0.195333 0.271820 0.195333 0.273920 0.203733 0.269700 0.208640 0.264440 0.209360 0.253920 0.205147 0.237100 0.204453 0.235000 0.204453 0.233420 0.203733 0.230260 0.201653 0.227640 0.197440 0.227640 0.195333 0.227640 0.191813 0.227100 0.182693 0.226580 0.177787 0.223940 0.175680 0.214480 0.171493 0.214480 0.179200 0.212380 0.183413 0.210800 0.186213 0.209740 0.176400 0.214480 0.165173 0.214480 0.160267 0.212900 0.156747 0.215540 0.151147 0.217640 0.149040 0.222380 0.146240 0.224480 0.142720 0.226060 0.139227 0.227100 0.139227 0.227100 0.138533 0.228160 0.133600 0.223940 0.129413 0.224480 0.128693 0.221840 0.123093 0.221320 0.118187 0.221320 0.116080 0.225520 0.108373 0.225520 0.104160
58 1 1 0.112860 0.748747 0.077240 0.731787 0.068760 0.674133 0.062840 0.625520 0.094200 0.594987 0.102680 0.599520 0.123880 0.572373 0.146780 0.604027 0.151860 0.563333 0.179000 0.512453 0.190020 0.594987 0.195120 0.626640 0.215460 0.635680 0.229040 0.637947 0.245140 0.684293 0.262940 0.658293 0.276520 0.675253 0.270580 0.578027 0.307040 0.582560 0.301100 0.685440 0.313820 0.676400 0.318060 0.656053 0.333320 0.606293 0.361300 0.601760 0.351980 0.683173 0.342660 0.731787 0.325700 0.773627 0.291780 0.780400 0.250220 0.766827 0.208680 0.764587
0 1 0 0.339060 0.248347 0.335680 0.234187 0.332280 0.225707 0.325480 0.217227 0.319540 0.208160 0.313600 0.195707 0.311480 0.203627 0.315720 0.215520 0.313600 0.216640 0.308520 0.216640 0.303000 0.206453 0.300020 0.195707 0.296200 0.187227 0.291960 0.180427 0.288140 0.179867 0.282620 0.178747 0.272440 0.177040 0.263520 0.175333 0.262680 0.175333 0.264380 0.170827 0.265220 0.165147 0.266920 0.159493 0.284860 0.142667 0.285620 0.127467 0.288980 0.119947 0.292260 0.114133 0.299340 0.111947 0.309680 0.111947 0.314040 0.119227 0.315140 0.131573 0.311180 0.139707 0.308300 0.146427 0.307940 0.149760 0.310100 0.156480 0.313700 0.159360 0.315860 0.160800 0.320880 0.175653 0.325200 0.187627 0.330580 0.194800 0.331300 0.200080 0.341000 0.221627 0.346760 0.233627 0.349640 0.241760 0.349640 0.247040 0.348560 0.248480 0.346760 0.249920 0.344960 0.249920 0.341360 0.249920 0.338840 0.248960
0 1 0 0.363540 0.175733 0.370860 0.168293 0.377900 0.164373 0.379660 0.144053 0.381120 0.118267 0.368820 0.127253 0.365300 0.124507 0.363540 0.117093 0.373500 0.106133 0.377320 0.099093 0.385520 0.094027 0.384940 0.084640 0.385520 0.070560 0.394600 0.065493 0.401940 0.070187 0.407220 0.078000 0.405760 0.093253 0.422160 0.113173 0.433020 0.147573 0.413380 0.156960 0.406040 0.156960 0.394900 0.154613 0.397540 0.159707 0.411620 0.168293 0.409860 0.182747 0.403120 0.189013 0.398720 0.188240 0.378480 0.183920 0.377600 0.192933 0.376440 0.202693 0.389620 0.199573 0.389620 0.195253
0 1 0 0.312900 0.146640 0.321560 0.137413 0.337160 0.120080 0.336280 0.093493 0.350160 0.092347 0.357940 0.096960 0.357940 0.116613 0.369220 0.127013 0.359680 0.150107 0.357080 0.172053 0.346680 0.188240 0.344960 0.189387 0.331100 0.183600 0.331960 0.162827 0.332820 0.151253 0.323300 0.152427 0.329360 0.168587
14 1 0 0.398220 0.571307 0.415940 0.570080 0.426340 0.567653 0.436420 0.575787 0.439160 0.588027 0.439480 0.594133 0.437340 0.600640 0.435800 0.603493 0.434880 0.606773 0.434280 0.609200 0.433980 0.612053 0.433360 0.615733 0.432440 0.619813 0.432760 0.624293 0.433660 0.629173 0.432760 0.634880 0.432760 0.638533 0.434880 0.643440 0.441300 0.647520 0.443440 0.649947 0.448940 0.656053 0.454760 0.664213 0.457800 0.669920 0.459040 0.691920 0.458420 0.700080 0.458720 0.708613 0.458420 0.711893 0.457200 0.719627 0.456280 0.724507 0.454440 0.728587 0.452920 0.730640 0.451080 0.732267 0.447720 0.733467 0.444360 0.733467 0.443760 0.733467 0.443760 0.734693 0.441920 0.735920 0.441620 0.732667 0.441000 0.729813 0.438560 0.726960 0.432440 0.724507 0.432140 0.741627 0.428780 0.741627 0.428160 0.732667 0.427860 0.727360 0.424200 0.712293 0.421740 0.698027 0.419920 0.688240 0.418080 0.695173 0.416560 0.695573 0.414720 0.688240 0.416240 0.676853 0.419000 0.667067 0.424800 0.651573 0.422220 0.607520 0.426120 0.598400 0.432000 0.591867 0.426120 0.574880 0.418300 0.574880 0.413400 0.576187 0.403600 0.576187 0.396760 0.570960
8 1 2 0.211880 0.198667 0.191700 0.209867 0.195060 0.234533 0.258960 0.263680 0.403580 0.230053 0.454040 0.180720 0.452360 0.133627 0.438900 0.131387 0.422080 0.158293 0.401900 0.194160 0.341360 0.203147 0.282520 0.209867 0.262340 0.216587
8 1 2 0.370780 0.626960 0.072480 0.719093 0.010120 0.833707 0.077520 0.941573 0.466860 0.847200 0.594940 0.710107 0.579780 0.667413 0.444940 0.626960 0.463480 0.678640 0.448320 0.741573 0.428080 0.732587 0.419660 0.692133 0.417980 0.660667 0.417980 0.647200
8 1 2 0.945980 0.273627 0.794960 0.340160 0.766080 0.345413 0.750320 0.361173 0.705680 0.385707 0.710920 0.422453 0.718800 0.443467 0.721420 0.501253 0.726680 0.511760 0.768700 0.490747 0.829120 0.460987 0.889520 0.436480 0.921040 0.408453 0.973560 0.350667 0.978820 0.315653 0.967000 0.285893 0.953860 0.277147
8 1 2 0.216660 0.502827 0.209420 0.524907 0.163900 0.522133 0.143220 0.526293 0.123560 0.551120 0.091480 0.595253 0.019060 0.618693 0.018040 0.487653 0.058380 0.487653 0.133900 0.486293 0.170100 0.487653 0.209420 0.494560
