0 1 1 0.000000 0.291542 0.000000 0.748583 0.008984 0.772312 0.013250 0.778958 0.008266 0.789396 0.004703 0.799854 0.004703 0.813146 0.025359 0.813146 0.033906 0.809333 0.037469 0.832125 0.032484 0.851125 0.026781 0.865354 0.029625 0.874854 0.041031 0.874854 0.058828 0.874854 0.070219 0.858708 0.070219 0.830229 0.068797 0.800792 0.078766 0.761875 0.085172 0.761875 0.087313 0.731479 0.080187 0.718188 0.080906 0.653646 0.093719 0.578625 0.117922 0.566292 0.120062 0.566292 0.126469 0.574833 0.135734 0.578625 0.140719 0.559646 0.142844 0.552042 0.129328 0.509333 0.115797 0.456167 0.114375 0.429563 0.120781 0.395396 0.119359 0.365958 0.112937 0.349813 0.106531 0.330833 0.090156 0.314688 0.100125 0.297604 0.095141 0.270063 0.079469 0.231146 0.065953 0.214062 0.050281 0.213104 0.036750 0.223542 0.020375 0.259625 0.004000 0.287167 0.004000 0.287167
0 1 1 0.914859 0.460792 0.912000 0.533312 0.914047 0.543667 0.910781 0.628729 0.918547 0.628729 0.922219 0.595458 0.927547 0.573104 0.928766 0.566563 0.930406 0.586187 0.930406 0.599271 0.928766 0.607458 0.927125 0.613458 0.926313 0.619458 0.926313 0.623271 0.925500 0.625458 0.927953 0.627625 0.936938 0.630896 0.938172 0.623271 0.939812 0.616187 0.945125 0.591104 0.945125 0.578562 0.950844 0.551292 0.952078 0.539854 0.955344 0.538208 0.957797 0.514771 0.961484 0.511500 0.956984 0.474979 0.950031 0.460250 0.942672 0.452625 0.941859 0.447167 0.934484 0.437354 0.927125 0.437354 0.925500 0.441167 0.925500 0.446083 0.925094 0.449896 0.923453 0.452625 0.918953 0.456979
0 1 0 0.795031 0.660021 0.771891 0.669833 0.758203 0.667729 0.758203 0.664229 0.765047 0.655104 0.765578 0.646688 0.765578 0.627062 0.755047 0.592687 0.751375 0.587083 0.740844 0.635479 0.732969 0.651604 0.724016 0.646000 0.717188 0.629167 0.716656 0.619333 0.724547 0.619333 0.733484 0.576563 0.734547 0.562542 0.737687 0.556917 0.732437 0.524667 0.716656 0.511333 0.714031 0.493104 0.723500 0.445417 0.735062 0.413146 0.740844 0.402646 0.740844 0.382292 0.755578 0.368979 0.768734 0.378083 0.764516 0.400542 0.783984 0.426479 0.786609 0.436292 0.799766 0.473458 0.796609 0.510646 0.792391 0.535188 0.790812 0.541500 0.786078 0.537292 0.779781 0.535875 0.769781 0.548500 0.775047 0.574458 0.781875 0.601104 0.798187 0.655813
0 1 1 0.825234 0.481458 0.824375 0.561167 0.835641 0.564646 0.824375 0.612000 0.857297 0.616625 0.869422 0.556562 0.868563 0.465292 0.853828 0.434104 0.852094 0.412167 0.839109 0.406375 0.832172 0.416771 0.826109 0.430646 0.808781 0.476854
0 1 1 0.866000 0.459729 0.868922 0.450937 0.868922 0.446042 0.868922 0.436271 0.873328 0.426479 0.884328 0.430396 0.887266 0.437250 0.887266 0.446042 0.889469 0.454854 0.893875 0.460708 0.890938 0.500812 0.891672 0.519396 0.890203 0.545812 0.889469 0.574187 0.888734 0.595708 0.887266 0.607437 0.879203 0.594729 0.874797 0.591792 0.871859 0.591792 0.866734 0.605479 0.860125 0.601562 0.859391 0.561458 0.863063 0.560479 0.869656 0.551687 0.870391 0.463646
0 1 1 0.246500 0.514458 0.252797 0.515104 0.254266 0.515104 0.254266 0.502167 0.255234 0.495042 0.255719 0.487292 0.256687 0.483396 0.256687 0.477583 0.256687 0.471750 0.258625 0.467875 0.257656 0.464646 0.258141 0.459479 0.259109 0.460771 0.261047 0.462062 0.259594 0.438771 0.253766 0.433604 0.253281 0.426479 0.249891 0.423896 0.247469 0.421958 0.244078 0.425833 0.244078 0.432312 0.244078 0.434250 0.238250 0.440062 0.236797 0.445896 0.236797 0.462708 0.236797 0.466583 0.240187 0.472417 0.242125 0.477583 0.241641 0.489875 0.242609 0.502167
24 1 1 0.167422 0.382500 0.163750 0.393396 0.167422 0.408083 0.180063 0.422229 0.187812 0.432563 0.187000 0.447792 0.182516 0.459208 0.174359 0.464104 0.160484 0.464104 0.152328 0.460854 0.147828 0.449958 0.144984 0.437458 0.143750 0.421688 0.145391 0.412437 0.148250 0.404271 0.151922 0.396104 0.155172 0.394479 0.158844 0.390667 0.159672 0.385229 0.159672 0.379792
0 1 0 0.590516 0.533875 0.593719 0.494458 0.588125 0.466771 0.592922 0.444396 0.600906 0.439063 0.600906 0.428417 0.609703 0.420958 0.612094 0.434813 0.611297 0.442250 0.613688 0.445458 0.612094 0.464625 0.606500 0.489146 0.607297 0.507250 0.602500 0.521104 0.599312 0.531750 0.599312 0.541333 0.588922 0.540271
0 1 1 0.224422 0.511875 0.226938 0.496604 0.226703 0.483792 0.224422 0.485625 0.223281 0.500562 0.223734 0.511250 0.217547 0.512479 0.217547 0.510646 0.220766 0.508208 0.220297 0.495687 0.220297 0.482875 0.216641 0.475229 0.218016 0.462104 0.222594 0.456917 0.222813 0.448687 0.220531 0.443479 0.222594 0.440437 0.220297 0.437083 0.220984 0.430354 0.225797 0.428229 0.229453 0.429750 0.231297 0.436458 0.231750 0.441354 0.230609 0.442875 0.233578 0.444104 0.235188 0.449583 0.236094 0.451125 0.234500 0.471271 0.232656 0.475542 0.231516 0.481042 0.230375 0.483167 0.230141 0.500562 0.227391 0.509125 0.229922 0.513708 0.226938 0.514313
0 1 1 0.810969 0.440375 0.809250 0.431812 0.809672 0.423812 0.816531 0.416396 0.822094 0.417542 0.825953 0.420958 0.826375 0.429521 0.823812 0.438083 0.808828 0.475187 0.825094 0.482625 0.824234 0.534000 0.822953 0.542562 0.824234 0.567687 0.826375 0.569958 0.824672 0.591083 0.819094 0.608229 0.810109 0.600792 0.805391 0.607646 0.784844 0.602521 0.789125 0.599083 0.794688 0.589375 0.794688 0.544271 0.793406 0.537417 0.797266 0.510583 0.800266 0.473479 0.794266 0.452938 0.796828 0.446646 0.803687 0.444375 0.807531 0.441521
26 1 1 0.824422 0.532750 0.821969 0.527292 0.821156 0.521271 0.818688 0.509813 0.817875 0.505437 0.826469 0.507062 0.828531 0.503792 0.837953 0.476479 0.847375 0.451333 0.851062 0.446958 0.854344 0.449688 0.847781 0.468812 0.837953 0.495042 0.828531 0.509250 0.825250 0.524562
26 1 1 0.995344 0.569333 0.984813 0.584229 0.976188 0.581250 0.974266 0.541667 0.977781 0.531438 0.986078 0.525063 0.985766 0.521646 0.988313 0.519521 0.988641 0.525479 0.994063 0.527188 0.996625 0.568917
0 1 1 0.191453 0.462313 0.192234 0.449479 0.192234 0.440812 0.193281 0.434583 0.196141 0.432854 0.197703 0.432167 0.199000 0.432167 0.199781 0.431458 0.200297 0.426604 0.200813 0.422104 0.203672 0.418292 0.206531 0.416896 0.212000 0.417604 0.212516 0.421417 0.213031 0.424542 0.213031 0.430083 0.216156 0.432500 0.219016 0.437708 0.219797 0.440479 0.220313 0.442562 0.222125 0.446021 0.222391 0.448104 0.222391 0.448438 0.222391 0.448438 0.223172 0.451562 0.223172 0.455375 0.219531 0.462458 0.217641 0.470667 0.217641 0.475708 0.217797 0.478042 0.216687 0.479708 0.211484 0.479083 0.212906 0.488979 0.212438 0.500542 0.211641 0.504542 0.211016 0.507062 0.210859 0.511708 0.210859 0.515063 0.210063 0.518021 0.209750 0.518438 0.208172 0.519687 0.206281 0.519687 0.205016 0.519687 0.203750 0.519896 0.203125 0.520125 0.198859 0.519896 0.198547 0.519896 0.198219 0.519271 0.197906 0.518646 0.197281 0.514021 0.196812 0.509375 0.196016 0.505167 0.195234 0.495500 0.195234 0.488771 0.195547 0.487708 0.196016 0.478458 0.195703 0.478458 0.194438 0.477396 0.193656 0.476771 0.192703 0.470458 0.191906 0.464354
26 1 0 0.232000 0.452271 0.233469 0.461688 0.235219 0.462083 0.236406 0.469125 0.234047 0.473833 0.231406 0.470687 0.231406 0.464417 0.231109 0.455812 0.231406 0.444063 0.233469 0.440917 0.234344 0.446396
