45 1 1 0.417247 0.402891 0.503718 0.400656 0.584612 0.401406 0.654235 0.416328 0.666588 0.431234 0.612682 0.463312 0.552024 0.480469 0.504847 0.489422 0.483506 0.487922 0.452047 0.483453 0.395906 0.480469 0.393647 0.415578 0.371176 0.409609 0.363318 0.413344 0.382424 0.416328 0.389153 0.446156 0.377929 0.454359 0.338612 0.455859 0.316141 0.449141 0.318400 0.431984 0.327388 0.420797 0.345341 0.414078
41 1 1 0.302871 0.422141 0.336494 0.412563 0.378094 0.416828 0.395718 0.420016 0.397318 0.492297 0.346094 0.495484 0.323671 0.508234 0.323671 0.525250 0.307671 0.524188 0.307671 0.423203
40 1 1 0.216494 0.513828 0.204729 0.506984 0.210612 0.506000 0.225341 0.505031 0.225341 0.493297 0.223859 0.448297 0.207671 0.441453 0.195882 0.434609 0.190000 0.429719 0.176729 0.418953 0.167906 0.401344 0.164941 0.383734 0.157576 0.362219 0.164941 0.351453 0.269529 0.345594 0.275412 0.354391 0.276894 0.368094 0.279835 0.386672 0.284259 0.407219 0.268047 0.421891 0.254800 0.430688 0.250376 0.436562 0.237129 0.446344 0.235647 0.450250 0.247435 0.497203 0.272471 0.501109 0.278376 0.506000 0.288682 0.514813 0.285741 0.514813 0.279835 0.516766 0.278376 0.516766 0.276894 0.506000 0.244494 0.497203 0.229765 0.503078 0.215035 0.510906
42 1 1 0.774306 0.445328 0.766965 0.437531 0.769906 0.433313 0.782612 0.439484 0.798259 0.449875 0.804612 0.457344 0.810000 0.460906 0.816353 0.463188 0.812918 0.470328 0.804612 0.475203 0.798259 0.475516 0.794847 0.470969 0.794847 0.465781 0.795812 0.461891 0.791906 0.454422 0.783106 0.449547
55 1 1 0.362847 0.550734 0.363718 0.524078 0.375929 0.509000 0.389906 0.498562 0.376800 0.497406 0.351482 0.491609 0.331412 0.501469 0.324424 0.517703 0.329671 0.532766 0.339271 0.542625 0.363718 0.551891
43 1 0 0.763106 0.460719 0.753271 0.443609 0.752518 0.437078 0.769929 0.438594 0.781271 0.460203 0.804753 0.482328 0.800965 0.492391 0.790376 0.497422 0.775224 0.495406
55 1 1 0.523200 0.561641 0.517529 0.563516 0.490612 0.540953 0.441059 0.509906 0.449553 0.507094 0.483529 0.500516 0.513271 0.497687 0.537341 0.500516 0.599671 0.521203 0.601082 0.527781 0.577012 0.536250 0.572753 0.540000 0.562847 0.554109 0.517529 0.562578 0.517529 0.562578
45 1 2 0.131294 0.873906 0.102824 0.843297 0.082494 0.806406 0.091976 0.748797 0.132635 0.701984 0.212612 0.671391 0.308847 0.638094 0.425412 0.617391 0.523012 0.616484 0.704635 0.631781 0.815765 0.665094 0.882188 0.703797 0.909294 0.746094 0.907929 0.810906 0.856424 0.855000 0.783247 0.892813 0.735812 0.909906 0.590777 0.945906 0.471506 0.945906 0.346800 0.939609 0.254635 0.926109
43 1 0 0.876118 0.688219 0.885859 0.707625 0.899482 0.722500 0.911176 0.745141 0.927741 0.771656 0.935529 0.782656 0.941365 0.786531 0.955012 0.813703 0.971553 0.852500 0.987153 0.880969 0.998824 0.904250 0.998824 0.844750 0.980329 0.809172 0.967671 0.788469 0.966682 0.779422 0.964753 0.761312 0.951106 0.737375 0.932612 0.712797 0.914094 0.697922 0.893647 0.690812 0.881953 0.687578
0 0 1 0.357318 0.389766 0.357318 0.337922 0.366141 0.274344 0.408871 0.225437 0.482518 0.214672 0.494282 0.211734 0.469247 0.161859 0.466306 0.118813 0.494282 0.062078 0.531106 0.042516 0.587082 0.037625 0.651906 0.065016 0.694612 0.136422 0.665153 0.195109 0.665153 0.195109 0.737341 0.202938 0.762376 0.224453 0.787412 0.367266 0.784471 0.422047 0.760894 0.438672 0.685788 0.442578 0.666635 0.440625 0.662212 0.419109 0.541435 0.395625 0.472188 0.395625 0.420635 0.399547
55 1 1 0.494871 0.551344 0.437412 0.507734 0.420988 0.484844 0.370094 0.506656 0.360235 0.541531 0.363529 0.555703 0.370094 0.562250 0.384871 0.567703 0.409482 0.568797 0.442329 0.584047 0.493224 0.562250 0.503059 0.556797
60 1 2 0.098588 0.438484 0.992588 0.420422 1.000000 0.980250 0.040800 0.984766 0.020400 0.512984 0.122376 0.470094
