0 1 1 0.287156 0.708333 0.305750 0.724104 0.309125 0.692562 0.295609 0.640771 0.271953 0.616000 0.260141 0.588958 0.241547 0.588958 0.241547 0.611479 0.246625 0.627250 0.236484 0.631750 0.224656 0.685813 0.219594 0.706083 0.236484 0.708333 0.241547 0.697062 0.244937 0.733104 0.246625 0.735354 0.248313 0.755625 0.258453 0.755625 0.266891 0.753375 0.261828 0.800667 0.248313 0.811938 0.241547 0.807438 0.243250 0.784917 0.283781 0.735354 0.278719 0.746625 0.295609 0.753375 0.297297 0.751125 0.297297 0.802938 0.287156 0.805187 0.273656 0.771396
0 1 0 1.000000 0.850875 0.992328 0.837708 0.984563 0.793521 0.975406 0.790688 0.965531 0.771896 0.960594 0.784104 0.960594 0.804792 0.965531 0.816083 0.968344 0.829250 0.965531 0.879083 0.971875 0.895083 0.983859 0.903542 0.994438 0.912958 0.995859 0.941167 1.000000 0.948687
0 1 0 0.771719 0.636542 0.775703 0.629896 0.775953 0.616625 0.772969 0.597396 0.772469 0.575833 0.772719 0.568521 0.769984 0.564542 0.768484 0.560562 0.768734 0.556917 0.768734 0.553604 0.768484 0.549292 0.770719 0.544979 0.775953 0.541000 0.773953 0.538667 0.772469 0.534687 0.772219 0.532375 0.773219 0.529042 0.774453 0.525729 0.776453 0.523750 0.779688 0.523417 0.780672 0.526062 0.781172 0.529042 0.782672 0.533042 0.785156 0.536687 0.788641 0.541333 0.792125 0.550625 0.793859 0.556917 0.793359 0.562229 0.791625 0.566208 0.790875 0.572187 0.789891 0.575833 0.788391 0.583792 0.788141 0.592750 0.789891 0.606687 0.791125 0.621604 0.791375 0.629896 0.790375 0.634208 0.783422 0.633208 0.781922 0.635208 0.780187 0.638521 0.776703 0.639188 0.771719 0.638521 0.771219 0.636542
0 1 0 0.099344 0.762750 0.100141 0.809521 0.104125 0.836104 0.123266 0.837167 0.128844 0.824417 0.147188 0.813792 0.157547 0.796771 0.158344 0.785083 0.144797 0.770208 0.132031 0.756375 0.126453 0.741500 0.122469 0.739375 0.103328 0.738313 0.100938 0.706417 0.109719 0.675583 0.117688 0.672396 0.128047 0.674521 0.131234 0.689417 0.125656 0.710667 0.127250 0.728750
0 1 2 0.586516 1.000000 0.596594 0.966271 0.610578 0.943896 0.625125 0.937187 0.633516 0.934188 0.641906 0.932708 0.653094 0.946875 0.658125 0.949854 0.671547 0.967021 0.677141 0.987146 0.679937 0.999083
0 1 0 0.541891 0.999917 0.558344 0.981188 0.567562 0.961938 0.565969 0.950708 0.559953 0.934667 0.559547 0.910604 0.567969 0.900437 0.583609 0.892958 0.603672 0.892417 0.618109 0.894021 0.625328 0.899375 0.618906 0.940542 0.596047 0.968896 0.585609 1.000000
0 1 0 0.921406 0.536229 0.921406 0.545958 0.921813 0.548667 0.922219 0.552438 0.922219 0.556229 0.917359 0.570542 0.913297 0.577563 0.912891 0.579979 0.914516 0.580792 0.916953 0.582417 0.917953 0.582687 0.919984 0.583771 0.920797 0.582146 0.919578 0.579979 0.918969 0.579437 0.918359 0.577833 0.919781 0.574583 0.921000 0.571875 0.922828 0.569187 0.924438 0.567292 0.925047 0.566208 0.925656 0.566208 0.927484 0.568917 0.928297 0.570271 0.928500 0.572958 0.928906 0.574854 0.931328 0.578896 0.931125 0.580250 0.930922 0.581333 0.930922 0.581875 0.933156 0.582417 0.935781 0.582417 0.938016 0.582417 0.939031 0.581333 0.939031 0.578896 0.937203 0.578104 0.935984 0.577833 0.934766 0.576479 0.934375 0.575396 0.933969 0.573229 0.933359 0.570542 0.932750 0.567292 0.931938 0.565125 0.930922 0.562167 0.929906 0.560271 0.929906 0.556771 0.929906 0.553250 0.930109 0.550542 0.930109 0.547312 0.930313 0.546771 0.931734 0.545687 0.931734 0.543792 0.934375 0.545417 0.935578 0.546500 0.937203 0.548125 0.938219 0.548937 0.940641 0.548937 0.941453 0.547042 0.941250 0.544604 0.939844 0.543521 0.938828 0.543792 0.937203 0.543250 0.935781 0.541917 0.934172 0.540021 0.932953 0.538396 0.931328 0.537313 0.931531 0.534083 0.930719 0.531917 0.929906 0.528667 0.929703 0.527333 0.928906 0.524896 0.930109 0.524625 0.930719 0.524625 0.931531 0.524625 0.931938 0.523542 0.932750 0.521375 0.934375 0.520833 0.935172 0.519771 0.934563 0.519229 0.933156 0.517875 0.932141 0.515437 0.927891 0.514083 0.926469 0.515167 0.925453 0.517604 0.924844 0.519229 0.924641 0.520833 0.924641 0.521917 0.923828 0.524083 0.922219 0.526521 0.921203 0.527333 0.920391 0.531104 0.919172 0.534625 0.918359 0.538396 0.917953 0.540833 0.917156 0.542437 0.916141 0.546229 0.915328 0.548667 0.915328 0.551354 0.915938 0.552979 0.916547 0.553250 0.917359 0.553250 0.918563 0.552167 0.918766 0.550000 0.918766 0.547854 0.919375 0.545958 0.919984 0.541646
0 1 1 0.240672 0.562500 0.241266 0.591042 0.239203 0.596896 0.235391 0.596896 0.232172 0.552729 0.230406 0.544917 0.224547 0.539042 0.223078 0.534750 0.223078 0.530062 0.226312 0.526542 0.231578 0.524188 0.233641 0.523021 0.234812 0.521458 0.235984 0.512458 0.237734 0.510500 0.240375 0.509729 0.242719 0.509729 0.245359 0.512458 0.244484 0.518729 0.244484 0.520292 0.248297 0.526146 0.250344 0.579708 0.250938 0.587917 0.245656 0.589083
34 1 1 0.332750 0.744667 0.352391 0.767021 0.351328 0.770042 0.350125 0.771854 0.348609 0.772458 0.326703 0.745271 0.318328 0.728521 0.313422 0.729625 0.300719 0.712687 0.301531 0.708312
5 1 0 0.335391 0.468979 0.315156 0.468979 0.314875 0.472021 0.299484 0.475062 0.300047 0.455313 0.301766 0.453792 0.333969 0.453792 0.337953 0.456437 0.338813 0.451500 0.339656 0.451125 0.373297 0.451875 0.375562 0.467083 0.363031 0.468229 0.357328 0.458729 0.349922 0.457583 0.345937 0.466333 0.341094 0.468604
0 1 1 0.681016 0.543708 0.678453 0.540313 0.676859 0.535229 0.677828 0.528000 0.680688 0.525458 0.682922 0.523333 0.683875 0.518646 0.684516 0.513125 0.686109 0.511000 0.688344 0.509729 0.689609 0.509729 0.692484 0.511854 0.693437 0.513979 0.694078 0.517812 0.692484 0.518229 0.690891 0.522896 0.694078 0.523750 0.695984 0.526292 0.696297 0.531833 0.695984 0.542437 0.693109 0.543292 0.689609 0.559021 0.688344 0.575146 0.689937 0.579833 0.685781 0.580667 0.683234 0.578979 0.684188 0.574729 0.683875 0.560708 0.682281 0.565812 0.682609 0.570917 0.680688 0.576854 0.677828 0.580250 0.674641 0.580667 0.672094 0.579396 0.675594 0.573458 0.676234 0.567083 0.678781 0.558167 0.680047 0.549667
2 1 0 0.192125 0.484750 0.183016 0.485104 0.173406 0.485792 0.171844 0.488229 0.169500 0.490292 0.166125 0.488229 0.165609 0.487521 0.157813 0.488229 0.157813 0.483375 0.160141 0.480604 0.170797 0.478167 0.174188 0.474000 0.192125 0.472979 0.192125 0.474354 0.192125 0.474000 0.194984 0.473667 0.194984 0.472271 0.209281 0.470542 0.213438 0.479208 0.214734 0.481292 0.215250 0.483708 0.215516 0.485792 0.210828 0.487188 0.211609 0.486479 0.204594 0.488562 0.200953 0.488229 0.196016 0.485792
0 1 0 0.017359 0.751167 0.024297 0.776313 0.012391 0.837167 0.015359 0.850396 0.018344 0.859667 0.008422 0.859667 0.000000 0.855708 0.000000 0.760438 0.000000 0.743229 0.020328 0.741896 0.017359 0.735292 0.000000 0.726021 0.000000 0.667812 0.021328 0.669125 0.020328 0.683688 0.020328 0.716771
0 1 0 0.848672 0.520146 0.857375 0.525958 0.860484 0.545000 0.856750 0.555771 0.855516 0.562396 0.858000 0.578125 0.859234 0.588062 0.855516 0.587229 0.854891 0.586417 0.851781 0.559083 0.849297 0.571500 0.850547 0.592208 0.840594 0.588062 0.846187 0.586417 0.839984 0.556604 0.839984 0.530083 0.841844 0.521812 0.841844 0.515188 0.843703 0.507729 0.846813 0.507729 0.851781 0.520146
2 1 0 0.437516 0.472354 0.448203 0.469375 0.451766 0.474125 0.452219 0.481854 0.449984 0.486604 0.449547 0.491354 0.445094 0.491938 0.443750 0.485417 0.449547 0.484813 0.438406 0.485417 0.432172 0.487792 0.425047 0.488979 0.419250 0.487792 0.416578 0.479479 0.421922 0.478292 0.431281 0.475313
35 1 1 0.244359 0.555062 0.242453 0.558333 0.242047 0.558688 0.241500 0.560313 0.243688 0.563583 0.245422 0.565396 0.248422 0.559292 0.248203 0.558354
2 1 0 0.500047 0.486000 0.500641 0.469917 0.520547 0.471167 0.524297 0.478979 0.531687 0.478042 0.532031 0.487875 0.521844 0.488958 0.515156 0.488021
35 1 0 0.124828 0.764188 0.133922 0.764396 0.139141 0.765312 0.143031 0.767771 0.141500 0.777896 0.139313 0.781250 0.121109 0.778562 0.119094 0.774521 0.120609 0.767771 0.121953 0.766438
2 1 0 0.241844 0.474146 0.238828 0.478146 0.238109 0.478979 0.227516 0.480917 0.225953 0.482583 0.225844 0.485083 0.225844 0.485771 0.228437 0.486187 0.229906 0.486604 0.230422 0.488396 0.231875 0.489375 0.234156 0.489229 0.236750 0.487292 0.237484 0.486604 0.255766 0.486458 0.257109 0.486458 0.258563 0.488271 0.259922 0.488271 0.261687 0.486604 0.261891 0.485771 0.262922 0.485354 0.263547 0.482458 0.262922 0.477750 0.257531 0.472750
0 1 0 0.485938 0.527583 0.477953 0.528042 0.478297 0.517396 0.477266 0.512313 0.475187 0.509542 0.476219 0.501208 0.480047 0.487792 0.484891 0.489646 0.486281 0.493813
2 1 0 0.270641 0.487021 0.266438 0.487021 0.266438 0.483375 0.266438 0.476917 0.274234 0.471854 0.285188 0.474958 0.281594 0.480292 0.281391 0.483646 0.278656 0.485625
35 1 1 0.697672 0.545271 0.700359 0.548187 0.700641 0.554188 0.699875 0.555333 0.696813 0.555708 0.694812 0.552917 0.694422 0.549208 0.696531 0.547688 0.696906 0.546292
