0 1 1 0.573469 0.375691 0.568922 0.371148 0.571953 0.359789 0.577266 0.355246 0.577266 0.341593 0.578016 0.326815 0.584844 0.317166 0.582188 0.302951 0.586359 0.293279 0.595078 0.291593 0.599250 0.296136 0.601906 0.305222 0.605328 0.314309 0.619359 0.334215 0.627703 0.366042 0.630344 0.387073 0.635656 0.407518 0.644375 0.426862 0.649312 0.440492 0.652719 0.452998 0.641734 0.451850 0.634516 0.437658 0.626188 0.421733 0.611016 0.395012 0.603813 0.396159 0.595844 0.400703 0.587500 0.422295 0.585219 0.437658 0.581813 0.446183 0.581047 0.449578 0.562859 0.449578 0.561719 0.446183 0.571187 0.439344 0.574609 0.424567 0.574984 0.396159 0.575359 0.387635 0.583328 0.374005 0.590156 0.362623 0.587875 0.352389 0.584844 0.360913 0.574984 0.374005
0 1 1 0.002219 0.315176 0.006297 0.296838 0.011187 0.277283 0.015266 0.276042 0.017719 0.265059 0.023422 0.262600 0.025875 0.268712 0.027500 0.277283 0.030766 0.284614 0.032391 0.300492 0.033203 0.322506 0.031578 0.338384 0.028313 0.344496 0.029125 0.365269 0.029953 0.375059 0.025047 0.375059 0.020969 0.370164 0.018531 0.354286 0.021797 0.342061 0.018531 0.344496 0.016078 0.356721 0.013641 0.365269 0.011187 0.371382 0.008750 0.371382 0.008750 0.362834 0.009562 0.345714 0.005484 0.326159
0 1 1 0.532594 0.334309 0.534016 0.324520 0.535141 0.316862 0.535719 0.310890 0.536281 0.304941 0.536563 0.299813 0.535422 0.289602 0.534297 0.286206 0.534297 0.284918 0.532594 0.278525 0.532297 0.277681 0.531734 0.277260 0.527187 0.277260 0.524922 0.284496 0.522937 0.291311 0.522359 0.292998 0.524641 0.311311 0.524641 0.316862 0.524641 0.321546 0.524641 0.328782 0.526047 0.333021 0.529172 0.336440 0.530891 0.336440
0 1 1 0.179125 0.323091 0.180688 0.311475 0.177141 0.306487 0.180688 0.293888 0.184437 0.292225 0.186656 0.281288 0.190203 0.283934 0.190641 0.288923 0.197063 0.292225 0.197938 0.305176 0.193953 0.315785 0.193516 0.342646 0.191531 0.346955 0.189094 0.328384 0.186219 0.349953 0.182891 0.345316 0.182234 0.327073 0.180906 0.324731
32 1 1 0.167406 0.513255 0.165688 0.506089 0.164219 0.499274 0.164781 0.492787 0.167281 0.486323 0.170922 0.483747 0.174797 0.482389 0.178656 0.481358 0.181969 0.481194 0.185609 0.481546 0.187766 0.483419 0.189469 0.487002 0.191062 0.491429 0.191859 0.497564 0.192547 0.506440 0.191641 0.512904 0.189813 0.516674 0.184687 0.519742 0.180250 0.521452 0.173094 0.522131 0.170813 0.520749 0.168531 0.517681 0.166719 0.514801
35 1 1 0.239172 0.381897 0.246891 0.371265 0.259547 0.366628 0.266328 0.366159 0.267563 0.379133 0.265406 0.396253 0.264172 0.410117 0.263547 0.420773 0.251516 0.418923 0.241016 0.401803 0.238547 0.392084 0.239172 0.384684
0 1 1 0.045328 0.345199 0.053906 0.343302 0.058203 0.330913 0.059484 0.315176 0.058531 0.305644 0.059000 0.301592 0.057563 0.294426 0.053109 0.294426 0.052000 0.300164 0.048828 0.305410 0.045797 0.312553 0.045641 0.319461 0.046906 0.329227 0.045172 0.341639
0 1 1 0.115969 0.324614 0.114391 0.320585 0.113266 0.312248 0.115656 0.307494 0.118188 0.304403 0.119297 0.299180 0.121687 0.296557 0.124547 0.301077 0.124859 0.305831 0.128344 0.308923 0.128828 0.319625 0.126438 0.329133 0.127391 0.331991 0.116453 0.332951 0.115656 0.335808 0.115969 0.336276 0.116453 0.344848 0.119297 0.343653 0.121359 0.344122 0.121359 0.335316
35 1 0 0.607516 0.397518 0.603031 0.398009 0.596375 0.397518 0.591891 0.396768 0.587734 0.399274 0.585578 0.392037 0.586078 0.386815 0.592063 0.383326 0.595375 0.381827 0.599859 0.380843 0.606016 0.381077 0.607344 0.382342 0.609000 0.386066 0.608500 0.395269 0.607844 0.397026
0 1 1 0.135750 0.320960 0.134062 0.325785 0.134219 0.339438 0.132203 0.342225 0.128484 0.339180 0.126297 0.334379 0.126453 0.329063 0.129000 0.319696 0.127297 0.308314 0.124609 0.303513 0.123766 0.297939 0.126453 0.296932 0.131687 0.301241 0.135578 0.311616 0.136422 0.318173
0 1 1 0.103109 0.345410 0.103109 0.329368 0.102187 0.318852 0.107172 0.303349 0.109578 0.299485 0.113266 0.297260 0.116781 0.304473 0.113453 0.310000 0.111969 0.330187 0.111234 0.346792
0 1 0 0.785625 0.914614 0.623703 0.910117 0.629703 0.793255 0.662687 0.701124 0.592219 0.728080 0.566734 0.676393 0.584719 0.608993 0.637203 0.568548 0.677688 0.474169 0.694172 0.435948 0.680688 0.386511 0.677688 0.294379 0.715172 0.262927 0.745156 0.258431 0.766141 0.298876 0.769141 0.334824 0.757141 0.393255 0.809625 0.698876 0.806625 0.813489 0.787125 0.901124
0 1 1 0.277375 0.469672 0.253375 0.496628 0.242891 0.577518 0.235391 0.604496 0.212906 0.604496 0.223391 0.537073 0.229391 0.492131 0.238391 0.429204 0.217391 0.377518 0.224891 0.330328 0.235391 0.321358 0.257875 0.307869 0.257875 0.265176 0.284859 0.247190 0.295359 0.258431 0.298359 0.303372 0.314859 0.334824 0.323844 0.366300 0.320844 0.393255 0.308859 0.415738 0.337344 0.501124 0.343344 0.564052 0.352328 0.593255 0.338844 0.595504 0.316359 0.593255 0.311859 0.523607 0.281875 0.478642
