0 1 1 0.607156 0.881604 0.613297 0.810625 0.606469 0.758750 0.591453 0.719625 0.599656 0.670479 0.603750 0.669563 0.615344 0.665021 0.617391 0.655917 0.625594 0.666833 0.636516 0.662292 0.635828 0.672292 0.648797 0.678667 0.655625 0.711417 0.655625 0.727813 0.655625 0.729625 0.646750 0.722354 0.646062 0.746917 0.648109 0.784229 0.630359 0.871583 0.640609 0.876146 0.642656 0.877062 0.644016 0.886146 0.617391 0.895250 0.614672 0.882521
0 1 0 0.356484 0.688458 0.358391 0.692729 0.355594 0.699333 0.362719 0.705750 0.358234 0.712063 0.352000 0.724021 0.347500 0.738000 0.346516 0.741646 0.347750 0.748958 0.352000 0.761271 0.355484 0.768583 0.356734 0.775562 0.356734 0.777229 0.357484 0.788542 0.357484 0.800833 0.363719 0.819125 0.367203 0.824771 0.368453 0.843063 0.368453 0.843396 0.365953 0.860354 0.364719 0.873979 0.364969 0.891937 0.363469 0.891604 0.361469 0.891604 0.361469 0.858354 0.361469 0.858354 0.359469 0.834417 0.353984 0.821125 0.353984 0.821125 0.342766 0.857021 0.335281 0.866667 0.330547 0.880625 0.325062 0.893604 0.325062 0.898583 0.328797 0.904563 0.329047 0.908562 0.326813 0.912875 0.310844 0.903583 0.310109 0.900917 0.309109 0.888271 0.314344 0.877979 0.322078 0.856687 0.335281 0.831083 0.336781 0.829437 0.336781 0.810146 0.334547 0.794854 0.336781 0.785875 0.327312 0.783542 0.321078 0.775896 0.321578 0.744312 0.323062 0.733333 0.336781 0.711062 0.344266 0.705750 0.347750 0.697104
0 1 0 0.051531 0.809021 0.056187 0.806875 0.056672 0.804521 0.058438 0.801750 0.059891 0.798312 0.060203 0.785042 0.060688 0.780104 0.062297 0.776042 0.062609 0.772187 0.062297 0.769396 0.063094 0.765333 0.064062 0.761896 0.065344 0.758250 0.065344 0.739625 0.066797 0.733833 0.067750 0.730833 0.067922 0.726771 0.067594 0.724833 0.067281 0.722708 0.067594 0.717333 0.067594 0.716708 0.066625 0.715833 0.066625 0.712854 0.066953 0.710917 0.068234 0.709625 0.070813 0.709208 0.072734 0.709208 0.076594 0.710479 0.077234 0.713917 0.077391 0.717333 0.077234 0.723125 0.078844 0.723125 0.081094 0.722062 0.082531 0.723562 0.086875 0.727417 0.087031 0.735542 0.088484 0.742396 0.088641 0.754396 0.084953 0.762104 0.085422 0.771542 0.086875 0.783104 0.092172 0.806875 0.092813 0.810104 0.082375 0.812229 0.082047 0.805375 0.083172 0.799604 0.083172 0.793813 0.067437 0.802604 0.065500 0.801313 0.063906 0.814583 0.060688 0.812229 0.049922 0.811813
25 1 1 0.515906 0.749875 0.540859 0.737625 0.556609 0.711354 0.568437 0.702604 0.578937 0.674583 0.578937 0.664083 0.575000 0.657083 0.567125 0.657083 0.547422 0.664083 0.535594 0.678083 0.529031 0.686833 0.515906 0.707854 0.514594 0.735875
0 1 0 0.525094 0.740562 0.524531 0.751188 0.527938 0.759542 0.527938 0.775458 0.528516 0.780021 0.533063 0.791396 0.537047 0.805062 0.530219 0.850583 0.526234 0.862729 0.534203 0.874104 0.534766 0.879417 0.554125 0.878646 0.561516 0.877896 0.560375 0.868792 0.547297 0.863479 0.548422 0.826292 0.554125 0.820229 0.554125 0.787604 0.559234 0.786083 0.554125 0.750437 0.562656 0.731458 0.556969 0.713250 0.539891 0.733729
25 1 1 0.342250 0.686750 0.360875 0.689708 0.395453 0.696813 0.413188 0.697396 0.424719 0.692083 0.427375 0.692083 0.414078 0.673750 0.386141 0.664292 0.385250 0.657792 0.382594 0.652458 0.379500 0.661917 0.379047 0.663104 0.367516 0.661333 0.347562 0.668417 0.336484 0.676104 0.335156 0.679063 0.341812 0.683792
25 1 1 0.041641 0.693854 0.054719 0.694396 0.066578 0.694396 0.076406 0.692771 0.083766 0.692771 0.089078 0.692771 0.093578 0.692771 0.097250 0.692208 0.100938 0.691125 0.096844 0.686771 0.089484 0.681854 0.082125 0.678583 0.077219 0.675312 0.068219 0.675312 0.060859 0.675854 0.054719 0.675854 0.048594 0.679688 0.046953 0.684042 0.044094 0.688396 0.042453 0.692771
0 1 0 0.383422 0.905667 0.361656 0.906396 0.362766 0.897479 0.365562 0.868458 0.370578 0.834979 0.359984 0.809687 0.358859 0.793312 0.358859 0.773229 0.348266 0.748688 0.347703 0.734542 0.357750 0.715208 0.361094 0.710000 0.360531 0.702563 0.358859 0.695854 0.361656 0.688417 0.370031 0.692146 0.381750 0.692146 0.382859 0.707771 0.393453 0.712229 0.398484 0.724875 0.405172 0.750167 0.404063 0.755375 0.393453 0.764313 0.394578 0.777687 0.393453 0.787375 0.391234 0.814146 0.386203 0.840187 0.380063 0.861021 0.376156 0.877396 0.380063 0.886312 0.387328 0.887812 0.390672 0.893021 0.387875 0.896000 0.377844 0.895250 0.376156 0.895250 0.380063 0.900458
58 1 1 0.257797 0.650750 0.258250 0.654729 0.257109 0.660521 0.255281 0.666625 0.255734 0.671208 0.254141 0.676396 0.254828 0.678542 0.250016 0.681583 0.250016 0.686167 0.250703 0.688604 0.245891 0.689229 0.239937 0.687083 0.240391 0.680062 0.238109 0.672729 0.235813 0.665104 0.233078 0.656854 0.234672 0.653208 0.236047 0.648313 0.232609 0.643729 0.231922 0.635500 0.233531 0.634271 0.241078 0.630917 0.249781 0.632146 0.252984 0.631521 0.254141 0.632438 0.255734 0.633958 0.258484 0.639771 0.262609 0.638854 0.265578 0.636104 0.271766 0.633062 0.275891 0.643729 0.273359 0.649542 0.270844 0.655021 0.269016 0.662063 0.267875 0.667542 0.265125 0.662958 0.265125 0.656250 0.262375 0.650146 0.262375 0.644646
24 1 1 0.613672 0.751813 0.635188 0.748313 0.636766 0.728021 0.635703 0.718229 0.631516 0.704229 0.629406 0.695146 0.630984 0.687437 0.635188 0.676250 0.637281 0.671354 0.629406 0.670646 0.622594 0.688833 0.615234 0.679042 0.611047 0.670646 0.606313 0.674854 0.611047 0.686750 0.609469 0.704229 0.604219 0.714042 0.601078 0.721729 0.604219 0.742729 0.603703 0.750417 0.612094 0.756021
24 1 0 0.345625 0.722646 0.346438 0.737354 0.346031 0.759167 0.341937 0.775521 0.334172 0.783708 0.329266 0.783167 0.324766 0.775521 0.321906 0.762979 0.321500 0.747729 0.323125 0.738458 0.327219 0.727542 0.332125 0.720458 0.338672 0.716104
26 1 1 0.065531 0.774167 0.063297 0.787792 0.063297 0.797583 0.067125 0.801833 0.072234 0.798437 0.079266 0.796292 0.082781 0.790771 0.078297 0.782250 0.074156 0.773729 0.072234 0.768208
0 1 0 0.836172 0.676542 0.838453 0.675771 0.840172 0.684167 0.842453 0.688729 0.845312 0.687979 0.845312 0.682646 0.843031 0.677292 0.842453 0.675021 0.841313 0.671208 0.841875 0.663583 0.841875 0.659000 0.840172 0.655958 0.840734 0.653667 0.840734 0.649875 0.836734 0.647583 0.836172 0.649875 0.836172 0.651396 0.832172 0.654437 0.832172 0.659000 0.831594 0.664354 0.833875 0.670438 0.832734 0.673500 0.832172 0.678833 0.832172 0.684167 0.832734 0.691021 0.836172 0.687979 0.836734 0.684917
25 1 1 0.598547 0.655271 0.596094 0.648167 0.609625 0.631229 0.634203 0.622500 0.638719 0.620854 0.639953 0.618667 0.642812 0.623583 0.657156 0.625771 0.669859 0.629604 0.673141 0.635062 0.678062 0.635062 0.690359 0.650354 0.678062 0.658562 0.671500 0.659646 0.664953 0.658562 0.655922 0.660188 0.653875 0.660188 0.650187 0.660750 0.642406 0.661833 0.638719 0.662937 0.633797 0.664562 0.631750 0.666208 0.630516 0.665104 0.628469 0.662375 0.622328 0.660750 0.615766 0.660188 0.610844 0.660188 0.600609 0.659646
25 1 1 0.776125 0.661833 0.776672 0.660396 0.776016 0.659667 0.778625 0.656062 0.783500 0.654333 0.789125 0.654896 0.796063 0.658958 0.800719 0.663000 0.802125 0.665729 0.801359 0.666604 0.801141 0.668625 0.797687 0.668625 0.795953 0.669062 0.793344 0.668042 0.788688 0.668187 0.785437 0.666021 0.782625 0.666167 0.781219 0.665167 0.779156 0.664292 0.779156 0.663146 0.777109 0.662708
0 1 0 0.886609 0.689438 0.882406 0.687333 0.884500 0.671896 0.880828 0.662083 0.881875 0.654375 0.882406 0.649458 0.883453 0.642438 0.887656 0.641042 0.890813 0.647354 0.888188 0.663479 0.888719 0.669104 0.891344 0.679625 0.892922 0.685938 0.889766 0.687333
56 1 0 0.230375 0.668042 0.235766 0.668354 0.236234 0.672417 0.236594 0.675854 0.237172 0.675854 0.237297 0.671479 0.238703 0.671938 0.238578 0.679125 0.238812 0.692104 0.237062 0.690542 0.236703 0.684917 0.228969 0.684604 0.225203 0.682813 0.225734 0.690708 0.222781 0.689979 0.221969 0.683167 0.217672 0.682438 0.217672 0.679583 0.220625 0.678500 0.221437 0.670958
0 1 0 0.047453 0.713250 0.049516 0.741938 0.048359 0.744083 0.046312 0.745000 0.046312 0.747125 0.048141 0.747125 0.049516 0.747125 0.051109 0.745292 0.052266 0.746208 0.054094 0.746833 0.057062 0.746833 0.058672 0.746833 0.059125 0.745000 0.057984 0.741333 0.058219 0.740104 0.058438 0.739187 0.058672 0.737667 0.059578 0.734000 0.060047 0.730646 0.057984 0.726687 0.057984 0.722708 0.058219 0.719958 0.058219 0.718750 0.058438 0.713250 0.058672 0.708979 0.059578 0.706521 0.060734 0.704083 0.061875 0.701646 0.062797 0.698292 0.062797 0.696771 0.062328 0.695854 0.058906 0.694312 0.055234 0.694021 0.051109 0.694021 0.048359 0.694021 0.048359 0.694021 0.047688 0.697375 0.047688 0.699813 0.047906 0.702250 0.047906 0.704708 0.047906 0.706229 0.047688 0.708667 0.047688 0.710500 0.046531 0.712625 0.046531 0.712625
24 1 0 0.080875 0.736125 0.084906 0.738292 0.088141 0.744396 0.088406 0.750479 0.087594 0.755875 0.084641 0.760542 0.080594 0.762333 0.077906 0.762333 0.076563 0.762333 0.073594 0.760542 0.075219 0.753708 0.077094 0.747250 0.077906 0.742229 0.080328 0.737208
0 1 1 0.787719 0.726562 0.785656 0.706292 0.783922 0.692021 0.782203 0.682792 0.780813 0.674979 0.782203 0.668521 0.783922 0.666688 0.797391 0.668521 0.799125 0.674979 0.799125 0.690167 0.797047 0.704000 0.798094 0.714583 0.802234 0.722417 0.799812 0.727938 0.795672 0.728396
26 1 1 0.538516 0.744458 0.554234 0.747500 0.556281 0.762083 0.557656 0.784562 0.533047 0.784562 0.533500 0.745063 0.533719 0.735333 0.537141 0.734417
25 1 1 0.927109 0.630771 0.946344 0.624375 0.953438 0.621625 0.955047 0.621000 0.958703 0.619792 0.961000 0.618271 0.968328 0.619792 0.971531 0.620708 0.975641 0.622833 0.980000 0.625896 0.986406 0.630771 0.981375 0.634750 0.961453 0.634125 0.951844 0.633521 0.944516 0.633521 0.930313 0.632000
60 1 0 0.159547 0.693042 0.162594 0.688708 0.162594 0.680583 0.157328 0.680583 0.156516 0.677333 0.156922 0.674896 0.158750 0.676792 0.161781 0.675979 0.169703 0.676250 0.172547 0.675979 0.172953 0.678146 0.166453 0.678687 0.166656 0.686813 0.169500 0.688708 0.172141 0.692229 0.170922 0.695208 0.169094 0.695208 0.166656 0.691958 0.164422 0.691146 0.159750 0.696292 0.158344 0.696563 0.158141 0.692771
25 1 1 0.920672 0.626396 0.934922 0.619354 0.941781 0.622167 0.947062 0.623229 0.939141 0.627458 0.932813 0.629562 0.925156 0.631687 0.922250 0.630979 0.918812 0.627458
0 1 1 0.937750 0.681125 0.936297 0.649563 0.935328 0.645708 0.933891 0.641187 0.932922 0.647000 0.928578 0.655354 0.929531 0.663729 0.930984 0.677896 0.930500 0.685625 0.938234 0.683042
0 1 1 0.816109 0.671062 0.816359 0.650500 0.819094 0.649500 0.819094 0.644521 0.816359 0.641542 0.814625 0.635229 0.811891 0.637563 0.810641 0.641875 0.809891 0.644188 0.809641 0.648500 0.811391 0.671396 0.815859 0.672396
0 1 1 0.942047 0.652396 0.943937 0.647354 0.947719 0.649021 0.947719 0.652187 0.946937 0.654063 0.948672 0.655750 0.949141 0.666667 0.947875 0.669187 0.947250 0.671292 0.947406 0.679896 0.947406 0.683875 0.943937 0.686604 0.942844 0.684729 0.944266 0.684083 0.943781 0.672958 0.941266 0.669396 0.938750 0.665396 0.939375 0.659729
0 1 1 0.923531 0.646479 0.923531 0.648937 0.925984 0.652521 0.927703 0.657104 0.925250 0.667917 0.925375 0.680500 0.920469 0.679188 0.920469 0.668229 0.919484 0.666104 0.916297 0.667750 0.915938 0.659896 0.919609 0.651542 0.919484 0.647958 0.921703 0.645833
58 1 1 0.259328 0.648542 0.259547 0.651604 0.259750 0.654125 0.259750 0.655250 0.258703 0.658333 0.257859 0.659437 0.257859 0.662521 0.257656 0.664187 0.257453 0.666438 0.257859 0.669792 0.258500 0.672021 0.258703 0.674542 0.257859 0.675938 0.257453 0.678458 0.257234 0.680688 0.254719 0.684604 0.255141 0.687958 0.258500 0.689354 0.257453 0.691604 0.261641 0.692437 0.266250 0.691875 0.270234 0.691875 0.268766 0.682083 0.267094 0.676771 0.265625 0.672854 0.264359 0.670062 0.263953 0.666708 0.263734 0.662229 0.263531 0.657771 0.261844 0.653562 0.259750 0.653854
56 1 0 0.208094 0.678375 0.205609 0.677729 0.204312 0.673813 0.204672 0.670979 0.209391 0.670979 0.210453 0.680875 0.210922 0.689375 0.210094 0.689375 0.209031 0.684667 0.206797 0.684500 0.207031 0.690479 0.204797 0.690333 0.203484 0.685438 0.203016 0.691271 0.203016 0.679458 0.207969 0.678375
24 1 0 0.091672 0.727688 0.088234 0.745854 0.089547 0.754604 0.091187 0.758542 0.098078 0.757875 0.103500 0.753062 0.104313 0.743229 0.104313 0.734458 0.102516 0.727896 0.100703 0.725938
56 1 1 0.200969 0.676646 0.200375 0.675042 0.196906 0.673042 0.191500 0.676646 0.191500 0.682458 0.191953 0.684854 0.192703 0.686271 0.191344 0.693083 0.192547 0.693271 0.193750 0.686875 0.194047 0.685062 0.199766 0.685062 0.200375 0.693687 0.200969 0.694083 0.202016 0.685271 0.201422 0.683062 0.201578 0.679042 0.201422 0.677646
25 1 1 0.912094 0.643125 0.919750 0.644042 0.923641 0.642187 0.926969 0.642000 0.924187 0.638479 0.922109 0.637375 0.918500 0.637375 0.915156 0.637375 0.912797 0.641458 0.912094 0.643125
