45 1 1 0.415180 0.485240 0.422844 0.496060 0.455269 0.543900 0.474012 0.555880 0.525180 0.558140 0.572934 0.551320 0.593413 0.530800 0.604491 0.507460 0.613024 0.486940 0.607904 0.477260 0.560150 0.456760 0.542246 0.455620 0.537964 0.467580 0.529461 0.475560 0.517515 0.481240 0.508114 0.482960 0.486796 0.482960 0.451856 0.485240 0.416018 0.484660
76 1 0 0.649012 0.667300 0.622335 0.670540 0.611018 0.665680 0.614251 0.659200 0.624371 0.653520 0.644162 0.656500 0.652665 0.657840 0.691078 0.654880 0.699162 0.654880 0.739581 0.631380 0.742425 0.632740 0.742006 0.636520 0.726258 0.652440 0.776377 0.652440 0.742006 0.659200 0.715329 0.660820 0.703204 0.671080 0.697126 0.681340 0.704401 0.689720 0.701587 0.697820 0.685419 0.698080 0.671257 0.697820 0.668443 0.692420 0.669252 0.686480 0.686617 0.681080 0.694701 0.673780 0.694311 0.665140 0.685419 0.660540 0.667635 0.661080
46 1 1 0.592754 0.853780 0.663683 0.812300 0.679671 0.799860 0.687635 0.799860 0.700060 0.806960 0.716916 0.817620 0.716018 0.831260 0.614042 0.882800 0.604281 0.882800 0.593623 0.879840 0.587425 0.860880 0.595389 0.852580
71 1 1 0.315299 0.426000 0.440269 0.418460 0.445539 0.421480 0.448533 0.429520 0.449311 0.440580 0.408653 0.445600 0.378533 0.449640 0.355210 0.455660 0.325838 0.459180 0.322096 0.459180 0.313054 0.426000
39 1 1 0.767186 0.230580 0.770150 0.162580 0.773114 0.159940 0.774102 0.146740 0.813623 0.147400 0.809671 0.234540
39 1 1 0.888952 0.496380 0.892874 0.445840 0.892874 0.431020 0.873293 0.396180 0.874611 0.396180 0.852425 0.392700 0.838084 0.402280 0.830269 0.410980 0.819820 0.422320 0.805479 0.443220 0.802874 0.484180 0.801557 0.506840 0.805479 0.536460 0.836766 0.551280 0.845898 0.556500 0.870689 0.552140 0.873293 0.545180 0.866766 0.519900 0.874611 0.519900 0.874611 0.538200 0.882425 0.533840 0.892874 0.520780 0.885030 0.512940 0.875898 0.513800 0.874611 0.518160
41 1 1 0.659192 0.582120 0.652425 0.614800 0.651677 0.625860 0.638862 0.635920 0.612515 0.639940 0.603503 0.637940 0.592186 0.628380 0.583174 0.583620 0.583922 0.575580 0.593713 0.567040 0.617784 0.566020 0.631347 0.565520 0.644880 0.566540 0.651677 0.571060 0.659192 0.578600
43 1 2 0.760000 0.362760 0.760000 0.404500 0.765269 0.397960 0.771287 0.363760 0.763772 0.360240 0.759251 0.362260
42 1 2 0.778832 0.834760 0.757814 0.872240 0.741856 0.881180 0.724671 0.882020 0.718293 0.881600 0.695988 0.899060 0.681317 0.918220 0.640539 0.952700 0.608653 0.978680 0.593353 0.986760 0.586347 0.988460 0.576796 0.982500 0.574252 0.976120 0.575509 0.969740 0.611856 0.948440 0.646258 0.923320 0.674311 0.900760 0.688323 0.892680 0.707455 0.877760 0.707455 0.870540 0.711916 0.862440 0.726557 0.849240 0.742515 0.828800 0.749521 0.822840 0.752066 0.825400 0.752066 0.827100 0.758443 0.825820 0.759701 0.830500 0.760359 0.830940 0.766737 0.829240 0.767365 0.832220 0.766737 0.836900 0.771826 0.833920 0.777545 0.833920
0 1 0 0.016826 0.345700 0.097545 0.215360 0.168204 0.188380 0.191737 0.150180 0.259042 0.118720 0.326317 0.116480 0.400329 0.156920 0.417156 0.219860 0.417156 0.233340 0.501257 0.271540 0.581976 0.298500 0.592066 0.343440 0.592066 0.410860 0.592066 0.437820 0.470958 0.491760 0.322964 0.507500 0.359940 0.680520 0.390240 0.878280 0.437335 0.916480 0.410419 0.965920 0.228743 0.983900 0.201856 0.909740 0.127844 0.768160 0.063922 0.729960 0.026916 0.574900
39 1 1 0.734940 0.494900 0.738952 0.438600 0.744311 0.430560 0.752994 0.424760 0.758353 0.420720 0.759012 0.413580 0.757006 0.410900 0.759012 0.403300 0.761018 0.401060 0.773742 0.398840 0.785778 0.400620 0.787784 0.404200 0.787096 0.412680 0.784431 0.416700 0.785778 0.420720 0.799162 0.430560 0.801168 0.446200 0.796467 0.486420 0.795150 0.498920 0.784431 0.505180 0.774401 0.506980 0.760359 0.507420 0.745629 0.504740 0.733593 0.499380
43 1 0 0.626976 0.907620 0.711048 0.849340 0.733234 0.846160 0.734820 0.838740 0.812545 0.781520 0.814132 0.759260 0.717365 0.830260 0.706287 0.830260 0.612695 0.885360 0.598413 0.892780 0.606347 0.904440
