60 1 1 0.532062 0.332667 0.551172 0.333062 0.578484 0.328750 0.589063 0.324437 0.590250 0.315833 0.588781 0.309563 0.573500 0.303292 0.562031 0.303688 0.542641 0.303688 0.533531 0.304062 0.523250 0.315437 0.531484 0.318563 0.531484 0.332667
56 1 1 0.147250 0.601646 0.136312 0.570729 0.132406 0.557521 0.132922 0.548146 0.141781 0.547458 0.150125 0.550229 0.193625 0.541208 0.226719 0.531812 0.237141 0.527313 0.246000 0.525563 0.250422 0.530438 0.248078 0.534938 0.248859 0.557187 0.246781 0.558917 0.246000 0.577333
56 1 1 0.773438 0.543083 0.777797 0.375292 0.800547 0.374646 0.835875 0.374000 0.839750 0.390792 0.832969 0.528250 0.824750 0.521792 0.820391 0.490167 0.784578 0.490167 0.781187 0.546958
56 1 0 0.488906 0.571750 0.482281 0.560958 0.480078 0.557042 0.474203 0.557042 0.460219 0.553125 0.451406 0.550187 0.445516 0.542333 0.439641 0.538417 0.436703 0.539396 0.427875 0.535479 0.420516 0.535479 0.416109 0.542333 0.409500 0.597229 0.482281 0.632521 0.474203 0.738417 0.489641 0.884479 0.489641 0.901146 0.480078 0.906042 0.474937 0.897229 0.463906 0.846250 0.464641 0.764875 0.464641 0.744292 0.470516 0.739396
56 1 1 0.838250 0.371479 0.834844 0.375125 0.793312 0.373750 0.776953 0.373313 0.790234 0.358771 0.831109 0.361042 0.837906 0.362854 0.839281 0.358313 0.829062 0.355146 0.811016 0.357417 0.806922 0.356500 0.805906 0.349688 0.808281 0.347875 0.841313 0.350604 0.843016 0.356500
56 1 1 0.566469 0.331604 0.568969 0.367854 0.596469 0.368688 0.608984 0.387021 0.609297 0.384937 0.610547 0.357438 0.600844 0.354104 0.600531 0.342437 0.607406 0.333271 0.606156 0.327437
41 1 1 0.246609 0.558542 0.248750 0.617667 0.256000 0.630729 0.262812 0.631875 0.273469 0.631875 0.279859 0.631292 0.283703 0.628458 0.285406 0.612542 0.282422 0.557417 0.276453 0.561958 0.261969 0.566500 0.253437 0.565937 0.249172 0.558542
56 1 1 0.536563 0.384042 0.535656 0.491708 0.540625 0.491104 0.542875 0.461625 0.560016 0.471250 0.559109 0.497125 0.560469 0.525979 0.567688 0.521771 0.569031 0.467042 0.594297 0.459229 0.597906 0.519979 0.602875 0.519375 0.608734 0.402083 0.607828 0.383438 0.591594 0.368396 0.541969 0.372000 0.537453 0.381625 0.538359 0.389458
56 1 1 0.665141 0.293583 0.665141 0.302604 0.673266 0.305771 0.673609 0.310292 0.682078 0.311187 0.679375 0.337396 0.672594 0.337396 0.672250 0.341917 0.678359 0.344625 0.680391 0.345979 0.678016 0.373521 0.680391 0.373521 0.683781 0.346875 0.683781 0.377583 0.686484 0.377583 0.690203 0.347333 0.699703 0.347333 0.700719 0.371729 0.703422 0.370354 0.704094 0.305771 0.704094 0.291313 0.675641 0.289521 0.670563 0.290417
0 1 0 0.775844 0.243417 0.782141 0.242125 0.782625 0.236312 0.783109 0.231792 0.783578 0.227292 0.782141 0.223417 0.780688 0.213083 0.778266 0.207271 0.772453 0.204688 0.766641 0.205979 0.761328 0.208563 0.758906 0.213083 0.757937 0.220833 0.756969 0.226000 0.756000 0.231146 0.744375 0.254396 0.739547 0.272458 0.736641 0.296979 0.740516 0.309896 0.744375 0.323438 0.751156 0.344729 0.759391 0.347958 0.764219 0.344729 0.766156 0.339563 0.762781 0.308604 0.771969 0.308604 0.775359 0.305375 0.775359 0.297625 0.772937 0.285354 0.772937 0.274396 0.775844 0.262771 0.779234 0.251167 0.777781 0.246000 0.777297 0.244062
60 1 1 0.532438 0.302625 0.533625 0.295437 0.536031 0.289042 0.613375 0.285833 0.626266 0.293042 0.622672 0.302625 0.621469 0.308229 0.592687 0.312625 0.581594 0.305021 0.561813 0.303833 0.532438 0.305021
56 1 1 0.672781 0.396958 0.673031 0.307104 0.665141 0.303937 0.636438 0.305354 0.635922 0.312729 0.636438 0.331688 0.643547 0.331688 0.647500 0.334833 0.649078 0.334125 0.648812 0.365375 0.654875 0.365021 0.654078 0.391354 0.658563 0.391354 0.659344 0.366771 0.664344 0.367125 0.665938 0.394854
60 1 1 0.572437 0.281063 0.600750 0.284583 0.626938 0.285292 0.646797 0.283875 0.651812 0.281396 0.649969 0.269062 0.624828 0.269062 0.598625 0.268708 0.581422 0.267292 0.576141 0.272229 0.574813 0.280708
60 1 1 0.677578 0.260250 0.678312 0.274042 0.691609 0.276500 0.727406 0.278458 0.741063 0.273542 0.742172 0.258771 0.684953 0.256812 0.679422 0.259771
44 1 0 0.273906 0.560792 0.273906 0.555208 0.275516 0.549854 0.276328 0.542750 0.276328 0.536750 0.275031 0.532458 0.273750 0.528375 0.271656 0.524708 0.269078 0.525146 0.267469 0.530729 0.266828 0.539312 0.266656 0.547917 0.270531 0.556937 0.270359 0.563167 0.272937 0.563167
39 0 1 0.287781 0.624875 0.287156 0.598167 0.288406 0.594500 0.288156 0.579646 0.298547 0.579146 0.297672 0.593167 0.300172 0.594500 0.300297 0.625417
60 1 1 0.091219 0.613313 0.091766 0.635729 0.103937 0.647625 0.105828 0.686917 0.111719 0.697708 0.112969 0.701688 0.111719 0.712313 0.112469 0.719271 0.113953 0.726896 0.114703 0.732208 0.114953 0.736188 0.115703 0.739833 0.114953 0.748458 0.114703 0.755771 0.116703 0.759750 0.126406 0.755104 0.124906 0.733542 0.126297 0.708083 0.124375 0.692750 0.209313 0.778333 0.210047 0.811333 0.213344 0.821604 0.215438 0.847500 0.217859 0.859542 0.216125 0.887292 0.218203 0.899333 0.219281 0.927667 0.222187 0.941875 0.222187 0.961229 0.222187 0.978000 0.222187 0.988979 0.227516 1.000000 0.248328 0.998271 0.247641 0.985313 0.246594 0.978375 0.248328 0.971896 0.245563 0.965875 0.247984 0.952000 0.245563 0.938583 0.246594 0.920542 0.247984 0.888146 0.243484 0.865021 0.239922 0.823979 0.242344 0.811958 0.245422 0.781771 0.320437 0.754667 0.326078 0.708292 0.330422 0.701021 0.336750 0.699062 0.338437 0.695417 0.365938 0.688625 0.388281 0.680542 0.410313 0.672458 0.436812 0.658833 0.440656 0.658833 0.445125 0.660542 0.450234 0.668187 0.451516 0.672021 0.443937 0.740833 0.446672 0.754562 0.446656 0.767792 0.445844 0.781854 0.447203 0.796292 0.444766 0.803854 0.444766 0.815021 0.446391 0.821167 0.447203 0.828000 0.443719 0.840000 0.444250 0.852604 0.446422 0.859104 0.444531 0.863438 0.440469 0.866667 0.437906 0.907104 0.443375 0.908417 0.443375 0.913938 0.447906 0.921479 0.445266 0.930042 0.440734 0.942104 0.440734 0.961708 0.444516 0.977792 0.445641 1.000000 0.455219 0.997792 0.457125 0.988417 0.463203 0.948708 0.466594 0.929542 0.466922 0.915500 0.470750 0.896333 0.470594 0.870354 0.465266 0.860021 0.468656 0.843250 0.465750 0.829687 0.468656 0.807104 0.465750 0.793563 0.468172 0.774833 0.466234 0.760000 0.467203 0.747729 0.467688 0.727083 0.473109 0.716708 0.474172 0.664125 0.492578 0.653604 0.489937 0.637458 0.322891 0.555417 0.283969 0.565792 0.285188 0.579500 0.288766 0.576688 0.295516 0.576417 0.299938 0.577812 0.300984 0.625292 0.287719 0.626417 0.285406 0.626417 0.271922 0.632875 0.256328 0.631187 0.250437 0.624729 0.248531 0.612646 0.246844 0.575000
60 1 1 0.882469 0.576813 0.999969 0.593958 0.999234 0.637042 0.951859 0.643396 0.954797 0.648292 1.000000 0.669833 1.000000 0.679125 0.999234 0.713396 0.999750 0.750167 0.953844 0.740125 0.951797 0.749250 0.949047 0.766625 0.943563 0.776667 0.942203 0.793104 0.942203 0.800417 0.940828 0.819604 0.937406 0.818687 0.939453 0.828750 0.941516 0.836042 0.937406 0.838792 0.935344 0.842438 0.938094 0.850667 0.938094 0.857063 0.932609 0.860708 0.934656 0.869854 0.935344 0.875333 0.933969 0.882646 0.929859 0.886292 0.934656 0.900000 0.930547 0.908229 0.928500 0.913708 0.930547 0.924667 0.999750 0.905479 1.000000 0.929396 0.930828 0.946979 0.929062 0.970417 0.922906 0.977458 0.923594 0.997292 0.895500 1.000000 0.901672 0.978104 0.905094 0.976292 0.903047 0.958938 0.907156 0.915083 0.910578 0.909604 0.911953 0.905937 0.911953 0.899542 0.911266 0.892229 0.912641 0.891333 0.912641 0.884937 0.913313 0.879458 0.916063 0.874875 0.912641 0.860271 0.916750 0.848396 0.916750 0.836500 0.920172 0.831937 0.916750 0.820979 0.917437 0.812750 0.919484 0.806354 0.919484 0.795396 0.920172 0.787188 0.922906 0.785354 0.921547 0.772562 0.916750 0.739667 0.918109 0.717750 0.921547 0.709521 0.921547 0.702208 0.902359 0.698563 0.902359 0.682125 0.890031 0.620000 0.881109 0.589854 0.881797 0.577958
56 1 0 0.854984 0.529625 0.834484 0.527125 0.809641 0.526313 0.795359 0.532937 0.779203 0.553625 0.779828 0.571021 0.782313 0.729229 0.780453 0.744958 0.771750 0.827792 0.760563 0.874167 0.758078 0.896521 0.766781 0.900667 0.773609 0.897354 0.778578 0.875000 0.871766 0.966104 0.874859 0.971062 0.875484 0.991771 0.889156 0.996750 0.892266 0.996750 0.898469 0.928833 0.900953 0.860917 0.905922 0.850146 0.910891 0.817021 0.917109 0.808729 0.922078 0.778083 0.923312 0.721771 0.866797 0.699396 0.866797 0.614104 0.863063 0.566063 0.856859 0.547000 0.855609 0.532937
56 1 0 0.339812 0.697271 0.442516 0.660083 0.449125 0.666938 0.438109 0.748125 0.437375 0.851812 0.445453 0.996583 0.438844 0.996583 0.432984 0.973104 0.424172 0.857688 0.391891 0.879208 0.384562 0.889958 0.386766 0.915396 0.384562 0.932021 0.384562 0.946688 0.374297 0.945708 0.373563 0.925167 0.372828 0.892896 0.332469 0.905604 0.332469 0.977021 0.333203 1.000000 0.322203 1.000000 0.320000 0.902667 0.242234 0.843000 0.242234 0.827354 0.242234 0.814646 0.270125 0.800938 0.320734 0.776500 0.325875 0.735417 0.327344 0.707042 0.340547 0.697271
56 1 0 0.751281 0.452312 0.767547 0.358396 0.760312 0.305396 0.780187 0.304187 0.789219 0.357187 0.787406 0.362000 0.776578 0.378854 0.776578 0.401750 0.764828 0.434250 0.762125 0.471583 0.759406 0.478813
0 1 1 0.488750 0.569396 0.492281 0.509354 0.488750 0.471813 0.486047 0.451729 0.490562 0.445708 0.480625 0.403563 0.493266 0.395146 0.496891 0.372250 0.488750 0.304812 0.481531 0.275917 0.467078 0.265083 0.460750 0.268688 0.460750 0.228958 0.451719 0.203667 0.438172 0.184396 0.419203 0.181979 0.406563 0.204875 0.401141 0.230146 0.406563 0.250625 0.405656 0.263875 0.405656 0.274708 0.392109 0.273500 0.382188 0.277125 0.375859 0.290375 0.377672 0.316854 0.374953 0.346958 0.372250 0.369854 0.376766 0.390313 0.385797 0.397542 0.394828 0.402354 0.391219 0.430062 0.385797 0.443312 0.388500 0.456562 0.399344 0.457750 0.392156 0.458854 0.392641 0.480167 0.397469 0.507917 0.405703 0.542104 0.410062 0.570500 0.412484 0.595021 0.413938 0.553729 0.417797 0.536312 0.425063 0.540167 0.435234 0.534375 0.444422 0.544042 0.459906 0.552438 0.472016 0.556313 0.481203 0.556313 0.484594 0.563417
