69 1 0 0.067354 0.611234 0.057260 0.678656 0.010094 0.683141 0.043794 0.779781 0.064005 0.849438 0.060632 0.959547 0.074098 1.000000 0.191991 0.970781 0.279555 0.914609 0.336815 0.883141 0.316604 0.687641 0.282927 0.624719 0.208829 0.613484 0.127986 0.593266 0.074098 0.584266
69 1 0 0.010890 0.698063 0.038009 0.737047 0.050515 0.828906 0.052600 0.961141 0.083888 0.990375 0.046347 0.998719 0.004614 0.998719 0.000000 0.791328 0.000000 0.737047
74 1 1 0.806417 0.216234 0.796721 0.225469 0.793255 0.233313 0.792576 0.243016 0.796721 0.252250 0.803653 0.261469 0.816089 0.267484 0.831311 0.269781 0.851382 0.271172 0.869368 0.268406 0.881148 0.261937 0.890141 0.255016 0.893607 0.245781 0.894286 0.234703 0.892225 0.221781 0.882529 0.212078 0.862459 0.207000 0.841710 0.204688 0.818173 0.210234 0.808478 0.215313 0.806417 0.216234
39 1 1 0.880047 0.676031 0.867845 0.661797 0.864801 0.637375 0.869368 0.617031 0.867845 0.603813 0.873958 0.599750 0.870890 0.578375 0.887658 0.578375 0.889204 0.594656 0.896815 0.603813 0.899859 0.621109 0.890726 0.633313 0.887658 0.642469 0.887658 0.646531 0.887658 0.648578 0.893771 0.649594 0.893771 0.667906 0.883091 0.667906
43 1 0 0.846511 0.523953 0.853794 0.520703 0.853794 0.519078 0.851850 0.518109 0.850398 0.497000 0.850398 0.494406 0.855269 0.493766 0.855269 0.486625 0.854778 0.474922 0.844543 0.446359 0.838712 0.435641 0.838712 0.435313 0.835785 0.437594 0.833841 0.444406 0.836768 0.460000 0.839696 0.475250 0.840656 0.491156 0.842131 0.496688 0.842600 0.498953 0.842131 0.502531 0.842600 0.519734 0.846019 0.524922
43 1 0 0.909579 0.532844 0.913208 0.523875 0.920445 0.509031 0.925105 0.501453 0.932857 0.488328 0.944754 0.454172 0.948899 0.446578 0.955621 0.447625 0.951475 0.462453 0.942178 0.486953 0.934941 0.500750 0.930796 0.505937 0.933888 0.508687 0.929251 0.510766 0.925621 0.519734 0.923045 0.524906 0.920960 0.528016 0.923045 0.529047 0.924075 0.531469 0.916323 0.533875 0.913724 0.535266 0.911148 0.532500
43 1 0 0.805316 0.511969 0.811475 0.491109 0.814660 0.471172 0.813279 0.470375 0.810890 0.471438 0.805105 0.489250 0.797939 0.508781 0.798150 0.511562 0.799930 0.513031 0.804520 0.512625
43 1 0 0.882131 0.461359 0.888571 0.475797 0.889157 0.495297 0.891475 0.514797 0.886230 0.516750 0.878618 0.475406
43 1 0 0.862201 0.464953 0.869859 0.489000 0.872178 0.501797 0.872927 0.514078 0.868337 0.514078 0.861429 0.490031 0.859906 0.475187
43 1 0 0.897283 0.513984 0.899742 0.491625 0.899742 0.469984 0.894145 0.480688 0.892763 0.493031 0.891710 0.507922 0.893091 0.513984
43 1 0 0.829602 0.457016 0.825480 0.459453 0.822295 0.477766 0.822740 0.495469 0.822740 0.501281 0.821827 0.522344 0.825035 0.525703 0.825480 0.525703 0.830070 0.525078 0.832810 0.522344 0.829602 0.499141 0.831007 0.495750 0.838361 0.495266 0.836651 0.482828 0.830515 0.457141
0 1 1 0.414286 0.959547 0.383981 0.986516 0.373864 0.986516 0.360398 0.984266 0.350281 0.973031 0.367119 0.923594 0.370492 0.896625 0.370492 0.842703 0.353653 0.788766 0.353653 0.739328 0.343560 0.685391 0.343560 0.669656 0.336815 0.613484 0.336815 0.575281 0.330070 0.532578 0.343560 0.498875 0.353653 0.492141 0.390703 0.471906 0.410913 0.467422 0.414286 0.442703 0.414286 0.429219 0.397447 0.426969 0.377237 0.422469 0.377237 0.397750 0.380609 0.379781 0.400820 0.364047 0.427752 0.359547 0.458080 0.373031 0.481639 0.402250 0.481639 0.411234 0.485012 0.420219 0.508595 0.442703 0.542272 0.460672 0.575948 0.471906 0.596159 0.487641 0.606276 0.512359 0.569227 0.534828 0.559110 0.617984 0.565855 0.635953 0.555738 0.662922 0.552389 0.698875 0.522061 0.759547 0.498478 0.775281 0.491756 0.786516 0.491756 0.791016 0.491756 0.806734 0.498478 0.808984 0.532178 0.806734 0.555738 0.813484 0.538899 0.869656
0 1 0 0.738009 0.697500 0.738009 0.625188 0.746557 0.598547 0.760820 0.570016 0.769368 0.556687 0.749415 0.518641 0.726604 0.486281 0.712342 0.472969 0.723747 0.452031 0.735152 0.431109 0.692365 0.374016 0.603958 0.383531 0.589696 0.394953 0.566885 0.423500 0.566885 0.440625 0.589696 0.478672 0.615363 0.492000 0.581148 0.530047 0.566885 0.573812 0.581148 0.642312 0.546909 0.703203 0.541218 0.735563 0.518408 0.756484 0.504145 0.777422 0.484169 0.800250 0.504145 0.805953 0.541218 0.805953 0.555480 0.811672 0.538361 0.859234 0.703771 0.726047 0.729438 0.703203
