0 1 0 0.485838 0.889200 0.510381 0.898880 0.549239 0.892440 0.563553 0.882760 0.598300 0.877940 0.616700 0.869880 0.612614 0.848920 0.606472 0.836040 0.592157 0.834420 0.622843 0.784480 0.645330 0.753860 0.655558 0.726480 0.655558 0.684580 0.714848 0.616920 0.727107 0.599200 0.763909 0.662040 0.774137 0.678140 0.792538 0.686200 0.829340 0.755480 0.847741 0.790920 0.843655 0.811880 0.827310 0.800600 0.825254 0.803820 0.831396 0.815100 0.825254 0.819920 0.835482 0.826380 0.806853 0.844100 0.790508 0.848920 0.784365 0.858600 0.798680 0.871480 0.894772 0.848920 0.915228 0.844100 0.902944 0.821540 0.902944 0.808660 0.886599 0.807040 0.868198 0.728100 0.845711 0.679760 0.835482 0.663640 0.817081 0.642700 0.800711 0.546020 0.827310 0.529920 0.819112 0.521860 0.831396 0.518640 0.790508 0.479960 0.778223 0.468680 0.743477 0.450960 0.721497 0.438200 0.701523 0.400000 0.670152 0.368540 0.641650 0.350560 0.670152 0.357300 0.644492 0.325840 0.647360 0.283140 0.641650 0.271920 0.596015 0.258420 0.558934 0.256180 0.547538 0.267420 0.538985 0.276400 0.524721 0.278660 0.481954 0.244940 0.402107 0.200000 0.396396 0.182020 0.387843 0.173040 0.347919 0.166300 0.342208 0.186520 0.345076 0.202240 0.413503 0.235960 0.461980 0.287640 0.513325 0.310120 0.524721 0.341580 0.536142 0.402240 0.567513 0.460680 0.587462 0.467420 0.598883 0.487640 0.564645 0.485400 0.507614 0.503380 0.513325 0.521340 0.547538 0.514600 0.530432 0.528080 0.538985 0.532580 0.570355 0.512360 0.658756 0.516860 0.638807 0.568540 0.601726 0.671920 0.598883 0.712360 0.556091 0.826960 0.541827 0.833700 0.538985 0.808980 0.527589 0.815740 0.527589 0.829220 0.513325 0.838200 0.527589 0.840440 0.538985 0.844940 0.513325 0.865160 0.487640 0.871920 0.484797 0.887640
38 1 0 0.343426 0.199120 0.341802 0.177220 0.339061 0.170340 0.261091 0.133400 0.183680 0.077540 0.118807 0.048320 0.098629 0.044900 0.049010 0.058640 0.050660 0.087860 0.084442 0.123080 0.152056 0.147140 0.240381 0.168620 0.291091 0.180660
0 1 1 0.885102 0.096400 0.887030 0.084260 0.881269 0.070100 0.870990 0.064020 0.855584 0.059460 0.849162 0.056940 0.848528 0.049860 0.853020 0.038720 0.859442 0.022540 0.862005 0.016460 0.856218 0.001800 0.856447 0.000000 0.828096 0.000000 0.816269 0.000000 0.816878 0.000000 0.810381 0.001840 0.805660 0.011140 0.803274 0.019060 0.806827 0.031620 0.809188 0.041400 0.808020 0.050720 0.809188 0.052580 0.782614 0.064680 0.767843 0.072660 0.754264 0.095000 0.761929 0.097780 0.874162 0.096860 0.885990 0.096400
0 1 1 0.431269 0.092120 0.431269 0.090400 0.437792 0.072140 0.436345 0.066420 0.429822 0.062420 0.411726 0.059000 0.405914 0.058440 0.400838 0.053860 0.397944 0.047580 0.397944 0.032740 0.397944 0.022460 0.398680 0.012760 0.396497 0.005900 0.389975 0.000000 0.350863 0.000000 0.345787 0.009340 0.344340 0.023040 0.348680 0.035600 0.349416 0.044160 0.345051 0.048720 0.331294 0.057860 0.320431 0.064140 0.311726 0.068140 0.299416 0.077280 0.294340 0.091540
0 1 1 0.811091 0.006280 0.806269 0.014180 0.813325 0.038760 0.811091 0.051360 0.779137 0.068040 0.773934 0.071840 0.759467 0.091760 0.758706 0.095560 0.755736 0.092040 0.754619 0.078580 0.744594 0.064520 0.740508 0.050180 0.737538 0.038760 0.737538 0.031160 0.745711 0.004800 0.748299 0.000000 0.785838 0.000120 0.816294 0.000420 0.856041 0.000120 0.861980 0.016220 0.858655 0.028820 0.853452 0.043440 0.850482 0.058960 0.866827 0.063360 0.872766 0.055740 0.883173 0.044320 0.886878 0.033780 0.886878 0.029400 0.890584 0.022080 0.885761 0.000000
0 1 1 0.434315 0.097020 0.431675 0.076340 0.442183 0.059800 0.450051 0.057720 0.463173 0.055660 0.463173 0.024640 0.460558 0.008100 0.471041 0.000000 0.499898 0.000000 0.513020 0.001900 0.526142 0.034980 0.531396 0.057720 0.549772 0.072200 0.568147 0.074280 0.570761 0.082540
0 1 1 0.616142 0.001800 0.619036 0.015440 0.603147 0.021700 0.604594 0.040440 0.602437 0.048980 0.594492 0.054660 0.594492 0.030220 0.588020 0.027940 0.589442 0.061480 0.591624 0.074540 0.590178 0.083080 0.576472 0.084780 0.571421 0.077960 0.558452 0.067720 0.544746 0.058640 0.533198 0.055800 0.531751 0.045560 0.541117 0.036460 0.534645 0.027940 0.528147 0.021700 0.523096 0.009180 0.518046 0.000000
0 1 1 0.594442 0.088560 0.745787 0.096080 0.739416 0.067200 0.717132 0.054660 0.697995 0.047120 0.691624 0.042100 0.682081 0.035820 0.690051 0.023280 0.694822 0.003180 0.693223 0.000000 0.637462 0.001940 0.634289 0.033320 0.637462 0.049640 0.608782 0.053400 0.589670 0.058420 0.592868 0.089800
0 1 1 0.278376 0.056920 0.253985 0.051000 0.244594 0.045080 0.244594 0.034720 0.259619 0.025860 0.267132 0.016980 0.250228 0.014020 0.250228 0.009580 0.240838 0.003660 0.186396 0.000700 0.186396 0.008100 0.167614 0.012540 0.178883 0.011060 0.184518 0.024380 0.186396 0.037680 0.184518 0.049520 0.169492 0.056920 0.150736 0.059880 0.143223 0.074660 0.135711 0.083540 0.137589 0.087980 0.297157 0.092420 0.297157 0.071700 0.291523 0.058400 0.259619 0.056920
0 1 1 0.248807 0.001980 0.251574 0.015000 0.263503 0.018620 0.257995 0.026560 0.248807 0.033080 0.262563 0.054780 0.282767 0.058380 0.291015 0.060560 0.293782 0.072120 0.296523 0.077920 0.350685 0.044640 0.349746 0.038140 0.345178 0.026560 0.352513 0.001980
0 1 1 0.000279 0.079200 0.031599 0.062000 0.037284 0.050040 0.033503 0.027600 0.037284 0.007400 0.042030 0.000000 0.000000 0.001420
0 1 1 0.917868 0.097280 0.908173 0.081040 0.916650 0.075320 0.930000 0.071500 0.949365 0.058140 0.945736 0.026620 0.953020 0.009440 0.972386 0.001800 1.000000 0.014220 1.000000 0.030440 0.996624 0.047640 0.996624 0.058140 0.992995 0.060040 0.997843 0.065780 1.000000 0.075320 1.000000 0.084860 1.000000 0.098240
0 1 1 0.034315 0.037640 0.028426 0.016820 0.040761 0.002020 0.066015 0.002940 0.086574 0.007120 0.092437 0.043200 0.122970 0.051060 0.132944 0.064020 0.124721 0.067260 0.047234 0.066800 0.017868 0.058480 0.017868 0.054300 0.020812 0.053840 0.041929 0.057080
