46 1 1 0.767673 0.721016 0.797880 0.686109 0.830323 0.658047 0.879562 0.599625 0.889631 0.566234 0.892995 0.541953 0.905300 0.531328 0.918710 0.517672 0.942212 0.518438 0.965714 0.536641 0.973548 0.560172 0.974654 0.570031 0.969078 0.613281 0.953410 0.644391 0.939977 0.658797 0.922074 0.683078 0.900829 0.705078 0.872857 0.722531 0.841521 0.737703 0.825853 0.738469 0.810184 0.736953 0.781106 0.740750 0.769908 0.731641 0.776636 0.721016
46 1 1 0.490438 0.539328 0.374470 0.550563 0.321452 0.577531 0.281682 0.586516 0.238594 0.579781 0.268410 0.539328 0.301567 0.519094 0.408041 0.482328 0.458041 0.482328 0.504309 0.487344 0.532074 0.508687 0.548756 0.525000 0.557995 0.546344 0.520968 0.550109 0.500622 0.538813 0.470991 0.535047
46 1 1 0.600507 0.741672 0.633595 0.732172 0.688341 0.744266 0.740530 0.744266 0.773618 0.741672 0.811797 0.738219 0.827074 0.736484 0.834723 0.737359 0.839816 0.746844 0.847442 0.763250 0.838525 0.782234 0.809263 0.801219 0.687074 0.807266 0.567419 0.783969 0.566152 0.765844 0.516498 0.748578 0.475760 0.689016 0.478318 0.671750 0.507581 0.659672 0.563594 0.697641
46 1 1 0.524055 0.754766 0.557465 0.702984 0.645783 0.639875 0.691106 0.626922 0.777028 0.622078 0.815207 0.638250 0.819977 0.651203 0.815207 0.669000 0.707811 0.690047 0.667258 0.714312 0.581336 0.748297 0.557465 0.770953
47 1 1 0.966175 0.755047 0.926982 0.762500 0.892488 0.749734 0.876820 0.727422 0.887788 0.713594 0.923848 0.682766 0.950484 0.660453 0.977143 0.654063 0.989677 0.663641 1.000000 0.679578 0.997512 0.698719 0.992811 0.713594 0.989677 0.726359 0.986544 0.744422 0.983410 0.751859 0.981843 0.752922
49 1 1 0.972005 0.591937 0.967834 0.610594 0.956152 0.636047 0.961705 0.636984 0.994677 0.627672 1.000000 0.622078 0.998779 0.569906 0.977834 0.574969 0.972834 0.575531 0.972005 0.567047 0.968664 0.550078 0.973664 0.550656 0.982005 0.552344 0.998687 0.558000 0.988687 0.562531
46 1 1 0.855323 0.439359 0.904954 0.442172 0.947350 0.455484 0.999078 0.448484 0.999078 0.456891 0.944263 0.467406 0.931843 0.478641 0.904954 0.487047 0.889447 0.489156 0.846014 0.489156 0.850138 0.439359 0.834631 0.435156 0.830484 0.493359 0.811889 0.491250 0.786014 0.481438 0.785000 0.470922 0.812903 0.446375 0.824286 0.435156
47 1 1 0.837028 0.585656 0.844055 0.516547 0.849908 0.501469 0.861636 0.491141 0.873341 0.489531 0.916682 0.485563 0.943618 0.499844 0.972903 0.519703 0.979931 0.537187 0.969378 0.546719 0.958848 0.529234 0.952995 0.522094 0.945968 0.517344 0.930737 0.514172 0.920184 0.515766 0.908479 0.523703 0.901452 0.538000 0.892074 0.561031 0.888571 0.580891 0.852258 0.587250 0.852258 0.595984 0.835853 0.598359 0.837028 0.620609 0.856936 0.628547 0.873341 0.606313 0.881544 0.590422
47 1 1 0.761935 0.465594 0.727074 0.462547 0.704608 0.452641 0.718088 0.441969 0.739447 0.432813 0.755184 0.419094 0.759677 0.403859 0.748433 0.390141 0.737189 0.380234 0.728203 0.375656 0.743940 0.371844 0.784401 0.381000 0.807995 0.398516 0.822627 0.413766 0.828226 0.429016 0.821498 0.453391 0.799009 0.467875 0.773157 0.473219
49 1 2 0.695668 0.505672 0.707488 0.486062 0.727212 0.484266 0.753502 0.481594 0.789009 0.485172 0.810714 0.494531 0.823848 0.511906 0.827788 0.521719 0.823848 0.531531 0.820576 0.552031 0.823203 0.568531 0.817926 0.573438 0.811359 0.577453 0.789009 0.588594 0.732465 0.588594 0.714724 0.581906 0.699608 0.578781 0.689747 0.578781 0.684493 0.578781 0.687120 0.555594 0.690392 0.522609 0.692373 0.510125
49 1 1 0.578917 0.417203 0.628157 0.428328 0.657696 0.423875 0.683940 0.433891 0.693802 0.455047 0.695438 0.477297 0.679032 0.521828 0.654401 0.541859 0.615023 0.547422 0.578917 0.544078 0.546083 0.528500 0.521452 0.507359 0.508341 0.462828 0.519816 0.445031 0.544447 0.425000
49 1 2 0.512811 0.827156 0.510668 0.844125 0.509240 0.863500 0.514954 0.877547 0.557120 0.888687 0.609263 0.882391 0.632120 0.869797 0.642120 0.847516 0.623548 0.833453 0.594977 0.824734 0.569977 0.820375 0.550691 0.818922 0.530691 0.821344 0.517097 0.826187
46 1 1 0.754677 0.736594 0.770184 0.724469 0.786866 0.688891 0.761820 0.688078 0.683134 0.702625 0.675991 0.704250 0.672419 0.736594 0.660484 0.736594 0.662880 0.713141 0.639032 0.721234 0.633065 0.726891 0.637834 0.734172
46 1 1 0.231382 0.496031 0.219747 0.491937 0.204631 0.457688 0.217581 0.451531 0.224908 0.448313 0.228802 0.453000 0.237857 0.461188 0.238733 0.477594 0.250806 0.482266 0.260323 0.471734 0.263779 0.469391 0.265069 0.475828 0.266359 0.492812 0.265069 0.498375 0.250806 0.498672 0.248664 0.490172
47 1 1 0.636152 0.289234 0.672396 0.305625 0.692028 0.327125 0.695069 0.350688 0.690530 0.376281 0.661820 0.419297 0.645207 0.423406 0.575737 0.420328 0.539493 0.412141 0.521383 0.398813 0.512304 0.361953 0.522880 0.332250 0.537995 0.315859 0.568203 0.301516 0.631636 0.287188
