33 1 2 0.463703 0.314684 0.466859 0.284988 0.475984 0.264801 0.479937 0.264215 0.484688 0.277869 0.489047 0.265410 0.479937 0.258876 0.464484 0.255902 0.454187 0.263021 0.447844 0.278454 0.445859 0.305176 0.450625 0.320023 0.457750 0.332506 0.465672 0.322412
33 1 2 0.524156 0.450445 0.521406 0.437073 0.521406 0.424215 0.522781 0.417026 0.526891 0.410843 0.534109 0.409297 0.541656 0.409813 0.548172 0.419063 0.547828 0.425761 0.540625 0.429368 0.535141 0.422670 0.531703 0.435012 0.531703 0.446347 0.529984 0.451991 0.527578 0.453536
0 1 1 0.097469 0.778337 0.095141 0.771780 0.094406 0.760632 0.098063 0.755621 0.101703 0.753653 0.100672 0.745785 0.106797 0.742084 0.111172 0.746674 0.112766 0.753864 0.115250 0.753653 0.117875 0.757799 0.123703 0.768501 0.123406 0.776581 0.119031 0.774824 0.114078 0.773513 0.104609 0.775925 0.097625 0.778548
33 1 2 0.845766 0.460000 0.847109 0.453934 0.849063 0.449649 0.851453 0.447400 0.858500 0.445621 0.861656 0.450094 0.861500 0.456628 0.858203 0.459321 0.855359 0.459532 0.853859 0.477963 0.851906 0.480211 0.850109 0.480656 0.847719 0.475948
33 1 0 0.299875 0.319415 0.297297 0.336230 0.302906 0.356276 0.308937 0.352389 0.308078 0.345925 0.308937 0.338806 0.311969 0.351756 0.318000 0.345269 0.318438 0.329110 0.314125 0.316815
0 1 0 0.366313 0.680281 0.367047 0.677845 0.367703 0.675410 0.368688 0.673208 0.370234 0.670258 0.371453 0.667447 0.371625 0.665621 0.371453 0.663653 0.370719 0.662318 0.368688 0.662318 0.367141 0.661335 0.366313 0.660000 0.365828 0.658033 0.367219 0.654122 0.369172 0.653630 0.372109 0.652904 0.372766 0.651429 0.374641 0.650094 0.375703 0.651311 0.375938 0.654239 0.375453 0.655831 0.375047 0.658033 0.374719 0.661335 0.375219 0.664028 0.376109 0.666347 0.377984 0.670023 0.379859 0.670866 0.381328 0.671733
0 1 0 0.683437 0.690023 0.686016 0.680820 0.688281 0.676230 0.690859 0.671874 0.691344 0.669438 0.685859 0.657822 0.687797 0.658548 0.692312 0.664122 0.695391 0.663162 0.698938 0.665082 0.699578 0.671616 0.696672 0.676230 0.693766 0.681311 0.689406 0.684941 0.686984 0.688571 0.685859 0.690749
33 1 2 0.150328 0.428337 0.158516 0.420609 0.152063 0.387681 0.152922 0.367026 0.160234 0.369625 0.165406 0.377354 0.171438 0.372834 0.161953 0.352834 0.151625 0.352834 0.136125 0.370258 0.135688 0.396721
33 1 2 0.454109 0.560328 0.457984 0.546487 0.462750 0.548712 0.463344 0.550960 0.464844 0.548712 0.463344 0.543349 0.457688 0.540234 0.453203 0.540679 0.450234 0.547822 0.450234 0.553630 0.450828 0.560796
33 1 2 0.718984 0.399766 0.716844 0.369813 0.730406 0.365527 0.731469 0.369813 0.731125 0.374098 0.730047 0.378899 0.728984 0.384778 0.727906 0.390656 0.726844 0.396557 0.720422 0.402436
33 1 1 0.339516 0.552225 0.339516 0.535644 0.341406 0.532459 0.345406 0.529977 0.348219 0.529977 0.350344 0.529977 0.353641 0.533513 0.355047 0.535995 0.354344 0.537752 0.352234 0.536347 0.351047 0.534918 0.347984 0.534567 0.345172 0.537752 0.344219 0.542693 0.344219 0.549742 0.345406 0.553981 0.347047 0.558571 0.346109 0.558923 0.341641 0.555738
33 1 0 0.242594 0.414309 0.241750 0.407354 0.241750 0.399157 0.243437 0.394731 0.246813 0.392834 0.249766 0.391569 0.251875 0.390937 0.254406 0.392201 0.257344 0.396628 0.257766 0.404848 0.258188 0.413044 0.258188 0.416838 0.254406 0.418735 0.251875 0.420000 0.248500 0.418735 0.245547 0.413677
0 1 1 0.646969 0.612108 0.647687 0.599953 0.648594 0.597518 0.646969 0.595105 0.644078 0.595644 0.642641 0.592389 0.644984 0.588876 0.646250 0.585644 0.646781 0.580234 0.648953 0.576183 0.651656 0.577283 0.653813 0.581054 0.655250 0.581874 0.657062 0.585105 0.657234 0.592131 0.657953 0.594824 0.660125 0.599696 0.661563 0.604005 0.661203 0.610211 0.661203 0.620492 0.659766 0.620492 0.659766 0.616979 0.659031 0.611569 0.657953 0.608056 0.653625 0.608337 0.649484 0.610773 0.649125 0.613724
33 1 2 0.549656 0.560304 0.544406 0.552436 0.544734 0.538150 0.547031 0.532248 0.549984 0.529789 0.552625 0.529297 0.555250 0.530773 0.556563 0.532248 0.556563 0.534215 0.553609 0.535199 0.552297 0.538150 0.551969 0.544052 0.551969 0.549485 0.551969 0.555878 0.551969 0.559813
37 1 0 0.667609 0.626464 0.637859 0.613607 0.638766 0.608899 0.668969 0.623747
33 1 2 0.292937 0.593934 0.295859 0.587119 0.298703 0.585761 0.298187 0.582272 0.295859 0.580609 0.293438 0.585152 0.292125 0.590000
33 1 0 0.444250 0.492014 0.443906 0.498197 0.443797 0.503724 0.443469 0.507728 0.445922 0.507892 0.448703 0.503208 0.452172 0.495691 0.452500 0.492014 0.450609 0.490328 0.446031 0.490843 0.445469 0.491663
37 1 1 0.369359 0.684941 0.366828 0.685293 0.365453 0.684941 0.364875 0.684941 0.364641 0.683396 0.364641 0.682365 0.364766 0.681499 0.366031 0.680820 0.368094 0.680468 0.369250 0.680820 0.369594 0.682365 0.369594 0.684262 0.369594 0.685457
