0 1 1 0.818953 0.760140 0.855016 0.908782 0.730297 0.913279 0.767266 0.844028 0.767266 0.835527 0.761578 0.835527 0.748781 0.828056 0.740969 0.805691 0.738828 0.806745 0.625094 0.831265 0.512797 0.825925 0.452375 0.814215 0.450953 0.841897 0.503547 0.922881 0.413281 0.928197 0.412563 0.913279 0.404750 0.898384 0.404031 0.916487 0.396937 0.922881 0.392672 0.930328 0.305234 0.930328 0.274672 0.799297 0.290312 0.772670 0.313766 0.748150 0.316609 0.747096 0.364937 0.610726 0.394797 0.526557 0.406875 0.496721 0.426781 0.478618 0.457344 0.481803 0.486500 0.488197 0.483656 0.474356 0.479391 0.471148 0.476547 0.482881 0.455219 0.467963 0.443844 0.393372 0.444562 0.374215 0.454500 0.369953 0.456641 0.356089 0.459484 0.288970 0.466594 0.213326 0.500703 0.152600 0.540516 0.136628 0.600219 0.140890 0.630078 0.182436 0.652828 0.247424 0.661344 0.316674 0.660641 0.355035 0.669172 0.350773 0.676281 0.395504 0.667750 0.454098 0.657094 0.463700 0.650688 0.457307 0.646422 0.505246 0.629359 0.550000 0.630078 0.562787 0.691922 0.611780 0.716078 0.628829 0.669875 0.637354 0.619406 0.650140 0.613734 0.655457 0.611594 0.671452 0.604484 0.681030 0.608750 0.684239 0.614437 0.693817 0.657094 0.699157 0.687656 0.692763 0.693344 0.679977 0.708266 0.679977 0.746641 0.685293 0.777219 0.692763 0.801375 0.688501 0.812047 0.679977 0.812047 0.721522
56 1 0 0.968828 0.827002 0.923547 0.707400 0.935063 0.644145 0.928922 0.599297 0.839156 0.565948 0.836859 0.568244 0.833781 0.540656 0.833781 0.533747 0.836859 0.525691 0.889031 0.511897 0.899766 0.524543 0.911281 0.529157 0.935828 0.571710 0.959609 0.639555 0.951172 0.646440 1.000000 0.778712 0.998750 0.805152 0.944266 0.659110 0.934297 0.657939 0.930453 0.687845 0.974969 0.827002 0.972656 0.828150 1.000000 0.828150 0.998750 0.886815 0.989547 0.887963 0.971125 0.879906 0.967281 0.868407 0.968828 0.867260 0.956547 0.832763
56 1 0 0.860734 0.520867 0.864109 0.490539 0.893344 0.482951 0.924844 0.492225 0.958578 0.509063 0.986687 0.551218 0.996813 0.571452 0.972078 0.564707 0.961953 0.573138 0.965328 0.599251 0.972641 0.632131 0.965891 0.639719 0.958578 0.638033 0.915281 0.534356 0.900656 0.520867 0.890531 0.513279 0.883781 0.517494 0.877594 0.518337
0 1 0 0.615609 0.161171 0.624047 0.142576 0.634969 0.132155 0.645391 0.115785 0.645891 0.072646 0.665250 0.080070 0.670219 0.090492 0.669719 0.120258 0.669219 0.123981 0.660781 0.122482 0.660781 0.126206 0.668719 0.128431 0.664750 0.252670 0.648875 0.234075 0.635469 0.194660 0.625547 0.177541
0 1 0 0.607531 0.147892 0.615172 0.159344 0.622219 0.146136 0.632797 0.135574 0.636328 0.108267 0.636922 0.087119 0.626328 0.086230 0.618109 0.103841 0.615172 0.121475 0.615750 0.133794 0.605172 0.146136 0.608109 0.150539
0 1 0 0.267109 0.273443 0.270547 0.282436 0.275688 0.293372 0.276969 0.301710 0.283391 0.295293 0.284687 0.279227 0.278250 0.255457 0.277828 0.238759 0.282969 0.223981 0.282109 0.207283 0.287250 0.205363 0.291109 0.188642 0.287250 0.165527 0.281687 0.152037 0.279109 0.134684 0.277391 0.125691 0.270109 0.123770 0.264969 0.128899 0.262828 0.139813 0.266250 0.148173 0.271391 0.152037 0.274828 0.171311 0.274828 0.186721 0.270547 0.200867 0.265391 0.209859 0.263687 0.235550 0.261969 0.241967 0.262391 0.252248
56 1 0 1.000000 0.719227 0.961859 0.601803 0.960312 0.574777 0.969078 0.564731 0.980422 0.567822 1.000000 0.580164
0 1 0 0.253406 0.221218 0.249109 0.199274 0.251266 0.174754 0.251687 0.146347 0.251266 0.131499 0.252125 0.122482 0.254281 0.120539 0.255562 0.119883 0.259016 0.119883 0.262891 0.127635 0.262891 0.140539 0.263313 0.149578 0.271922 0.160539 0.275375 0.177330 0.275375 0.188290 0.272359 0.202506 0.268047 0.213466 0.265469 0.226370 0.262891 0.244450 0.254281 0.224426
60 1 0 0.000016 0.709578 0.108031 0.706557 0.107703 0.768923 0.108031 0.865457 0.108031 0.873489 0.108031 0.935855 0.137219 0.936347 0.135875 0.759859 0.134875 0.704543 0.329109 0.700539 0.330125 0.700539 0.340187 0.675878 0.348234 0.656792 0.343875 0.658782 0.281484 0.653771 0.221094 0.642693 0.193250 0.632155 0.181500 0.640187 0.158359 0.637166 0.132531 0.635152 0.123141 0.626604 0.112062 0.629625 0.105359 0.644707 0.105359 0.648735 0.095953 0.650234 0.090594 0.635667 0.093609 0.617564 0.086906 0.624098 0.080859 0.633138 0.072812 0.637682 0.068453 0.634145 0.068109 0.622600 0.072141 0.612529 0.077844 0.603489 0.067781 0.607002 0.063078 0.607002 0.060406 0.596955 0.061063 0.588899 0.069453 0.565269 0.067109 0.557728 0.066437 0.547658 0.072141 0.533583 0.072469 0.521522 0.086906 0.501405 0.094625 0.493864 0.114406 0.495386 0.134203 0.501920 0.133875 0.472248 0.128844 0.456651 0.127828 0.449625 0.079859 0.449625 0.078516 0.452131 0.079187 0.455152 0.073141 0.472740 0.073141 0.511967 0.051344 0.512482 0.046984 0.515995 0.023828 0.507939 0.000000 0.497377
0 1 0 0.920000 0.285012 0.923000 0.193091 0.914016 0.172904 0.927484 0.036136 0.945438 0.015948 1.000000 0.002506 1.000000 0.094426 0.988813 0.103396 0.970859 0.128056 0.958891 0.157213 0.951422 0.177400 0.951422 0.179625 0.951422 0.208782 0.981328 0.258103 0.981328 0.276042 0.976844 0.311920 0.975344 0.311920
60 1 2 0.005109 0.941218 0.486109 0.907635 0.520594 0.938642 0.725750 0.948970 0.760234 0.905035 0.991250 0.899883 0.999859 1.000000 0.006844 1.000000 0.001672 0.930890
0 1 0 0.324047 0.306089 0.318750 0.276276 0.321406 0.232529 0.314766 0.208665 0.317422 0.123185 0.343953 0.067518 0.371813 0.007869 0.418234 0.003911 0.419562 0.017822 0.397000 0.109274 0.395688 0.178852 0.391703 0.224567 0.387719 0.256393 0.398328 0.320000 0.350578 0.327963 0.332016 0.314052
53 1 1 0.726687 0.622084 0.765047 0.597588 0.802781 0.586276 0.831703 0.600422 0.846156 0.624918 0.836109 0.670164 0.782656 0.694660 0.736750 0.688993 0.679531 0.694660 0.637406 0.696534 0.609109 0.689953 0.607234 0.656955 0.663188 0.636230 0.706578 0.626792
45 1 1 0.458047 0.813771 0.456313 0.826721 0.458047 0.834496 0.520266 0.951077 0.715578 0.945902 0.760531 0.844871 0.760531 0.834496 0.748422 0.831897 0.741516 0.811194 0.592859 0.834496 0.502984 0.821546 0.471875 0.818946
