51 1 1 0.760953 0.449709 0.731750 0.403140 0.705875 0.403140 0.700875 0.441948 0.730906 0.482297 0.740922 0.466773
51 1 1 0.696859 0.569419 0.713297 0.527064 0.738594 0.470581 0.760094 0.451773 0.794234 0.494128 0.768937 0.498837 0.756297 0.538837 0.739859 0.574128 0.715828 0.616483 0.698125 0.574128
51 1 1 0.785344 0.505930 0.857500 0.602704 0.850344 0.647442 0.815891 0.620843 0.771031 0.562791 0.759984 0.530116 0.773641 0.496250 0.786641 0.511977
51 1 1 0.710422 0.632849 0.782203 0.613779 0.804125 0.612035 0.812969 0.617238 0.817172 0.643256 0.811109 0.657994 0.711359 0.684012 0.702500 0.660610 0.707156 0.634593
51 1 1 0.948828 0.680756 0.866813 0.661977 0.857984 0.647878 0.856719 0.617384 0.894578 0.612674 0.928641 0.624419 0.945047 0.636163 0.953875 0.659622
51 1 1 0.640141 0.285930 0.645312 0.267849 0.659547 0.258227 0.666672 0.254622 0.671203 0.278692 0.670563 0.307587 0.663437 0.328081 0.660844 0.336512 0.664078 0.366599 0.662141 0.382267 0.651141 0.362994 0.644016 0.330494 0.637547 0.299157 0.637547 0.288343
51 1 1 0.722359 0.750291 0.797781 0.722471 0.817281 0.709157 0.820531 0.670465 0.819234 0.658372 0.763312 0.671657 0.709359 0.686192 0.702203 0.714012 0.709359 0.745436 0.728219 0.745436
51 1 1 0.638016 0.246134 0.652594 0.219797 0.665891 0.203837 0.684344 0.187878 0.691625 0.222180 0.671047 0.243721 0.651734 0.258081 0.641875 0.262878 0.638016 0.258895 0.636734 0.253314 0.638875 0.245320
51 1 1 0.822656 0.699535 0.856719 0.715959 0.888266 0.737093 0.908453 0.746483 0.902141 0.762907 0.870594 0.762907 0.820125 0.741773 0.813828 0.727704 0.821391 0.694826
51 1 1 0.759000 0.545116 0.779359 0.573779 0.801375 0.609651 0.786516 0.618895 0.767797 0.620959 0.744687 0.599448 0.739172 0.583052 0.744687 0.559506 0.755141 0.545174 0.759000 0.546192
51 1 1 0.702594 0.240756 0.704250 0.318605 0.702594 0.355465 0.698187 0.383110 0.693234 0.392326 0.677828 0.385174 0.671219 0.361599 0.668469 0.326802 0.673969 0.238721 0.680578 0.234622 0.689375 0.230523
51 1 1 0.876391 0.149564 0.871625 0.124302 0.869250 0.095262 0.868234 0.071250 0.865859 0.045988 0.866203 0.024506 0.853984 0.023256 0.849562 0.023256 0.850922 0.054186 0.853297 0.088924 0.852281 0.105988 0.853297 0.111686 0.856578 0.197297 0.880734 0.195552
51 1 1 0.732094 0.044506 0.738672 0.026715 0.748844 0.021134 0.755422 0.025581 0.760203 0.043401 0.754219 0.062326 0.751828 0.080116 0.740469 0.054535 0.733281 0.042297
76 1 0 0.083875 0.173256 0.091000 0.168169 0.110719 0.153895 0.125516 0.146744 0.152437 0.144128 0.156781 0.144797 0.250047 0.101076 0.302453 0.082907 0.305344 0.105785 0.281859 0.125291 0.216422 0.156890 0.192203 0.166977 0.164000 0.166977 0.140875 0.167674 0.095688 0.186483 0.082313 0.201279 0.075438 0.222820 0.076531 0.261802 0.066047 0.293430 0.050141 0.347238 0.030625 0.366744 0.003875 0.369419 0.000000 0.360669 0.000000 0.318983 0.000000 0.248372 0.000000 0.238285 0.017250 0.217442 0.020500 0.217442 0.041469 0.208692 0.048687 0.195233 0.009656 0.189186 0.000000 0.183140 0.000000 0.160262 0.031703 0.162965 0.068937 0.169680
