8 1 0 0.246328 0.450935 0.314094 0.455070 0.358344 0.467477 0.386000 0.506752 0.408125 0.550187 0.409500 0.575000 0.409500 0.579135 0.355578 0.599813 0.334828 0.608084 0.334828 0.703201 0.338984 0.754907 0.343125 0.754907 0.387375 0.738364 0.503547 0.676308 0.593422 0.630818 0.719266 0.535701 0.793938 0.488154 0.839578 0.450935 0.868609 0.386822 0.831281 0.357874 0.802234 0.364065 0.780109 0.330981 0.762141 0.304112 0.691609 0.283435 0.687469 0.248271 0.686078 0.235864 0.575453 0.225537 0.524281 0.256542 0.488328 0.285491 0.445453 0.326846 0.370781 0.349603 0.336219 0.355794 0.303031 0.359930 0.279516 0.384766 0.257391 0.403364 0.224203 0.430257 0.214516 0.436449 0.202078 0.452991 0.207609 0.585327 0.196547 0.641168 0.204844 0.802453 0.168891 0.790047 0.163359 0.742500 0.142609 0.713551 0.103891 0.686659 0.091453 0.641168 0.085922 0.620491 0.085922 0.612220 0.106656 0.595678 0.121875 0.595678 0.171656 0.589463
8 1 0 0.870609 0.389182 0.832516 0.358014 0.802328 0.361238 0.759922 0.305350 0.750578 0.290304 0.772141 0.267734 0.785797 0.231192 0.805922 0.230117 0.823891 0.220444 0.885703 0.222593 0.891453 0.269883 0.895047 0.321472 0.895047 0.342967 0.869891 0.388107
58 1 1 0.328297 0.412126 0.337797 0.385678 0.357219 0.374042 0.374047 0.383084 0.382672 0.403084 0.372328 0.428271 0.376203 0.452126 0.383109 0.461168 0.365422 0.457944 0.366281 0.481822 0.377937 0.516028 0.376203 0.521822 0.358516 0.527640 0.350750 0.525701 0.345563 0.512804 0.344703 0.496028 0.334344 0.484416 0.337359 0.463762 0.355063 0.448271 0.359375 0.446332 0.350750 0.432780 0.343844 0.422453 0.336500 0.421799
58 1 1 0.391078 0.548131 0.391078 0.558902 0.391078 0.566098 0.391078 0.571472 0.391078 0.575070 0.394672 0.575958 0.400688 0.576869 0.415688 0.573271 0.418703 0.569673 0.418703 0.558902 0.421094 0.549930 0.427109 0.539159 0.430109 0.539159 0.437922 0.524790 0.443922 0.514907 0.452328 0.507710 0.458344 0.495140 0.434312 0.473598 0.433109 0.474486 0.430703 0.445748 0.426500 0.452944 0.423500 0.463715 0.418703 0.466402 0.416297 0.466402 0.409094 0.442150 0.392875 0.444860 0.392266 0.452944 0.390469 0.461916 0.387469 0.463715 0.385672 0.463715 0.385063 0.463715 0.385063 0.463715 0.383266 0.463715 0.365250 0.452944 0.365250 0.455631 0.363438 0.460117 0.360437 0.465514 0.362250 0.489743 0.367047 0.497827 0.367656 0.499626 0.370656 0.503224 0.370656 0.503224 0.377859 0.510421 0.377859 0.510421 0.380859 0.512196 0.391672 0.524790 0.390469 0.546332
58 1 1 0.847141 0.493832 0.874422 0.460631 0.873500 0.444720 0.871656 0.422243 0.863328 0.400444 0.847375 0.399766 0.834656 0.413598 0.838344 0.417056 0.847375 0.420864 0.852219 0.426729 0.854078 0.440210 0.848531 0.457850 0.847375 0.472734 0.845281 0.487593 0.846219 0.491752
58 1 1 0.822172 0.519159 0.810734 0.523692 0.808047 0.519159 0.808375 0.502570 0.812750 0.473902 0.816453 0.462850 0.817453 0.449766 0.800984 0.433692 0.807375 0.426145 0.816109 0.428668 0.823172 0.438201 0.836281 0.476425 0.825859 0.515654
58 1 1 0.349891 0.539743 0.354984 0.547360 0.344797 0.585421 0.332078 0.596822 0.324437 0.562570 0.314266 0.553061 0.315531 0.539743 0.307891 0.515000 0.302813 0.495981 0.301531 0.475047 0.298984 0.459836 0.305359 0.425584 0.324437 0.416075 0.329531 0.416075 0.349891 0.421776 0.354984 0.429393 0.358797 0.438902 0.358797 0.450327 0.342250 0.457921 0.328250 0.476963 0.328250 0.488364 0.343531 0.488364 0.349891 0.494089 0.344797 0.528341 0.354984 0.545467
58 1 1 0.804344 0.535000 0.804344 0.540444 0.792484 0.537734 0.788828 0.537734 0.781531 0.537734 0.783359 0.525444 0.782453 0.511799 0.783359 0.495444 0.783359 0.484509 0.783359 0.474977 0.783359 0.468154 0.787016 0.461332 0.783359 0.454509 0.782453 0.440865 0.789750 0.432687 0.799781 0.432687 0.809813 0.442220 0.816203 0.449042 0.816203 0.464065 0.814375 0.473598 0.812562 0.477710 0.809813 0.488622 0.807078 0.503622 0.807078 0.510444 0.807078 0.528178
58 1 1 0.446766 0.342150 0.445563 0.378154 0.433516 0.378154 0.427500 0.361051 0.426891 0.334042 0.429297 0.314229 0.435922 0.313341 0.443141 0.320537 0.445563 0.339439
0 1 1 0.942516 0.241472 0.944687 0.230841 0.949313 0.225304 0.952391 0.236379 0.955797 0.238248 0.957953 0.241472 0.959813 0.247477 0.962281 0.257617 0.964125 0.271472 0.962281 0.281636 0.958875 0.277944 0.958578 0.293178 0.952391 0.295491 0.954250 0.306565 0.943141 0.310257 0.943141 0.291799 0.934188 0.289019 0.941281 0.267313 0.940047 0.251636 0.940672 0.240093
0 1 1 0.926719 0.298411 0.925578 0.270724 0.925578 0.261355 0.923016 0.256682 0.923016 0.250280 0.925578 0.242617 0.930141 0.237523 0.928719 0.231986 0.930703 0.229860 0.933562 0.227290 0.933844 0.236659 0.939250 0.244322 0.940672 0.263061 0.938969 0.274136 0.937828 0.274136 0.934406 0.299673 0.933562 0.305210 0.928438 0.304369 0.926719 0.303084
