0 1 0 0.564703 0.182937 0.575203 0.173854 0.596203 0.180146 0.600391 0.202542 0.604594 0.215125 0.615094 0.229125 0.629781 0.242417 0.641859 0.255708 0.642375 0.270417 0.640813 0.273208 0.615094 0.276021 0.586219 0.294896 0.585703 0.298396 0.588844 0.269021 0.581500 0.249417 0.572578 0.224229 0.568906 0.210229 0.562609 0.200438 0.558937 0.188542
0 1 0 0.554500 0.193250 0.576406 0.240458 0.584828 0.276396 0.581453 0.303375 0.557859 0.296625 0.498875 0.262917 0.475281 0.249438 0.487078 0.206750 0.512359 0.202250 0.515734 0.197750 0.535953 0.202250 0.549438 0.188771 0.552812 0.184271 0.552812 0.146063 0.557859 0.137083 0.552812 0.116854 0.519094 0.125833 0.519094 0.150562
0 1 0 0.023141 0.313042 0.022719 0.302125 0.024359 0.293375 0.032156 0.287354 0.037484 0.282438 0.039937 0.278062 0.040344 0.272062 0.044453 0.255125 0.049781 0.252937 0.057563 0.252396 0.064938 0.255667 0.070266 0.261125 0.068219 0.275333 0.067391 0.281354 0.064531 0.295021 0.078875 0.326167 0.083375 0.334354 0.085016 0.338188 0.081328 0.341458 0.079281 0.342000 0.073953 0.339812 0.074781 0.336000 0.075594 0.332708 0.074781 0.330521 0.069031 0.328896 0.063297 0.339812 0.063703 0.342542 0.051828 0.345292 0.049359 0.345292 0.052641 0.341458 0.055922 0.339271 0.056734 0.335437 0.056734 0.325604 0.048547 0.315229 0.041578 0.323979 0.028469 0.323417 0.024359 0.317958
0 1 0 0.707297 0.167521 0.715250 0.162229 0.722422 0.164354 0.726391 0.165417 0.738328 0.189792 0.738328 0.209958 0.737531 0.218437 0.754234 0.220563 0.757422 0.222687 0.765375 0.230104 0.768547 0.231167 0.770141 0.236458 0.774125 0.242833 0.776500 0.251312 0.776500 0.262979 0.770938 0.271458 0.766172 0.284187 0.758203 0.292688 0.776500 0.324500 0.778891 0.332979 0.772531 0.335104 0.768547 0.367979 0.752641 0.365854 0.726391 0.360563 0.714453 0.358438 0.708094 0.317083 0.720031 0.256625 0.725594 0.215250 0.706500 0.188750 0.706500 0.188750 0.703328 0.185563 0.705703 0.179188
3 1 0 0.019078 0.312438 0.011922 0.319479 0.014562 0.329500 0.000000 0.333521 0.001016 0.355583 0.011922 0.363125 0.010047 0.372646 0.000641 0.376667 0.001391 0.425833 0.042406 0.416792 0.040516 0.401750 0.074766 0.403250 0.093953 0.349562 0.084922 0.344563 0.065734 0.344062 0.048422 0.348063 0.043906 0.341042 0.049922 0.341042 0.054062 0.341042 0.056328 0.339542 0.053688 0.336521 0.047672 0.327000 0.037141 0.323479 0.025844 0.316958 0.018328 0.298396 0.013813 0.304917 0.018703 0.311937
0 1 0 0.723250 0.233896 0.719625 0.256875 0.713688 0.281792 0.710797 0.299375 0.706297 0.313271 0.710219 0.349000 0.711953 0.361937 0.680812 0.365812 0.661687 0.366583 0.664437 0.361750 0.670375 0.349208 0.671109 0.343979 0.671109 0.338771 0.671531 0.332208 0.670516 0.307667 0.669516 0.299562 0.665156 0.293375 0.658359 0.286625 0.647641 0.275813 0.647062 0.274833 0.646187 0.268854 0.646328 0.261708 0.653437 0.244896 0.658203 0.237562 0.660234 0.232354 0.656328 0.224625 0.656328 0.218646 0.659375 0.211104 0.665156 0.201833 0.670375 0.198562 0.673125 0.197000 0.666328 0.183479 0.661391 0.163021 0.659516 0.143312 0.661687 0.134625 0.662703 0.127479 0.670234 0.120333 0.678484 0.115896 0.686453 0.115687 0.693844 0.117042 0.699203 0.130187 0.701516 0.135583 0.705438 0.141000 0.705438 0.148146 0.705141 0.174417 0.700656 0.188708 0.707312 0.190063 0.722094 0.208021 0.723688 0.223271
67 1 0 0.776656 0.282937 0.800859 0.310688 0.796500 0.313896 0.779078 0.298417 0.758266 0.273896 0.744719 0.228083 0.752453 0.228083 0.761172 0.253250 0.768422 0.270667
0 1 1 0.193734 0.279229 0.192313 0.278271 0.190703 0.277813 0.190703 0.277562 0.190000 0.277333 0.183219 0.275896 0.173766 0.285417 0.174469 0.305167 0.174828 0.308250 0.174297 0.311583 0.174469 0.311812 0.186609 0.313000 0.187859 0.310146 0.192844 0.302063 0.193734 0.280667
0 1 0 0.880234 0.378833 0.878469 0.392583 0.877297 0.399250 0.875234 0.407500 0.872578 0.419687 0.870219 0.429896 0.868453 0.435375 0.873469 0.439312 0.886719 0.441667 0.889078 0.447563 0.892313 0.455021 0.892906 0.456188 0.902031 0.456583 0.909984 0.450708 0.911750 0.447958 0.907328 0.431458 0.909094 0.417313 0.912344 0.405542 0.915875 0.394938 0.918234 0.385917 0.921766 0.376083 0.921766 0.374917 0.917641 0.373354 0.904094 0.378063 0.894375 0.380812 0.891141 0.380812
0 1 0 0.962891 0.404188 0.950672 0.424958 0.939547 0.463500 0.946219 0.510938 0.942891 0.555417 0.925094 0.585062 0.933984 0.596937 0.956219 0.585062 0.964016 0.580625 0.959562 0.527250 0.964016 0.516875 0.971797 0.476833 0.975125 0.445708 0.974016 0.410125
0 1 1 0.421828 0.249958 0.421828 0.240021 0.423953 0.227271 0.426094 0.221604 0.433000 0.210250 0.445234 0.208125 0.461188 0.203875 0.468625 0.197479 0.471297 0.190396 0.502141 0.191813 0.500016 0.200313 0.496812 0.204583 0.487250 0.207417 0.476609 0.252083 0.468094 0.243583 0.447891 0.240021 0.438312 0.240021 0.430344 0.245000 0.423422 0.247833
0 1 0 0.824156 0.022479 0.889891 0.006750 0.989328 0.026958 1.000000 0.031458 0.999438 0.476396 0.997750 0.966292 0.989328 0.984271 0.945500 0.977521 0.861234 0.955063 0.830906 0.928083 0.844375 0.896625 0.900000 0.910104 0.933703 0.858417 0.947188 0.741583 0.960672 0.723604 0.952250 0.638208 0.953938 0.635958 0.975844 0.465167 0.972469 0.402250 0.938766 0.368542 0.894938 0.373042 0.824156 0.357313 0.802250 0.346063 0.780344 0.332583 0.760109 0.289896 0.778656 0.269667 0.849438 0.296625 0.881453 0.296625 0.859547 0.278646 0.859547 0.231458 0.859547 0.229208 0.805625 0.200000 0.800563 0.173042 0.800563 0.173042 0.776969 0.186521 0.733141 0.143812 0.706187 0.060667 0.724719 0.011229 0.750000 0.000000 0.805625 0.006750 0.805625 0.006750
3 1 0 0.057047 0.467771 0.119125 0.431979 0.142625 0.431979 0.167781 0.429750 0.203016 0.346979 0.197984 0.291042 0.199672 0.259729 0.214766 0.244062 0.231547 0.246292 0.241609 0.246292 0.265094 0.273146 0.239937 0.239583 0.238250 0.197083 0.251672 0.156812 0.271812 0.132208 0.280203 0.125500 0.327187 0.125500 0.328859 0.109833 0.333891 0.071813 0.338922 0.069563 0.347313 0.091938 0.352344 0.112083 0.367453 0.118792 0.380875 0.118792 0.395969 0.114312 0.426172 0.121021 0.432891 0.141146 0.434563 0.154583 0.434563 0.156812 0.419469 0.163521 0.417781 0.183667 0.419469 0.190375 0.449672 0.190375 0.469797 0.170229 0.511750 0.165771 0.526844 0.143396 0.563766 0.141146 0.592281 0.141146 0.612422 0.141146 0.610734 0.172479 0.602344 0.181417 0.528531 0.181417 0.503359 0.185896 0.424500 0.214979 0.424500 0.237354 0.441281 0.244062 0.446313 0.244062 0.486578 0.253021 0.572141 0.302229 0.607375 0.340271 0.620813 0.358167 0.671141 0.364875 0.729859 0.358167 0.761750 0.358167 0.808719 0.353687 0.837250 0.353687 0.860734 0.367104 0.880875 0.387250 0.884234 0.420792 0.880875 0.454354 0.872484 0.481208 0.889266 0.521479 0.894297 0.559500 0.895969 0.588583 0.887578 0.590813 0.859062 0.590813 0.850672 0.577396 0.859062 0.635563 0.855703 0.675833 0.874156 0.671354 0.875844 0.684771 0.854031 0.698208 0.845641 0.729521 0.825500 0.796646 0.786906 0.834667 0.763422 0.841375 0.736578 0.841375 0.703016 0.834667 0.679531 0.816771 0.666109 0.789917 0.654359 0.810062 0.640938 0.816771 0.634234 0.859271 0.629187 0.890604 0.652687 0.904021 0.672813 0.912958 0.699672 0.919688 0.726516 0.926396 0.729859 0.942042 0.719797 0.944292 0.704703 0.937583 0.662750 0.928625 0.639266 0.921917 0.635906 0.930875 0.630875 0.942042 0.619125 0.924146 0.605703 0.908500 0.617453 0.901792 0.612422 0.879417 0.617453 0.834667 0.629187 0.810062 0.629187 0.803354 0.600672 0.801104 0.582219 0.812292 0.555375 0.836896 0.550328 0.861521 0.553687 0.881646 0.540266 0.895063 0.533563 0.881646 0.536906 0.852563 0.552016 0.827958 0.567109 0.812292 0.567109 0.810062 0.540266 0.810062 0.503359 0.801104 0.473156 0.785458 0.436234 0.763083 0.419469 0.720583 0.401000 0.666875 0.389266 0.606479 0.389266 0.552792 0.370813 0.499104 0.355703 0.463313 0.335578 0.454354 0.323828 0.512521 0.315437 0.537125 0.323828 0.586354 0.338922 0.648979 0.347313 0.704917 0.349000 0.787687 0.335578 0.827958 0.285234 0.881646 0.243281 0.942042 0.208047 0.977854 0.181203 0.984563 0.026844 0.973375 0.003359 0.946521 0.003359 0.901792 0.001672 0.555021 0.028531 0.519229 0.041953 0.481208 0.052016 0.472250 0.075500 0.461062
