0 1 0 0.482391 0.944415 0.489563 0.945558 0.500828 0.945000 0.520969 0.906037 0.514828 0.888617 0.512781 0.882207 0.506625 0.882207 0.486484 0.844442 0.473859 0.830505 0.474531 0.824681 0.482391 0.818298 0.490578 0.784574 0.506297 0.847926 0.564000 0.874096 0.567750 0.883378 0.574922 0.882793 0.576625 0.913032 0.583797 0.920000 0.589609 0.914761 0.591656 0.881649 0.587219 0.864202 0.587219 0.842128 0.581750 0.832234 0.574234 0.833404 0.570484 0.835133 0.568437 0.833989 0.565703 0.836888 0.548969 0.826436 0.535594 0.818112 0.529719 0.815532 0.526563 0.787846 0.521234 0.765027 0.520406 0.743138 0.518641 0.724069 0.513297 0.699149 0.502359 0.684707 0.500031 0.682846 0.494844 0.668191 0.460375 0.606968 0.442594 0.580426 0.439578 0.582048 0.440672 0.547606 0.436172 0.537128 0.427000 0.528511 0.418531 0.525957 0.410453 0.530612 0.405937 0.537367 0.404031 0.550638 0.398562 0.550638 0.395141 0.554362 0.394453 0.559468 0.404719 0.560878 0.404984 0.568803 0.403344 0.568803 0.401156 0.572979 0.401156 0.576702 0.404984 0.575532 0.404984 0.596729 0.407031 0.599043 0.410453 0.599521 0.417297 0.612553 0.410594 0.632101 0.410594 0.636755 0.416344 0.656782 0.416891 0.662128 0.427687 0.687500 0.430422 0.684495 0.438359 0.702872 0.430703 0.719415 0.420844 0.735452 0.418531 0.736862 0.418938 0.732660 0.415922 0.736170 0.415109 0.739175 0.405391 0.742447 0.399375 0.747793 0.393359 0.759202 0.395281 0.760133 0.395281 0.765718 0.395406 0.768298 0.397594 0.773165 0.402250 0.764787 0.403891 0.765027 0.402797 0.770851 0.400328 0.775505 0.401703 0.777128 0.409219 0.766436 0.417844 0.761064 0.421531 0.753856 0.431656 0.745239 0.440953 0.735239 0.447516 0.723351 0.453531 0.730798 0.457359 0.730346 0.455859 0.741516 0.455859 0.746410 0.453391 0.752686 0.448344 0.798325 0.446828 0.806702 0.446969 0.810665 0.444516 0.826250 0.443687 0.826729 0.443547 0.840904 0.454359 0.861862 0.457359 0.859309 0.474047 0.883511 0.481438 0.884441 0.487719 0.904920 0.490187 0.906782 0.491422 0.911676 0.494703 0.913537 0.494156 0.915878 0.491422 0.921915 0.490047 0.932154 0.483078 0.931223 0.480344 0.935186 0.480203 0.940080
0 1 1 0.356344 0.343830 0.355547 0.378005 0.340281 0.386197 0.346703 0.440904 0.352328 0.476463 0.348312 0.494229 0.333047 0.494229 0.330641 0.477819 0.323406 0.495585 0.319391 0.386197 0.312172 0.339707 0.309750 0.321941 0.309750 0.316463 0.361969 0.327420 0.357156 0.300053 0.348312 0.286383 0.334656 0.263138 0.329031 0.238537 0.318594 0.226223 0.310562 0.235798 0.307344 0.242633 0.305734 0.238537 0.306547 0.260399 0.310562 0.271356 0.277625 0.298697 0.275219 0.297340 0.276016 0.311011
0 1 1 0.897859 0.199335 0.887141 0.198883 0.885063 0.194894 0.885844 0.182872 0.887672 0.171303 0.891328 0.164176 0.896562 0.163298 0.899438 0.163298 0.899438 0.156170 0.900734 0.153059 0.898391 0.142846 0.897078 0.129947 0.899953 0.124601 0.904141 0.121489 0.911969 0.121489 0.917719 0.124149 0.920344 0.129495 0.920078 0.139734 0.916672 0.149947 0.915375 0.159309 0.915375 0.170851 0.918516 0.181995 0.912766 0.202899
0 1 1 0.038531 0.324468 0.040469 0.317021 0.038047 0.312899 0.031734 0.312899 0.031734 0.312899 0.028828 0.313723 0.031250 0.333564 0.037563 0.353378 0.041453 0.372394 0.040469 0.383138 0.040469 0.406277 0.041453 0.422793 0.043875 0.440984 0.051641 0.451729 0.052125 0.451729 0.064750 0.457527 0.073484 0.456676 0.081266 0.457527 0.085141 0.456676 0.084656 0.440160 0.084656 0.415372 0.084656 0.393883 0.083687 0.380665 0.080766 0.368271 0.078828 0.354229 0.076406 0.336862 0.074953 0.330239 0.074469 0.326941 0.073484 0.318670 0.069609 0.316197 0.063297 0.314548 0.058438 0.314548 0.053094 0.314548 0.051641 0.321170 0.045328 0.332739 0.040969 0.334388 0.041938 0.336862 0.049703 0.324468 0.055047 0.307101 0.064266 0.300505 0.077375 0.295532 0.082234 0.288936 0.084172 0.280665 0.081750 0.276543 0.075922 0.270745 0.071062 0.270745 0.066203 0.267447 0.060375 0.263324 0.062812 0.250904 0.059891 0.236862 0.057469 0.229441 0.056016 0.224468 0.054062 0.221170 0.048734 0.221170 0.046297 0.222819 0.044359 0.224468 0.043391 0.222819 0.036594 0.232739 0.039016 0.250904 0.039016 0.262500 0.037563 0.269096 0.028344 0.270745 0.019109 0.266622 0.011344 0.264149 0.005516 0.263324 0.001156 0.269096 0.002609 0.283963 0.006969 0.300505 0.009406 0.312899 0.009891 0.322819 0.018141 0.330239 0.021062 0.327766 0.023000 0.309601 0.021062 0.291410 0.016203 0.283138 0.023000 0.275718 0.031250 0.277367 0.036594 0.282314 0.042422 0.288112 0.051156 0.287287 0.061844 0.283963 0.063781 0.289761 0.056500 0.297207 0.046297 0.302154 0.043391 0.317021 0.040469 0.331064
0 1 1 0.937938 0.377394 0.937938 0.346915 0.934813 0.330904 0.932563 0.322527 0.931219 0.315665 0.926297 0.296622 0.923172 0.279096 0.920484 0.263856 0.902125 0.269176 0.900328 0.294335 0.899891 0.304229 0.894953 0.321011 0.887344 0.337766 0.886000 0.358351 0.887797 0.374362 0.937047 0.380452
0 1 1 0.420109 0.159122 0.423438 0.135293 0.432781 0.133005 0.438797 0.104043 0.439797 0.077367 0.432125 0.063723 0.423781 0.056915 0.423781 0.029654 0.416109 0.017154 0.406766 0.021144 0.405094 0.033059 0.406094 0.058059 0.401422 0.062021 0.387406 0.076223 0.383078 0.097234 0.379063 0.119388 0.371734 0.140399 0.376062 0.156303 0.385078 0.151755 0.394078 0.157420 0.408766 0.160851 0.420437 0.160851
35 1 0 0.665516 0.821702 0.672922 0.798511 0.686531 0.788431 0.698672 0.788431 0.704297 0.790957 0.697188 0.801543 0.698672 0.811117 0.705484 0.815160 0.705484 0.826250 0.701641 0.834309 0.697781 0.834309 0.690391 0.819176 0.682984 0.825239 0.672328 0.829761
0 1 1 0.198688 0.138723 0.196797 0.120000 0.200578 0.107101 0.197172 0.089016 0.205516 0.076117 0.211578 0.077394 0.215750 0.084495 0.218031 0.107101 0.218781 0.113537 0.222578 0.127739 0.224094 0.143218 0.198688 0.140000
0 1 1 0.407453 0.397447 0.420000 0.367314 0.423688 0.333404 0.423688 0.309574 0.438438 0.264362 0.441391 0.263112 0.442125 0.251809 0.444344 0.235505 0.459828 0.225452 0.464250 0.230479 0.466469 0.251809 0.465719 0.260612 0.481219 0.271915 0.496703 0.304548 0.504812 0.337181 0.505547 0.369814 0.510719 0.397447 0.507766 0.415027 0.501125 0.415027 0.493016 0.399947 0.497437 0.368564 0.493016 0.342207 0.488594 0.327128 0.481219 0.372340 0.485641 0.437606 0.481219 0.465239 0.484906 0.499122 0.483422 0.507926 0.474578 0.511676 0.476047 0.538032 0.466469 0.526755 0.463516 0.471516 0.449500 0.418777 0.426641 0.425053 0.421469 0.457686 0.421469 0.492846 0.421469 0.519202 0.405250 0.522979 0.400828 0.522979 0.391234 0.517952 0.402297 0.500372 0.407453 0.484069 0.403031 0.403723
34 1 1 0.549734 0.704441 0.591578 0.658484 0.602563 0.650399 0.646187 0.599894 0.642328 0.590293 0.637875 0.587766 0.634609 0.592819 0.541141 0.702420 0.545891 0.711516 0.548844 0.705957
0 1 0 0.904625 0.637872 0.896656 0.628830 0.886797 0.628191 0.878844 0.628191 0.871641 0.599787 0.872391 0.593989 0.881500 0.592686 0.881109 0.586888 0.872766 0.583644 0.876938 0.564947 0.884906 0.555266 0.897422 0.552021 0.916750 0.563005 0.922812 0.579787 0.923203 0.595904 0.920172 0.599787 0.919781 0.606250 0.927750 0.610745 0.942531 0.617846 0.954281 0.644309 0.965656 0.674654 0.977797 0.695931 0.985000 0.715293 0.993344 0.733378 0.997125 0.755319 0.995609 0.768218 0.992578 0.777899 0.984234 0.793378 0.970594 0.811463 0.953531 0.822420 0.950500 0.828245 0.954672 0.844362 0.958078 0.873404 0.964906 0.897287 0.967937 0.917287 0.971344 0.932128 0.974375 0.948271 0.974766 0.960532 0.959969 0.963112 0.931531 0.957314 0.924328 0.956011 0.925094 0.941809 0.928125 0.932128 0.931531 0.924388 0.923203 0.927606 0.917516 0.922447 0.910688 0.917926 0.912969 0.907606 0.918266 0.901170 0.919781 0.895346 0.913344 0.869548 0.901594 0.820479 0.901203 0.806942 0.906141 0.789521 0.918641 0.772739 0.930016 0.767580 0.935703 0.758537 0.913344 0.706277 0.900828 0.723697 0.890219 0.737899 0.865953 0.736596 0.845469 0.726277 0.832969 0.728218 0.824250 0.725638 0.823109 0.720452 0.830313 0.719814 0.831453 0.717234 0.821969 0.713378 0.814391 0.708192 0.815141 0.704335 0.816656 0.700452 0.836000 0.708192 0.848125 0.712713 0.884141 0.707553 0.893625 0.680452 0.896656 0.670771 0.894391 0.654628
0 1 0 0.799609 0.935053 0.834703 0.919468 0.849969 0.901303 0.856078 0.859734 0.862172 0.825984 0.863703 0.784415 0.854547 0.755851 0.843859 0.735053 0.816391 0.724681 0.807234 0.701303 0.822500 0.696117 0.813344 0.677926 0.796562 0.670133 0.793500 0.636356 0.776719 0.620771 0.749250 0.618191 0.738578 0.675319 0.740094 0.716888 0.746203 0.732473 0.740094 0.753245 0.694312 0.784415 0.679062 0.787021 0.660750 0.818192 0.680578 0.833777 0.686688 0.818192 0.700422 0.841569 0.706531 0.833777 0.724844 0.815585 0.747734 0.802606 0.753828 0.787021 0.788922 0.774016 0.790453 0.784415 0.746203 0.810399 0.749250 0.841569 0.772141 0.885718 0.798078 0.893511 0.805719 0.893511 0.808766 0.898697 0.782828 0.914282
