45 1 1 0.486922 0.369771 0.485703 0.377562 0.490078 0.391521 0.493000 0.394125 0.519063 0.392167 0.525156 0.378208 0.526125 0.374958 0.524656 0.366208 0.512000 0.365875 0.504203 0.366854 0.486188 0.368792
72 1 0 0.832672 0.473854 0.921969 0.451104 0.932469 0.990396 0.936406 1.000000 0.824781 0.925604 0.824781 0.598188
56 1 1 0.127391 0.674438 0.174344 0.681292 0.222031 0.683250 0.274109 0.681292 0.317391 0.673458 0.314453 0.873000 0.337203 0.893542 0.351875 0.922896 0.356281 0.957125 0.357734 1.000000 0.335734 0.998208 0.334266 0.934625 0.314453 0.966896 0.314453 1.000000 0.293187 1.000000 0.293922 0.986458 0.217625 0.988417 0.218359 1.000000 0.195609 1.000000 0.195609 0.992333 0.171406 0.991354 0.171406 0.999187 0.144266 1.000000 0.145000 0.902354 0.142797 0.854417 0.139125 0.777146 0.131062 0.722375
56 1 1 0.000438 0.682042 0.028922 0.679125 0.060328 0.679125 0.063250 0.726833 0.058141 0.876792 0.058859 0.921604 0.084422 0.917708 0.085156 0.901146 0.102688 0.884583 0.106344 0.874854 0.098297 0.867063 0.096844 0.863167 0.088813 0.854396 0.115094 0.851479 0.146500 0.850500 0.145047 0.915750 0.145047 0.983917 0.145047 1.000000 0.118750 1.000000 0.119484 0.921604 0.092453 0.951792 0.057406 0.986833 0.054484 1.000000 0.000438 1.000000 0.000438 0.959562 0.039141 0.958604 0.038422 0.895312 0.039875 0.814479 0.038422 0.747292 0.027469 0.746312 0.023812 0.791104 0.023812 0.840771 0.021625 0.882646 0.017234 0.931333 0.036219 0.935229 0.036219 0.937167 0.013578 0.934250 0.000438 0.932313 0.001172 0.841750 0.001172 0.744375
0 1 0 0.192703 0.546479 0.191297 0.542729 0.187063 0.534292 0.185656 0.531479 0.180031 0.520208 0.179328 0.500500 0.182844 0.493937 0.191297 0.489250 0.196219 0.487375 0.208188 0.485500 0.211703 0.488313 0.217328 0.496750 0.223656 0.505188 0.227891 0.523958 0.237734 0.538979 0.240547 0.540854 0.249703 0.548354 0.259547 0.569938 0.265891 0.645000 0.258141 0.645938 0.239141 0.646875 0.232812 0.645938 0.230000 0.642187 0.220141 0.644062 0.207469 0.645938 0.185656 0.648750 0.181438 0.644062 0.189172 0.636562 0.189891 0.630000 0.189891 0.623417 0.186359 0.614979 0.185656 0.608417 0.187766 0.591521 0.187766 0.587771 0.192000 0.575562 0.192703 0.567125 0.190594 0.555875
58 1 0 0.030047 0.677792 0.035234 0.644125 0.031984 0.636354 0.029406 0.636354 0.028750 0.629458 0.031344 0.622542 0.031344 0.618229 0.029406 0.615646 0.026172 0.614771 0.020984 0.613917 0.020344 0.613917 0.019047 0.600104 0.014516 0.582833 0.006750 0.564708 0.000000 0.553500 0.000000 0.682979 0.000000 0.682979 0.024875 0.682104
45 1 1 0.120203 0.316563 0.135797 0.321542 0.144797 0.328271 0.139094 0.348750 0.134703 0.357542 0.103297 0.337646 0.108797 0.327687 0.111859 0.320354 0.118234 0.313625
75 1 1 0.111359 0.720958 0.141297 0.717750 0.137437 0.708729 0.133078 0.706146 0.132125 0.698438 0.148719 0.682313 0.151891 0.628208 0.100984 0.632458 0.112125 0.682313 0.120875 0.696083 0.121672 0.700333 0.108938 0.714125 0.108141 0.726854
45 1 1 0.600672 0.374271 0.607813 0.389083 0.614422 0.394021 0.627656 0.394021 0.630297 0.390146 0.635594 0.374625 0.634531 0.371437 0.600672 0.370729
45 1 1 0.527203 0.371708 0.531906 0.391729 0.536828 0.393229 0.556781 0.392021 0.560141 0.391729 0.564844 0.374708 0.564391 0.368125 0.528313 0.369917
45 1 1 0.443344 0.364333 0.453984 0.394250 0.479859 0.391562 0.487625 0.366646 0.485047 0.360896 0.472109 0.362812 0.465781 0.370104 0.461750 0.372021 0.449391 0.372021 0.448516 0.371625 0.462609 0.358208 0.451687 0.357062 0.446219 0.360125 0.444203 0.361271
45 1 1 0.065391 0.292333 0.066359 0.336208 0.102672 0.338146 0.108469 0.334917 0.112344 0.331042 0.114281 0.325896 0.118156 0.318792 0.121063 0.312333 0.122031 0.307167 0.122516 0.302646 0.119609 0.297500 0.115734 0.294271 0.109922 0.292333 0.100734 0.289104 0.094437 0.288458 0.084266 0.287167 0.082828 0.287167 0.074109 0.286521 0.071688 0.286521 0.063938 0.285875 0.063938 0.288458 0.064906 0.294917
45 1 1 0.566328 0.369854 0.568594 0.385812 0.572516 0.392958 0.591266 0.393500 0.598281 0.378938 0.599312 0.372063 0.598484 0.370958 0.566328 0.369583
45 1 1 0.160375 0.350313 0.169797 0.353208 0.176891 0.358229 0.172688 0.367708 0.168062 0.376979 0.157922 0.372729 0.151406 0.367896 0.152266 0.361917 0.155891 0.354562
45 1 1 0.141094 0.334958 0.136281 0.355104 0.141328 0.358458 0.148187 0.363958 0.151859 0.363646 0.161250 0.345333 0.161250 0.340750 0.148656 0.333125
41 1 1 0.544906 0.626667 0.549125 0.626667 0.555234 0.627229 0.555234 0.636500 0.553344 0.642104 0.552703 0.649688 0.554391 0.652500 0.553344 0.655875 0.544906 0.654750 0.544906 0.651104 0.544703 0.644917 0.544703 0.636500 0.544703 0.631146 0.544703 0.626938
41 1 1 0.481953 0.643917 0.484141 0.669750 0.496953 0.671417 0.498828 0.655583 0.501328 0.653500 0.499766 0.640167 0.489766 0.640167 0.482266 0.642667
41 1 1 0.532281 0.628625 0.533078 0.653250 0.536547 0.655771 0.542547 0.655146 0.543484 0.630729 0.543016 0.628208
41 1 1 0.499328 0.660188 0.500109 0.678437 0.516172 0.678083 0.518797 0.666167 0.519328 0.661938 0.518281 0.660896 0.516953 0.663354 0.516703 0.659479 0.499062 0.659833
41 1 1 0.552172 0.660937 0.560938 0.660396 0.559734 0.673021 0.559641 0.673958 0.558750 0.674875 0.556047 0.675542 0.553156 0.674875 0.551375 0.661208
41 1 1 0.530359 0.661000 0.539609 0.660708 0.540172 0.662229 0.538688 0.664500 0.538547 0.676167 0.532359 0.676354 0.531719 0.667146 0.530078 0.664604 0.529859 0.662500
43 1 0 0.516391 0.612125 0.514203 0.611854 0.514547 0.597521 0.515172 0.594312 0.516125 0.593396 0.518250 0.593396 0.519000 0.594417 0.519078 0.596229 0.518109 0.598333 0.517359 0.598875 0.517563 0.601167 0.516062 0.602083 0.515781 0.604188 0.515781 0.611125
43 1 0 0.517422 0.616625 0.515453 0.614604 0.516656 0.604729 0.516813 0.602125 0.519828 0.601104 0.518328 0.605146 0.518469 0.610771 0.518469 0.616417 0.518016 0.616417
43 1 0 0.522781 0.602250 0.523844 0.593771 0.524469 0.593063 0.525531 0.598000 0.525109 0.600562 0.524156 0.601833
69 1 1 0.557391 0.591083 0.668766 0.587479 0.674172 0.627979 0.675516 0.643292 0.700500 0.651375 0.701172 0.761187 0.702516 0.797188 0.701172 0.860208 0.596531 0.853896 0.595188 0.786396 0.588437 0.735083 0.576281 0.696396 0.569531 0.673875 0.557391 0.646875
73 1 0 0.040141 0.842271 0.060469 0.837104 0.087563 0.840979 0.092891 0.871312 0.094344 0.872604 0.065297 0.899708 0.058531 0.899708 0.039172 0.902938 0.020297 0.902292 0.021734 0.840979 0.007703 0.843562 0.004312 0.901000 0.005281 0.903583 0.000000 0.903583 0.001891 0.841625
