73 1 0 0.507354 0.651172 0.266083 0.625734 0.306500 0.583672 0.534729 0.603234 0.534729 0.613016 0.503437 0.650187
56 1 1 0.610458 0.160797 0.611042 0.124484 0.609854 0.113406 0.609854 0.102781 0.604542 0.098359 0.613396 0.095266 0.611042 0.077109 0.619312 0.075328 0.635833 0.067359 0.650000 0.069578 0.655917 0.075781 0.665937 0.079312 0.663000 0.096594 0.672437 0.097922 0.669479 0.117844 0.672437 0.122719 0.670083 0.133781 0.668896 0.160797 0.665354 0.159469 0.664167 0.146187 0.657687 0.147063 0.655312 0.157688 0.652375 0.157250 0.651771 0.147516 0.617542 0.147953 0.615771 0.158578
73 1 0 0.269896 0.370328 0.305146 0.369422 0.299083 0.405891 0.266250 0.401328 0.267479 0.375797
0 1 1 0.447125 0.061031 0.452792 0.089734 0.462708 0.086531 0.454208 0.116297 0.457042 0.130125 0.462708 0.152437 0.465542 0.158828 0.491063 0.156703 0.486813 0.149250 0.496729 0.156703 0.513729 0.156703 0.512313 0.137562 0.525083 0.119484 0.525083 0.103547 0.516583 0.091859 0.526500 0.068469 0.515167 0.056781
73 1 0 0.211562 0.403922 0.211979 0.397750 0.212417 0.388344 0.218917 0.388016 0.230604 0.388016 0.246625 0.386063 0.256146 0.386063 0.262625 0.388016 0.263063 0.393859 0.264375 0.401328 0.251375 0.406203 0.236229 0.407500
75 1 1 0.476167 0.163906 0.476167 0.169000 0.473042 0.171344 0.477750 0.176437 0.473042 0.186234 0.471479 0.203078 0.477208 0.206219 0.473042 0.216016 0.487667 0.216797 0.489750 0.215609 0.486625 0.208172 0.489750 0.201516 0.491854 0.195250 0.490271 0.188578 0.488187 0.183094 0.487667 0.182703 0.487667 0.179969 0.487146 0.178391 0.491854 0.171344 0.491313 0.168609 0.491313 0.168609 0.488187 0.161547 0.477208 0.162328
75 1 1 0.406000 0.192406 0.432687 0.189672 0.433792 0.193781 0.433437 0.197344 0.436354 0.205844 0.433792 0.212703 0.425021 0.215438 0.406000 0.215984 0.404188 0.208313 0.401979 0.200078 0.406000 0.195969 0.407479 0.195141
75 1 1 0.450396 0.210297 0.450958 0.203063 0.447542 0.195828 0.454354 0.176672 0.452667 0.169859 0.452667 0.161344 0.454937 0.158359 0.467417 0.157078 0.468563 0.166875 0.465146 0.173266 0.464583 0.177516 0.465146 0.183047 0.466292 0.191563 0.466292 0.197953 0.462313 0.203063 0.468563 0.214141 0.445854 0.214563
73 1 0 0.124167 0.340016 0.118917 0.350297 0.120937 0.354234 0.120937 0.354234 0.181063 0.353938 0.181063 0.353938 0.181063 0.350000 0.185500 0.339406 0.185500 0.339406 0.125792 0.340313
57 1 1 0.002875 0.609219 0.060208 0.624266 0.157708 0.650078 0.263792 0.662969 0.496062 0.684484 0.673833 0.714594 0.762729 0.774797 0.822938 0.708141 0.888896 0.727484 0.865958 0.882328 0.805729 0.985563 0.008604 0.987703
