0 1 0 0.074240 0.669787 0.085800 0.670987 0.088460 0.677493 0.089800 0.694080 0.104460 0.704160 0.107580 0.713040 0.106240 0.730827 0.109360 0.749200 0.112460 0.771120 0.111580 0.785333 0.104460 0.784747 0.101360 0.797787 0.103140 0.809040 0.101360 0.860587 0.105800 0.869467 0.106240 0.879547 0.088020 0.878960 0.085360 0.875973 0.089800 0.868880 0.091580 0.838053 0.089360 0.832720 0.083580 0.843387 0.083140 0.845173 0.079580 0.858213 0.078700 0.863547 0.077360 0.875973 0.064480 0.873013 0.069800 0.850507 0.081800 0.823253 0.084460 0.800133 0.075140 0.789467 0.069360 0.760453 0.068480 0.722533 0.068480 0.709493 0.076020 0.702987 0.069800 0.698240 0.068480 0.684613 0.070700 0.675120 0.073800 0.668613
0 1 1 0.404400 0.797360 0.402920 0.757200 0.392640 0.771893 0.386020 0.763067 0.385280 0.743467 0.392640 0.719947 0.402180 0.708187 0.408080 0.695440 0.408080 0.666027 0.422040 0.662107 0.438940 0.671920 0.436740 0.702293 0.456580 0.738560 0.460260 0.732693 0.457320 0.751307 0.452180 0.755227 0.435260 0.734640 0.438940 0.767973 0.441880 0.807173 0.449240 0.838533 0.441160 0.879707 0.436740 0.914987 0.438940 0.947333 0.427920 0.947333 0.403660 0.950267 0.405860 0.920880 0.399980 0.888533 0.394100 0.852267 0.397040 0.805227
0 1 1 0.116980 0.893973 0.125680 0.851467 0.130980 0.817360 0.129540 0.803840 0.121340 0.798667 0.121340 0.781280 0.122780 0.757467 0.127600 0.733013 0.130980 0.713040 0.140640 0.705307 0.142580 0.696933 0.142580 0.682133 0.145000 0.667973 0.154160 0.662827 0.161420 0.666027 0.163340 0.673120 0.163340 0.691147 0.162860 0.703387 0.174940 0.718187 0.179280 0.740080 0.179280 0.751040 0.169620 0.756827 0.171080 0.776773 0.173480 0.792240 0.171560 0.817360 0.169140 0.836667 0.169620 0.860480 0.165760 0.884320 0.165760 0.893973 0.157540 0.904907 0.152240 0.890107 0.150300 0.873360 0.149340 0.852133 0.146440 0.850187 0.138720 0.863707 0.137260 0.872080 0.137260 0.888187 0.132440 0.891387 0.125680 0.892053 0.120360 0.886240
0 1 0 0.205080 0.897120 0.192360 0.885627 0.197700 0.879627 0.203840 0.863227 0.194420 0.837547 0.186620 0.833733 0.189900 0.768693 0.183760 0.760507 0.183360 0.756133 0.190320 0.726613 0.196460 0.719520 0.196880 0.717893 0.194000 0.700933 0.186220 0.698747 0.188680 0.692747 0.196880 0.690560 0.202200 0.682907 0.216540 0.684560 0.217780 0.688933 0.217360 0.702027 0.216140 0.712960 0.226800 0.731547 0.226800 0.746293 0.229660 0.764880 0.225160 0.773067 0.224340 0.809147 0.222700 0.829360 0.221060 0.840293 0.218600 0.849573 0.221060 0.864880 0.221060 0.876347 0.216540 0.885627 0.212440 0.891093
0 1 0 0.493400 0.876027 0.478620 0.836613 0.475100 0.783147 0.472280 0.750293 0.468060 0.724027 0.492700 0.708080 0.504660 0.729653 0.509580 0.750293 0.508880 0.772827 0.522240 0.796267 0.513800 0.805653 0.524360 0.839440 0.527180 0.865707 0.534920 0.873227 0.529280 0.894800 0.516620 0.872267 0.505360 0.872267 0.510980 0.887280 0.510280 0.896667 0.487760 0.893867
0 1 1 0.715220 0.757227 0.711020 0.755360 0.709960 0.735227 0.709620 0.723067 0.704700 0.716533 0.699080 0.709973 0.701200 0.697333 0.706800 0.691253 0.708920 0.679093 0.716280 0.676773 0.716980 0.688933 0.726460 0.694533 0.727860 0.701093 0.719080 0.707173 0.718740 0.720267 0.722940 0.733840 0.722940 0.746453 0.720840 0.753947 0.719440 0.754427 0.718040 0.740373 0.715220 0.727760 0.713820 0.739440 0.713120 0.753493
0 1 0 0.865580 0.806933 0.867980 0.786613 0.864780 0.767893 0.863560 0.756667 0.863160 0.749707 0.864360 0.741707 0.865980 0.736347 0.865980 0.730453 0.864780 0.727787 0.861560 0.734747 0.858760 0.741707 0.855140 0.749707 0.853540 0.754533 0.851940 0.754533 0.849920 0.750240 0.849920 0.744373 0.852740 0.740080 0.855140 0.736347 0.858760 0.720293 0.859960 0.712827 0.861160 0.705867 0.863960 0.704267 0.864780 0.697840 0.864780 0.691947 0.866380 0.688747 0.868380 0.687680 0.871580 0.687680 0.877600 0.695707 0.880020 0.705867 0.882420 0.710133 0.886020 0.729387 0.885220 0.740080 0.884820 0.748640 0.882020 0.755600 0.879620 0.767893 0.878000 0.776987 0.878400 0.784480 0.880820 0.793040 0.884020 0.802667 0.885620 0.812293 0.882420 0.817093 0.876800 0.817093 0.874400 0.816560 0.876000 0.811760 0.876400 0.807467 0.875600 0.800533 0.872000 0.800000 0.871580 0.804267 0.871580 0.809627 0.871180 0.814960 0.861560 0.812293
26 1 0 0.060780 0.802640 0.063920 0.796800 0.067040 0.792640 0.070800 0.791387 0.075480 0.791387 0.080160 0.792640 0.083300 0.794320 0.085800 0.798053 0.088920 0.808053 0.088920 0.818480 0.087980 0.833067 0.083920 0.843467 0.077660 0.850560 0.068920 0.853893 0.062980 0.853467 0.059220 0.845973 0.058920 0.827227 0.058920 0.820560
26 1 0 0.432120 0.705920 0.429540 0.789840 0.432980 0.813253 0.451380 0.822400 0.464240 0.815547 0.469380 0.801840 0.469380 0.792693 0.468080 0.778427 0.460800 0.777867 0.459520 0.775013 0.457820 0.773867 0.453100 0.771013 0.443040 0.741947 0.439700 0.736613 0.439360 0.737067 0.438360 0.757520 0.437700 0.764640 0.440360 0.771760 0.435360 0.761520 0.433700 0.753067 0.435700 0.700587 0.434360 0.699253 0.432700 0.699253
0 1 0 0.728480 0.781680 0.736360 0.767867 0.740920 0.764000 0.744240 0.756827 0.743400 0.733627 0.744240 0.714267 0.745480 0.705440 0.743820 0.700453 0.742160 0.699920 0.740100 0.697147 0.738840 0.696587 0.740100 0.689973 0.740100 0.687760 0.737180 0.681680 0.735120 0.678907 0.730560 0.678907 0.728900 0.681680 0.727660 0.686640 0.728480 0.693280 0.726420 0.699920 0.724340 0.703787 0.722680 0.711520 0.722680 0.726987 0.723100 0.732507 0.725580 0.744107 0.726000 0.754053 0.728480 0.761787 0.720620 0.779467 0.720620 0.783893 0.723100 0.788320
33 1 2 0.840180 0.617573 0.856440 0.613787 0.885960 0.624747 0.874920 0.632000 0.864580 0.640587 0.863580 0.653147 0.844800 0.676160 0.844140 0.691093 0.843000 0.697947 0.858560 0.714480 0.859880 0.721200 0.838920 0.699280 0.841720 0.687867 0.840100 0.672267 0.860460 0.650373 0.859580 0.640933 0.847260 0.629093 0.831060 0.622800
0 1 0 0.627460 0.785973 0.620700 0.787147 0.618640 0.781253 0.618940 0.741707 0.615420 0.737387 0.615420 0.720933 0.618360 0.700160 0.622760 0.695067 0.621280 0.691547 0.619820 0.685680 0.623060 0.684107 0.624820 0.681360 0.631860 0.681760 0.634520 0.686453 0.635680 0.691547 0.632160 0.696240 0.635400 0.700160 0.636280 0.717413 0.638340 0.724853 0.635980 0.732293 0.636560 0.741307 0.643320 0.751893 0.641280 0.764027 0.633920 0.766773 0.631280 0.759707 0.627760 0.750320 0.626880 0.766773
33 1 2 0.630520 0.793147 0.653100 0.782240 0.649980 0.763333 0.638440 0.763680 0.634360 0.765600 0.630040 0.771040 0.629080 0.793147
33 1 2 0.871620 0.527707 0.875100 0.534667 0.884500 0.532827 0.904720 0.536533 0.908220 0.541653 0.900540 0.543973 0.894260 0.546747 0.893220 0.550480 0.914840 0.541653 0.930160 0.535147 0.944120 0.523973 0.963620 0.524453 0.966760 0.537467 0.954560 0.530960 0.940620 0.536533 0.923900 0.550933 0.900200 0.562560 0.890080 0.560240 0.884860 0.554187 0.881020 0.548613 0.863940 0.544907 0.845120 0.575573 0.837800 0.570933 0.854880 0.549547 0.856980 0.542107 0.862200 0.532347 0.867440 0.529093
33 1 2 1.000000 0.499013 0.975080 0.484027 0.966340 0.484027 0.953240 0.484027 0.946380 0.484027 0.966960 0.467387 0.985060 0.455760 0.987560 0.471547 0.985680 0.488187 0.999420 0.492347
0 1 0 0.126900 0.684640 0.120640 0.694827 0.120180 0.697893 0.117640 0.694213 0.115780 0.676293 0.118100 0.673520 0.118560 0.666427 0.120880 0.660560 0.124120 0.660240 0.125980 0.663947 0.124820 0.670427 0.125040 0.676293
26 1 0 0.866900 0.724267 0.870300 0.738773 0.862840 0.742400 0.855020 0.743307 0.857740 0.730613 0.861140 0.727440
