0 1 0 0.622312 0.290396 0.625359 0.299487 0.630313 0.307436 0.634500 0.317110 0.635266 0.325058 0.637547 0.334149 0.640969 0.336434 0.644406 0.340979 0.644031 0.348368 0.642500 0.349510 0.632969 0.347226 0.630313 0.350629 0.628016 0.348928 0.625734 0.339837 0.618125 0.340979 0.613172 0.347226 0.611266 0.353473 0.613547 0.360862 0.618500 0.383613 0.620016 0.397249 0.620781 0.401235 0.614688 0.404639 0.648219 0.412028 0.653172 0.398951 0.663828 0.392704 0.674500 0.391562 0.682500 0.396667 0.688219 0.402937 0.690125 0.403497 0.694312 0.396667 0.694312 0.368252 0.693172 0.343263 0.690891 0.329604 0.691641 0.315408 0.688219 0.300629 0.685938 0.286410 0.684031 0.279021 0.678687 0.271072 0.674125 0.255734 0.668781 0.247203 0.659266 0.244918 0.650125 0.242075 0.639453 0.247203 0.630688 0.258555 0.625359 0.267669 0.623453 0.278462 0.623453 0.284149
54 1 1 0.922188 0.654196 0.923734 0.631515 0.930359 0.623963 0.949844 0.621049 0.970875 0.630350 0.976719 0.646061 0.968156 0.665221 0.957250 0.671049 0.922953 0.660583
0 1 0 0.135563 0.303380 0.132562 0.289883 0.132562 0.256177 0.132562 0.238205 0.138578 0.193263 0.140094 0.179767 0.141594 0.157296 0.143094 0.150559 0.144609 0.130326 0.156656 0.134825 0.161172 0.134825 0.164188 0.134825 0.162688 0.114615 0.162688 0.114615 0.156656 0.092145 0.153641 0.087646 0.147625 0.069674 0.147625 0.062914 0.150625 0.058438 0.152141 0.051678 0.155156 0.047179 0.159672 0.040443 0.177750 0.038205 0.182266 0.038205 0.188297 0.038205 0.189797 0.044942 0.189797 0.065175 0.189797 0.078648 0.191297 0.105618 0.195828 0.114615 0.203359 0.128089 0.213891 0.139324 0.222937 0.146061 0.233484 0.164056 0.238000 0.173030 0.244031 0.195501 0.254562 0.240443 0.256078 0.249441 0.256078 0.292145 0.248547 0.307855 0.245531 0.319091 0.251563 0.350559 0.251563 0.361795 0.247031 0.388765 0.242516 0.391002 0.228953 0.391002 0.192813 0.373030 0.188297 0.364056 0.153641 0.350559 0.143094 0.337086
54 1 1 0.699422 0.520443 0.697578 0.528089 0.693687 0.530233 0.693687 0.523193 0.688563 0.516760 0.682000 0.513706 0.668047 0.515245 0.662516 0.517995 0.660250 0.513100 0.664359 0.506364 0.666828 0.499627 0.683844 0.500862 0.696359 0.509417
56 1 1 0.024844 0.353403 0.023453 0.329487 0.026234 0.312844 0.032516 0.288904 0.040891 0.275385 0.053438 0.267063 0.060406 0.262914 0.071562 0.256667 0.094578 0.268112 0.105734 0.279557 0.119687 0.296200 0.125969 0.330536 0.118297 0.331562 0.114109 0.309720 0.099469 0.289953 0.091797 0.278508 0.084812 0.275385 0.063203 0.280583 0.049250 0.285781 0.040188 0.296200 0.034609 0.319091 0.030422 0.332611 0.033219 0.345082 0.033219 0.350303
54 1 1 0.817313 0.587086 0.824562 0.576247 0.823906 0.561492 0.810703 0.549674 0.789266 0.550163 0.781687 0.564429 0.798172 0.566900 0.810375 0.571818 0.815984 0.582634 0.814672 0.591002
54 1 1 0.906203 0.613893 0.914875 0.622704 0.916719 0.633147 0.917078 0.643030 0.914141 0.652378 0.909156 0.656504 0.895891 0.658998 0.877094 0.653217 0.869719 0.647716 0.867703 0.636177 0.867328 0.626550 0.868609 0.618298 0.872672 0.612517 0.877094 0.610047 0.891094 0.609511
54 1 1 0.772469 0.618415 0.760719 0.610000 0.759297 0.598788 0.761656 0.586853 0.763531 0.583357 0.770594 0.581259 0.777172 0.579860 0.785156 0.581958 0.796906 0.588275 0.802547 0.597389 0.803500 0.601585 0.804438 0.610000 0.803016 0.615618 0.797859 0.619814 0.788922 0.622634 0.779516 0.621235
0 1 0 0.068328 0.131585 0.083250 0.103263 0.084609 0.103263 0.099531 0.115408 0.110375 0.137669 0.123953 0.157902 0.132094 0.184219 0.137516 0.204452 0.128016 0.263147 0.123953 0.269207 0.118516 0.279324 0.131812 0.323124 0.109406 0.285524 0.090750 0.256294 0.074891 0.257692 0.064094 0.226667 0.066922 0.207226 0.072031 0.191189 0.076563 0.179347 0.076563 0.174289 0.074297 0.165827 0.069187 0.158228
0 1 0 0.801984 0.293939 0.803453 0.219207 0.815734 0.173776 0.813766 0.166457 0.816719 0.145921 0.814750 0.137133 0.828016 0.121748 0.843234 0.136410 0.843234 0.148858 0.847656 0.188438 0.847656 0.247786 0.843234 0.280746 0.843234 0.304196 0.801984 0.299068
24 1 0 0.047828 0.264662 0.052844 0.262424 0.050344 0.230256 0.023266 0.195105 0.018000 0.195851 0.002094 0.201422 0.003031 0.260047 0.002094 0.293543 0.019875 0.303310 0.029234 0.293543 0.039516 0.278182
54 1 1 0.921766 0.615105 0.925094 0.604266 0.930250 0.601096 0.958406 0.603823 0.965062 0.606970 0.969000 0.615548 0.971719 0.618718 0.970516 0.629114 0.965672 0.630909 0.954469 0.622331 0.945687 0.622331 0.923281 0.633170 0.920859 0.626387 0.922375 0.613310
0 1 1 0.855578 0.138392 0.855844 0.130979 0.857813 0.123939 0.861859 0.123170 0.865781 0.129604 0.866828 0.136247 0.866828 0.140909 0.867219 0.144242 0.871141 0.149510 0.873234 0.158485 0.873625 0.167063 0.873500 0.174662 0.873109 0.190280 0.872453 0.198462 0.868531 0.203730 0.853891 0.201399 0.850359 0.192238 0.852047 0.168042 0.854016 0.153800 0.855188 0.147366 0.856375 0.143846
54 1 1 0.927031 0.602028 0.930812 0.600606 0.940750 0.600956 0.953281 0.603427 0.964875 0.605548 0.970078 0.615431 0.972672 0.610839 0.972672 0.606597 0.971500 0.602727 0.971734 0.595315 0.968422 0.590723 0.960859 0.582611 0.952578 0.577669 0.940281 0.577669 0.932234 0.580140 0.927734 0.586154 0.923484 0.592494 0.921125 0.599557 0.921125 0.606597 0.923484 0.611189
39 1 1 0.645750 0.866387 0.649344 0.834312 0.651125 0.815594 0.648891 0.800886 0.659641 0.779510 0.661438 0.765478 0.659203 0.753450 0.668609 0.734056 0.676219 0.722704 0.685625 0.726037 0.670844 0.757459 0.674422 0.773496 0.685625 0.789534 0.690547 0.817599 0.689203 0.864382 0.687422 0.885758 0.675766 0.897133 0.652469 0.890443 0.645750 0.873054
0 1 1 0.015188 0.172401 0.017453 0.157436 0.023906 0.143450 0.032641 0.144895 0.041703 0.154056 0.045578 0.172401 0.048484 0.183963 0.047844 0.192168 0.051391 0.196037 0.048484 0.223520 0.052047 0.255361 0.057531 0.264522 0.051391 0.266923 0.042344 0.260186 0.036844 0.258252 0.036516 0.245711 0.034266 0.234126 0.029734 0.218205 0.025859 0.208578 0.024234 0.196993 0.022938 0.196037 0.020031 0.183497 0.015500 0.173846
54 1 1 0.748656 0.602587 0.753891 0.579231 0.732984 0.566224 0.710359 0.574033 0.713844 0.594802
54 1 1 0.118359 0.683683 0.106875 0.664825 0.117203 0.645967 0.132141 0.637413 0.145922 0.637413 0.151672 0.661399 0.145922 0.675105
54 1 1 0.804203 0.600606 0.794250 0.585758 0.774781 0.579324 0.780844 0.564476 0.798141 0.565758 0.810688 0.572214 0.815016 0.581888 0.815016 0.589650 0.814141 0.594802 0.809813 0.600606 0.805062 0.601259
54 1 1 0.890687 0.574103 0.902703 0.570513 0.913125 0.574103 0.920344 0.580466 0.924359 0.584452 0.927297 0.574895 0.927828 0.562541 0.917141 0.553753 0.906719 0.550163 0.894687 0.550979 0.891484 0.557343 0.888813 0.564126 0.887469 0.571702
0 1 1 0.451891 0.970793 0.406703 0.770793 0.408219 0.604499 0.421766 0.525851 0.396156 0.429207 0.364531 0.426970 0.355484 0.341562 0.387125 0.287646 0.421766 0.251678 0.427797 0.087646 0.445875 0.076410 0.477500 0.060676 0.534750 0.060676 0.566375 0.083147 0.587469 0.152821 0.573906 0.222471 0.540766 0.265175 0.551313 0.298881 0.596500 0.298881 0.602531 0.384266 0.593484 0.476410 0.579938 0.519091 0.581437 0.620233 0.593484 0.766294 0.595000 0.876410 0.573906 0.950559 0.563359 0.977529
