7 1 2 0.877578 0.866542 0.851906 0.846979 0.792484 0.860667 0.788813 0.898812 0.785141 0.890021 0.780016 0.893917 0.782937 0.902729 0.785141 0.906646 0.785141 0.932063 0.815219 0.958479 0.820359 0.970208 0.829156 0.977062 0.844563 0.984896 0.862172 0.997604 0.986156 0.997604 0.986891 0.977062 0.953141 0.938917 0.903984 0.909583 0.899594 0.899792 0.892984 0.896854 0.891516 0.906646 0.879047 0.892937
4 1 1 0.429969 0.478063 0.422078 0.482271 0.419437 0.492813 0.414969 0.493146 0.415234 0.486833 0.402063 0.494563 0.397594 0.493854 0.395750 0.490354 0.411812 0.477000 0.387594 0.473500 0.382578 0.466479 0.403906 0.462979 0.410484 0.459104 0.430500 0.460521 0.450766 0.469979 0.453141 0.470687 0.493422 0.468229 0.499734 0.457000 0.500266 0.463313 0.496313 0.471750 0.452078 0.476667
7 1 1 0.508031 0.490833 0.517703 0.492979 0.520766 0.489979 0.520766 0.482021 0.518672 0.475792 0.499344 0.474729 0.497734 0.486104 0.499500 0.491250
2 1 1 0.029656 0.508625 0.029656 0.502854 0.033375 0.491292 0.050078 0.488542 0.050906 0.504229 0.047187 0.507250 0.045953 0.505875 0.043688 0.506417 0.043063 0.509708 0.039359 0.510813 0.038531 0.508354 0.031938 0.509167 0.031719 0.511917 0.030281 0.511917
2 1 1 0.020672 0.518792 0.010797 0.519271 0.011047 0.508792 0.011422 0.507458 0.012422 0.505958 0.016172 0.504792 0.019547 0.504458 0.023688 0.504417 0.024094 0.506063 0.024297 0.515396 0.025734 0.514292 0.026141 0.506896
2 1 0 0.301234 0.473771 0.287203 0.472646 0.285922 0.481146 0.287422 0.482688 0.287516 0.484250 0.288687 0.484542 0.289750 0.482688 0.294969 0.482271 0.297406 0.485958 0.298250 0.484396 0.299750 0.483396 0.305375 0.481979 0.304422 0.479438 0.300813 0.475750
2 1 1 0.062156 0.484208 0.071031 0.484604 0.071031 0.486771 0.070891 0.489333 0.067922 0.489729 0.065703 0.491896 0.064969 0.493875 0.064375 0.495833 0.064234 0.497417 0.063203 0.494458 0.063203 0.494458 0.060688 0.494458 0.061125 0.496229 0.060984 0.497417 0.058609 0.497417 0.057734 0.493083 0.057734 0.490917 0.059062 0.489333 0.060234 0.485979 0.060234 0.484396
4 1 0 0.432172 0.408062 0.438906 0.414792 0.460766 0.515688 0.662562 0.598646 0.706281 0.681604 0.691141 0.706271 0.632281 0.708521 0.667594 0.739917 0.659187 0.764583 0.598656 0.713000 0.596969 0.683854 0.450672 0.614354 0.181609 0.549333 0.457406 0.578479 0.364906 0.515688 0.432172 0.529146 0.428813 0.439458
4 1 0 0.671109 0.470188 0.680109 0.458771 0.683266 0.438958 0.676062 0.447354 0.670203 0.456979 0.661203 0.457563 0.646344 0.457563 0.621578 0.456979 0.616625 0.450958 0.605359 0.453375 0.600859 0.459375 0.604469 0.470188 0.632391 0.477979 0.667953 0.477375 0.671562 0.470188
7 1 2 0.232547 0.670729 0.249688 0.656250 0.270844 0.658521 0.277125 0.646333 0.320000 0.608229 0.346859 0.611271 0.350297 0.616604 0.355437 0.626521 0.358297 0.635667 0.359437 0.657771 0.350859 0.676812 0.343437 0.688250 0.338859 0.687479 0.334859 0.692062 0.335422 0.701979 0.329719 0.714917 0.322281 0.719500 0.310844 0.721792 0.291984 0.734750 0.286844 0.742354 0.280562 0.740083 0.267984 0.744646 0.243969 0.741604 0.229109 0.737792 0.229109 0.730938 0.229109 0.712646 0.227391 0.702729 0.225688 0.699688 0.225688 0.689771 0.226250 0.684438 0.229109 0.684438 0.229687 0.677583 0.233109 0.670729
