56 1 1 0.335781 0.787817 0.356531 0.787817 0.383578 0.787700 0.399938 0.786901 0.417766 0.784296 0.430906 0.783075 0.444844 0.780258 0.454500 0.778639 0.459188 0.777840 0.461344 0.778239 0.462813 0.782676 0.462672 0.804437 0.463609 0.848122 0.464016 0.852160 0.468031 0.884577 0.468313 0.892042 0.478328 0.893615 0.489328 0.894624 0.503797 0.896221 0.511312 0.897653 0.512516 0.897653 0.515594 0.900047 0.516672 0.901479 0.518547 0.906901 0.519078 0.912746 0.519219 0.920399 0.518406 0.921808 0.515953 0.940892 0.516625 0.967770 0.517281 1.000000 0.445078 1.000000 0.368891 1.000000 0.306188 0.998944 0.283891 0.998944 0.256938 0.999272 0.254328 0.998991 0.246594 0.947723 0.243547 0.912911 0.241922 0.888498 0.239484 0.856432 0.239484 0.842089 0.236328 0.823099 0.234750 0.811221 0.228422 0.779155 0.228422 0.764906 0.232375 0.757770 0.243047 0.764906 0.261234 0.770845 0.290875 0.779742 0.320906 0.785094 0.337125 0.786268
40 1 1 0.610062 0.567441 0.610297 0.539836 0.611422 0.530657 0.614609 0.527934 0.642938 0.531667 0.642266 0.545305 0.640453 0.581056 0.636359 0.593662 0.628203 0.608310 0.630016 0.627042 0.637953 0.630775 0.636141 0.638286 0.630016 0.641009 0.620500 0.643052 0.612563 0.638286 0.611875 0.631127 0.614609 0.627723 0.620047 0.624648 0.621859 0.615798 0.621859 0.610000 0.612563 0.586174
0 1 0 0.776312 0.559554 0.789781 0.531948 0.794500 0.524202 0.797500 0.517089 0.797500 0.509343 0.802656 0.492582 0.807391 0.484178 0.809109 0.475141 0.816844 0.467394 0.825000 0.458380 0.830156 0.446103 0.838313 0.437723 0.846047 0.430610 0.850344 0.426103 0.850344 0.417723 0.845187 0.404155 0.841750 0.396408 0.839172 0.391901 0.842609 0.362207 0.842609 0.341573 0.847766 0.320916 0.852063 0.311244 0.870953 0.315117 0.885141 0.323498 0.895438 0.344155 0.899734 0.357700 0.888141 0.362207 0.882563 0.364789 0.861078 0.377066 0.855062 0.388685 0.852922 0.397066 0.851625 0.408028 0.851625 0.417723 0.851625 0.426103 0.851203 0.439014 0.851625 0.455141 0.855500 0.475798 0.860656 0.496455 0.863234 0.504178 0.851203 0.527418 0.851203 0.543545 0.840469 0.562277 0.833156 0.571315 0.819844 0.591948 0.808672 0.626150 0.803516 0.641643 0.804813 0.648756 0.798797 0.646808 0.785906 0.654554 0.768734 0.672629 0.778609 0.651972 0.779891 0.634554 0.776031 0.613897 0.785906 0.584859 0.771297 0.580986 0.767016 0.570657
0 1 0 0.001859 0.507324 0.027406 0.453967 0.046094 0.434296 0.066656 0.416502 0.074141 0.396854 0.072266 0.360329 0.080375 0.331315 0.113391 0.323826 0.130219 0.340681 0.136453 0.363146 0.137078 0.383732 0.134578 0.402465 0.131469 0.420258 0.130844 0.428685 0.129594 0.444601 0.130219 0.463310 0.132719 0.485798 0.135828 0.517629 0.140188 0.548521 0.140188 0.570986 0.142063 0.585023 0.135828 0.606549 0.112156 0.641197 0.116516 0.648685 0.140188 0.644014 0.145797 0.652441 0.138953 0.681455 0.138328 0.717958 0.138328 0.732934 0.112156 0.716103 0.110281 0.721714 0.115891 0.748850 0.119000 0.789108 0.128359 0.824695 0.117766 0.835000 0.110281 0.833122 0.071016 0.703920 0.042984 0.688005 0.036125 0.673967 0.035500 0.658991 0.028641 0.640258 0.022422 0.632770 0.016812 0.647747 0.012453 0.664601 0.003094 0.644953 0.001234 0.627160 0.000609 0.577535
0 1 0 0.770563 0.674671 0.808766 0.635070 0.839063 0.555916 0.862766 0.516338 0.860141 0.482676 0.852234 0.441127 0.856188 0.399554 0.870672 0.371854 0.891750 0.359977 0.915469 0.365916 0.927328 0.397582 0.935234 0.423310 0.929953 0.456948 0.920734 0.468826 0.929953 0.508404 0.948406 0.555916 0.954984 0.585610 0.949719 0.601432 0.932594 0.619249 0.916781 0.688521 0.886484 0.819131 0.846969 0.846855 0.816656 0.850798 0.804813 0.829038 0.817984 0.732066 0.824562 0.672676 0.825891 0.660822 0.802172 0.680610 0.762656 0.708310 0.748156 0.718216 0.758703 0.674671
0 1 1 0.231094 0.520352 0.228953 0.495587 0.223219 0.491291 0.226797 0.449296 0.229672 0.428850 0.236125 0.420235 0.242563 0.415915 0.241859 0.413756 0.236828 0.401925 0.236125 0.392230 0.236125 0.381455 0.236125 0.365305 0.236828 0.363146 0.241859 0.347019 0.246156 0.341620 0.256187 0.334085 0.263359 0.330845 0.271234 0.330845 0.278406 0.335164 0.287719 0.348075 0.289156 0.355634 0.292016 0.370704 0.292016 0.375000 0.292016 0.391150 0.292016 0.401925 0.292016 0.408380 0.293453 0.414836 0.300625 0.415915 0.308500 0.422371 0.309938 0.423451 0.313531 0.428850 0.317828 0.434225 0.319250 0.441761 0.320688 0.448216 0.320688 0.455751 0.319969 0.460070 0.317828 0.464366 0.317828 0.471901 0.320688 0.483756 0.319250 0.486995 0.317828 0.485892 0.315672 0.477277 0.311375 0.471901 0.304203 0.469765 0.299187 0.471901 0.297031 0.479437 0.296328 0.489131 0.295609 0.498826 0.295609 0.500986 0.290594 0.496667 0.289156 0.488052 0.288438 0.485892 0.287000 0.471901 0.286281 0.467606 0.284141 0.454671 0.283422 0.439601 0.281984 0.427746 0.271953 0.436361 0.274828 0.467606 0.275531 0.474061 0.275531 0.481596 0.275531 0.485892 0.273391 0.486995 0.269797 0.485892 0.264781 0.484836 0.259047 0.485892 0.259766 0.495587 0.261922 0.504202 0.260484 0.513897 0.259766 0.519296
0 1 0 0.293187 0.374906 0.293656 0.349648 0.288984 0.339836 0.284781 0.315986 0.295984 0.283732 0.315125 0.284437 0.319797 0.306878 0.330063 0.338427 0.333797 0.365775 0.342203 0.396643 0.350141 0.426808 0.345000 0.445023 0.337531 0.451338 0.328203 0.455540 0.318859 0.447136 0.314656 0.426103 0.307656 0.419084 0.298781 0.419084 0.289922 0.411362 0.283844 0.401549 0.290391 0.400141 0.294125 0.395235 0.292250 0.383310
40 1 1 0.318000 0.462300 0.324484 0.457653 0.339031 0.457183 0.340266 0.457183 0.343359 0.470188 0.340891 0.494836 0.337172 0.506901 0.335000 0.510634 0.336250 0.512488 0.341500 0.528756 0.337172 0.530141 0.327281 0.532019 0.325109 0.528286 0.330063 0.522254 0.330672 0.512019 0.322328 0.495282 0.317062 0.473920
0 1 1 0.856625 0.322981 0.869391 0.247347 0.892797 0.227089 0.894219 0.222840 0.890672 0.198333 0.895625 0.166362 0.909813 0.156784 0.925422 0.163169 0.928250 0.190869 0.921875 0.207911 0.937469 0.239883 0.947391 0.244131 0.957328 0.314460 0.950234 0.325117 0.943141 0.345352 0.943141 0.373052 0.930375 0.377324 0.909813 0.358146 0.894219 0.343216 0.883578 0.320845
40 1 1 0.659266 0.496620 0.671391 0.492653 0.681250 0.495493 0.685797 0.499484 0.685031 0.528521 0.678594 0.548451 0.673672 0.558709 0.671391 0.568944 0.678594 0.576925 0.673672 0.584319 0.669125 0.588310 0.659266 0.582629 0.659266 0.580352 0.666094 0.569530 0.666469 0.558709 0.662297 0.548451 0.658125 0.538193 0.658500 0.496620
0 1 1 0.593297 0.492629 0.606016 0.391667 0.634156 0.373920 0.627813 0.339812 0.632344 0.305728 0.643250 0.293427 0.660500 0.289343 0.669578 0.305728 0.674125 0.350728 0.718609 0.393028 0.719516 0.438052 0.726781 0.506268 0.731328 0.518545 0.702266 0.517183 0.687734 0.508991 0.683203 0.498075 0.658687 0.493991 0.655047 0.472160 0.616906 0.462606 0.616906 0.489883
42 1 2 0.339000 0.712864 0.350703 0.690493 0.353687 0.677394 0.354953 0.665258 0.357297 0.664296 0.358578 0.665563 0.362828 0.665258 0.364531 0.669084 0.364750 0.672911 0.362188 0.676432 0.357297 0.686667 0.353687 0.695939 0.346656 0.707441 0.343891 0.716385 0.340703 0.716714
0 1 0 0.161547 0.575282 0.131625 0.521338 0.128641 0.447183 0.143594 0.404484 0.149578 0.352817 0.185484 0.337089 0.207922 0.379765 0.189969 0.438192 0.203422 0.460681 0.216891 0.496620 0.207922 0.516854 0.197437 0.519108 0.182484 0.501127 0.169031 0.501127 0.157063 0.566291
0 1 1 0.381328 0.481338 0.379797 0.422441 0.404406 0.390094 0.410547 0.376221 0.403625 0.348498 0.404406 0.311526 0.418234 0.297676 0.439000 0.299977 0.455156 0.319624 0.455156 0.341573 0.449766 0.364671 0.448234 0.388920 0.471297 0.400493 0.489750 0.459390 0.471297 0.488286 0.455156 0.492887 0.432078 0.494061 0.439000 0.453615 0.426703 0.444390 0.415172 0.458239 0.422859 0.490587 0.412859 0.489437 0.409781 0.472113 0.396719 0.466338 0.385172 0.484812
56 1 1 0.759781 0.541784 0.771250 0.398169 0.843906 0.397207 0.850266 0.413498 0.843266 0.421150 0.813953 0.470939 0.801844 0.506362 0.791641 0.521667 0.782719 0.547512 0.776984 0.563779 0.769344 0.565704
40 1 1 0.520156 0.512676 0.515203 0.517418 0.509797 0.514718 0.508000 0.510657 0.504406 0.495798 0.499453 0.487676 0.496766 0.472136 0.496313 0.454577 0.497656 0.446455 0.499016 0.443099 0.508000 0.439718 0.517000 0.439718 0.521953 0.440376 0.522844 0.455258 0.521500 0.471479 0.517453 0.483638 0.512953 0.494437 0.516094 0.501197 0.518797 0.504577
60 1 1 0.765203 0.443521 0.725484 0.435305 0.720016 0.428099 0.717266 0.409577 0.715906 0.404437 0.719328 0.395188 0.721047 0.392089 0.744656 0.391056 0.804922 0.387981 0.821359 0.385399 0.827172 0.397230 0.771359 0.395188 0.769656 0.442488 0.765547 0.446620
43 1 0 0.312016 0.676268 0.285031 0.681127 0.264531 0.696526 0.230531 0.714366 0.228375 0.709484 0.276938 0.683545 0.288812 0.678685 0.309313 0.673028
40 1 1 0.567062 0.507183 0.570031 0.503474 0.569531 0.492300 0.564094 0.476690 0.562609 0.461807 0.563094 0.443216 0.573000 0.438732 0.584391 0.443944 0.583406 0.468498 0.583406 0.478169 0.579938 0.484131 0.574984 0.494530 0.574984 0.506455 0.582406 0.510164 0.579437 0.513873 0.566078 0.513873 0.562609 0.509413 0.567062 0.505704
56 1 0 0.106594 0.718685 0.117172 0.760258 0.117984 0.767582 0.135063 0.762700 0.135063 0.726033 0.109031 0.718685
40 1 1 0.477516 0.658286 0.482937 0.662347 0.488734 0.661761 0.494531 0.657700 0.499172 0.653639 0.493375 0.649577 0.491047 0.648404 0.489125 0.620516 0.498406 0.603662 0.500719 0.584484 0.499563 0.562958 0.492984 0.557160 0.479828 0.558310 0.472875 0.564131 0.472875 0.569953 0.479828 0.577488 0.481391 0.615282 0.482937 0.621667 0.485250 0.625164 0.485641 0.645493 0.479062 0.648404 0.476734 0.654789
40 1 1 0.225578 0.539108 0.226641 0.575469 0.232703 0.589906 0.238750 0.601150 0.240172 0.605962 0.241594 0.616667 0.240531 0.619859 0.234828 0.622535 0.234484 0.628967 0.238750 0.632160 0.245875 0.632160 0.252984 0.630023 0.254766 0.625211 0.254766 0.619319 0.248719 0.618263 0.245875 0.614507 0.245156 0.600070 0.253344 0.580822 0.255484 0.557817 0.255844 0.540188 0.249781 0.531620 0.233406 0.533216
40 1 1 0.479547 0.576009 0.481516 0.631878 0.471719 0.654437 0.472375 0.670117 0.476937 0.677958 0.465203 0.686784 0.448891 0.678944 0.461281 0.669131 0.458672 0.658357 0.444328 0.632864 0.444328 0.583850 0.448891 0.568169 0.463891 0.566221 0.474984 0.572089
40 1 1 0.419891 0.446784 0.425844 0.444225 0.433922 0.444225 0.437328 0.448052 0.437750 0.451573 0.439250 0.462113 0.439031 0.472981 0.432656 0.488967 0.431578 0.495352 0.431156 0.500798 0.431375 0.507183 0.432438 0.513263 0.429672 0.514531 0.422437 0.511972 0.424563 0.509742 0.425422 0.500798 0.425844 0.491854 0.422437 0.486737 0.421375 0.482887 0.419031 0.475235 0.417125 0.468521 0.416063 0.450610
40 1 1 0.616031 0.462277 0.616562 0.485469 0.620828 0.495070 0.623484 0.503075 0.628812 0.503873 0.631469 0.501479 0.633609 0.491878 0.633609 0.480681 0.636797 0.474272 0.634672 0.467089 0.626687 0.463873
42 1 2 0.338687 0.732934 0.349609 0.705352 0.358359 0.700751 0.364031 0.692230 0.364469 0.675798 0.358359 0.681714 0.351359 0.698779 0.343484 0.713897 0.335625 0.724390 0.329063 0.730962 0.334750 0.734906
39 1 1 0.274125 0.432512 0.280859 0.431080 0.282141 0.436854 0.282469 0.445047 0.284719 0.460962 0.286313 0.482183 0.294016 0.507746 0.294344 0.524155 0.296266 0.557418 0.295953 0.577676 0.296266 0.581056 0.281500 0.585399 0.275406 0.585399 0.273797 0.581056 0.273156 0.561761 0.274766 0.537653 0.272516 0.526080 0.268672 0.519319 0.267375 0.516432 0.267703 0.511127 0.270594 0.504366 0.272844 0.499554 0.275078 0.487019 0.275406 0.472535 0.274125 0.451338 0.274125 0.441690 0.273484 0.436385 0.273797 0.434460
42 1 0 0.581641 0.722512 0.553766 0.707911 0.542094 0.702066 0.538203 0.686479 0.544688 0.688427 0.553109 0.703052 0.584234 0.721549
60 1 1 0.470672 0.268146 0.491078 0.266103 0.508547 0.270540 0.517828 0.277347 0.519641 0.295751 0.510125 0.308005 0.493344 0.304249 0.486094 0.286549 0.480203 0.277347 0.465234 0.272911
40 1 1 0.253328 0.612300 0.259141 0.615892 0.264953 0.615892 0.269719 0.611291 0.272797 0.607700 0.265969 0.604624 0.264266 0.600000 0.264266 0.584085 0.270406 0.569718 0.272109 0.555352 0.271437 0.529718 0.269391 0.520469 0.255047 0.519460 0.245828 0.526643 0.245484 0.531761 0.252656 0.533310 0.255719 0.541009 0.256750 0.549718 0.255719 0.574859 0.254703 0.581009 0.258797 0.585117 0.259484 0.587676 0.259141 0.604108 0.257094 0.607183 0.254703 0.610258
43 1 0 0.286812 0.716526 0.292859 0.716948 0.297172 0.712394 0.304953 0.703967 0.309500 0.699742 0.313812 0.697136 0.317062 0.696831 0.320734 0.693568 0.326141 0.686432 0.330453 0.681573 0.331547 0.679296 0.330891 0.678310 0.329156 0.677981 0.324844 0.679930 0.318781 0.687723 0.314250 0.692277 0.312953 0.695188 0.310797 0.695188 0.299984 0.703967 0.292641 0.710446 0.286594 0.715000 0.286156 0.716620
40 1 1 0.306984 0.567066 0.306578 0.607019 0.314922 0.635070 0.320078 0.638052 0.319688 0.638052 0.322469 0.656526 0.316906 0.657723 0.311344 0.660117 0.314125 0.669061 0.332391 0.672042 0.339531 0.664296 0.341125 0.658333 0.341125 0.657136 0.332781 0.654742 0.331594 0.654742 0.328422 0.635070 0.330000 0.629695 0.341516 0.613005 0.337547 0.558709 0.332781 0.555141 0.306188 0.564671
43 1 0 0.303750 0.652441 0.310516 0.653944 0.306344 0.657840 0.298187 0.651854 0.297188 0.647371 0.279094 0.634225 0.277297 0.635117 0.270344 0.633920 0.270547 0.631831 0.276313 0.631244
0 1 1 0.573719 0.218662 0.571125 0.212488 0.567031 0.209906 0.563375 0.209577 0.560781 0.212488 0.558422 0.214765 0.558422 0.219953 0.558203 0.223826 0.558203 0.227394 0.559922 0.231925 0.561641 0.235164 0.561859 0.236455 0.558844 0.237113 0.554109 0.239695 0.550438 0.244883 0.548281 0.251362 0.547422 0.256549 0.546984 0.261385 0.546984 0.264319 0.548719 0.265610 0.548719 0.270798 0.547203 0.275634 0.547203 0.278873 0.548281 0.283099 0.547422 0.288592 0.548281 0.296056 0.555188 0.295399 0.556469 0.295399 0.556469 0.290540 0.556047 0.284390 0.556047 0.277582 0.556047 0.271432 0.557547 0.265282 0.559281 0.260423 0.562516 0.259131 0.565953 0.255563 0.565953 0.253944 0.564234 0.249742 0.564234 0.244225 0.564234 0.238404 0.565313 0.233873 0.567250 0.229014 0.569406 0.226432 0.573719 0.219624
43 1 0 0.486656 0.743732 0.480359 0.741361 0.479953 0.740775 0.482328 0.734272 0.481141 0.710587 0.478781 0.710000 0.477984 0.696385 0.484688 0.683357 0.485078 0.694014 0.488234 0.733685 0.489016 0.735446 0.487844 0.741972 0.486266 0.743146
42 1 0 0.580328 0.690094 0.599594 0.713592 0.606625 0.716995 0.602766 0.721432 0.597094 0.720399 0.587797 0.704061 0.571703 0.687699 0.571250 0.676808
42 1 0 0.720328 0.573967 0.729203 0.573310 0.730062 0.569742 0.732000 0.567465 0.748219 0.560634 0.753609 0.560000 0.751891 0.555117 0.748000 0.556103 0.736109 0.561948 0.728328 0.565845 0.725734 0.569413 0.717953 0.567793
0 1 0 0.491500 0.251854 0.467984 0.255070 0.469547 0.240728 0.477672 0.228944 0.477531 0.217793 0.479094 0.216315 0.484656 0.216737 0.486094 0.232371 0.489078 0.237934
41 1 1 0.610797 0.522981 0.610797 0.514390 0.610797 0.509859 0.612000 0.503521 0.613516 0.501244 0.618031 0.499437 0.622859 0.498991 0.629187 0.499883 0.632203 0.502160 0.633703 0.506221 0.634313 0.518451 0.634000 0.529789 0.634000 0.532042 0.632500 0.532042 0.625266 0.532042 0.621953 0.536127 0.616828 0.532488
43 1 0 0.541984 0.687981 0.533000 0.670540 0.534078 0.662629 0.535469 0.660751 0.550187 0.687981
60 1 1 0.594844 0.307981 0.613203 0.308216 0.613359 0.299507 0.614172 0.298052 0.614172 0.292981 0.617562 0.292019 0.618031 0.296854 0.620141 0.298310 0.620297 0.312089 0.620609 0.318146 0.604016 0.319836 0.594359 0.307512
60 1 1 0.695172 0.375305 0.694562 0.362629 0.695469 0.353568 0.697875 0.349953 0.698781 0.347230 0.700297 0.343615 0.700297 0.343146 0.687031 0.341784 0.683406 0.341338 0.669844 0.341338 0.669250 0.347230 0.669547 0.356291 0.673469 0.361268 0.678891 0.365352 0.688531 0.372136 0.690641 0.373498
40 1 1 0.402484 0.495023 0.402859 0.482934 0.406703 0.477700 0.409438 0.467254 0.409078 0.452958 0.407609 0.449108 0.400844 0.447183 0.396266 0.448850 0.390781 0.452136 0.390781 0.462864 0.390969 0.473310 0.390781 0.477981 0.395719 0.482371 0.399750 0.484577 0.399922 0.495023
56 1 1 0.700984 0.367981 0.726984 0.366268 0.728609 0.375728 0.726344 0.382042 0.728438 0.391033 0.716328 0.391995 0.706000 0.385211 0.700344 0.381549
41 1 1 0.602000 0.511901 0.600797 0.520962 0.595672 0.523216 0.591156 0.523662 0.585719 0.519155 0.585125 0.508286 0.590547 0.504202 0.598688 0.504648 0.602000 0.507817
60 1 1 0.630453 0.337512 0.617125 0.324178 0.627672 0.322089 0.629344 0.325423
56 1 0 0.014984 0.629507 0.012000 0.667793 0.028484 0.733099 0.044969 0.983099 0.074953 0.987606 0.074953 0.953826 0.110937 0.989859 0.149922 0.989859 0.236859 0.956080 0.245859 0.983099 0.239859 0.895282 0.239859 0.877253 0.220375 0.884014 0.208375 0.825446 0.202391 0.809695 0.193391 0.793920 0.154406 0.809695 0.119938 0.827700 0.115437 0.832207 0.071953 0.703826 0.034484 0.665540 0.023984 0.629507
0 1 1 0.550469 0.305845 0.563125 0.319155 0.566922 0.338192 0.566922 0.359131 0.570719 0.368638 0.594797 0.383850 0.603656 0.397183 0.594797 0.484695 0.530203 0.492324 0.512469 0.482793 0.504859 0.439038 0.508672 0.402887 0.525125 0.378146 0.537797 0.366737 0.535266 0.345798 0.531469 0.324859 0.536531 0.313451
56 1 0 0.524156 0.968897 0.522672 0.890587 0.588188 0.854812 0.616484 0.836901 0.653719 0.857042 0.670094 0.736244 0.786234 0.700446 0.819000 0.669131 0.790703 0.915211 0.786234 0.980070 0.652219 0.986784 0.610531 0.986784 0.521187 0.980070
