57 1 1 0.443844 0.499133 0.439547 0.535621 0.296375 0.490562 0.251984 0.518454 0.243391 0.567822 0.254844 0.621452 0.276328 0.642927 0.266297 0.702998 0.267734 0.769532 0.340750 0.758806 0.360797 0.730890 0.400891 0.733045 0.398016 0.771663 0.375109 0.767377 0.375109 0.806019 0.369391 0.816745 0.250547 0.743770 0.206172 0.668665 0.163219 0.623607 0.144609 0.595714 0.146031 0.578548 0.247688 0.475527 0.266297 0.454075 0.713016 0.463232 0.731297 0.468314 0.788859 0.470351 0.843047 0.532272 0.894516 0.630726 0.897219 0.666253 0.876219 0.712951 0.832203 0.750515 0.803078 0.803302 0.803766 0.807354 0.736719 0.825621 0.731297 0.879415 0.731969 0.884496 0.713688 0.890585 0.715719 0.835785 0.722484 0.791101 0.744156 0.756604 0.751609 0.749485 0.765828 0.744426 0.742813 0.693653 0.752281 0.648993 0.746875 0.620585 0.750250 0.584028 0.740094 0.503841 0.727906 0.484567 0.713016 0.474403 0.708938 0.462225 0.303531 0.458361 0.402313 0.458361 0.499672 0.460515 0.501109 0.469110 0.549109 0.478454 0.558375 0.479836 0.599891 0.475527 0.584141 0.509883
24 1 1 0.807000 0.805457 0.829266 0.754684 0.862188 0.743068 0.867016 0.724192 0.900906 0.716956 0.909625 0.753232 0.948344 0.786604 0.943500 0.952014 0.946406 0.991194 0.875734 0.982482 0.872828 0.850445 0.866047 0.824333 0.845719 0.809813
56 1 0 0.142703 0.550398 0.140750 0.524098 0.137500 0.511452 0.131016 0.495878 0.121266 0.466651 0.111516 0.429649 0.106328 0.419906 0.103719 0.401405 0.097875 0.384871 0.095281 0.377073 0.088781 0.383888 0.085531 0.386815 0.085531 0.400445 0.095281 0.432576 0.105016 0.481265 0.116062 0.511452 0.123859 0.539696 0.123859 0.572787 0.125156 0.619532 0.138812 0.685761 0.142063 0.686721 0.146609 0.667260 0.147250 0.651663 0.147250 0.628314 0.146609 0.596159 0.173234 0.556253 0.157641 0.550398 0.148547 0.550398
0 1 1 0.571453 0.679953 0.574062 0.603677 0.574719 0.582155 0.569484 0.580187 0.447453 0.576276 0.446797 0.601710 0.449406 0.650609 0.438969 0.644754 0.437016 0.570422 0.438312 0.568454 0.444187 0.504871 0.499656 0.472600 0.499016 0.451077 0.496406 0.444239 0.493781 0.423677 0.493781 0.405105 0.499016 0.390422 0.513359 0.367939 0.529031 0.364028 0.532297 0.365972 0.538813 0.368923 0.548609 0.385550 0.555141 0.413911 0.552516 0.429555 0.544047 0.452061 0.539469 0.480422 0.552516 0.488244 0.579938 0.506838 0.583203 0.514660 0.584500 0.553770 0.582547 0.595831 0.575359 0.617354 0.581234 0.646698 0.585813 0.663325 0.587766 0.680937 0.579281 0.704426 0.578625 0.706370 0.571453 0.691710 0.534906 0.687799 0.521203 0.709297 0.515328 0.714192 0.516625 0.727892 0.528375 0.724965 0.539469 0.725925 0.550563 0.740609 0.550563 0.776792 0.550563 0.777775 0.577969 0.784614 0.581234 0.786581 0.581234 0.740609 0.581234 0.724965
63 1 1 0.284641 0.579578 0.298203 0.681148 0.429234 0.649555 0.423203 0.554731
41 1 1 0.412078 0.727307 0.415016 0.770492 0.418766 0.821194 0.437969 0.828080 0.440906 0.824941 0.443828 0.779883 0.442984 0.770492 0.434641 0.765480 0.435891 0.755457 0.439641 0.747330 0.437563 0.737939 0.434641 0.737939 0.431719 0.727307 0.427953 0.724801 0.422937 0.718525 0.417938 0.712272 0.414594 0.713536 0.412500 0.715410 0.411250 0.718525 0.412078 0.720422 0.412078 0.725410
63 1 1 0.599422 0.633185 0.751531 0.646721 0.736469 0.746042 0.596406 0.741546
63 1 1 0.450797 0.578829 0.569516 0.581077 0.572516 0.686932 0.441781 0.695948 0.444797 0.572061 0.471844 0.578829
41 1 1 0.514031 0.824473 0.528391 0.833583 0.530609 0.847658 0.535031 0.851803 0.544969 0.842693 0.552156 0.743302 0.543875 0.728384 0.532266 0.725902 0.518453 0.729204 0.511266 0.732529 0.508500 0.739977 0.509609 0.776417
41 1 2 0.548937 0.876838 0.557734 0.941124 0.566266 0.954754 0.579891 0.951756 0.587000 0.942834 0.592391 0.911733 0.596938 0.890890 0.592953 0.891311 0.589266 0.893864 0.594672 0.885340 0.598078 0.882787 0.601203 0.877260 0.591547 0.859368 0.573641 0.851288 0.560297 0.856815 0.558875 0.855972 0.550063 0.864473 0.549781 0.876393
41 1 2 0.414625 0.894871 0.415625 0.884801 0.422687 0.875223 0.430422 0.868173 0.441516 0.866651 0.452953 0.867166 0.459672 0.871686 0.466406 0.879742 0.468078 0.887307 0.469094 0.894379 0.464391 0.910000 0.463719 0.942248 0.462703 0.970468 0.452609 0.979040 0.444203 0.982061 0.435125 0.979532 0.432781 0.978525 0.429422 0.972974 0.421688 0.917541 0.417641 0.906464
41 1 2 0.490422 0.907963 0.478687 0.848970 0.488734 0.831382 0.509688 0.828876 0.528109 0.836417 0.529781 0.853981 0.526438 0.894169 0.518062 0.911733 0.508844 0.912998 0.491250 0.906721
75 1 1 0.447281 0.792904 0.447281 0.801311 0.442969 0.810328 0.440828 0.814848 0.439094 0.827752 0.442969 0.865199 0.452875 0.867775 0.461062 0.871639 0.467953 0.883255 0.468375 0.896159 0.473984 0.893583 0.478719 0.884543 0.475266 0.824543 0.474406 0.813560 0.471391 0.806464 0.465797 0.801311 0.463641 0.789040
45 1 2 0.555719 0.816159 0.560859 0.836768 0.567734 0.850281 0.580203 0.852225 0.591797 0.859953 0.601672 0.859297 0.611125 0.841265 0.617578 0.823888 0.613281 0.804567 0.600391 0.793630 0.585781 0.790398 0.571172 0.790398 0.564297 0.793630 0.555719 0.808431 0.555719 0.812295
44 1 0 0.590688 0.889696 0.609172 0.872365 0.610281 0.873208 0.611031 0.878501 0.609719 0.881030 0.593859 0.893888
67 1 0 0.319031 0.452529 0.312828 0.450375 0.313000 0.448478 0.316797 0.445386 0.319969 0.449180
0 1 1 0.580625 0.624379 0.589578 0.572927 0.586594 0.485667 0.616437 0.483443 0.646297 0.409602 0.682109 0.382763 0.700031 0.423045 0.713453 0.478970 0.744797 0.496862 0.746297 0.646745 0.613453 0.635574 0.591062 0.644520 0.589578 0.669110 0.611344 0.730445 0.732250 0.734918 0.717109 0.843162 0.689687 1.000000 0.636141 1.000000 0.630750 0.793091 0.615828 0.795340 0.611344 0.761780
