0 1 0 0.826698 0.346062 0.888195 0.346062 0.895036 0.294375 0.912114 0.278656 0.901877 0.244937 0.915534 0.202250 0.946271 0.200000 0.980428 0.226969 0.980428 0.265172 1.000000 0.305625 1.000000 0.413484 0.922352 0.431453 0.843800 0.444938 0.840380 0.505625 0.826698 0.528094 0.782304 0.523594 0.782304 0.492141 0.768646 0.498875 0.778884 0.458422 0.806223 0.393266 0.819881 0.370781 0.819881 0.370781
38 1 1 0.613634 0.270719 0.577957 0.237469 0.525914 0.213016 0.459002 0.195406 0.398029 0.182687 0.354917 0.151391 0.338551 0.106391 0.359359 0.077047 0.387625 0.065312 0.429264 0.062375 0.490214 0.079984 0.522945 0.124000 0.542257 0.167031 0.580926 0.223766 0.627031 0.253109
0 1 0 0.216746 0.176953 0.215321 0.160016 0.215321 0.131812 0.243919 0.126156 0.261069 0.133687 0.266793 0.153437 0.276793 0.178828 0.279644 0.181656 0.283943 0.184469 0.283943 0.190109 0.283943 0.201391 0.283943 0.250297 0.282518 0.261578 0.249620 0.261578 0.232470 0.256875 0.231045 0.249359 0.215321 0.224906 0.198171 0.212687 0.206746 0.195750 0.216746 0.181656
0 1 0 0.522256 0.247828 0.522874 0.261578 0.605226 0.264922 0.553919 0.231156 0.575463 0.217828 0.548219 0.189500 0.571663 0.181578 0.605226 0.195750 0.596366 0.223656 0.590024 0.224078 0.579905 0.221578
0 1 0 0.804133 0.189109 0.841021 0.164844 0.842779 0.141734 0.846295 0.125563 0.874394 0.112859 0.897221 0.126719 0.904228 0.155594 0.923563 0.166000 0.960428 0.181016 0.979762 0.208734 0.963943 0.219141 0.949905 0.201813 0.920048 0.202969 0.909501 0.212203 0.895463 0.227219 0.872637 0.229531 0.853302 0.234156 0.835748 0.238781 0.819953 0.245703 0.809406 0.238781 0.804133 0.222609 0.804133 0.205281
0 1 0 0.736223 0.208672 0.720024 0.190563 0.694109 0.187359 0.677910 0.178828 0.674679 0.161797 0.671449 0.143672 0.637435 0.141547 0.614751 0.147938 0.608266 0.166047 0.621235 0.192687 0.611520 0.207594 0.596936 0.229969 0.643919 0.264062 0.673064 0.277922 0.694109 0.268328 0.707078 0.248078 0.732993 0.239563 0.742708 0.226781
0 1 0 0.795368 0.149687 0.786532 0.147359 0.767981 0.129922 0.767981 0.129344 0.766223 0.113063 0.768860 0.104938 0.768860 0.100281 0.782114 0.092141 0.788314 0.088078 0.805083 0.084016 0.826295 0.092141 0.839549 0.104344 0.837791 0.134578 0.834252 0.135156 0.816580 0.142703 0.822755 0.140969 0.843088 0.139219 0.840428 0.165953 0.806865 0.185719 0.805986 0.195594 0.802447 0.209547 0.798029 0.215937 0.783895 0.182234 0.776817 0.175250 0.749430 0.178750 0.745012 0.173516 0.755606 0.158406 0.760926 0.152016 0.771520 0.143297 0.790950 0.153172
0 1 0 0.785297 0.181672 0.789834 0.202531 0.791116 0.211906 0.805368 0.222547 0.809240 0.226375 0.811829 0.262984 0.809240 0.271078 0.805368 0.317484 0.786603 0.322594 0.754893 0.312813 0.742589 0.311109 0.735463 0.311109 0.675914 0.313188 0.689501 0.280828 0.688860 0.265500 0.693397 0.258687 0.719929 0.240797 0.724466 0.231437 0.732874 0.225906 0.741948 0.220359 0.738694 0.208875 0.737411 0.201625 0.737411 0.192687 0.744537 0.182469 0.760071 0.178641 0.770428 0.177359 0.779477 0.178219 0.786603 0.182047
56 1 0 0.956271 0.437891 0.878195 0.444984 0.861568 0.429688 0.953777 0.427500 0.995321 0.400187 1.000000 0.388703 0.996960 0.436797 0.948789 0.440078
0 1 0 0.637387 0.136937 0.626793 0.117219 0.626793 0.103891 0.629454 0.089984 0.640024 0.077219 0.650594 0.070266 0.671734 0.063313 0.703468 0.061000 0.729905 0.068531 0.751924 0.105625 0.745772 0.134031 0.708765 0.159531 0.683207 0.161281 0.664703 0.140984
0 1 1 0.400594 0.039422 0.441686 0.019141 0.328694 0.120500 0.345819 0.170047 0.335534 0.273656 0.469074 0.300672 0.595748 0.388516 0.616295 0.273656 0.640261 0.251125 0.640261 0.262391 0.681354 0.271391 0.653967 0.338969 0.657387 0.420047 0.606033 0.435813 0.499881 0.404281 0.493040 0.514641 0.534109 0.566437 0.564941 0.726344 0.568361 0.742109 0.571781 0.856984 0.578622 0.911031 0.630000 0.949328 0.530689 0.940313 0.486176 0.953828 0.496461 0.838969 0.469074 0.706078 0.434822 0.724094 0.369786 0.618250 0.328694 0.724094 0.287601 0.708328 0.277340 0.742109 0.225986 0.836719 0.191734 0.924547 0.191734 0.942562 0.106128 0.924547 0.109572 0.890766 0.160926 0.811938 0.222542 0.683563 0.270475 0.487609 0.284181 0.156531 0.297886 0.152031 0.318409 0.134016 0.342375 0.023656 0.342375 0.023656
