0 1 1 0.498422 0.797741 0.484984 0.788753 0.484984 0.586518 0.476031 0.510118 0.468578 0.573035 0.453656 0.586518 0.447687 0.559553 0.465594 0.424729 0.476031 0.393247 0.495437 0.375271 0.498422 0.325835 0.519313 0.307859 0.534234 0.319106 0.538719 0.368541 0.499906 0.426965 0.504391 0.460682 0.549156 0.397741 0.562594 0.413482 0.565578 0.492141 0.564078 0.494376 0.522297 0.494376 0.526766 0.537082 0.553641 0.557294 0.528266 0.694376 0.510359 0.559553 0.501406 0.546071 0.496922 0.775271
36 1 0 0.558719 0.510353 0.545828 0.507765 0.533375 0.503224 0.522203 0.504518 0.523063 0.518118 0.528219 0.531694 0.548406 0.547859 0.555703 0.550447 0.558719 0.552400 0.557000 0.556282 0.557000 0.560800 0.557422 0.566612 0.559141 0.571153 0.564297 0.571153 0.569875 0.567271 0.571172 0.561435 0.569875 0.555624 0.567297 0.551106 0.570312 0.552400 0.658781 0.554329 0.660078 0.558212 0.660500 0.563388 0.658359 0.565976 0.661359 0.571788 0.662219 0.574376 0.668672 0.575671 0.673391 0.567906 0.672109 0.562094 0.671250 0.559506 0.669953 0.558212 0.668234 0.556282 0.681547 0.556282 0.702172 0.542682 0.705609 0.527812 0.703453 0.521341 0.700016 0.516165 0.695297 0.515529 0.692719 0.516165 0.693141 0.525224 0.691000 0.536871 0.677688 0.547224 0.675109 0.547224 0.671672 0.543341 0.667375 0.533624 0.666516 0.522635 0.665656 0.513577
2 1 1 0.028000 0.443365 0.031297 0.454988 0.041781 0.450024 0.043984 0.439224 0.054453 0.443365 0.058859 0.457482 0.074859 0.454165 0.079266 0.446682 0.084219 0.443365 0.090844 0.455835 0.095797 0.454165 0.098000 0.440047 0.098000 0.422612 0.093047 0.403529 0.085875 0.386094 0.078703 0.372824 0.073203 0.363694 0.066578 0.361200 0.049500 0.357882 0.034609 0.357035 0.019734 0.362024 0.008156 0.372824 0.002094 0.386094 0.015313 0.397718 0.028000 0.412659 0.030203 0.424282 0.030203 0.440047
0 1 0 0.286656 0.765082 0.288063 0.759765 0.284531 0.750212 0.284531 0.736376 0.285234 0.718306 0.288063 0.713012 0.279594 0.690682 0.277469 0.676847 0.276766 0.653482 0.276766 0.634329 0.276766 0.624776 0.278187 0.621576 0.278187 0.615200 0.272531 0.607765 0.271125 0.603506 0.277469 0.579059 0.276766 0.568424 0.276062 0.554612 0.276062 0.540800 0.277469 0.531224 0.280297 0.520588 0.281719 0.512094 0.283125 0.505718 0.282422 0.498282 0.281719 0.495082 0.280297 0.489765 0.280297 0.484447 0.280297 0.480212 0.280297 0.478071 0.280297 0.471694 0.281000 0.466376 0.281000 0.458941 0.284531 0.454706 0.288766 0.451506 0.295828 0.451506 0.301484 0.453624 0.302891 0.456824 0.305000 0.465318 0.306422 0.474894 0.307828 0.482329 0.307828 0.487647 0.310656 0.483388 0.311359 0.477012 0.310656 0.471694 0.310656 0.467459 0.310656 0.461082 0.308531 0.454706 0.305000 0.445129 0.306422 0.439812 0.309953 0.438753 0.314891 0.440871 0.317000 0.449388 0.319828 0.458941 0.321234 0.468518 0.321953 0.479153 0.321953 0.486588 0.321953 0.494024 0.321953 0.501459 0.320531 0.512094 0.319125 0.524847 0.320531 0.557812 0.321953 0.570565 0.320531 0.578000 0.317719 0.580118 0.319125 0.584376 0.320531 0.593953 0.322656 0.603506 0.324062 0.609882 0.323359 0.617341 0.320531 0.631153 0.317000 0.640706 0.314187 0.650282 0.312063 0.661976 0.312063 0.697059 0.317719 0.704494 0.321234 0.709812 0.326891 0.711929 0.327594 0.718306 0.331125 0.718306 0.333953 0.721506 0.341000 0.724682 0.342422 0.728941 0.341719 0.738518 0.338188 0.744894 0.338891 0.759765 0.333234 0.770400 0.329719 0.775718 0.326891 0.776776 0.324766 0.769341 0.324766 0.762965 0.322656 0.760824 0.321234 0.754447 0.317000 0.745953 0.312063 0.734259 0.310656 0.748071 0.310656 0.756588 0.311359 0.759765 0.310656 0.762965 0.311359 0.767224 0.312063 0.770400 0.312063 0.784212 0.304297 0.785294 0.297953 0.785294 0.294422 0.784212 0.287359 0.768282
24 1 1 0.482328 0.422800 0.493000 0.408024 0.488297 0.385553 0.501531 0.379129 0.503656 0.394541 0.510922 0.397741 0.515609 0.405459 0.516031 0.409318 0.511766 0.411882 0.508781 0.414447 0.504094 0.422165 0.501109 0.432447 0.498109 0.445929 0.501531 0.456212 0.507078 0.458141 0.517312 0.437576 0.524562 0.429224 0.536516 0.412518 0.541625 0.441435 0.551016 0.506965 0.527547 0.499906 0.525000 0.505671 0.524562 0.512753 0.524562 0.531388 0.487016 0.528800 0.482750 0.551294 0.479344 0.556424 0.478062 0.546165 0.484891 0.528800 0.475938 0.515953 0.476359 0.458776 0.476359 0.447859 0.476359 0.433082
2 1 1 0.308266 0.438871 0.317266 0.436282 0.318984 0.437576 0.319406 0.444024 0.321547 0.447906 0.324125 0.453718 0.324984 0.456282 0.333125 0.457576 0.335687 0.457576 0.353687 0.455012 0.363125 0.455012 0.364406 0.455012 0.369984 0.458871 0.374266 0.462094 0.374687 0.463388 0.376406 0.467271 0.381547 0.467906 0.385406 0.465976 0.385828 0.460165 0.384969 0.448541 0.385406 0.436282 0.387547 0.422729 0.387969 0.405953 0.386687 0.396918 0.378547 0.386588 0.374687 0.381435 0.371688 0.373694 0.367828 0.370471 0.334406 0.367224 0.328406 0.367882 0.321547 0.369176 0.315984 0.372400 0.304844 0.405318 0.304406 0.429176 0.304406 0.433059 0.304844 0.434988
2 1 0 0.133391 0.451506 0.106297 0.451835 0.106516 0.445976 0.100312 0.447694 0.098250 0.442847 0.101469 0.439741 0.092281 0.399976 0.084469 0.380941 0.112719 0.382000 0.120531 0.402400 0.124656 0.410682 0.129250 0.420729 0.135922 0.430400
2 1 1 0.119375 0.381224 0.123672 0.373365 0.133203 0.366894 0.152562 0.368282 0.167000 0.370118 0.169766 0.379388 0.173750 0.390471 0.179281 0.399271 0.180828 0.409459 0.181438 0.427953 0.181750 0.438141 0.178359 0.443224 0.173750 0.448329 0.167922 0.452024 0.162703 0.448776 0.162703 0.440918 0.160859 0.435365 0.159625 0.427035 0.160234 0.421953 0.159625 0.419176 0.157172 0.414541 0.152859 0.405294 0.152250 0.398353 0.150406 0.393718 0.147641 0.389106 0.145484 0.387247 0.141188 0.385859 0.139344 0.389106 0.136578 0.390941 0.133203 0.391859 0.121516 0.392329
2 1 0 0.133609 0.393129 0.119859 0.393129 0.128656 0.417976 0.136906 0.430400 0.135250 0.445294 0.142953 0.449435 0.147906 0.449435 0.150656 0.446965 0.160547 0.446965 0.157797 0.439506 0.160000 0.428729 0.160000 0.425412 0.160000 0.417976 0.155047 0.412988 0.150109 0.393953 0.140750 0.387318 0.135250 0.391459
2 1 1 0.403109 0.384376 0.408172 0.391624 0.410234 0.395082 0.413453 0.399929 0.412297 0.400635 0.410688 0.400635 0.411391 0.406494 0.413688 0.407200 0.415969 0.416541 0.416672 0.423106 0.415516 0.427247 0.414594 0.434165 0.414375 0.438659 0.410688 0.446965 0.408172 0.448000 0.407703 0.433482 0.407937 0.420000 0.406563 0.415153 0.403578 0.406494 0.401969 0.386094
0 1 0 0.226312 0.605271 0.220359 0.659082 0.251625 0.688235 0.263547 0.719624 0.233766 0.708400 0.202500 0.721859 0.184625 0.724094 0.178672 0.685977 0.168250 0.571647 0.159313 0.529035 0.163781 0.425906 0.187609 0.412447 0.183141 0.356400 0.202500 0.351906 0.241203 0.360871 0.242703 0.367600 0.232266 0.403482 0.244188 0.439341 0.251625 0.486424 0.256094 0.515576 0.248656 0.546965 0.236734 0.591812
0 1 0 0.550906 0.500000 0.559844 0.491035 0.562813 0.452918 0.567281 0.417035 0.567281 0.392376 0.570266 0.378918 0.561328 0.372188 0.547922 0.394612 0.541969 0.417035 0.521125 0.441694 0.501766 0.450682 0.498797 0.446188 0.497297 0.419294 0.510703 0.403576 0.534531 0.372188 0.549422 0.352024 0.573234 0.311671 0.586641 0.282518 0.592594 0.251129 0.601531 0.230941 0.601531 0.230941 0.597062 0.219741 0.608969 0.204047 0.623859 0.204047 0.641734 0.219741 0.643219 0.219741 0.671500 0.255600 0.674484 0.260094 0.678953 0.275788 0.699797 0.291482 0.714687 0.331835 0.714687 0.365482 0.714687 0.390141 0.702781 0.412565 0.684906 0.434988 0.686391 0.443953 0.692359 0.461882 0.702781 0.493271 0.702781 0.520188 0.702781 0.529153 0.683422 0.549318 0.675969 0.547082 0.658109 0.511200 0.643219 0.495506 0.631312 0.443953 0.628328 0.426000 0.625344 0.408071 0.606000 0.405835 0.595578 0.428259 0.598547 0.466376 0.601531 0.495506 0.589609 0.502235 0.567281 0.502235 0.564297 0.502235
