73 1 0 0.974827 0.397460 0.954880 0.393840 0.959120 0.327720 0.977840 0.320940
57 1 1 0.521360 0.292940 0.527520 0.281360 0.529067 0.276160 0.534453 0.269800 0.553733 0.246680 0.542933 0.210840 0.558347 0.219500 0.571467 0.266340 0.583040 0.264020 0.606933 0.279640 0.640853 0.286580 0.654720 0.292940 0.642400 0.303340 0.726427 0.328200 0.725653 0.420140 0.692507 0.400480 0.677067 0.381400 0.647013 0.378500 0.638533 0.380820 0.614640 0.375040 0.600000 0.381980 0.607707 0.396420 0.609227 0.399320 0.579947 0.403360 0.563760 0.405100 0.561440 0.362320 0.557600 0.353060 0.550640 0.319520 0.531387 0.317800 0.536773 0.350180 0.532160 0.360000 0.529067 0.383120 0.506720 0.378500 0.502853 0.349020 0.498240 0.310280 0.123893 0.239520 0.045573 0.236120 0.026453 0.233380 0.000000 0.227240 0.000000 0.309180 0.026453 0.281860 0.079280 0.253860
65 1 0 0.780213 0.671140 0.848667 0.576740 0.868507 0.567320 0.874267 0.566160 0.898293 0.579480 0.899333 0.588480 0.878960 0.599060 0.874267 0.610820 0.851787 0.645300 0.836133 0.644500 0.838213 0.651160 0.847600 0.657820 0.825147 0.659000 0.813653 0.656260 0.806347 0.659000 0.817307 0.667620 0.802160 0.664880 0.800080 0.669980 0.810533 0.677820 0.818880 0.689960 0.798000 0.690740
73 1 0 0.947813 0.321540 0.939627 0.392540 0.956000 0.391660 0.963013 0.326800
73 1 0 0.988640 0.179940 0.944080 0.180900 0.942827 0.275420 0.969547 0.274460 0.963173 0.249640 0.965733 0.189480 0.988640 0.193300 0.988640 0.178980
73 1 0 0.839707 0.403500 0.838160 0.472520 0.821813 0.478660 0.827440 0.401580 0.842267 0.398900
73 1 0 0.916693 0.435760 0.950240 0.441820 0.951227 0.449800 0.950880 0.452940 0.932160 0.452220 0.915387 0.447140 0.915387 0.439880
39 1 1 0.541040 0.316960 0.550000 0.320700 0.552987 0.350620 0.559973 0.363340 0.560987 0.405220 0.552000 0.404460 0.542027 0.401480 0.528080 0.393240 0.533067 0.391000 0.526080 0.380540 0.526080 0.364080 0.526080 0.355100 0.535040 0.343140 0.534053 0.320700 0.541040 0.318460
73 1 0 0.936533 0.203040 0.934133 0.280180 0.920667 0.278380 0.923093 0.200520 0.923093 0.199440 0.936053 0.200160
73 1 0 0.923413 0.278700 0.897787 0.280960 0.891760 0.200700 0.917387 0.200700
73 1 0 0.858773 0.278900 0.862560 0.200100 0.872453 0.200100 0.877787 0.185840 0.886933 0.186400 0.883893 0.280040
73 1 0 0.874187 0.092240 0.870800 0.142820 0.870053 0.161920 0.870053 0.164160 0.888027 0.163320 0.891040 0.089440 0.891040 0.089440 0.875680 0.092520
73 1 0 0.920267 0.321620 0.913627 0.388460 0.913627 0.391160 0.920853 0.390720 0.923867 0.391620 0.926880 0.390720 0.934107 0.322060 0.934107 0.322060 0.929280 0.320700
73 1 0 0.743547 0.279380 0.742933 0.191300 0.752027 0.191300 0.748987 0.276640
73 1 0 0.943493 0.191880 0.942320 0.233460 0.946213 0.279120 0.931387 0.280300 0.930613 0.278840 0.930213 0.191600 0.935307 0.188960 0.940373 0.188660
73 1 0 0.934907 0.337320 0.931013 0.390900 0.940533 0.391540 0.946160 0.324340 0.937067 0.323040
0 1 0 0.002987 0.848760 0.140827 0.936400 0.221733 0.891440 0.245680 0.779080 0.230720 0.729660 0.320587 0.788080 0.401493 0.770100 0.485387 0.754360 0.509360 0.707180 0.407493 0.601560 0.338587 0.558860 0.422480 0.462240 0.410480 0.536400 0.518347 0.534140 0.500373 0.518420 0.428453 0.482460 0.425467 0.417300 0.533333 0.424040 0.509360 0.347620 0.497387 0.307180 0.545307 0.280220 0.581280 0.277960 0.527333 0.154360 0.449440 0.107180 0.308613 0.118420 0.251680 0.188080 0.242693 0.206060 0.041947 0.275720 0.000000 0.327400
