60 1 1 0.830533 0.628340 0.643627 0.628980 0.630907 0.679320 0.614773 0.676120 0.617307 0.670400 0.617307 0.607320 0.607120 0.604780 0.637707 0.586940 0.697147 0.594580 0.764267 0.590120 0.789760 0.597760 0.802507 0.598400 0.809280 0.592020 0.833067 0.591380 0.965600 0.591380 1.000000 0.591380 1.000000 0.630260 0.964747 0.630900 0.964747 0.623240 0.964747 0.609220
56 1 1 0.715920 0.651860 0.734533 0.651280 0.763973 0.657100 0.757787 0.756480 0.744613 0.753580 0.749253 0.690800 0.719040 0.694880 0.718267 0.687320 0.751573 0.674540 0.746160 0.665820 0.714373 0.665820 0.691920 0.662900 0.674853 0.668720 0.677173 0.682080 0.687253 0.683820 0.689573 0.689640 0.670213 0.689060 0.668667 0.756480 0.659360 0.751240 0.655493 0.665820 0.653947 0.651280 0.668667 0.643720 0.690347 0.654180
56 1 1 0.775653 0.782380 0.772453 0.742760 0.770853 0.697140 0.769253 0.676720 0.772453 0.671920 0.825280 0.688740 0.830080 0.613100 0.833307 0.584280 0.826880 0.578280 0.823680 0.537460 0.836507 0.538660 0.841307 0.538660 0.850907 0.536260 0.858907 0.527860 0.858907 0.521860 0.860507 0.518240 0.948560 0.519440 0.951760 0.529060 0.959760 0.536260 0.967760 0.539860 0.970960 0.581880 0.962960 0.585480 0.958160 0.617900 0.954960 0.717540 0.959760 0.747560 0.956560 0.755960 0.958160 0.766760 0.956560 0.773980 0.959760 0.818400 0.950160 0.816000 0.942160 0.730760 0.929333 0.716340 0.932533 0.806380 0.921333 0.805180 0.914933 0.717540 0.839707 0.715140 0.839707 0.818400 0.825280 0.814800 0.825280 0.713940 0.790080 0.707940 0.791680 0.790780 0.774053 0.788380 0.774053 0.778780
73 1 2 0.188613 0.024000 0.102640 0.038640 0.105573 0.044500 0.100667 0.050380 0.101653 0.053300 0.109467 0.055500 0.108507 0.069420 0.118267 0.070880 0.143653 0.065760 0.149520 0.055500 0.172987 0.035720
65 1 0 0.540587 0.055240 0.548987 0.059980 0.563707 0.082040 0.532187 0.102540 0.517467 0.093080 0.530080 0.072580 0.534267 0.055240 0.443867 0.028440 0.456480 0.009500 0.445973 0.001620 0.412320 0.001620 0.418640 0.007940
65 1 0 0.585973 0.458240 0.579333 0.463680 0.570880 0.467760 0.556373 0.455540 0.555173 0.455980 0.569653 0.441500 0.587173 0.425200 0.586560 0.423840 0.596240 0.409340 0.615547 0.419300 0.603467 0.430180
73 1 2 0.060000 0.104780 0.060000 0.156080 0.079787 0.156080 0.079253 0.103580
73 1 2 0.045947 0.108280 0.045947 0.155200 0.059387 0.155780 0.059387 0.107680 0.050693 0.107100
0 1 0 0.234800 0.284640 0.333600 0.600420 0.365840 0.682600 0.387307 0.787320 0.438880 0.959720 0.425973 0.988720 0.282053 0.998400 0.262720 0.867880 0.228347 1.000000 0.075813 0.995160 0.065067 0.982280 0.093013 0.924280 0.103733 0.900100 0.043600 0.700320 0.002773 0.634260 0.000640 0.590760 0.032853 0.532760 0.032853 0.372320 0.028560 0.229600 0.120933 0.162100 0.146720 0.139540 0.135973 0.060600 0.191813 0.029980 0.331467 0.036420 0.333600 0.141160 0.344347 0.171760 0.314267 0.183040 0.314267 0.207220 0.376560 0.202380 0.456053 0.105700 0.451760 0.060600 0.436720 0.033200 0.483973 0.007420 0.546293 0.038040 0.516213 0.126660 0.460347 0.268440 0.279893 0.286160
0 1 0 0.511200 0.919540 0.457387 0.885920 0.457387 0.859000 0.439467 0.816400 0.418533 0.632540 0.397600 0.583220 0.403600 0.549580 0.412560 0.513720 0.400587 0.498020 0.370693 0.484560 0.367707 0.437480 0.403600 0.374700 0.466373 0.352280 0.457387 0.336580 0.448427 0.305200 0.442453 0.287260 0.505227 0.273800 0.550080 0.302960 0.538107 0.336580 0.520187 0.354520 0.544107 0.359000 0.594907 0.406100 0.612853 0.441960 0.594907 0.468880 0.556053 0.522680 0.556053 0.587700 0.600907 0.728960 0.627813 0.845560 0.717493 0.879180 0.672640 0.903840 0.645733 0.892640 0.591920 0.885920 0.565013 0.852280 0.511200 0.679640 0.493280 0.726720 0.502240 0.764840 0.514213 0.850040 0.526160 0.883660 0.565013 0.903840 0.544107 0.919540
