46 1 2 0.466315 0.497375 0.489577 0.468578 0.507770 0.463734 0.527113 0.481687 0.551362 0.461312 0.594695 0.459984 0.604061 0.450422 0.618615 0.443172 0.727629 0.438328 0.782160 0.449219 0.800329 0.464938 0.789413 0.477031 0.814859 0.480672 0.883920 0.502437 0.891174 0.518156 0.880282 0.524203 0.825751 0.536312 0.780329 0.541141 0.811221 0.561703 0.803944 0.575016 0.803944 0.588313 0.834836 0.602828 0.842113 0.631859 0.816667 0.679031 0.751268 0.674188 0.753075 0.647578 0.723991 0.664516 0.667676 0.660891 0.651315 0.656047 0.614977 0.672984 0.587723 0.671781 0.574812 0.657969 0.565470 0.656109 0.542113 0.667922 0.505704 0.664187 0.489812 0.662328 0.479531 0.646156 0.470188 0.648016 0.459930 0.657344 0.449648 0.659828 0.430023 0.658594 0.417887 0.652375 0.415094 0.647406 0.416948 0.620047 0.437512 0.610719 0.473944 0.626875 0.527183 0.610719 0.528122 0.593297 0.515023 0.569672 0.498216 0.565953 0.487934 0.563453 0.501948 0.549156 0.513169 0.524906 0.504765 0.505641 0.494484 0.499422 0.482347 0.498797 0.468333 0.505641 0.465516 0.500031
46 1 2 0.070235 0.666141 0.085681 0.622422 0.094178 0.616234 0.095728 0.606469 0.095728 0.592063 0.108099 0.580750 0.110399 0.564297 0.121995 0.545781 0.140540 0.518000 0.167582 0.510797 0.220141 0.513891 0.236362 0.519031 0.254906 0.521094 0.290446 0.523141 0.336831 0.525719 0.397089 0.538062 0.393239 0.554000 0.383193 0.565328 0.360000 0.585375 0.339906 0.609047 0.317512 0.655328 0.311315 0.665109 0.289695 0.670766 0.275775 0.671281 0.241009 0.657391 0.215493 0.643500 0.187676 0.630641 0.156009 0.665109 0.144413 0.674359
41 1 2 0.437559 1.000000 0.437559 0.962313 0.455376 0.903000 0.522207 0.870391 0.568967 0.862984 0.617981 0.860016 0.675892 0.865938 0.722653 0.894109 0.753850 0.919312 0.791714 0.956375 0.798380 0.977141 0.840704 0.978625 0.842934 0.997891
46 1 1 0.398286 0.453625 0.426854 0.490297 0.428897 0.482156 0.439085 0.522891 0.406455 0.520187 0.373803 0.521547 0.284014 0.513391 0.259531 0.513391 0.200376 0.503891 0.173850 0.467219 0.167723 0.460422 0.161596 0.419672 0.345235 0.415609 0.345235 0.415609 0.300352 0.391156 0.267700 0.389797 0.245258 0.391156 0.241174 0.400656 0.220775 0.393875 0.204437 0.388438 0.175869 0.387078 0.147324 0.396594 0.133028 0.403375 0.143239 0.418312
46 1 1 0.287207 0.390016 0.307582 0.335156 0.333756 0.298375 0.362840 0.319016 0.368662 0.328063 0.358967 0.407438 0.345376 0.414531
46 1 1 0.480376 0.567562 0.488075 0.561406 0.505000 0.549125 0.515775 0.526594 0.512700 0.515328 0.500376 0.499953 0.481925 0.495859 0.457300 0.513281 0.440376 0.524547 0.418826 0.532734 0.403451 0.545031 0.394202 0.555266 0.386526 0.565500 0.398826 0.570625 0.424976 0.569609 0.431150 0.577797 0.440376 0.588047 0.448075 0.591109 0.455751 0.585984 0.461925 0.577797 0.465000 0.575750
46 1 1 0.493169 0.300969 0.494272 0.342094 0.478826 0.364125 0.470000 0.372938 0.455657 0.377344 0.410423 0.382484 0.370704 0.397906 0.372911 0.371469 0.409319 0.336953 0.434695 0.314187 0.461174 0.303172 0.477723 0.296562
46 1 2 0.473897 0.563719 0.501479 0.564516 0.518263 0.574094 0.529061 0.585266 0.529061 0.603625 0.519460 0.615594 0.495493 0.625172 0.473897 0.629953 0.452324 0.621969 0.439131 0.607609 0.437934 0.589250 0.457113 0.572500
46 1 1 0.702981 0.399828 0.711009 0.381141 0.735070 0.349094 0.757136 0.333062 0.785235 0.323719 0.797254 0.353094 0.779202 0.398484
46 1 1 0.465892 0.448641 0.597864 0.442766 0.599930 0.453828 0.595258 0.459359 0.548498 0.460047 0.508498 0.464203 0.463286 0.465578 0.452887 0.463156 0.452371 0.456594 0.467441 0.448641
