55 1 1 0.849141 0.674282 0.767516 0.657963 0.776391 0.586815 0.787922 0.539373 0.866000 0.561593 0.874875 0.583838 0.856250 0.677232 0.851812 0.677232
55 1 1 0.875875 0.461828 0.866953 0.481723 0.868937 0.499948 0.876859 0.516501 0.878844 0.526449 0.878344 0.547154 0.879844 0.555431 0.892234 0.558747 0.905609 0.568668 0.915031 0.562872 0.924438 0.524778 0.925438 0.521462 0.940797 0.509869 0.955172 0.504909 0.956172 0.486684 0.947734 0.469295 0.920484 0.462663 0.899656 0.452715 0.884688 0.454674
55 1 1 0.923109 0.562794 1.000000 0.579347 1.000000 0.533864 0.955281 0.504909 0.937969 0.509034 0.924344 0.537990 0.924344 0.560731
55 1 1 0.575203 0.491279 0.585234 0.504830 0.588328 0.536449 0.580219 0.561619 0.531172 0.560966 0.516891 0.551279 0.530016 0.504178 0.537359 0.489347 0.547391 0.472559 0.558984 0.459008 0.570953 0.458355 0.581375 0.475144 0.577516 0.486762
55 1 1 0.617437 0.572559 0.610328 0.568407 0.604641 0.555326 0.604297 0.543446 0.606422 0.528016 0.610687 0.505457 0.617437 0.490000 0.619219 0.478146 0.622063 0.471018 0.627031 0.470418 0.629875 0.468642 0.636625 0.472193 0.641250 0.475770 0.654750 0.476345 0.660078 0.481097 0.662219 0.487624 0.661156 0.494752 0.659016 0.502480 0.663641 0.515535 0.666828 0.524465 0.670031 0.536319 0.670031 0.554726 0.671094 0.567807 0.667906 0.578486 0.650125 0.580261 0.632359 0.574935
55 1 1 0.604937 0.467389 0.603344 0.511306 0.601219 0.538825 0.591125 0.541488 0.588203 0.537937 0.583438 0.517520 0.578922 0.505535 0.574406 0.491775 0.579188 0.475379 0.573875 0.467833 0.564578 0.457624 0.567766 0.442977 0.575203 0.440313 0.584750 0.439426 0.604406 0.446084 0.609984 0.448747 0.612641 0.455405 0.611578 0.461619
55 1 1 0.235609 0.305849 0.240609 0.284204 0.248969 0.273029 0.253984 0.268146 0.263172 0.262559 0.275297 0.260470 0.283656 0.261854 0.292422 0.266057 0.294937 0.275117 0.290344 0.295379 0.281984 0.307937 0.263172 0.313525 0.245219 0.314230 0.238109 0.314230
55 1 1 0.586047 0.362272 0.547016 0.357258 0.543422 0.349739 0.545219 0.336684 0.548828 0.326658 0.552125 0.319634 0.561125 0.314099 0.566531 0.312611 0.577344 0.312611 0.582141 0.319138 0.583656 0.339687 0.584844 0.348225 0.597453 0.351749 0.603469 0.351749 0.609766 0.352245 0.610062 0.360757 0.604672 0.362768 0.590547 0.363290 0.585156 0.361775
55 1 1 0.425859 0.310914 0.439047 0.297337 0.449953 0.282507 0.459594 0.272324 0.464922 0.267258 0.468469 0.263864 0.474047 0.257493 0.477594 0.253681 0.475313 0.248590 0.469234 0.245222 0.463906 0.242663 0.458828 0.241828 0.456547 0.242663 0.453750 0.244778 0.451469 0.245640 0.447422 0.244360 0.441578 0.243525 0.436250 0.244360 0.434734 0.245640 0.430922 0.249869 0.429656 0.252846 0.428391 0.256240 0.426359 0.262167 0.425859 0.267258 0.426359 0.275718 0.426109 0.310496
55 1 1 0.226641 0.097285 0.234844 0.073238 0.253688 0.050366 0.263953 0.045770 0.267047 0.052063 0.267719 0.071514 0.249922 0.082977 0.250609 0.101854 0.230734 0.106423 0.227312 0.097859
55 1 1 0.086203 0.259661 0.089281 0.245144 0.100516 0.235744 0.107156 0.243003 0.105875 0.257937 0.098469 0.263916 0.094125 0.263055 0.090297 0.263055 0.086500 0.259164
