6 1 0 0.400219 0.454250 0.403594 0.422875 0.410313 0.371292 0.452359 0.362333 0.575109 0.391479 0.677688 0.404937 0.743281 0.420625 0.751687 0.460979 0.768500 0.512563 0.770172 0.541708 0.760094 0.575333 0.696187 0.575333 0.672641 0.559646 0.546531 0.512563 0.432172 0.467708 0.403594 0.452021
7 1 2 0.001078 0.801396 0.212422 0.790771 0.258578 0.903125 0.255641 0.999958 0.000344 0.998979
2 1 0 0.915500 0.461125 0.913875 0.452521 0.890641 0.453375 0.874172 0.467583 0.864156 0.469729 0.861906 0.474042 0.861578 0.474896 0.861578 0.476625 0.861578 0.479625 0.862219 0.482208 0.863187 0.484792 0.866094 0.484375 0.868359 0.483500 0.871266 0.487375 0.873203 0.486958 0.875141 0.483500 0.875453 0.477917 0.880297 0.479208 0.881594 0.468438 0.900969 0.462417 0.915172 0.460688
2 1 0 0.093625 0.601042 0.076016 0.605938 0.068687 0.613750 0.059875 0.616688 0.049609 0.617667 0.045938 0.606917 0.000453 0.603979 0.000453 0.533542 0.019531 0.539417 0.048141 0.555062 0.076750 0.566813 0.089219 0.577563 0.095828 0.589312
2 1 0 0.993078 0.462500 0.999172 0.461146 0.999172 0.450750 0.980547 0.437208 0.977156 0.434500 0.950734 0.437208 0.939891 0.453458 0.938203 0.459333 0.942609 0.461604 0.946000 0.461146 0.953781 0.461146 0.956500 0.452104 0.960906 0.452104 0.970047 0.446688 0.987328 0.449396 0.992062 0.453458
2 1 0 0.000000 0.502187 0.037844 0.505562 0.057594 0.523125 0.082438 0.529208 0.093578 0.539333 0.092062 0.548792 0.063687 0.538667 0.041891 0.517729 0.034281 0.514333 0.000000 0.513667 0.000844 0.502854
2 1 0 0.005313 0.491875 0.001297 0.493479 0.001297 0.499375 0.037437 0.505271 0.056719 0.522396 0.082828 0.527750 0.092062 0.537396 0.094875 0.533646 0.080812 0.514896 0.055922 0.511146 0.036234 0.494021
2 1 0 0.002250 0.513063 0.032578 0.512604 0.040594 0.514458 0.044078 0.517250 0.048609 0.521896 0.061859 0.536750 0.064984 0.538146 0.078234 0.541417 0.094969 0.547917 0.097406 0.550708 0.099500 0.556271 0.101937 0.561396 0.102281 0.562792 0.103328 0.566042 0.104375 0.568833 0.100188 0.575333 0.091125 0.580917 0.076500 0.566958 0.066734 0.563708 0.047219 0.554875 0.021766 0.540937 0.006078 0.535833 0.001203 0.533042 0.000000 0.512604
2 1 0 0.016109 0.473500 0.021500 0.477938 0.034750 0.487312 0.052984 0.491750 0.056719 0.501687 0.056719 0.504458 0.048437 0.504458 0.039734 0.493958 0.024391 0.491188 0.003266 0.491188 0.000781 0.471854
2 1 0 0.913406 0.461917 0.904984 0.467396 0.898063 0.467396 0.896187 0.487375 0.904234 0.490125 0.918281 0.491125 0.926328 0.495854 0.928766 0.493354 0.934000 0.492354 0.935688 0.487125 0.938688 0.479125 0.942625 0.473896 0.957969 0.471146 0.953484 0.464146 0.948984 0.461167 0.935688 0.461167 0.919781 0.459167
2 1 0 0.815969 0.465854 0.812641 0.472083 0.807625 0.473417 0.803625 0.469417 0.789281 0.469417 0.789953 0.458750 0.805297 0.452521 0.813969 0.443625 0.827312 0.441854 0.839984 0.443625 0.845328 0.448063 0.839656 0.452083 0.833656 0.457854 0.828313 0.457854 0.817969 0.463188
6 1 2 0.093266 0.342271 0.318656 0.482167 0.893781 0.863000 0.998703 0.943313 1.000000 0.971812 0.606219 0.979583 0.101031 0.365583
