73 1 0 0.825104 0.434984 0.813146 0.591922 0.872938 0.594172 0.881917 0.479828 0.875938 0.464125 0.837063 0.434984 0.837063 0.430500 0.896771 0.332922 0.871875 0.316812 0.854708 0.286563 0.846125 0.268531 0.842687 0.261438 0.854708 0.240203 0.859854 0.225391 0.867583 0.212516 0.870167 0.202844 0.873583 0.200922 0.907937 0.203500 0.928542 0.204141 0.919083 0.224750 0.909646 0.249203 0.902771 0.260797 0.900208 0.271109 0.896771 0.289125
73 1 0 0.930187 0.001250 0.966000 0.001250 0.949083 0.155656 0.914292 0.149687 0.930187 0.000500
73 1 0 0.928917 0.352109 0.939729 0.290000 0.939729 0.200891 0.967333 0.206297 0.952937 0.293609 0.952937 0.365609
73 1 0 0.811813 0.576375 0.777000 0.568266 0.789021 0.390047 0.789021 0.390047 0.789021 0.384656 0.826208 0.420656 0.813021 0.573672
73 1 0 0.958333 0.258859 0.949813 0.368594 0.986750 0.385641 1.000000 0.263125 0.996688 0.201344 0.965438 0.200266
73 1 0 0.725604 0.332406 0.784125 0.371328 0.764250 0.572594 0.713458 0.556031
73 1 0 0.819917 0.615312 0.850792 0.616500 0.845250 0.720422 0.819917 0.706766
73 1 0 0.518583 0.024703 0.517187 0.000000 0.479396 0.000000 0.481708 0.057187 0.513500 0.059953 0.520417 0.061344
73 1 0 0.826771 0.000000 0.817979 0.149937 0.847667 0.149937 0.859750 0.000687
73 1 0 0.676729 0.599922 0.677125 0.609406 0.681625 0.634188 0.696708 0.637563 0.728938 0.649484 0.739146 0.653766 0.734250 0.605438
73 1 0 0.781042 0.673484 0.777687 0.622203 0.775687 0.610641 0.808542 0.613156 0.807854 0.628734 0.805854 0.690078
73 1 0 0.687458 0.000641 0.715667 0.001688 0.710021 0.112812 0.687458 0.097984
56 1 1 0.000000 0.120500 0.000000 0.989859 0.987979 0.983109 0.927938 0.859234 0.966958 0.742109 1.000000 0.640766 1.000000 0.397516 0.879875 0.323203 0.810813 0.208328 0.753750 0.129500 0.669667 0.093469 0.510521 0.061937 0.294292 0.057437 0.144146 0.070953 0.000000 0.118250
77 0 1 0.691667 0.751297 0.653604 0.707531 0.605396 0.692312 0.605396 0.652359 0.605396 0.635234 0.607938 0.604781 0.686583 0.576250 0.699271 0.549609 0.701813 0.536281 0.701813 0.517266 0.653604 0.494422 0.638396 0.494422 0.602875 0.498234 0.541979 0.517266 0.524208 0.481109 0.580042 0.465875 0.613021 0.422125 0.618083 0.401188 0.640917 0.389766 0.661229 0.372641 0.668833 0.355516 0.648542 0.311750 0.640917 0.304141 0.605396 0.298438 0.531833 0.285109 0.486167 0.269891 0.437958 0.277500 0.404979 0.281312 0.379604 0.283219 0.346625 0.283219 0.321250 0.283219 0.285729 0.298438 0.275583 0.323172 0.275583 0.349813 0.290812 0.374547 0.313646 0.393578 0.328875 0.412609 0.341542 0.433531 0.364375 0.460172 0.392292 0.481109 0.397375 0.486813 0.377062 0.521062 0.252750 0.494422 0.227375 0.486813 0.194396 0.545797 0.202021 0.562922 0.245146 0.587656 0.290812 0.593375 0.326333 0.602891 0.300958 0.682797 0.199479 0.732281 0.202021 0.774141 0.222312 0.804578 0.300958 0.817906 0.384687 0.753203 0.448104 0.758906 0.473479 0.758906 0.506458 0.764625 0.602875 0.814094 0.663750 0.808391 0.668833 0.800781 0.689125 0.757016
