30 1 2 0.393484 0.686299 0.378828 0.723164 0.375969 0.726412 0.399219 0.726412 0.415312 0.681130 0.433563 0.626158 0.446078 0.593164 0.453594 0.570537 0.453953 0.563418 0.451813 0.556299 0.448578 0.551780 0.444297 0.553079 0.436062 0.556949 0.429266 0.567288 0.416391 0.613870 0.402438 0.594463 0.381687 0.641045 0.353422 0.701186 0.343766 0.716695 0.335172 0.722514 0.327672 0.722514 0.316938 0.720593 0.335531 0.692119 0.359141 0.643616 0.372734 0.604153 0.379531 0.582175 0.387406 0.569887 0.397422 0.567288 0.404578 0.572486 0.406375 0.575706
0 1 0 0.968516 0.362260 0.960656 0.372571 0.953875 0.374520 0.949594 0.370650 0.947094 0.362260 0.935672 0.364181 0.924969 0.360311 0.921750 0.356441 0.922828 0.346130 0.936391 0.309972 0.937813 0.307401 0.937813 0.299661 0.939609 0.293192 0.940672 0.288672 0.938531 0.282881 0.938172 0.275763 0.934609 0.286102 0.932109 0.283531 0.927828 0.274492 0.931750 0.254492 0.933172 0.243503 0.937109 0.234463 0.939953 0.238983 0.942813 0.240932 0.946031 0.235763 0.943891 0.225452 0.941031 0.222203 0.941031 0.211243 0.946391 0.198983 0.952812 0.197034 0.959234 0.202853 0.960312 0.211893 0.958516 0.224153 0.958516 0.224153 0.958516 0.229944 0.962453 0.229944 0.966734 0.246102 0.970656 0.268672 0.967094 0.276412 0.964594 0.288051 0.969234 0.297712 0.968516 0.319011 0.966016 0.328701 0.966016 0.333842 0.963875 0.340311 0.966375 0.351921 0.968516 0.357090
0 1 0 0.876844 0.224943 0.884688 0.212910 0.891750 0.180282 0.900375 0.174605 0.908609 0.178870 0.912141 0.185960 0.914500 0.193757 0.914500 0.198023 0.913719 0.212910 0.916453 0.222825 0.931750 0.260424 0.931359 0.284520 0.936063 0.285932 0.939203 0.285932 0.939203 0.297288 0.933328 0.307203 0.923125 0.306497 0.922734 0.343362 0.919203 0.356130 0.914500 0.356836 0.905875 0.357542 0.894891 0.360395 0.882344 0.355424 0.877625 0.355424 0.871359 0.354011 0.876453 0.339831 0.879203 0.322797 0.879594 0.308616 0.878016 0.294435 0.875281 0.279548 0.874094 0.263249 0.872922 0.249774 0.871359 0.237006
0 1 0 0.600109 0.000000 0.629422 0.001017 0.633406 0.033220 0.626609 0.042147 0.623562 0.056554 0.624969 0.090452 0.624266 0.154887 0.624266 0.169294 0.623562 0.178192 0.620516 0.199802 0.617469 0.207429 0.604094 0.204463 0.601281 0.199379 0.605969 0.191328 0.606906 0.187090 0.606906 0.174802 0.596828 0.118842 0.592375 0.087910 0.594250 0.045537 0.590734 0.039153 0.586750 0.034068 0.584172 0.023475 0.586984 0.018390 0.590969 0.017119 0.594484 0.016271 0.596359 0.000000
0 1 0 0.961922 0.163475 0.975516 0.181921 0.977781 0.189237 0.976172 0.229633 0.981516 0.254237 0.979891 0.262712 0.974063 0.266525 0.970500 0.263898 0.968562 0.252175 0.966281 0.241356 0.963047 0.232260 0.960625 0.227881 0.960297 0.222910 0.960781 0.206808 0.958844 0.201836 0.955437 0.196271 0.947672 0.196554 0.942156 0.200960 0.941844 0.212938 0.943625 0.234040 0.941359 0.240169 0.935359 0.239576 0.932938 0.235198 0.931953 0.225254 0.930500 0.209435 0.931953 0.188362 0.934391 0.179859 0.934875 0.165537 0.933734 0.157316 0.933734 0.139181 0.935359 0.132458 0.937953 0.127458 0.941188 0.124237 0.945234 0.124237 0.948797 0.125141 0.956406 0.136836 0.958672 0.144435 0.959328 0.147090 0.959328 0.156751 0.960625 0.159972
0 1 0 0.624875 0.177119 0.624188 0.130650 0.625578 0.106808 0.627656 0.077938 0.626953 0.062881 0.626266 0.045282 0.632516 0.037768 0.644313 0.037768 0.645016 0.051582 0.645016 0.057853 0.647094 0.074181 0.658203 0.111836 0.655422 0.130650 0.649875 0.145734 0.648484 0.165819 0.658906 0.193418 0.655422 0.205989 0.649188 0.216017 0.634594 0.209746 0.624875 0.208503 0.620016 0.207232
0 1 0 0.789375 0.223955 0.789375 0.212260 0.788203 0.193136 0.786438 0.175057 0.782906 0.154859 0.780563 0.130424 0.779375 0.112345 0.777609 0.094266 0.775266 0.085763 0.774672 0.074068 0.771156 0.065565 0.777609 0.041130 0.782906 0.019859 0.784078 0.010311 0.785266 0.002853 0.802312 0.000734 0.804656 0.008164 0.807609 0.016667 0.807609 0.029435 0.807609 0.051751 0.807016 0.062373 0.806422 0.065565 0.802312 0.073023 0.800547 0.075141 0.797609 0.083644 0.797609 0.093220 0.800547 0.108107 0.801141 0.119774 0.802312 0.133616 0.802312 0.146356 0.801719 0.158051 0.801719 0.187825 0.802906 0.201638 0.804656 0.214407 0.804656 0.229266 0.802312 0.222910 0.802906 0.230339 0.802906 0.244153 0.801141 0.247345 0.798203 0.250537 0.790547 0.250537 0.789969 0.236723
0 1 0 0.912594 0.172373 0.914344 0.160621 0.914844 0.149746 0.915094 0.142486 0.915344 0.134350 0.915344 0.128446 0.916094 0.117599 0.918359 0.101299 0.919359 0.096299 0.920859 0.086356 0.920859 0.082712 0.917094 0.080000 0.911344 0.078644 0.909844 0.075480 0.909344 0.070508 0.908828 0.066412 0.909016 0.053983 0.910016 0.041328 0.912016 0.030000 0.914281 0.025028 0.919781 0.018220 0.920281 0.015960 0.918781 0.001921 0.949844 0.000000 0.947844 0.008249 0.951594 0.013249 0.953344 0.013701 0.956109 0.020480 0.964375 0.037684 0.971391 0.062599 0.972891 0.080254 0.968375 0.082966 0.964625 0.083418 0.961109 0.088870 0.960609 0.111695 0.960859 0.127542 0.959859 0.142938 0.950594 0.126638 0.945828 0.124831 0.935812 0.129831 0.933313 0.138418 0.931312 0.150650 0.930812 0.165141 0.931312 0.185508 0.909266 0.174209
0 1 0 0.807328 0.249322 0.809500 0.237571 0.810578 0.221921 0.804078 0.208220 0.801375 0.177910 0.803547 0.154435 0.805703 0.134859 0.805703 0.111384 0.805703 0.095734 0.801375 0.096723 0.798141 0.080085 0.798672 0.078136 0.801922 0.079124 0.807328 0.070311 0.810578 0.058559 0.811656 0.050734 0.809500 0.037062 0.808406 0.017486 0.813281 0.007712 0.819234 0.004774 0.825734 0.010650 0.831141 0.022373 0.833297 0.033136 0.829516 0.042910 0.828438 0.050734 0.834391 0.060537 0.838172 0.085960 0.839250 0.101610 0.834922 0.118249 0.834391 0.127034 0.833297 0.160311 0.831141 0.182797 0.830594 0.197458 0.832219 0.237571 0.833844 0.246384 0.832766 0.253220 0.831141 0.259096 0.828438 0.264972 0.823563 0.266921 0.814359 0.264972 0.808406 0.264972 0.805172 0.262034 0.805172 0.258107
0 1 0 0.904016 0.000000 0.904016 0.000000 0.915781 0.019831 0.911141 0.032090 0.907578 0.058559 0.907578 0.070819 0.912938 0.084379 0.918641 0.082429 0.917937 0.093390 0.917578 0.102429 0.916500 0.124379 0.913297 0.136638 0.913641 0.156638 0.911500 0.171497 0.894734 0.168249 0.890437 0.138559 0.886516 0.114689 0.885453 0.099859 0.885453 0.084379 0.886156 0.059209 0.884734 0.055339 0.885094 0.032740 0.888656 0.017260 0.889375 0.010141 0.889375 0.000000
0 1 0 0.710766 0.110056 0.709141 0.096864 0.707531 0.083672 0.707797 0.064096 0.704281 0.055311 0.696703 0.052373 0.690484 0.057740 0.690219 0.078757 0.695094 0.088559 0.694000 0.095395 0.690219 0.107119 0.693188 0.125706 0.697250 0.137429 0.697797 0.145254 0.706172 0.121780 0.712391 0.108588
0 1 0 0.866203 0.232090 0.865766 0.189040 0.851047 0.171045 0.848016 0.145226 0.864031 0.163220 0.865766 0.146017 0.863172 0.133475 0.867062 0.103729 0.871828 0.093559 0.881781 0.092797 0.886547 0.103729 0.892609 0.154605 0.885672 0.216441 0.872688 0.225056 0.870094 0.253249 0.870516 0.270452
0 1 1 0.328344 0.367571 0.335922 0.335621 0.363703 0.308220 0.366219 0.353870 0.366219 0.390424 0.391484 0.436073 0.414219 0.463475 0.421797 0.468023 0.421797 0.495424 0.399062 0.495424 0.381375 0.468023 0.381375 0.509124 0.391484 0.559350 0.388953 0.573051 0.366219 0.568503 0.361172 0.573051 0.353594 0.664379 0.351062 0.668955 0.338437 0.678079 0.330859 0.636977 0.333391 0.605028 0.320766 0.550226 0.313188 0.541102 0.318234 0.490876 0.310656 0.436073 0.303078 0.417797 0.280344 0.472599 0.262672 0.486299 0.234891 0.481723 0.244984 0.449774 0.277828 0.431497 0.303078 0.394972 0.320766 0.381271 0.330859 0.376723
