0 1 0 0.010625 0.788021 0.005563 0.780167 0.001344 0.761042 0.000000 0.732917 0.002188 0.692417 0.011469 0.658688 0.009781 0.641813 0.004719 0.630563 0.004719 0.619312 0.004719 0.603562 0.000000 0.588958 0.000000 0.555208 0.002188 0.547333 0.013156 0.541708 0.022437 0.542833 0.028344 0.543958 0.038469 0.556333 0.043531 0.576583 0.040156 0.601313 0.052812 0.612562 0.064625 0.637313 0.073047 0.673312 0.073891 0.704792 0.078953 0.743042 0.081484 0.779042 0.075578 0.797021 0.057031 0.826271 0.056187 0.892625 0.062937 0.957875 0.067156 1.000000 0.035937 0.999479 0.030875 0.960125 0.030875 0.923000 0.021594 0.881375 0.013156 0.822896
0 1 0 0.071188 0.657750 0.070703 0.670000 0.072641 0.681625 0.072641 0.697104 0.078453 0.717104 0.075547 0.734542 0.079109 0.767458 0.080734 0.786813 0.084594 0.775833 0.086531 0.768083 0.086531 0.751958 0.086047 0.739708 0.086531 0.731958 0.089922 0.727438 0.095734 0.722271 0.098156 0.721625 0.103953 0.715813 0.108313 0.713875 0.117031 0.722271 0.119453 0.724854 0.126703 0.720333 0.130094 0.714521 0.131547 0.707438 0.114125 0.702917 0.113641 0.697104 0.097188 0.697104 0.087016 0.698396 0.084109 0.693229 0.080250 0.678396 0.075891 0.666771 0.073469 0.653229 0.069734 0.645479 0.069734 0.640312 0.060062 0.624833 0.052797 0.615792 0.049406 0.608042 0.049891 0.600312 0.050859 0.591271 0.056187 0.586750 0.062953 0.583521 0.070219 0.581583 0.076516 0.583521 0.082313 0.589979 0.083766 0.596438 0.085703 0.605458 0.088609 0.609979 0.091516 0.615146 0.085703 0.617729 0.082313 0.618375 0.081844 0.624187 0.082313 0.626771 0.079422 0.636437 0.076031 0.641604
33 1 2 0.321906 0.456375 0.339984 0.445063 0.347734 0.436687 0.352172 0.432750 0.359922 0.426854 0.365453 0.424875 0.367297 0.425375 0.370625 0.431271 0.368047 0.433729 0.362141 0.437188 0.355484 0.442604 0.361031 0.443083 0.366937 0.441604 0.371359 0.441125 0.375047 0.439146 0.379844 0.441604 0.381703 0.445063 0.377266 0.448000 0.355859 0.459333 0.348484 0.464250 0.339250 0.471625 0.324125 0.491313 0.320062 0.496229 0.316734 0.495250 0.316000 0.490812 0.317109 0.483438 0.320422 0.480479 0.319688 0.468187 0.317844 0.462271 0.317844 0.459333
33 1 2 0.284656 0.094687 0.285719 0.116458 0.289625 0.127333 0.271891 0.116938 0.267266 0.115979 0.266922 0.109833 0.277203 0.095167 0.292812 0.084750 0.308078 0.080500 0.309844 0.084750 0.320234 0.084437 0.321469 0.086500 0.332750 0.086917 0.332437 0.088771 0.338000 0.093083 0.338156 0.099896 0.335219 0.105042 0.332750 0.107104 0.328734 0.106896 0.326406 0.117188 0.318687 0.098646 0.317453 0.095979 0.314359 0.096396 0.312047 0.090000 0.309734 0.089396 0.305562 0.099687 0.305250 0.115333 0.292906 0.101750 0.285172 0.094937
0 1 1 0.133891 0.619521 0.113188 0.613250 0.116953 0.591896 0.116016 0.585625 0.118828 0.573063 0.129187 0.590646 0.129187 0.598167
0 1 1 0.886813 0.497375 0.884281 0.499292 0.884125 0.503292 0.885875 0.507729 0.883656 0.509833 0.884609 0.518271 0.885391 0.520375 0.886031 0.546521 0.889672 0.545479 0.889031 0.528604 0.890609 0.526917 0.892203 0.527958 0.892359 0.544625 0.895203 0.546521 0.895516 0.532604 0.893141 0.519313 0.894734 0.519104 0.893937 0.514896 0.896000 0.514042 0.896000 0.507937 0.892359 0.503708 0.889672 0.504354 0.889344 0.500542 0.886969 0.497812
33 1 2 0.631750 0.368625 0.612000 0.385333 0.608141 0.387896 0.605250 0.389833 0.602359 0.392396 0.600438 0.398188 0.601406 0.403313 0.598500 0.404604 0.595141 0.398812 0.594656 0.396250 0.592719 0.394958 0.585016 0.395604 0.585016 0.392396 0.584531 0.389187 0.589828 0.388542 0.593687 0.389833 0.602359 0.381479 0.609594 0.374417 0.609109 0.371833 0.612000 0.360917 0.612484 0.360917 0.616813 0.358354 0.621641 0.355771 0.625016 0.355125 0.627422 0.348708 0.632234 0.351271 0.633687 0.352562 0.633203 0.362833 0.632234 0.364771
33 1 2 0.785187 0.433583 0.775984 0.437292 0.780750 0.428979 0.779766 0.424812 0.768937 0.428312 0.777625 0.417375 0.762031 0.406208 0.760891 0.401188 0.776156 0.410375 0.781406 0.404021 0.789453 0.407750 0.805531 0.394188 0.805703 0.396375 0.792234 0.411896 0.792734 0.414750 0.805859 0.420667 0.791422 0.420875 0.790266 0.425479 0.800453 0.433792 0.788797 0.432042 0.786828 0.435979
33 1 2 0.613516 0.457083 0.621109 0.452583 0.623219 0.448375 0.623219 0.446688 0.625531 0.444167 0.628484 0.436563 0.633328 0.424208 0.639219 0.416917 0.648703 0.412125 0.652703 0.418604 0.649125 0.424771 0.636484 0.445271 0.631844 0.452312 0.628906 0.455104 0.630172 0.459333 0.629328 0.459604 0.626375 0.459333 0.625313 0.457646 0.618578 0.460167 0.612672 0.460458 0.613937 0.457354
33 1 2 0.285437 0.291125 0.292156 0.292875 0.297766 0.294333 0.306484 0.296333 0.313609 0.297021 0.319125 0.297021 0.319828 0.301146 0.314609 0.301417 0.301281 0.301146 0.286641 0.299021 0.282328 0.298875 0.276719 0.297146 0.275813 0.294479 0.277312 0.292604
33 1 2 0.113719 0.406021 0.103500 0.408292 0.088891 0.422583 0.083531 0.422896 0.076719 0.421604 0.076953 0.420625 0.090844 0.415104 0.103250 0.407000 0.102766 0.406021 0.102281 0.405375 0.073797 0.418354 0.065516 0.421271 0.063562 0.423229 0.063813 0.420312 0.073797 0.414125 0.103016 0.402771 0.107641 0.397896 0.117625 0.398875
0 1 1 0.083328 0.597000 0.086234 0.589750 0.088563 0.586917 0.087781 0.580708 0.089531 0.578896 0.092828 0.579167 0.094187 0.580458 0.094953 0.584583 0.096906 0.587438 0.097672 0.587438 0.101547 0.590792 0.103109 0.595958 0.104656 0.600604 0.105422 0.602688 0.105625 0.604500 0.105047 0.606562 0.104844 0.609667 0.104656 0.609917 0.104078 0.610438 0.100969 0.612771 0.099609 0.613271 0.095344 0.614062 0.093609 0.614312 0.090500 0.614833 0.088375 0.613271 0.086234 0.608625 0.084484 0.603458 0.085078 0.600875
33 1 2 0.328562 0.369625 0.331688 0.371250 0.336188 0.369729 0.337938 0.370146 0.340219 0.374312 0.339453 0.378771 0.335875 0.380208 0.329859 0.379396 0.327187 0.377458 0.323000 0.374604 0.321250 0.371771 0.322844 0.368000 0.325125 0.366583 0.326500 0.366583 0.327953 0.366583
33 1 2 0.057969 0.329708 0.077234 0.329354 0.056656 0.335688 0.054797 0.335333 0.045562 0.334979 0.045562 0.331813 0.045031 0.330417 0.035000 0.333229 0.035531 0.337458 0.037375 0.334979
0 1 1 0.772156 0.545917 0.772156 0.533042 0.771500 0.527687 0.771609 0.524063 0.770844 0.522042 0.770203 0.519583 0.767812 0.517979 0.767484 0.514083 0.765750 0.514229 0.764766 0.515229 0.764234 0.517542 0.761625 0.516979 0.761406 0.521167 0.762594 0.523042 0.762922 0.533188 0.764656 0.534042 0.765422 0.545333 0.765859 0.547792 0.767484 0.546208 0.767594 0.539542 0.768469 0.539104 0.769109 0.542875 0.769766 0.545771 0.772156 0.545625
33 1 2 0.379484 0.368333 0.386406 0.362750 0.397516 0.365646 0.398234 0.373417 0.398969 0.378521 0.384766 0.376583 0.383313 0.378271 0.377312 0.377313 0.379859 0.368563
33 1 2 0.391109 0.312542 0.386781 0.322146 0.385547 0.330083 0.384313 0.335854 0.392547 0.331188 0.393375 0.321312 0.395219 0.315833 0.394188 0.313354
0 1 1 0.663094 0.545500 0.663000 0.539917 0.662391 0.537667 0.662297 0.536208 0.661906 0.534729 0.661406 0.533667 0.661000 0.532083 0.660406 0.531292 0.658609 0.530875 0.658016 0.532083 0.657812 0.534479 0.657313 0.536458 0.656516 0.537917 0.656422 0.540458 0.657609 0.542979 0.657719 0.544833 0.658109 0.545229 0.660797 0.546167 0.663297 0.545896
0 1 0 0.561594 0.790625 0.559375 0.814354 0.561594 0.838062 0.566047 0.849937 0.566047 0.858833 0.574937 0.881063 0.557141 0.900333 0.540469 0.915167 0.537125 0.938896 0.546031 0.956688 0.552703 0.996708 0.548250 0.986333 0.544922 0.968542 0.534906 0.967063 0.520453 0.980396 0.508219 0.990771 0.483766 0.998187 0.440391 0.998187 0.398141 0.998187 0.353656 0.995229 0.334750 0.995229 0.314750 0.861792 0.316969 1.000000 0.314750 0.881063 0.313625 0.796562 0.313625 0.760979 0.313625 0.734292 0.312516 0.710563 0.309188 0.686854 0.314750 0.654229 0.316969 0.611229 0.322531 0.583062 0.333641 0.546000 0.354766 0.503000 0.388125 0.483729 0.403703 0.471875 0.408141 0.452604 0.387016 0.451104 0.375906 0.439250 0.372562 0.414042 0.381453 0.393292 0.395922 0.378458 0.400359 0.365125 0.402578 0.333979 0.401469 0.307312 0.399250 0.285062 0.413703 0.246521 0.492656 0.210938 0.517109 0.212417 0.541578 0.225750 0.551594 0.243542 0.566047 0.245042 0.587172 0.242063 0.592734 0.245042 0.591609 0.256896 0.597172 0.273208 0.603844 0.289521 0.610516 0.305812 0.614969 0.323604 0.614969 0.335479 0.611625 0.366604 0.589391 0.387354 0.572719 0.408125 0.561594 0.431833 0.554922 0.440729 0.550469 0.476313 0.543797 0.491146 0.558266 0.508937 0.572719 0.540063 0.580500 0.571208 0.583828 0.664604 0.576047 0.672021 0.569375 0.685354 0.569375 0.706125 0.568266 0.734292 0.566047 0.760979 0.569375 0.760979 0.574937 0.758021 0.579391 0.737250 0.576047 0.722438 0.573828 0.713542 0.583828 0.710563 0.587172 0.734292 0.588281 0.755042 0.588281 0.775813 0.583828 0.796562 0.579391 0.811375 0.578266 0.821771 0.576047 0.829167 0.574937 0.835104 0.574937 0.835104 0.577156 0.844000 0.576047 0.863271 0.576047 0.866250 0.573828 0.849937 0.566047 0.835104 0.564937 0.823250 0.564937 0.799521 0.567156 0.792104 0.572719 0.768396
