0 1 1 0.775117 0.386318 0.808624 0.405227 0.815151 0.445591 0.813289 0.513682 0.803037 0.550250 0.795587 0.572932 0.790017 0.651114 0.785352 0.709114 0.777903 0.778818 0.766745 0.865818 0.762081 0.903659 0.758356 0.923841 0.749044 0.936432 0.736946 0.936432 0.723926 0.933909 0.723926 0.911227 0.711812 0.925091 0.706225 0.932659 0.698792 0.932659 0.687617 0.932659 0.680168 0.927614 0.675520 0.913750 0.682953 0.902386 0.688540 0.902386 0.687617 0.849432 0.679228 0.801523 0.679228 0.751091 0.680168 0.677954 0.681091 0.656523 0.671795 0.627523 0.672718 0.599773 0.672718 0.556909 0.668993 0.511523 0.668993 0.505205 0.671795 0.488045 0.682953 0.461568 0.699715 0.411136 0.725772 0.393477 0.720201 0.383386 0.713674 0.363227 0.713674 0.340523 0.713674 0.320341 0.719262 0.305227 0.737886 0.297659 0.753708 0.298909 0.762081 0.307750 0.766745 0.321614 0.766745 0.329182 0.768607 0.343045 0.762081 0.354386 0.764883 0.364477 0.767668 0.368273 0.776040 0.383386
38 1 1 0.542198 0.729432 0.545872 0.729432 0.553205 0.725295 0.559933 0.702932 0.573993 0.688023 0.593557 0.678909 0.607617 0.680568 0.619849 0.684705 0.626577 0.688841 0.630252 0.694659 0.633909 0.710386 0.634530 0.721159 0.633305 0.736068 0.625352 0.748477 0.618624 0.755114 0.607617 0.760909 0.595403 0.765886 0.587450 0.766705 0.572164 0.763386 0.561762 0.756773 0.553205 0.750136 0.545872 0.746818 0.540973 0.735227 0.517735 0.743523 0.521409 0.756773 0.465772 0.773341 0.475554 0.759250 0.485940 0.755114 0.489614 0.753455 0.487164 0.751795
0 1 0 0.227282 0.597068 0.227282 0.576841 0.228943 0.565614 0.228943 0.529659 0.232265 0.511682 0.232265 0.484705 0.233926 0.466727 0.235570 0.442000 0.252164 0.417295 0.267097 0.406045 0.262114 0.392568 0.258809 0.370091 0.265436 0.338636 0.282030 0.325159 0.290319 0.325159 0.308574 0.329659 0.310235 0.338636 0.311896 0.356614 0.311896 0.385841 0.305252 0.410545 0.315218 0.415045 0.325168 0.421795 0.325168 0.444250 0.325168 0.475727 0.325168 0.507182 0.326829 0.534136 0.333456 0.545386 0.325168 0.563364 0.323507 0.574591 0.325168 0.588068 0.333456 0.588068 0.310235 0.624023 0.295302 0.630773 0.298624 0.585841 0.287013 0.558864 0.283691 0.554364 0.270419 0.556614 0.243876 0.556614 0.240554 0.565614 0.235570 0.576841 0.233926 0.581341
0 1 0 0.870503 0.359727 0.871644 0.333386 0.851074 0.321000 0.832768 0.319432 0.816762 0.341136 0.817903 0.367455 0.822483 0.381409 0.825906 0.386045 0.825906 0.400000 0.814463 0.424773 0.811040 0.510455 0.800755 0.547636 0.789312 0.587909 0.791594 0.661455 0.783591 0.793136 0.811040 0.805523 0.814463 0.845795 0.804178 0.889159 0.852215 0.896909 0.871644 0.870568 0.862500 0.830295 0.867081 0.800864 0.891091 0.808614 0.899094 0.762136 0.869362 0.757500 0.861359 0.731159 0.867081 0.694000 0.893372 0.683136 0.894513 0.680045 0.894513 0.644409 0.902534 0.622727 0.907097 0.610341 0.904815 0.601045 0.902534 0.579364 0.900235 0.570068 0.900235 0.562318 0.909396 0.430295 0.894513 0.410136 0.880805 0.400864
0 1 1 0.621577 0.627114 0.618557 0.561636 0.598406 0.511159 0.614530 0.427932 0.614530 0.407477 0.620570 0.392477 0.654815 0.373364 0.644748 0.329705 0.652802 0.288795 0.678993 0.283318 0.690067 0.302432 0.684027 0.354273 0.717265 0.384273 0.723305 0.395205 0.698121 0.406114 0.672936 0.500250 0.672936 0.498886 0.667903 0.606659 0.681007 0.661227 0.672936 0.773091 0.669916 0.860409 0.625604 0.876773 0.610503 0.874045 0.609497 0.863136 0.633742 0.752818 0.637064 0.723591 0.630419 0.701114 0.620470 0.653932
0 1 1 0.160789 0.394045 0.176158 0.384227 0.168926 0.353591 0.164396 0.325409 0.177064 0.307023 0.207819 0.309477 0.221393 0.329091 0.219581 0.368295 0.214161 0.384227 0.238591 0.396500 0.258490 0.398932 0.253960 0.411205 0.232248 0.447955 0.225017 0.613386 0.209631 0.679568 0.203305 0.697955 0.201493 0.742068 0.196057 0.668545 0.210537 0.645250 0.206023 0.606045 0.193356 0.521477 0.186107 0.484727 0.177970 0.423455 0.162584 0.406295
38 1 1 0.397215 0.747409 0.404765 0.728977 0.438037 0.714636 0.472819 0.723864 0.481896 0.748432 0.465252 0.772000 0.441812 0.780182 0.415352 0.780182 0.401745 0.773023 0.383607 0.770977 0.371510 0.759705 0.397215 0.749455
0 1 1 0.488272 0.389432 0.493775 0.399364 0.508456 0.410955 0.520671 0.420068 0.526174 0.448227 0.527399 0.456523 0.531678 0.434159 0.537181 0.425864 0.542081 0.425864 0.559195 0.421727 0.565319 0.415114 0.567148 0.405159 0.565319 0.396886 0.551862 0.386114 0.539631 0.379500 0.537802 0.371205 0.542081 0.362091 0.550034 0.360432 0.550638 0.348023 0.547584 0.337250 0.542081 0.324000 0.534748 0.316545 0.524966 0.313227 0.512114 0.317364 0.504782 0.329795 0.506611 0.337250 0.506611 0.352159 0.507232 0.362932 0.508456 0.368727 0.506007 0.373705
0 1 1 0.582081 0.614341 0.548255 0.588773 0.552181 0.566386 0.542752 0.536568 0.531745 0.522705 0.531745 0.451341 0.536460 0.430023 0.560050 0.419364 0.567131 0.412977 0.560839 0.403386 0.555336 0.383159 0.563993 0.366114 0.589161 0.352250 0.609597 0.372500 0.604094 0.394864 0.614329 0.419364 0.600168 0.509932 0.619044 0.555750 0.620621 0.627114 0.626124 0.694250 0.626124 0.767750 0.632416 0.838068 0.616678 0.846591 0.604883 0.822091 0.605671 0.772023 0.599379 0.728341 0.584430 0.614341
38 1 0 0.869245 0.642500 0.849396 0.693432 0.835453 0.699727 0.814765 0.726614 0.809698 0.748932 0.805889 0.762091 0.805470 0.787273 0.813926 0.799273 0.822366 0.802136 0.838842 0.785545 0.851091 0.762091 0.855319 0.741500 0.856997 0.720886 0.856158 0.704296 0.855319 0.699727 0.864178 0.692295 0.874329 0.653955
26 1 1 0.857701 0.703659 0.854849 0.731341 0.856275 0.748068 0.860554 0.753864 0.881476 0.753864 0.894295 0.753227 0.904279 0.748727 0.906191 0.737773 0.902852 0.717818 0.900956 0.695273 0.897634 0.686909 0.896678 0.668886 0.890503 0.639909 0.886225 0.640545 0.892886 0.675955 0.895252 0.686909 0.888121 0.692068 0.883372 0.690773 0.880050 0.689477 0.873389 0.692068 0.871007 0.694636 0.867215 0.695273 0.873859 0.653432 0.869111 0.657295 0.858658 0.697864
26 1 1 0.159664 0.811455 0.177869 0.785341 0.146795 0.717136 0.123238 0.679409 0.117886 0.706977 0.131812 0.783886 0.122164 0.783886 0.112517 0.733091 0.106091 0.720045 0.112517 0.799841 0.087886 0.817250 0.099664 0.831773 0.160721 0.814341
0 1 1 0.296678 0.324545 0.297634 0.312273 0.302399 0.304523 0.310973 0.299364 0.318591 0.297432 0.330973 0.304523 0.332416 0.317432 0.332416 0.331000 0.333356 0.345841 0.332886 0.360023 0.337164 0.369068 0.345755 0.376818 0.350520 0.381977 0.352903 0.383909 0.352416 0.395523 0.344799 0.401341 0.336695 0.408432 0.332886 0.412295 0.327651 0.418114 0.319060 0.419409 0.312869 0.416818 0.310487 0.405841 0.311930 0.389705 0.313825 0.358091 0.312869 0.346477 0.312869 0.339386 0.312399 0.334227 0.311930 0.330341 0.309060 0.327773 0.305252 0.327773 0.299530 0.325818
38 1 1 0.391829 0.625818 0.391258 0.644977 0.391829 0.665682 0.398624 0.685614 0.404849 0.694045 0.415604 0.707864 0.442215 0.711682 0.455235 0.697114 0.459195 0.677182 0.458054 0.660318 0.451258 0.640386 0.438238 0.621204 0.430319 0.615068 0.416728 0.612773 0.408238 0.612773 0.402584 0.610477 0.399178 0.615068 0.395218 0.622750
27 1 1 0.740201 0.402545 0.743238 0.410773 0.740201 0.419523 0.741342 0.430841 0.723121 0.474568 0.726527 0.425182 0.732987 0.414386 0.733742 0.396386
27 1 1 0.146493 0.420659 0.141527 0.427750 0.155319 0.436727 0.159178 0.428886 0.151460 0.420659 0.148691 0.418795
0 1 0 0.088842 0.559318 0.080084 0.479659 0.080352 0.448250 0.086426 0.421500 0.106174 0.417386 0.110738 0.411205 0.116812 0.405045 0.118339 0.389614 0.116812 0.388568 0.110738 0.383432 0.107701 0.376227 0.102383 0.372114 0.098574 0.361818 0.103893 0.347409 0.109983 0.328886 0.116057 0.323750 0.129732 0.313455 0.135050 0.313455 0.144916 0.313455 0.152517 0.312432 0.161628 0.328886 0.164664 0.335068 0.166191 0.345364 0.166191 0.358727 0.163909 0.370045 0.162399 0.378295 0.160117 0.385500 0.157836 0.398864 0.157836 0.405045 0.162399 0.412250 0.166946 0.415341 0.173792 0.421500 0.179111 0.433841 0.176829 0.437977 0.212534 0.631409 0.210252 0.639636 0.206460 0.643773 0.206460 0.652000 0.204933 0.656114 0.196577 0.667432 0.196577 0.667432 0.197332 0.685955 0.201141 0.704477 0.201141 0.717841 0.199614 0.723000 0.198859 0.734318 0.196577 0.746659 0.196577 0.762091 0.192785 0.816636 0.189732 0.824864 0.180621 0.830000 0.149480 0.834114 0.163154 0.881455 0.170755 0.893795 0.177584 0.897932 0.185940 0.902045 0.187466 0.902045 0.181376 0.913364 0.172265 0.921591 0.161628 0.928795 0.150990 0.925705 0.138087 0.922614 0.130487 0.885568 0.128960 0.866023 0.128960 0.850591 0.127450 0.838250 0.122131 0.834114 0.103138 0.826932 0.098574 0.812523 0.104664 0.809432 0.118339 0.800159 0.119849 0.796045 0.120604 0.791932 0.127450 0.775477 0.133523 0.771364 0.107701 0.637591 0.093272 0.615977 0.091745 0.606727
0 1 0 0.210688 0.939318 0.268758 0.950568 0.308574 0.948318 0.338440 0.930341 0.363322 0.892136 0.389866 0.878659 0.394849 0.860682 0.383221 0.822477 0.369950 0.791000 0.356678 0.757295 0.325168 0.752818 0.308574 0.746068 0.295302 0.737068 0.288658 0.665159 0.291980 0.644955 0.296963 0.624727 0.300285 0.568545 0.262114 0.559545 0.250503 0.568545 0.228943 0.602250 0.220654 0.629205 0.199077 0.712364 0.190789 0.791000 0.200738 0.887636
0 1 1 0.459547 0.404114 0.457886 0.356932 0.469497 0.325477 0.482768 0.325477 0.489413 0.343455 0.499362 0.383886 0.512634 0.422091 0.520923 0.437818 0.532534 0.460295 0.529228 0.520977 0.520923 0.543455 0.497701 0.577159 0.477785 0.581659 0.469497 0.637818 0.469497 0.696250 0.459547 0.711977 0.447936 0.707500 0.444614 0.644568 0.444614 0.577159 0.439631 0.494000 0.429681 0.428841
