45 1 1 0.769625 0.620562 0.777016 0.644731 0.789125 0.657845 0.813000 0.658852 0.820734 0.656838 0.836875 0.631639 0.837203 0.624590 0.815016 0.613489 0.789797 0.611475 0.777016 0.613489
73 1 0 0.839953 0.642553 0.964063 0.667002 0.960516 0.770117 0.958391 0.791382 0.847031 0.746721
73 1 0 0.966547 0.664333 0.836516 0.631405 0.833062 0.620445 0.826172 0.619789 0.817562 0.615293 0.822734 0.536557 0.844266 0.530094 0.849859 0.531382 0.849859 0.524286 0.856750 0.524941 0.972141 0.550749
56 1 0 0.398422 0.781288 0.397469 0.777026 0.390828 0.775597 0.384188 0.777026 0.380391 0.786979 0.372797 0.798337 0.366156 0.808290 0.358578 0.821101 0.358578 0.826792 0.369000 0.846698 0.368062 0.870866 0.367109 0.880820 0.366156 0.895035 0.363313 0.913513 0.367109 0.920632 0.370906 0.909251 0.370906 0.880820 0.373750 0.839578 0.372797 0.826792 0.381344 0.836745 0.382281 0.848103 0.381344 0.893607 0.381344 0.995995 0.386078 1.000000 0.395562 0.997401 0.402203 0.841007 0.445844 0.823934 0.448703 0.998829 0.454391 0.998829 0.461031 0.990304 0.464828 0.786979 0.465766 0.778431 0.460078 0.782693 0.433516 0.784122 0.426875 0.785550 0.422125 0.786979 0.414547 0.786979 0.406000 0.785550 0.398422 0.785550
65 1 2 0.487500 0.592318 0.474750 0.599625 0.471562 0.603560 0.461062 0.613958 0.438578 0.629134 0.431078 0.612553 0.430516 0.609180 0.451516 0.592318 0.451328 0.602155 0.452453 0.602436 0.455641 0.603279 0.457500 0.600468 0.460687 0.591194 0.463875 0.582787 0.481313 0.570140 0.487500 0.582787 0.487687 0.591194
56 1 0 0.298859 0.831265 0.312438 0.790562 0.308656 0.937541 0.302625 0.939789 0.299609 0.936393
0 1 0 0.322062 0.969836 0.318641 0.798478 0.323125 0.785012 0.323125 0.776042 0.323125 0.767073 0.299187 0.771569 0.276750 0.785012 0.269266 0.771569 0.269266 0.753630 0.284234 0.742412 0.323125 0.724473 0.332094 0.668431 0.359031 0.596674 0.368000 0.536136 0.370984 0.527166 0.390438 0.491288 0.387453 0.464379 0.399422 0.412810 0.409891 0.392646 0.433828 0.385902 0.447281 0.399368 0.451766 0.419555 0.451766 0.446440 0.451766 0.468876 0.445781 0.493536 0.439813 0.506979 0.430828 0.524918 0.436812 0.533888 0.436812 0.533888 0.453266 0.545105 0.454766 0.547354 0.462250 0.560796 0.456266 0.567518 0.444297 0.572014 0.442797 0.587705 0.432328 0.601148 0.432328 0.614614 0.439813 0.632553 0.453266 0.630304 0.475703 0.607892 0.483187 0.601148 0.484688 0.601148 0.484688 0.711030 0.480203 0.749134 0.471219 0.771569 0.430828 0.791733 0.387453 0.782763 0.381469 0.782763 0.362016 0.816393 0.370984 0.870211 0.369500 0.957658 0.370984 0.984567 0.327609 0.989040 0.323125 0.989040 0.326109 0.977845
0 1 0 0.725797 0.989860 0.604078 0.989860 0.593562 0.951569 0.584547 0.906534 0.583031 0.854731 0.577031 0.737611 0.577031 0.681311 0.584547 0.602482 0.580031 0.532646 0.575531 0.492108 0.551484 0.525902 0.515422 0.550679 0.488375 0.566440 0.477844 0.573208 0.459812 0.588970 0.452313 0.602482 0.452313 0.591218 0.441781 0.602482 0.446297 0.577705 0.459812 0.561944 0.473344 0.532646 0.501891 0.516885 0.527438 0.487611 0.557500 0.453817 0.548469 0.435808 0.572516 0.354731 0.584547 0.318689 0.616094 0.291663 0.601062 0.287166 0.590547 0.296183 0.581531 0.271405 0.577031 0.248876 0.575531 0.210585 0.568016 0.199321 0.578531 0.136253 0.608578 0.111475 0.646156 0.113747 0.662672 0.161030 0.662672 0.210585 0.650656 0.235363 0.664187 0.255621 0.683719 0.266885 0.719781 0.296183 0.745328 0.320937 0.791906 0.447073 0.782891 0.467354 0.791906 0.496628 0.796422 0.525902 0.776875 0.582201 0.754344 0.611475 0.739313 0.694824 0.736313 0.708337 0.725797 0.717354 0.730297 0.847962 0.724297 0.947073 0.724297 0.983115
0 1 0 0.257875 0.975527 0.295359 0.800258 0.259375 0.775527 0.289359 0.730585 0.317844 0.699134 0.359828 0.591265 0.368828 0.521592 0.365828 0.503630 0.379328 0.467658 0.368828 0.422717 0.359828 0.407002 0.335844 0.407002 0.308859 0.433958 0.302859 0.490140 0.302859 0.508126 0.280375 0.521592 0.251875 0.714848 0.211406 0.773279 0.199406 0.919344 0.226391 0.941827 0.205406 0.982272 0.245891 0.984520
0 1 1 0.580031 0.988735 0.583031 0.966206 0.578531 0.948197 0.581531 0.914403 0.574016 0.867119 0.568016 0.916674 0.569516 0.941452 0.574016 0.968478 0.565000 0.975223 0.563500 0.988735 0.527438 0.988735 0.530438 0.975223 0.518422 0.954965 0.528937 0.846838 0.516922 0.840094 0.506406 0.831077 0.506406 0.806300 0.498891 0.768009 0.515422 0.680187 0.540969 0.612623 0.563500 0.605855 0.574016 0.590094 0.565000 0.549555 0.572516 0.506768 0.577031 0.500000 0.586047 0.601358 0.577031 0.655410 0.575531 0.783794 0.586047 0.903162 0.590547 0.939180 0.602578 0.986487
