0 1 1 0.386438 0.420083 0.390109 0.406750 0.391687 0.396937 0.393797 0.389208 0.392750 0.376604 0.386438 0.366771 0.383281 0.362563 0.384859 0.352750 0.401687 0.352625 0.406422 0.341417 0.412203 0.307042 0.428516 0.277583 0.439031 0.266375 0.450078 0.258646 0.464281 0.248833 0.479000 0.252333 0.484266 0.272687 0.492156 0.283208 0.495313 0.288104 0.502672 0.310604 0.503203 0.340771 0.500578 0.351292 0.500578 0.374437 0.491625 0.396167 0.486891 0.407396 0.473219 0.438250 0.470062 0.456479 0.470594 0.483125 0.474266 0.510479 0.472172 0.511187 0.467438 0.511896 0.461125 0.593479 0.461125 0.645375 0.459016 0.678333 0.461656 0.703583 0.466391 0.723917 0.461125 0.731646 0.457438 0.734438 0.455859 0.739542 0.455344 0.736729 0.445875 0.803354 0.437453 0.845437 0.433250 0.879083 0.429031 0.904458 0.429031 0.905167 0.415359 1.000000 0.378547 0.996521 0.379078 0.954437 0.390641 0.910250 0.393797 0.889917 0.391687 0.865375 0.394844 0.835917 0.388016 0.746604 0.383281 0.742396 0.373281 0.743104 0.356984 0.777458 0.346984 0.802708 0.325953 0.870729 0.321734 0.872833 0.312266 0.884063 0.303328 0.886167 0.285453 0.886875 0.253359 0.890375 0.246000 0.900896 0.243891 0.905104 0.242313 0.910000 0.239156 0.922625 0.237062 0.930354 0.232328 0.943667 0.233906 0.958396 0.234422 0.964021 0.232328 0.970333 0.220750 0.973125 0.210750 0.973833 0.202344 0.962604 0.198656 0.955604 0.198141 0.926146 0.200766 0.907917 0.203922 0.895292 0.208656 0.870729 0.225484 0.857417 0.233375 0.857417 0.236000 0.859521 0.242313 0.856708 0.262297 0.835667 0.282297 0.829354 0.291750 0.833562 0.294906 0.833562 0.297547 0.813229 0.299125 0.784479 0.309109 0.730292 0.322266 0.697333 0.322797 0.677688 0.322797 0.651042 0.336984 0.615979 0.347516 0.573208 0.353297 0.547958 0.380125 0.441125 0.381703 0.430604 0.374109 0.427146 0.377797 0.405979 0.381484 0.386333 0.369906 0.371625 0.360437 0.369521 0.355172 0.375000 0.346234 0.383417 0.338344 0.393937 0.333609 0.414271 0.326781 0.434604 0.319937 0.464771 0.311000 0.489312 0.292594 0.543563 0.284703 0.574417 0.284703 0.598250 0.283125 0.608083 0.276812 0.620000 0.276281 0.634021 0.276281 0.643146 0.272594 0.671896 0.271016 0.683125 0.272594 0.688729 0.274703 0.692937 0.276281 0.697854 0.279969 0.699958 0.289953 0.700646 0.291016 0.704854 0.295219 0.705563 0.299953 0.698542 0.304156 0.688021 0.314672 0.622104 0.324141 0.584229 0.328875 0.554771 0.342562 0.517604 0.343609 0.534437 0.343609 0.538646 0.364641 0.467813
0 1 0 0.135141 0.158792 0.195953 0.172292 0.152031 0.588958 0.070953 0.579958
0 1 1 0.670781 0.586521 0.653937 0.586521 0.642141 0.447187 0.637078 0.361792 0.657297 0.343812 0.658984 0.303375 0.679219 0.294375 0.701125 0.334833 0.719656 0.404500 0.721344 0.460667 0.701125 0.456188 0.677531 0.523604 0.675844 0.568542
0 1 1 0.797297 0.600229 0.798984 0.568687 0.790547 0.537167 0.790547 0.489875 0.797297 0.462833 0.797297 0.422292 0.807438 0.399771 0.809125 0.379500 0.817562 0.341208 0.827703 0.329958 0.851344 0.359229 0.856422 0.393021 0.869938 0.435813 0.863172 0.465083 0.853047 0.496625 0.847969 0.514646 0.839531 0.566438 0.834453 0.577708 0.839531 0.595729 0.832766 0.620500 0.819250 0.622750 0.798984 0.606979
0 1 0 0.616859 0.675521 0.566922 0.681229 0.568344 0.656500 0.576906 0.633646 0.585469 0.629854 0.578328 0.534708 0.564062 0.483333 0.566922 0.468104 0.561203 0.443375 0.556922 0.414833 0.554078 0.397708 0.562641 0.371062 0.568344 0.353938 0.568344 0.338729 0.574047 0.310187 0.581187 0.283542 0.588328 0.275937 0.611156 0.283542 0.625422 0.300667 0.633984 0.334917 0.636844 0.371062 0.632563 0.420542 0.619719 0.466208 0.616859 0.519479 0.618297 0.658396 0.618297 0.660292
0 1 1 0.733703 0.597292 0.730766 0.592396 0.732234 0.567937 0.738094 0.536646 0.738828 0.512188 0.739563 0.495562 0.744703 0.470125 0.755703 0.450563 0.760844 0.425125 0.766703 0.405562 0.770375 0.379146 0.767438 0.362521 0.759375 0.345896 0.739563 0.333187 0.736625 0.327312 0.735891 0.315583 0.735891 0.297000 0.731500 0.285250 0.722687 0.281333 0.711688 0.281333 0.708016 0.303833 0.709484 0.323396 0.710219 0.337104 0.702156 0.344917 0.697750 0.352750 0.702156 0.363500 0.713891 0.388938 0.717562 0.405562 0.719016 0.423167 0.719750 0.437854 0.719750 0.452521 0.717562 0.458375 0.709484 0.461312 0.699953 0.448604 0.695547 0.450563 0.694078 0.471104 0.692609 0.496542 0.692609 0.520000 0.693344 0.546417 0.691141 0.565000 0.689672 0.579667 0.683812 0.584562 0.683812 0.589458 0.697016 0.591417 0.708016 0.581625 0.708016 0.549354 0.708016 0.532729 0.710219 0.519021 0.716094 0.514146 0.723422 0.522937 0.719750 0.546417 0.716828 0.570875 0.719016 0.595333 0.724156 0.603146 0.726359 0.603146
0 1 0 0.975719 0.595667 0.958766 0.595667 0.953109 0.574333 0.951234 0.558000 0.951234 0.539167 0.951234 0.531646 0.951234 0.529125 0.951234 0.510292 0.951234 0.492729 0.953109 0.478917 0.956875 0.466354 0.956875 0.458833 0.951234 0.452542 0.946531 0.438750 0.951234 0.421167 0.955000 0.414896 0.974766 0.408604 0.980422 0.406104 0.980422 0.394812 0.990781 0.394812 0.995484 0.412375 0.997375 0.427437 0.998312 0.445021 0.996422 0.463854 0.992656 0.487708 0.991719 0.514063 0.986063 0.530396 0.979484 0.549208 0.975719 0.560521 0.979484 0.578083 0.980422 0.586875 0.980422 0.590646
0 1 0 0.909344 0.318708 0.898484 0.334396 0.898484 0.358521 0.904813 0.364563 0.889422 0.376625 0.874031 0.432146 0.864984 0.484063 0.865891 0.499750 0.856844 0.555271 0.856844 0.570958 0.844172 0.632500 0.848687 0.653021 0.832391 0.654229 0.838734 0.662687 0.865891 0.662687 0.881281 0.566125 0.893953 0.541979 0.893047 0.563708 0.892141 0.654229 0.884000 0.659063 0.874031 0.659063 0.874031 0.665104 0.912969 0.679583 0.918391 0.649396 0.918391 0.557688 0.925641 0.519062 0.936500 0.519062 0.946453 0.417667 0.950984 0.405604 0.932875 0.370604 0.933781 0.341625 0.927453 0.317500
0 1 1 0.282141 0.265104 0.282141 0.265104 0.288969 0.282500 0.288969 0.302375 0.285250 0.321417 0.274687 0.337167 0.277797 0.367813 0.269094 0.404250 0.256047 0.405896 0.251703 0.328042 0.252937 0.308167 0.247359 0.301542 0.254187 0.281667 0.262875 0.272563 0.264125 0.259313 0.276547 0.255167 0.278406 0.255167
0 1 0 0.357906 0.242979 0.340734 0.250021 0.337438 0.262354 0.340078 0.275562 0.344031 0.280854 0.342719 0.291438 0.325547 0.301125 0.317609 0.327542 0.309687 0.349562 0.303078 0.319625 0.307047 0.289667 0.321578 0.264125 0.321578 0.245625 0.326859 0.229771 0.346016 0.221833 0.359234 0.225354 0.359891 0.235938
0 1 0 0.208094 0.395354 0.212922 0.364375 0.208094 0.357937 0.197437 0.352125 0.199375 0.335979 0.198891 0.325021 0.201797 0.312750 0.205188 0.298562 0.205188 0.289521 0.214859 0.269521 0.227453 0.256604 0.235672 0.250792 0.244391 0.254021 0.248266 0.261125 0.246328 0.268229 0.245359 0.273396 0.242937 0.286292 0.248750 0.295333 0.252609 0.374708 0.233734 0.363083 0.232766 0.369542 0.235672 0.387604 0.233734 0.405687 0.225516 0.410854 0.217281 0.403750 0.214375 0.403750
26 1 0 0.784500 0.439375 0.771328 0.455521 0.789766 0.482542 0.810562 0.454812 0.803984 0.450604 0.795031 0.442167
0 1 1 0.035391 0.874167 0.010109 0.874167 0.003375 0.094375 0.026969 0.098875 0.052250 0.015729 0.107859 0.002250 0.138203 0.024729 0.128094 0.110104 0.133141 0.155062 0.114609 0.274167 0.075844 0.532583 0.074156 0.570792 0.091016 0.597750 0.082578 0.662917 0.025281 0.761792 0.033703 0.797750 0.035391 0.869667
0 1 1 0.620562 0.295542 0.640141 0.295542 0.645422 0.303229 0.641141 0.311271 0.640391 0.317292 0.641141 0.325333 0.655453 0.342396 0.657219 0.347417 0.638391 0.362812 0.636125 0.354792 0.631109 0.315625
36 1 2 0.003984 0.922229 0.081516 0.836833 0.132078 0.798625 0.143875 0.800875 0.175906 0.818854 0.148937 0.886271 0.167469 0.913250 0.132078 0.940208 0.074781 0.953687 0.036016 0.987396 0.066344 0.985146 0.066344 1.000000 0.000000 1.000000
