0 1 0 0.609625 0.321344 0.687096 0.229219 0.710679 0.208984 0.717424 0.182016 0.727518 0.146063 0.801616 0.132578 0.828571 0.130344 0.862248 0.150562 0.889204 0.177531 0.889204 0.213484 0.858876 0.238203 0.858876 0.249437 0.848782 0.283141 0.848782 0.294375 0.858876 0.332578 0.868993 0.382016 0.926253 0.408984 0.922881 0.417984 0.865621 0.417984 0.848782 0.453937 0.852155 0.480906 0.862248 0.492141 0.862248 0.519094 0.788150 0.514609 0.811733 0.539328 0.757845 0.573031 0.714051 0.582016 0.575948 0.559547 0.606276 0.460672 0.606276 0.426969 0.602904 0.384266 0.596159 0.316859 0.619742 0.278656 0.666885 0.244937
55 1 1 0.772553 0.706109 0.796019 0.675797 0.796019 0.616125 0.847330 0.601453 0.867845 0.599500 0.876651 0.605359 0.870773 0.615141 0.866370 0.622000 0.905972 0.630797 0.917682 0.631781 0.945550 0.631781 0.971944 0.631781 0.976323 0.624922 0.976323 0.622000 0.993934 0.616125 1.000000 0.618078 0.996862 0.741328 0.904496 0.738391 0.820937 0.730563 0.771077 0.718828
0 1 0 1.000000 0.375437 1.000000 0.465719 0.990351 0.455250 0.962881 0.452625 0.972693 0.384594 0.945246 0.388531 0.927588 0.388531 0.902108 0.354516 0.904052 0.346656 0.947190 0.349281 0.980539 0.355812 1.000000 0.277312 1.000000 0.204063 1.000000 0.170047 1.000000 0.086313 0.990351 0.103313 0.970726 0.139953 0.994262 0.183125
43 1 0 0.510726 0.505844 0.614824 0.383031 0.626885 0.369141 0.648782 0.364016 0.655363 0.370594 0.600586 0.447359 0.541405 0.515359 0.534824 0.520469 0.516206 0.515359 0.437307 0.604547 0.414286 0.608203 0.424169 0.614047 0.440585 0.607469
0 1 0 0.590328 0.359703 0.596534 0.315812 0.582881 0.285172 0.572951 0.265281 0.551850 0.245406 0.553091 0.232984 0.544403 0.202344 0.544403 0.168391 0.545644 0.145187 0.570468 0.120344 0.617635 0.120344 0.652389 0.125312 0.656112 0.135250 0.647424 0.147672 0.647424 0.170047 0.654871 0.176672 0.643700 0.183297 0.646183 0.195719 0.646183 0.204828 0.626323 0.218906 0.627564 0.226359 0.657354 0.232984 0.673513 0.239609 0.632529 0.266937 0.610187 0.289313
39 0 1 0.586511 0.771391 0.590515 0.717031 0.594543 0.672063 0.614660 0.627766 0.625738 0.586828 0.628759 0.580125 0.649883 0.580797 0.656909 0.595547 0.654895 0.629109 0.663958 0.651266 0.668993 0.661328 0.672014 0.692203 0.675035 0.710984 0.675035 0.723750 0.675035 0.781469 0.671007 0.793547 0.643841 0.797562 0.605621 0.795563 0.587518 0.786828
55 1 1 0.863958 0.466219 0.863958 0.516062 0.863958 0.532984 0.848454 0.540516 0.847049 0.548969 0.848454 0.550859 0.851265 0.556500 0.995035 0.563078 1.000000 0.562141 1.000000 0.459641 0.968267 0.454938 0.968267 0.454938 0.910468 0.457750 0.910468 0.457750 0.873817 0.467156 0.873817 0.467156
55 1 1 0.796464 0.754266 0.774356 0.761078 0.735246 0.766750 0.714824 0.775828 0.708033 0.786031 0.709719 0.806469 0.709719 0.817813 0.709719 0.824625 0.714824 0.832563 0.745433 0.832563 0.764145 0.832563 0.779461 0.831422 0.798173 0.831422 0.818571 0.833703 0.830492 0.834828 0.852600 0.831422 0.888314 0.828016 0.917213 0.833703 0.976745 0.832563 1.000000 0.832563 1.000000 0.826891 1.000000 0.814406 0.966557 0.808734 0.939344 0.805328 0.922318 0.799656 0.908712 0.797391 0.893419 0.803063 0.879813 0.803063 0.859391 0.803063 0.823677 0.806469 0.811780 0.800781 0.799860 0.799656 0.789672 0.800781 0.782857 0.799656 0.779461 0.796250 0.779461 0.793984 0.784567 0.787172 0.784567 0.787172 0.787962 0.778094 0.796464 0.775828 0.801569 0.772422 0.811780 0.771281 0.815176 0.767875 0.815176 0.765609 0.806674 0.761078 0.804965 0.758797 0.803279 0.757672
40 1 1 0.677962 0.647672 0.699368 0.642141 0.713864 0.643984 0.723536 0.644906 0.730445 0.665172 0.730445 0.689125 0.725597 0.702016 0.717330 0.719063 0.706955 0.730109 0.704192 0.736109 0.703513 0.780781 0.706276 0.789531 0.709719 0.796906 0.709719 0.804734 0.709040 0.809797 0.698689 0.810266 0.681429 0.808422 0.673138 0.805656 0.666230 0.801516 0.665550 0.801047 0.665550 0.798281 0.680047 0.794141 0.690398 0.792766 0.695222 0.790000 0.693841 0.737484 0.695222 0.733344 0.679344 0.721828 0.674520 0.710766 0.671756 0.695562 0.671054 0.680375 0.673138 0.650422
40 1 1 0.788478 0.631281 0.787213 0.651203 0.784028 0.674937 0.781499 0.694859 0.773864 0.702484 0.765621 0.708844 0.766253 0.715625 0.761803 0.723250 0.759883 0.733859 0.760539 0.743594 0.761803 0.749953 0.768782 0.755469 0.762436 0.758016 0.749719 0.761828 0.733208 0.763953 0.721148 0.763953 0.721148 0.761406 0.731944 0.758859 0.741475 0.757594 0.747190 0.749953 0.749087 0.738937 0.749087 0.724109 0.744005 0.714781 0.735761 0.705031 0.728126 0.692312 0.731944 0.675781 0.731944 0.666453 0.727494 0.657984 0.730679 0.635938 0.730023 0.630437 0.736393 0.629156 0.747822 0.628312 0.758618 0.627047 0.768782 0.627047 0.778314 0.629156 0.783396 0.629578
39 0 1 0.702131 0.640406 0.701780 0.626734 0.697354 0.616500 0.691218 0.605578 0.687799 0.594187 0.686089 0.584859 0.684379 0.567328 0.684379 0.557766 0.681663 0.552531 0.678923 0.546156 0.657775 0.545703 0.656417 0.553219 0.653349 0.559141 0.652319 0.558906 0.650281 0.579859 0.649930 0.581437 0.655480 0.595781 0.655059 0.628797 0.663396 0.650469 0.670234 0.665172 0.671803 0.645656 0.678852 0.643422 0.688876 0.642438 0.700000 0.641703
0 1 0 0.080351 0.358938 0.131077 0.398438 0.150820 0.414422 0.157869 0.420062 0.157869 0.422875 0.149415 0.442625 0.149415 0.479313 0.167728 0.492469 0.180422 0.499062 0.207190 0.535734 0.214239 0.539500 0.256534 0.547953 0.317143 0.550781 0.353794 0.537609 0.403115 0.533844 0.420047 0.526328 0.452459 0.502813 0.489110 0.500938 0.494731 0.500938 0.475012 0.524453 0.510258 0.529156 0.532810 0.530094 0.535621 0.530094 0.545480 0.533844 0.541265 0.547953 0.515878 0.580875 0.501780 0.608141 0.490515 0.611906 0.429906 0.607203 0.387611 0.625078 0.279368 0.654297 0.081007 0.670047 0.094520 0.868250 0.114778 0.960578 0.145152 0.987609 0.124895 0.985359 0.000000 0.987609 0.000000 0.316609 0.002810 0.296859 0.007049 0.058938 0.026792 0.060828 0.073302 0.074922 0.108525 0.101266 0.124028 0.125719 0.129672 0.134172 0.124028 0.184953 0.109953 0.196250 0.095855 0.207531 0.095855 0.215984 0.091616 0.224453 0.087400 0.235734 0.081756 0.241375 0.067658 0.259250 0.049344 0.268656 0.040867 0.275234 0.039461 0.279000 0.032412 0.285578 0.026792 0.288406 0.015504 0.295922 0.005644 0.296859
