50 1 1 0.227900 0.988507 0.246360 0.966373 0.246660 0.943387 0.242680 0.918373 0.242680 0.910160 0.269440 0.881867 0.291280 0.877760 0.306980 0.926987 0.311900 0.945440 0.320200 0.952000 0.322040 1.000000 0.279280 1.000000 0.239280 0.997547 0.236520 0.990560
47 1 1 0.667060 0.527067 0.652940 0.571760 0.667060 0.602347 0.652940 0.623520 0.617640 0.623520 0.578820 0.668240 0.566480 0.731760 0.534700 0.771760 0.554120 0.809413 0.645880 0.665893 0.686480 0.642347 0.728820 0.658827 0.748240 0.621173 0.750000 0.564693 0.718240 0.534107
47 1 1 0.780500 0.805253 0.679500 0.849760 0.652800 0.852000 0.629420 0.876480 0.639440 0.912107 0.693700 0.932133 0.722900 0.962187 0.724580 0.977760 0.707880 0.996693 0.830600 0.998907 0.813900 0.986667 0.814740 0.919893 0.823080 0.844213 0.850620 0.789653 0.894040 0.780773 0.902380 0.731787 0.903220 0.604907 0.902380 0.589333 0.869820 0.584880 0.869820 0.600453 0.834760 0.649440 0.813060 0.678373 0.818080 0.717333 0.827260 0.711760 0.847280 0.759627 0.838940 0.782987 0.789700 0.825280
50 1 1 0.392020 0.694053 0.364660 0.711600 0.352040 0.705973 0.353620 0.684933 0.358880 0.665307 0.364140 0.646373 0.378860 0.628133 0.382540 0.620427 0.398840 0.633760 0.460380 0.698960 0.450920 0.722827 0.448300 0.727013 0.428820 0.730533 0.430940 0.722827 0.435660 0.717893 0.424620 0.698267 0.419360 0.687040 0.415680 0.684240 0.402000 0.684933
47 1 1 0.814400 0.989173 0.815160 0.918507 0.819780 0.881627 0.826680 0.833493 0.834360 0.812000 0.852040 0.786400 0.858180 0.782293 0.895820 0.783307 0.892740 0.859120 0.877380 1.000000 0.835900 1.000000
50 1 1 0.311520 0.947547 0.331260 0.954133 0.347500 0.950373 0.359480 0.947547 0.370760 0.935333 0.377120 0.916507 0.381340 0.890187 0.386280 0.857280 0.383460 0.830000 0.372180 0.808373 0.348200 0.799893 0.332680 0.788613 0.316460 0.800853 0.308700 0.826240 0.294600 0.847867 0.284020 0.871387 0.293880 0.897707 0.307280 0.924987
50 1 1 0.405640 0.782080 0.428580 0.757627 0.440800 0.747413 0.463740 0.766800 0.479020 0.780027 0.489740 0.810613 0.478260 0.837120 0.450740 0.884027 0.433920 0.900320 0.412520 0.878907 0.401820 0.837120 0.407160 0.812667 0.409460 0.799413
50 1 1 0.272720 0.610533 0.294420 0.623893 0.316960 0.643920 0.325320 0.672853 0.337840 0.691787 0.337840 0.700693 0.315300 0.682880 0.315300 0.682880 0.313620 0.727387 0.308620 0.740747 0.294420 0.751893 0.251020 0.759680 0.228480 0.749653 0.209280 0.722933 0.196760 0.689547 0.194260 0.676187 0.214300 0.660613 0.226820 0.652827 0.236820 0.646133 0.238500 0.629440 0.252680 0.619440 0.264380 0.610533
47 1 1 0.742960 0.702107 0.794020 0.713840 0.827460 0.711493 0.845080 0.760800 0.836260 0.786613 0.806340 0.810107 0.788740 0.826533 0.779920 0.803040 0.732400 0.826533 0.704220 0.835920 0.697180 0.831227 0.690140 0.807733
50 1 1 0.225180 0.565707 0.212420 0.555973 0.190540 0.551920 0.169260 0.557600 0.148580 0.592453 0.147360 0.630560 0.159520 0.654053 0.177760 0.671893 0.183240 0.676747 0.184460 0.675147 0.171080 0.637040 0.168640 0.624880 0.171680 0.617573 0.190540 0.596507 0.203300 0.586773 0.218500 0.573813
50 1 1 0.290060 0.619680 0.316940 0.643067 0.330100 0.646720 0.341620 0.678880 0.355320 0.670853 0.356960 0.659147 0.350380 0.618933 0.367920 0.578720 0.355320 0.563387 0.334480 0.559733 0.325700 0.562640 0.314200 0.559733 0.301040 0.568507 0.290060 0.596267 0.278560 0.612347 0.284040 0.622587
47 1 1 0.547760 0.817600 0.532580 0.929973 0.556180 0.896267 0.635400 0.909733 0.628660 0.887253 0.610120 0.862560 0.586520 0.828827 0.573040 0.822107 0.547760 0.815360
47 1 1 0.550720 0.898960 0.582340 0.897333 0.623680 0.905440 0.647980 0.911920 0.675960 0.924880 0.699060 0.937867 0.713640 0.954053 0.723360 0.960560 0.720940 0.976747 0.705120 0.999467 0.553160 1.000000 0.541000 0.986480 0.534920 0.962160 0.541000 0.931360
47 1 1 0.793900 0.570907 0.800260 0.570907 0.840180 0.537040 0.854680 0.545520 0.860140 0.540667 0.871020 0.546720 0.867380 0.597520 0.848340 0.627760 0.814780 0.671307 0.768500 0.708800 0.760340 0.708800 0.742200 0.699120 0.746740 0.689440 0.732220 0.656800 0.732220 0.649520 0.756720 0.612027 0.777580 0.583013 0.786660 0.573333
45 1 2 0.517420 0.683707 0.664040 0.488213 0.911800 0.488213 0.933700 0.897200 0.933700 0.960107 0.918540 0.984827 0.508980 0.987067 0.510680 0.679227
45 1 2 0.087640 0.462933 0.123040 0.044933 0.155060 0.017973 0.487080 0.013493 0.497200 0.289893 0.389320 0.440453 0.353940 0.458427 0.096060 0.467413
45 1 2 0.505620 0.301120 0.660680 0.476400 0.507300 0.683147 0.357300 0.480907
