0 1 1 0.357500 0.844953 0.341047 0.800000 0.341047 0.773028 0.350016 0.743826 0.329234 0.636455 0.318172 0.583638 0.296688 0.549390 0.264125 0.533756 0.256969 0.526901 0.266734 0.522981 0.277813 0.529836 0.290172 0.525916 0.288219 0.501479 0.292125 0.478967 0.299938 0.466244 0.310359 0.455493 0.302547 0.423216 0.300594 0.408545 0.299938 0.387019 0.284969 0.330282 0.269984 0.298991 0.228328 0.278451 0.215297 0.281385 0.202281 0.270634 0.158000 0.299977 0.146938 0.356690 0.143031 0.405610 0.160609 0.470164 0.166469 0.487770 0.143688 0.516150 0.060344 0.586573 0.034297 0.669718 0.026484 0.704930 0.000000 0.806643 0.001750 0.881972 0.001094 0.906408 0.003703 0.998357 0.003703 0.995422 0.068813 1.000000 0.059688 0.981737 0.058391 0.950446 0.046016 0.928920 0.059047 0.912301 0.073359 0.893709 0.064906 0.874131 0.083781 0.868263 0.094203 0.913263 0.122203 0.916197 0.128703 0.931854 0.135219 0.963145 0.126750 0.997394 0.197719 0.999343 0.198375 0.984671 0.225062 0.973920 0.236781 0.959249 0.273891 0.943592 0.308406 0.940657 0.316875 0.933803 0.309703 0.918169 0.316219 0.897606 0.303203 0.911315 0.299297 0.885869 0.312969 0.855563 0.300594 0.810563 0.318172 0.806643 0.330547 0.838920 0.340313 0.829155 0.349422 0.830117
0 1 0 0.963250 0.643732 0.960188 0.622934 0.964797 0.605610 0.959406 0.599836 0.945578 0.587136 0.947109 0.581362 0.940187 0.568639 0.934813 0.532840 0.921734 0.535141 0.908656 0.514343 0.930969 0.447347 0.924812 0.441573 0.924812 0.409225 0.929422 0.396526 0.935578 0.331831 0.965563 0.274085 0.999391 0.249812 1.000000 0.663380 0.997719 0.770305 0.999516 0.898122 0.998906 0.997136 0.737094 0.998028 0.734703 0.998028 0.766453 0.962934 0.834156 0.956643 0.847937 0.949437 0.917437 0.941338 0.965969 0.838732
0 1 0 0.855594 0.552817 0.863063 0.761808 0.852594 0.934836 0.852594 0.957300 0.768828 0.961808 0.741906 0.988756 0.704516 0.973028 0.719469 0.916854 0.728453 0.885399 0.717984 0.858427 0.706016 0.835962 0.671609 0.844953 0.665625 0.930329 0.682078 0.966291 0.625234 0.934836 0.620750 0.858427 0.580359 0.835962 0.562422 0.869671 0.568406 0.916854 0.556437 0.889883 0.571391 0.831455 0.547453 0.698873 0.541469 0.638192 0.539984 0.593263 0.556437 0.577535 0.583359 0.539319 0.610281 0.507864 0.626734 0.487629 0.607297 0.332582 0.631219 0.285399 0.658141 0.260681 0.717984 0.258427 0.762844 0.328099 0.762844 0.440446 0.762844 0.469671 0.840625 0.546056
40 1 1 0.570891 0.856385 0.570891 0.856385 0.590891 0.845986 0.608578 0.848286 0.620875 0.859859 0.619328 0.896808 0.616266 0.939554 0.603188 0.960352 0.601656 0.989225 0.605500 0.998474 0.590891 1.000000 0.592422 0.991549 0.590891 0.961502 0.580891 0.944178 0.569359 0.911831 0.566281 0.876009 0.570125 0.859859
0 1 0 0.472672 0.919108 0.511562 0.923592 0.519031 0.910117 0.559422 0.907864 0.562422 0.853944 0.566906 0.808991 0.554937 0.746056 0.545969 0.689883 0.542969 0.615728 0.544469 0.591009 0.544469 0.588756 0.557922 0.568545 0.559422 0.557300 0.553438 0.539319 0.534000 0.505610 0.525594 0.480305 0.530531 0.446221 0.527562 0.418052 0.514734 0.397277 0.504875 0.386901 0.487109 0.388380 0.471313 0.398779 0.456516 0.412113 0.454531 0.423967 0.459469 0.434343 0.457500 0.446221 0.457500 0.458075 0.455531 0.466972 0.454531 0.475869 0.462437 0.486244 0.461453 0.498099 0.468359 0.505516 0.476828 0.510282 0.479578 0.533028 0.482328 0.537160 0.468563 0.574390 0.464437 0.607465 0.443781 0.611596 0.419016 0.597136 0.403875 0.611596 0.401125 0.630211 0.408000 0.644695 0.428641 0.644695 0.441031 0.657089 0.452047 0.665376 0.465813 0.671573 0.457547 0.721197 0.458922 0.756338 0.474063 0.779085 0.469938 0.828732
0 1 0 0.385844 0.478920 0.382812 0.486549 0.382297 0.498732 0.382297 0.499507 0.384328 0.508639 0.388891 0.518545 0.392953 0.530751 0.395484 0.538357 0.393812 0.558052 0.393187 0.569155 0.389797 0.578404 0.384250 0.600141 0.378094 0.601080 0.373484 0.597840 0.371016 0.595516 0.366703 0.595986 0.366703 0.595986 0.364234 0.601080 0.361469 0.608944 0.361469 0.613099 0.362703 0.618192 0.366391 0.620962 0.367938 0.622371 0.367938 0.622817 0.371328 0.623756 0.377797 0.621432 0.384562 0.620516 0.390422 0.626995 0.390109 0.638099 0.388563 0.648263 0.385797 0.654742 0.383641 0.660305 0.383328 0.664460 0.449547 0.665845 0.443391 0.657066 0.435375 0.651502 0.428297 0.645962 0.423375 0.644108 0.420906 0.644108 0.412594 0.644577 0.405813 0.642254 0.402734 0.634390 0.400891 0.620516 0.405813 0.611268 0.409203 0.604789 0.411672 0.602465 0.418750 0.599225 0.423672 0.600610 0.432297 0.607559 0.437531 0.611714 0.444625 0.613099 0.450469 0.607559 0.449859 0.596901 0.447391 0.536761 0.443703 0.527981 0.437234 0.519648 0.422750 0.507606 0.419094 0.502418 0.418687 0.487512 0.416172 0.476690 0.410531 0.470399 0.404266 0.466643 0.400297 0.466808 0.395906 0.468826 0.390687 0.472441 0.388281 0.474812
0 1 0 0.157000 0.454859 0.137625 0.454859 0.132531 0.469413 0.126422 0.481667 0.122859 0.508451 0.126422 0.526831 0.140172 0.516103 0.157000 0.503850 0.165141 0.490845 0.163109 0.476315
40 1 1 0.667938 0.859930 0.671016 0.853897 0.679328 0.850657 0.691656 0.851127 0.704891 0.852042 0.715984 0.855282 0.721219 0.860376 0.723375 0.883521 0.723688 0.908028 0.723688 0.923310 0.717828 0.945516 0.707984 0.960329 0.701203 0.970962 0.701203 0.993826 0.703359 1.000000 0.689500 1.000000 0.689500 0.994742 0.692578 0.990117 0.692578 0.973920 0.683641 0.957747 0.675641 0.945704 0.671328 0.931831 0.668250 0.914249 0.666406 0.896667 0.667016 0.876761
60 1 1 0.862234 0.718451 0.878625 0.729953 0.907844 0.734460 0.937328 0.732817 0.960812 0.735282 0.979109 0.736925 1.000000 0.738146 0.999859 0.679484 0.974469 0.682371 0.963266 0.668826 0.954797 0.656103 0.930500 0.644202 0.918766 0.634765 0.878625 0.635188 0.861687 0.636408 0.860594 0.663498 0.861969 0.680305 0.861422 0.705751 0.862234 0.718451
0 1 1 0.367688 0.484437 0.361500 0.486690 0.356438 0.490634 0.355125 0.503873 0.354187 0.516526 0.356438 0.526948 0.357938 0.529484 0.359437 0.531174 0.357375 0.539624 0.355875 0.545540 0.348563 0.549202 0.346312 0.559883 0.349688 0.574249 0.352688 0.581291 0.355687 0.587770 0.354000 0.600704 0.360188 0.601831 0.364312 0.595352 0.367875 0.594789 0.369922 0.594789 0.382672 0.598169 0.382484 0.601549 0.389609 0.591714 0.389797 0.573685 0.391859 0.568615 0.394672 0.562700 0.392797 0.554812 0.391859 0.550587 0.391484 0.539624 0.388859 0.533991 0.385672 0.526667 0.384547 0.520188 0.385672 0.513991 0.385109 0.510610 0.383234 0.498803 0.375734 0.488380 0.372734 0.484437
40 1 1 0.062453 1.000000 0.056297 0.974437 0.059547 0.932371 0.079078 0.915751 0.105125 0.907911 0.128562 0.916714 0.133781 0.968568 0.125312 0.997911
0 1 1 0.351438 0.590516 0.350781 0.561174 0.338406 0.532793 0.339063 0.481948 0.331906 0.450634 0.308469 0.442817 0.287625 0.494648 0.283719 0.525962 0.264188 0.529859 0.316281 0.571925 0.329953 0.602253 0.337109 0.599319
40 1 1 0.547063 0.927465 0.526094 0.928920 0.510625 0.933756 0.506422 0.942958 0.504172 0.965258 0.504172 0.965258 0.505781 1.000000 0.574469 1.000000 0.573172 0.942488 0.568656 0.932793 0.559312 0.927465 0.547375 0.927465
42 1 2 0.317406 0.855563 0.308328 0.844061 0.301250 0.817676 0.302094 0.814695 0.302953 0.814272 0.313438 0.844484 0.314562 0.844061 0.304359 0.815540 0.306063 0.814272 0.315703 0.840235 0.308609 0.811714 0.310891 0.812559 0.319109 0.835986 0.311453 0.810423 0.313719 0.810869 0.325906 0.838099 0.327312 0.844484
40 1 1 0.366172 0.661502 0.371609 0.653357 0.372281 0.628897 0.356672 0.625845 0.351922 0.627864 0.349891 0.659484 0.356000 0.663545 0.357359 0.673756 0.358719 0.680892 0.367531 0.681901 0.367531 0.670681
60 1 1 0.451234 0.685704 0.420125 0.698709 0.344047 0.696103 0.345781 0.732465 0.413203 0.727277 0.459891 0.706502
39 1 1 0.960594 0.660775 0.964594 0.653005 0.964594 0.639601 0.966703 0.637488 0.971406 0.639953 0.970938 0.653709 0.974922 0.662535 0.976094 0.683005 0.968828 0.684765 0.963422 0.684061 0.960359 0.683709 0.960125 0.684765 0.962016 0.705235 0.959891 0.706995 0.961063 0.715117 0.965766 0.711925
40 1 1 0.945266 0.690540 0.953875 0.691361 0.955125 0.696737 0.951719 0.704836 0.950641 0.708333 0.950281 0.711033 0.950281 0.715329 0.951547 0.718286 0.952969 0.721526 0.950469 0.722864 0.947422 0.722864 0.943469 0.721807 0.944547 0.717207 0.947422 0.711831 0.947422 0.707512 0.945266 0.703474 0.944016 0.699977 0.943656 0.698357 0.944016 0.692700
0 1 0 0.338484 0.460000 0.345203 0.458216 0.347578 0.458803 0.354688 0.471291 0.355484 0.479014 0.355094 0.487911 0.356672 0.498592 0.354688 0.506925 0.354688 0.520563 0.357453 0.529484 0.357859 0.535423 0.356266 0.539577 0.346781 0.551455 0.340469 0.532441 0.338094 0.501573 0.340062 0.483169 0.335328 0.465352
0 1 0 0.446859 0.487042 0.450984 0.480047 0.461188 0.478709 0.461188 0.484085 0.462797 0.486502 0.463328 0.489460 0.462250 0.493498 0.464938 0.495376 0.465125 0.501009 0.465469 0.506408 0.467625 0.509883 0.472281 0.517958 0.471922 0.520376 0.463859 0.526033 0.460109 0.534906 0.457422 0.558286 0.455813 0.577911 0.454375 0.585446 0.461359 0.591080 0.467266 0.594038 0.466375 0.608826 0.464766 0.612324 0.457953 0.608826 0.453312 0.606690 0.449375 0.595117 0.449375 0.559366 0.448828 0.550493 0.449375 0.544836 0.446141 0.535423 0.444531 0.529249 0.442750 0.516878 0.444531 0.513920 0.446859 0.511244 0.447766 0.506667 0.445437 0.502629 0.445437 0.495376 0.445609 0.491620
75 1 1 0.340344 0.631056 0.337781 0.670188 0.335953 0.676244 0.336500 0.680376 0.338703 0.694155 0.351359 0.694437 0.353188 0.683685 0.353563 0.677911 0.351000 0.658897 0.350266 0.635728 0.350078 0.624437 0.348609 0.626080 0.344750 0.626080 0.341266 0.628005
39 1 1 0.867437 0.654366 0.869063 0.623380 0.871172 0.618122 0.873750 0.612136 0.876797 0.614601 0.876562 0.621972 0.879141 0.625493 0.879141 0.656479
40 1 1 0.371328 0.626103 0.372078 0.650728 0.377422 0.659859 0.378563 0.675892 0.372844 0.678756 0.374750 0.685047 0.380469 0.685047 0.384656 0.683333 0.387703 0.680470 0.385031 0.677042 0.382375 0.675329 0.380844 0.662160 0.389984 0.644413 0.389219 0.622113 0.378938 0.622113 0.371703 0.622113
45 1 1 0.935531 0.629859 0.931328 0.629366 0.926781 0.626925 0.914484 0.606268 0.916906 0.601150 0.928078 0.594812 0.940875 0.592394 0.949625 0.594085 0.960953 0.598709 0.963547 0.604554 0.963219 0.612817 0.958359 0.625470 0.956422 0.628638 0.953672 0.630094 0.949453 0.630587
39 1 1 0.903313 0.620939 0.903313 0.617535 0.904703 0.613380 0.908000 0.613380 0.908531 0.617535 0.910266 0.621455 0.912000 0.628756 0.912859 0.652746 0.909219 0.653005 0.908703 0.629014 0.907313 0.625634 0.906438 0.621714 0.906094 0.620141
75 1 1 0.365016 0.941620 0.363000 0.997559 0.396875 0.999577 0.391172 0.940117 0.382125 0.943146 0.370047 0.943639
40 1 1 0.957641 0.693474 0.964375 0.707324 0.966141 0.712629 0.966141 0.717418 0.963313 0.719554 0.961891 0.723286 0.964375 0.724883 0.969687 0.725399 0.974297 0.725399 0.975000 0.721690 0.971813 0.718498 0.970750 0.713169 0.972172 0.709977 0.976422 0.698263 0.977828 0.690282 0.977125 0.684977 0.969328 0.682840 0.965078 0.682840 0.959422 0.682840 0.954109 0.684437 0.953391 0.687629 0.954813 0.691878 0.955875 0.692418
40 1 1 0.907063 0.692840 0.905203 0.710023 0.910469 0.715610 0.910766 0.724906 0.915406 0.723967 0.913859 0.714671 0.920672 0.710962 0.918500 0.692371 0.917266 0.689577 0.905828 0.690986
39 1 1 0.901937 0.624225 0.902125 0.620376 0.905984 0.619554 0.907078 0.625329 0.908359 0.628099 0.910203 0.659507 0.898828 0.658146 0.899187 0.638850 0.899922 0.630305
40 1 1 0.929766 0.683897 0.937734 0.683897 0.938672 0.686338 0.938125 0.698897 0.933547 0.708826 0.933406 0.713685 0.933406 0.718146 0.933281 0.724225 0.936109 0.724225 0.934359 0.726244 0.931656 0.726244 0.926672 0.723826 0.929234 0.721596 0.930047 0.720775 0.930844 0.712465 0.926797 0.706995 0.926531 0.699906 0.926937 0.685516
