18 1 1 0.241013 0.506960 0.240240 0.508480 0.237947 0.511180 0.236907 0.512140 0.236400 0.514240 0.239227 0.521160 0.240507 0.522880 0.241280 0.524420 0.243067 0.526340 0.246133 0.529020 0.248427 0.529020 0.254320 0.527100 0.255333 0.524800 0.257387 0.523260 0.261493 0.520960 0.264800 0.518860 0.266080 0.515020 0.261733 0.512720 0.256880 0.511360 0.254827 0.509840 0.251760 0.507920 0.247920 0.507140
0 1 1 0.412533 0.795360 0.401173 0.791740 0.392907 0.793820 0.386000 0.782960 0.390480 0.767960 0.386000 0.758920 0.382213 0.750900 0.380827 0.735660 0.389440 0.721700 0.390827 0.717820 0.397040 0.709560 0.399093 0.706960 0.406693 0.706960 0.411520 0.715500 0.416347 0.719640 0.424613 0.723240 0.422187 0.736180 0.425653 0.754000 0.420480 0.758400 0.418053 0.764080 0.417360 0.774680 0.411173 0.788120
18 1 0 0.454853 0.638420 0.453067 0.633300 0.454507 0.628200 0.456293 0.620660 0.458453 0.616640 0.464187 0.612340 0.468133 0.611000 0.480667 0.611520 0.486053 0.612880 0.490000 0.619600 0.494640 0.625780 0.495733 0.629280 0.493573 0.631960 0.488560 0.631960 0.489627 0.640560 0.486400 0.643780 0.478507 0.641360 0.477813 0.636800 0.478507 0.632220 0.472427 0.631420 0.474213 0.636800 0.474933 0.641900 0.472427 0.643520 0.468853 0.644600 0.464907 0.641640 0.463467 0.635460 0.459867 0.634380 0.459867 0.639480 0.458080 0.639760
18 1 1 0.209973 0.521860 0.214240 0.514640 0.216747 0.513300 0.225307 0.513560 0.226373 0.513560 0.224240 0.507680 0.226747 0.505800 0.236027 0.503380 0.239600 0.506600 0.239600 0.509540 0.235307 0.512500 0.235653 0.516780 0.238160 0.519980 0.241733 0.526400 0.243147 0.531500 0.234960 0.532840 0.230320 0.533900 0.225307 0.531760 0.223173 0.528560
18 1 1 0.152133 0.581340 0.151067 0.587040 0.150507 0.589480 0.147787 0.589900 0.144000 0.587860 0.140187 0.585420 0.138027 0.583780 0.137467 0.581740 0.137467 0.572780 0.137467 0.568700 0.142373 0.566660 0.151600 0.561380 0.158133 0.551600 0.166827 0.549560 0.172240 0.549560 0.180160 0.558700 0.173627 0.561540 0.166587 0.564400 0.165493 0.568060 0.160053 0.574180 0.155707 0.577840 0.154080 0.581920
18 1 1 0.364827 0.618860 0.369360 0.615460 0.374480 0.614600 0.382427 0.616320 0.385253 0.627800 0.381280 0.634620 0.380720 0.640160 0.379013 0.635900 0.379600 0.631640 0.374480 0.631220 0.370507 0.625680 0.366533 0.620560
18 1 1 0.421333 0.547100 0.418827 0.556780 0.417013 0.566200 0.417387 0.570220 0.414880 0.571040 0.409867 0.569960 0.407360 0.559480 0.406267 0.564580 0.404827 0.567540 0.400533 0.565120 0.398027 0.564860 0.398373 0.567280 0.394800 0.566460 0.389787 0.563240 0.387627 0.553020 0.391573 0.542800 0.395867 0.538500 0.402693 0.536900 0.408053 0.537420 0.417733 0.542000 0.422400 0.547100
18 1 0 0.418693 0.639000 0.417440 0.634240 0.420827 0.626920 0.421680 0.621540 0.424640 0.616460 0.432667 0.613920 0.445787 0.613920 0.450453 0.615180 0.451733 0.621540 0.451307 0.628520 0.448773 0.634240 0.447493 0.639620 0.447067 0.645660 0.441147 0.646620 0.441147 0.639940 0.437333 0.639000 0.436053 0.639620 0.434373 0.645660 0.433947 0.648520 0.428453 0.645340 0.425893 0.643440 0.421253 0.641840
18 1 1 0.211387 0.498980 0.211867 0.494920 0.221973 0.492900 0.228373 0.496960 0.226133 0.502300
18 1 1 0.545707 0.614460 0.544000 0.608500 0.538320 0.589760 0.538907 0.588060 0.542293 0.585920 0.544000 0.583800 0.553653 0.581240 0.561600 0.589760 0.570693 0.603820 0.571813 0.612320 0.565573 0.619980 0.563867 0.621260 0.563307 0.627220 0.549680 0.624240
18 1 1 0.245493 0.649300 0.242400 0.635880 0.244800 0.625560 0.250640 0.622220 0.256853 0.624800 0.270587 0.628920 0.275413 0.636920 0.267493 0.654460 0.266133 0.661420 0.263387 0.658580 0.261307 0.664000 0.258907 0.659600 0.258560 0.657800 0.254080 0.660120 0.249627 0.659860 0.247547 0.653160
18 1 1 0.296773 0.674120 0.300160 0.657140 0.310347 0.652040 0.320560 0.652880 0.327920 0.659680 0.323387 0.675400 0.320560 0.677960 0.313760 0.677100 0.297893 0.677100
18 1 1 0.514240 0.633160 0.516880 0.627860 0.521760 0.622560 0.521307 0.613260 0.513360 0.609280 0.505840 0.608280 0.496107 0.618580 0.498747 0.630840 0.497867 0.633840 0.502293 0.634820 0.503173 0.639480 0.505840 0.633840 0.511147 0.638800
18 1 1 0.122347 0.579660 0.120187 0.566220 0.120720 0.561340 0.123440 0.557660 0.129973 0.558480 0.132133 0.555620 0.141920 0.555220 0.145707 0.555220 0.142453 0.560920 0.139733 0.565000 0.137013 0.571520 0.137573 0.579260 0.135387 0.587000 0.132133 0.585780 0.127253 0.582520
18 1 1 0.270320 0.564520 0.262320 0.568420 0.260107 0.572920 0.260107 0.576840 0.259307 0.579980 0.257120 0.583740 0.258720 0.591240 0.261520 0.594560 0.270533 0.593640 0.270720 0.589440 0.275947 0.589440 0.279547 0.589440 0.282347 0.586600 0.276347 0.584480 0.277947 0.581640 0.279333 0.576980 0.274747 0.575320 0.273947 0.572780 0.279147 0.570380 0.281333 0.569020 0.278533 0.565860 0.270320 0.564820
18 1 1 0.392800 0.649680 0.384613 0.652320 0.379227 0.656700 0.377600 0.661240 0.379227 0.668440 0.382747 0.675620 0.385307 0.675260 0.389040 0.673520 0.393493 0.672120 0.396533 0.671420 0.396053 0.668440 0.399787 0.668600 0.402587 0.667380 0.402827 0.666320 0.401893 0.665980 0.400267 0.664400 0.400027 0.663520 0.398160 0.660900 0.400267 0.658980 0.401893 0.654940 0.400960 0.651620 0.397680 0.649160 0.393253 0.649160
18 1 1 0.486213 0.740220 0.485067 0.731280 0.479413 0.727880 0.481093 0.714260 0.489040 0.707860 0.502667 0.709580 0.504373 0.722780 0.499840 0.729160 0.499840 0.740220 0.494720 0.739800 0.495307 0.729580 0.488480 0.732140 0.489040 0.741500 0.486213 0.741500
18 1 1 0.508640 0.724900 0.502480 0.706840 0.509893 0.698060 0.524693 0.699900 0.526533 0.706840 0.525307 0.715180 0.524693 0.724900 0.521600 0.727200 0.518507 0.727200 0.516053 0.723500 0.514213 0.728140 0.509253 0.728600
