0 1 1 0.395594 0.460024 0.427547 0.427877 0.454172 0.402146 0.498906 0.416627 0.518078 0.421439 0.532984 0.453585 0.551094 0.485755 0.553219 0.516297 0.561734 0.550047 0.560672 0.574151 0.577719 0.630424 0.607531 0.627217 0.613922 0.664174 0.645875 0.694717 0.669312 0.704363 0.735344 0.742948 0.734281 0.762241 0.720422 0.750991 0.727891 0.763844 0.721500 0.781533 0.705516 0.800825 0.714047 0.816910 0.736406 0.787972 0.742797 0.812075 0.741734 0.850660 0.781141 0.816910 0.804562 0.760637 0.775813 0.722052 0.764094 0.722052 0.722562 0.669009 0.675703 0.607925 0.674641 0.595047 0.690609 0.595047 0.704453 0.583797 0.734281 0.583797 0.742797 0.569340 0.820547 0.614340 0.845031 0.678656 0.862078 0.646509 0.879125 0.598278 0.861016 0.580590 0.836516 0.569340 0.800313 0.548443 0.736406 0.488962 0.717234 0.482524 0.702328 0.461627 0.662922 0.355519 0.645875 0.305684 0.603281 0.265495 0.609672 0.239788 0.603281 0.202807 0.623516 0.152972 0.623516 0.114387 0.600078 0.093491 0.574516 0.107972 0.570266 0.132075 0.559609 0.148160 0.505297 0.191557 0.481859 0.210849 0.473344 0.188349 0.442453 0.189953 0.419031 0.202807 0.419031 0.212453 0.413703 0.252642 0.408375 0.279976 0.420094 0.283184 0.417969 0.297665 0.405188 0.371604 0.377500 0.408585 0.348734 0.471274 0.377500 0.513066 0.407312 0.542005 0.435000 0.582193 0.445656 0.583797 0.457375 0.588632 0.464828 0.575778 0.453109 0.532358 0.428609 0.524316
36 1 0 0.780203 0.812547 0.790516 0.792099 0.803422 0.768726 0.807938 0.748278 0.815031 0.733679 0.829234 0.704458 0.842125 0.689858 0.857609 0.661627 0.866641 0.645071 0.873750 0.619741 0.878266 0.602217 0.887297 0.584693 0.895031 0.567170 0.904703 0.545731 0.913734 0.556439 0.908578 0.575920 0.896328 0.604175 0.892453 0.618774 0.893734 0.636297 0.896969 0.639222 0.900187 0.634363 0.902125 0.616816 0.911156 0.609033 0.920187 0.615849 0.926641 0.629481 0.922125 0.640189 0.911156 0.643113 0.904062 0.658703 0.895031 0.673302 0.898906 0.691792 0.893094 0.706415 0.884062 0.706415 0.875031 0.698632 0.874391 0.689858 0.874391 0.680118 0.876969 0.673302 0.876969 0.662594 0.866000 0.665519 0.859547 0.684009 0.843422 0.718090 0.821484 0.749245 0.808578 0.774576 0.809234 0.787241 0.812453 0.778467 0.818906 0.773609 0.827937 0.775542 0.836969 0.789174 0.832453 0.806698 0.825359 0.809623 0.814391 0.806698 0.812453 0.803797 0.806000 0.800873 0.798906 0.808656 0.796969 0.822288 0.789875 0.819363 0.780844 0.833986 0.773750 0.839811 0.760203 0.846627 0.750531 0.839811 0.769875 0.827170 0.778266 0.808656
0 1 1 0.806312 0.028986 0.799953 0.062830 0.808984 0.087075 0.821031 0.090094 0.844453 0.084552 0.846797 0.083019 0.846797 0.062830 0.846125 0.059292 0.849469 0.047665 0.849141 0.017358 0.841438 0.000000 0.811328 0.000000 0.812656 0.006250 0.807641 0.013821 0.805969 0.020401
0 1 0 0.954469 0.037972 0.951109 0.065873 0.956719 0.081085 0.953359 0.086981 0.957266 0.091203 0.963437 0.090377 0.970703 0.076840 0.962313 0.047264 0.968469 0.037972 0.971266 0.038821 0.970703 0.065024 0.972953 0.085307 0.981906 0.089528 0.992062 0.059387 0.987609 0.048939 0.986125 0.041486 0.995516 0.038491 0.997000 0.034764 1.000000 0.016863 0.997000 0.007901 0.994531 0.002689 0.992547 0.001934 0.987109 0.000448 0.971297 0.000000 0.963391 0.000000 0.957469 0.002689 0.955000 0.009410 0.953016 0.036250
0 1 0 0.743172 0.034835 0.743172 0.003703 0.776781 0.001392 0.780594 0.029057 0.776781 0.038278 0.771438 0.060189 0.767609 0.075165 0.762266 0.124717 0.769141 0.139717 0.745469 0.143160 0.745469 0.133939 0.739359 0.114363
0 1 0 0.142906 0.001226 0.135641 0.037594 0.135641 0.060259 0.141547 0.092524 0.137906 0.106934 0.116531 0.109670 0.122000 0.092524 0.116984 0.061627 0.116531 0.039670 0.119719 0.020448 0.124266 0.010825
0 1 0 0.671172 0.003703 0.665516 0.022901 0.664813 0.032476 0.669047 0.039929 0.669750 0.044198 0.673281 0.060189 0.671172 0.072972 0.669047 0.081486 0.671172 0.084693 0.682469 0.084693 0.688109 0.081486 0.688109 0.066580 0.684578 0.052712 0.683875 0.036745 0.689516 0.023962 0.693750 0.037807 0.695172 0.063373 0.696578 0.063373 0.699406 0.053797 0.699406 0.038868 0.698703 0.016486 0.697281 0.000519
0 1 1 0.299891 0.030566 0.298406 0.001486 0.310750 0.002241 0.314703 0.011934 0.321625 0.017146 0.324594 0.033561 0.316188 0.037288 0.301375 0.031321
0 1 0 0.575594 0.059929 0.574047 0.053679 0.576125 0.042358 0.578969 0.034528 0.581813 0.030236 0.583109 0.020071 0.585953 0.016156 0.592172 0.014599 0.596313 0.017712 0.597609 0.021627 0.598125 0.027877 0.597609 0.030236 0.599687 0.036887 0.599687 0.046250 0.598125 0.050943 0.596063 0.054858 0.594500 0.062288
36 1 1 0.104984 0.103915 0.098469 0.096486 0.093531 0.087524 0.093734 0.080377 0.106766 0.088137 0.114266 0.098561 0.116641 0.102736 0.107953 0.103325 0.104781 0.103632
0 1 0 0.419938 0.023585 0.418000 0.029764 0.417359 0.041769 0.410266 0.043066 0.410266 0.049552 0.412844 0.053467 0.426391 0.053467 0.429625 0.044693 0.429406 0.039811 0.425313 0.036250 0.425750 0.029104 0.423594 0.024552
0 1 0 0.713531 0.041274 0.708203 0.037241 0.705203 0.027689 0.705859 0.017123 0.709531 0.011108 0.716531 0.006580 0.722188 0.001533 0.728844 0.001533 0.728516 0.006061 0.733187 0.009599 0.732844 0.017642 0.733187 0.027689 0.737844 0.033231 0.738844 0.037241 0.735516 0.039764 0.730516 0.030708 0.727844 0.020142 0.725187 0.027689 0.726188 0.036250 0.727844 0.049316 0.730844 0.055354 0.733844 0.059363 0.732844 0.075967 0.735172 0.079976 0.730844 0.081486 0.725516 0.080495 0.725516 0.063892 0.723516 0.054340 0.718188 0.048302 0.714188 0.046297
0 1 0 0.501203 0.055377 0.502891 0.040472 0.507406 0.034505 0.510781 0.029835 0.509375 0.023019 0.509094 0.020024 0.512766 0.014080 0.516422 0.014080 0.519250 0.020896 0.518687 0.025142 0.517563 0.030684 0.518969 0.034080 0.527422 0.055802
0 1 0 0.445016 0.055566 0.447953 0.045825 0.450297 0.039623 0.448547 0.026792 0.454109 0.019245 0.458516 0.025448 0.461750 0.035189 0.467031 0.045825 0.468203 0.054693
0 1 0 0.448125 0.049434 0.448125 0.042689 0.445141 0.035943 0.440672 0.024717 0.433234 0.022476 0.431734 0.031462 0.431734 0.035943 0.431734 0.049434
