0 1 1 0.823516 0.443349 0.835656 0.458150 0.839703 0.468103 0.840687 0.483138 0.840516 0.497963 0.838422 0.518571 0.836641 0.525363 0.830812 0.541874 0.820281 0.572201 0.818984 0.595995 0.817859 0.621218 0.820281 0.641382 0.812844 0.644614 0.812266 0.651686 0.801266 0.653185 0.798406 0.658946 0.790828 0.679953 0.790688 0.686159 0.796266 0.686159 0.797125 0.688525 0.796844 0.691077 0.789547 0.699649 0.784406 0.698150 0.783406 0.692810 0.783969 0.686581 0.783406 0.676534 0.784125 0.670094 0.783828 0.664731 0.785547 0.647400 0.786547 0.634965 0.786406 0.624473 0.784688 0.627049 0.778406 0.651452 0.773250 0.653607 0.770969 0.658314 0.769109 0.673958 0.769969 0.695597 0.767547 0.696651 0.759250 0.696651 0.752531 0.690234 0.753531 0.684871 0.754672 0.681241 0.756250 0.678876 0.759828 0.674590 0.757969 0.643115 0.752969 0.640328 0.753969 0.622319 0.754969 0.602623 0.757828 0.580562 0.758672 0.573068 0.750969 0.562131 0.750812 0.547354 0.750969 0.538782 0.754672 0.538150 0.758828 0.507518 0.756250 0.504309 0.758250 0.500023 0.760969 0.493794 0.770969 0.462529 0.776406 0.450749 0.780406 0.446042 0.790828 0.440890 0.790547 0.423536 0.791266 0.416487 0.792984 0.411546 0.795687 0.408337 0.801406 0.403185 0.813563 0.402342 0.819422 0.407916 0.820422 0.412412 0.820422 0.418618 0.819125 0.425691 0.817984 0.430398 0.817422 0.437892 0.823703 0.443677
19 1 0 0.187812 0.885293 0.196328 0.893794 0.204844 0.895222 0.211484 0.892389 0.219047 0.888126 0.224734 0.882459 0.227563 0.872506 0.229469 0.864005 0.286266 0.784543 0.297625 0.773208 0.329797 0.767518 0.349688 0.783138 0.350625 0.785972 0.340219 0.856909 0.341156 0.862576 0.343062 0.868267 0.343062 0.892389 0.338328 0.936370 0.345891 0.937775 0.353469 0.923583 0.358203 0.855480 0.373344 0.802998 0.409328 0.817190 0.411219 0.798735 0.377141 0.780281 0.396062 0.736300 0.448125 0.710773 0.448125 0.751920 0.456656 0.741991 0.480312 0.682389 0.492625 0.690913 0.498297 0.753326 0.504938 0.749087 0.503984 0.669625 0.499250 0.634145 0.505875 0.575972 0.489781 0.549016 0.472750 0.544778 0.466125 0.544778 0.467063 0.553279 0.425406 0.566042 0.371453 0.567471 0.330750 0.584496 0.283422 0.659696 0.255969 0.696581 0.236094 0.702248 0.230406 0.695152 0.212422 0.710773 0.202953 0.693747 0.201062 0.703677 0.209578 0.722131 0.200109 0.811499 0.187812 0.864005
0 1 0 0.598219 0.860679 0.605719 0.856183 0.620703 0.757307 0.622203 0.716862 0.638703 0.626956 0.650688 0.611241 0.652187 0.579766 0.652187 0.548314 0.625203 0.564052 0.604219 0.546066 0.593719 0.516862 0.589219 0.492131 0.583234 0.476393 0.575734 0.447190 0.589219 0.435948 0.601219 0.451686 0.604219 0.478642 0.608719 0.510117 0.620703 0.521358 0.622203 0.521358 0.640203 0.494379 0.650688 0.467424 0.662687 0.442693 0.656687 0.440445 0.647703 0.440445 0.643203 0.402248 0.635703 0.388759 0.640203 0.352810 0.658188 0.343817 0.683688 0.346066 0.688172 0.391007 0.688172 0.395504 0.694172 0.404496 0.707672 0.417986 0.725656 0.447190 0.739156 0.496628 0.730156 0.568548 0.725656 0.575269 0.716672 0.647190 0.712172 0.732576 0.710672 0.782014 0.709172 0.802248 0.709172 0.833700 0.709172 0.892131 0.689672 0.921358 0.686672 0.898876 0.671687 0.878642 0.661188 0.862927 0.670188 0.840445 0.671687 0.806745 0.665688 0.777518 0.659688 0.773044 0.653687 0.797752 0.637203 0.914614 0.628203 0.914614 0.614719 0.914614 0.604219 0.907869 0.593719 0.876393
0 1 1 0.742063 0.494778 0.749687 0.520539 0.747922 0.521124 0.741094 0.526393 0.744609 0.563279 0.743047 0.587869 0.739328 0.589930 0.736594 0.597237 0.729375 0.613630 0.724297 0.659883 0.720391 0.648478 0.720969 0.608946 0.723906 0.604262 0.724297 0.598126 0.722141 0.581148 0.726250 0.543958 0.730547 0.507073 0.731125 0.484239 0.732297 0.464333 0.726641 0.449110 0.722141 0.441218 0.724094 0.437705 0.732891 0.440328 0.734062 0.446768 0.735031 0.455550 0.735031 0.463162 0.734062 0.469016 0.734844 0.484239 0.737375 0.487752
0 1 1 0.508344 0.495269 0.454516 0.501077 0.455813 0.495925 0.507484 0.487541 0.508766 0.456557 0.498437 0.441710 0.497578 0.435269 0.502313 0.416557 0.498000 0.400422 0.494125 0.399133 0.487672 0.400422 0.483359 0.404286 0.483797 0.414614 0.482078 0.422998 0.483359 0.430749 0.473031 0.434614 0.465281 0.442998 0.460109 0.457213 0.457531 0.473326 0.450641 0.549485 0.507047 0.536581 0.507906 0.543677 0.483797 0.547541 0.498859 0.570773 0.502313 0.579813 0.505750 0.579180
0 1 0 0.362828 0.573044 0.364328 0.564052 0.355328 0.519110 0.352328 0.507869 0.352328 0.480890 0.352328 0.447190 0.365828 0.429204 0.374828 0.415738 0.370328 0.402248 0.373328 0.384262 0.379328 0.377518 0.391313 0.379766 0.394313 0.397752 0.392812 0.406745 0.383812 0.415738 0.392812 0.422482 0.400313 0.424731 0.406313 0.433700 0.403313 0.449438 0.407813 0.467424 0.413812 0.492131 0.407813 0.503372 0.397312 0.487635 0.403313 0.528080 0.403313 0.557307
0 1 0 0.538484 0.512576 0.537187 0.526206 0.542391 0.533021 0.527438 0.545691 0.530688 0.569063 0.530688 0.569063 0.556672 0.560281 0.555375 0.567096 0.534594 0.575878 0.535891 0.607026 0.535234 0.630398 0.535234 0.624567 0.553422 0.612881 0.554078 0.604098 0.535891 0.612881 0.532641 0.643068 0.551484 0.633326 0.548875 0.623583 0.556031 0.597283 0.555375 0.578782 0.551641 0.470773 0.541000 0.471546 0.534422 0.470773 0.524297 0.471546 0.525813 0.455597 0.527344 0.448009 0.531391 0.441944 0.524297 0.435878 0.523797 0.433607 0.526328 0.432084 0.524297 0.420703 0.524297 0.417658 0.525813 0.410070 0.529359 0.402482 0.534938 0.397190 0.538984 0.397939 0.544547 0.401733 0.547078 0.404777 0.547594 0.410070 0.546578 0.419180 0.539484 0.444215 0.545062 0.444988 0.549109 0.441194 0.553156 0.442717 0.560234 0.454098 0.565812 0.459391 0.574422 0.461663 0.579484 0.463958 0.581500 0.464707 0.585047 0.472295 0.586563 0.478361 0.585047 0.479883 0.577453 0.479883 0.572391 0.473817 0.558719 0.471546 0.555375 0.528150 0.559281 0.525222 0.554078 0.512576 0.554078 0.507705 0.554078 0.501874 0.554734 0.491148 0.539781 0.490187 0.539781 0.491148 0.539141 0.501874
0 1 0 0.315969 0.470632 0.320391 0.457400 0.321500 0.451593 0.323156 0.435035 0.315422 0.419297 0.305469 0.420117 0.293875 0.423443 0.291656 0.426745 0.288344 0.434192 0.290000 0.459040 0.290000 0.459040 0.297188 0.459883 0.292203 0.479742 0.283922 0.498806 0.287781 0.516206 0.292203 0.536909 0.295531 0.538548 0.288891 0.571686 0.292203 0.584941 0.295531 0.624684 0.297734 0.637119 0.311000 0.607307 0.314859 0.610609 0.323156 0.609789 0.329234 0.578314 0.332000 0.548501 0.328687 0.528618 0.334766 0.517845 0.334766 0.517845 0.330344 0.511218 0.332547 0.502108 0.332547 0.502108 0.334203 0.493841 0.328687 0.494660 0.322609 0.484731
0 1 0 0.182625 0.434356 0.187172 0.446066 0.186531 0.449977 0.185875 0.457775 0.174156 0.466557 0.170250 0.473396 0.168938 0.478290 0.167641 0.489016 0.168297 0.498782 0.168297 0.513419 0.168297 0.531967 0.169594 0.540749 0.176109 0.551475 0.177406 0.561241 0.180656 0.580749 0.182625 0.590515 0.182625 0.594426 0.193687 0.615878 0.195641 0.620773 0.198250 0.632482 0.200844 0.721148 0.202797 0.729930 0.206703 0.726019 0.208656 0.725035 0.210609 0.721148 0.208016 0.714309 0.217125 0.714309 0.223641 0.710398 0.223641 0.709438 0.227547 0.676253 0.228844 0.624520 0.227547 0.570843 0.232750 0.586464 0.234703 0.594262 0.234703 0.594262 0.240563 0.588408 0.233406 0.568899 0.229500 0.558150 0.226250 0.536674 0.222984 0.519110 0.221688 0.494731 0.219078 0.482998 0.216484 0.473255 0.211922 0.465433 0.206063 0.459578 0.208656 0.436159 0.206703 0.418595 0.206703 0.417611 0.204750 0.418689 0.198250 0.414801 0.191734 0.414801 0.186531 0.416745 0.184578 0.422600 0.181969 0.435293
0 1 0 0.732484 0.465972 0.747594 0.463770 0.751141 0.460656 0.755578 0.459766 0.761203 0.460656 0.765063 0.458431 0.763875 0.456206 0.761500 0.451780 0.760906 0.451335 0.759734 0.447775 0.760328 0.444239 0.760328 0.441569 0.760328 0.434918 0.762094 0.426042 0.764766 0.422037 0.770391 0.419813 0.774531 0.418923 0.778687 0.419813 0.781641 0.428244 0.783125 0.431803 0.784016 0.434473 0.784016 0.439344 0.781344 0.444239 0.778984 0.451780 0.776609 0.458876 0.773344 0.467307 0.767125 0.490843 0.761203 0.505035 0.760031 0.512576 0.758547 0.514356 0.756172 0.513021 0.751734 0.513021 0.749656 0.507705 0.748187 0.499274 0.745219 0.493044 0.742844 0.495714 0.741078 0.495269 0.737813 0.492178 0.736625 0.488173 0.734563 0.481077 0.733078 0.477073 0.731594 0.471311 0.731594 0.464660
0 1 0 0.363391 0.577752 0.346422 0.585574 0.335969 0.554286 0.337281 0.527869 0.337281 0.521030 0.332719 0.511241 0.332719 0.491686 0.332719 0.477986 0.335328 0.459391 0.341203 0.451569 0.341203 0.430047 0.345109 0.421241 0.349031 0.416370 0.358172 0.414403 0.364688 0.417330 0.366000 0.427119 0.356203 0.442763 0.351641 0.485808 0.351641 0.506347 0.356859 0.522974 0.362734 0.548407
67 1 1 0.335344 0.490258 0.338578 0.483208 0.341656 0.477166 0.345297 0.477775 0.345297 0.482600 0.342203 0.488244 0.341125 0.491475 0.337906 0.492881 0.334406 0.492670 0.334672 0.490468
