2 1 0 0.838125 0.333094 0.870229 0.327750 0.879729 0.326859 0.899354 0.314375 0.973063 0.315266 0.983750 0.335781 0.985542 0.348703 0.973646 0.362531 0.957604 0.359844 0.954625 0.356281 0.941563 0.356734 0.940375 0.344250 0.931458 0.338891 0.911833 0.336219 0.911833 0.339781 0.913021 0.351828 0.909458 0.356734 0.866062 0.355844 0.867854 0.345141 0.863083 0.339781 0.860708 0.343359 0.858938 0.355844 0.845271 0.355391 0.848833 0.340672
0 1 1 0.343417 0.307500 0.353104 0.306344 0.361271 0.304812 0.360771 0.301750 0.365354 0.295250 0.360250 0.286078 0.347500 0.286453 0.340354 0.291438 0.344438 0.299844 0.347000 0.304812
0 1 0 0.101708 0.306828 0.104313 0.225641 0.140833 0.252047 0.148667 0.282375 0.146042 0.305844 0.138229 0.323453 0.109542 0.335187
0 1 0 0.220917 0.301719 0.220917 0.296875 0.222146 0.292047 0.225125 0.289078 0.229833 0.287594 0.230562 0.284625 0.229833 0.281844 0.227833 0.280344 0.227354 0.280344 0.225854 0.277938 0.226604 0.276078 0.227833 0.270875 0.229333 0.264750 0.232542 0.262156 0.234042 0.261594 0.240229 0.261406 0.243437 0.261406 0.248896 0.262516 0.252354 0.264937 0.247896 0.265859 0.243937 0.266609 0.243937 0.266609 0.242458 0.269016 0.242208 0.273297 0.242208 0.276266 0.242208 0.281094 0.241458 0.283688 0.241458 0.285547 0.239479 0.289641 0.237000 0.292422 0.228333 0.299297 0.227104 0.304500 0.224875 0.306359 0.221167 0.306547 0.220167 0.304125
0 1 1 0.306313 0.288328 0.302750 0.289219 0.300708 0.293172 0.299313 0.294937 0.302104 0.296313 0.302333 0.298734 0.302000 0.299703 0.294146 0.302359 0.292104 0.305828 0.291896 0.308906 0.292646 0.310516 0.301896 0.310266 0.302979 0.302844 0.313729 0.298016 0.307167 0.292688 0.305979 0.290500 0.306417 0.288250
0 1 0 0.999854 0.328531 0.997312 0.327344 0.992875 0.330656 0.989396 0.334453 0.983396 0.338500 0.984979 0.343719 0.996375 0.343953 1.000000 0.343953 0.999521 0.340156 0.997625 0.337781 0.999854 0.335891 1.000000 0.332797 1.000000 0.329469
41 1 1 0.928833 1.000000 0.901875 0.982016 0.913854 0.831453 0.898875 0.806734 0.937833 0.786516 1.000000 0.791016 0.997750 0.997750
0 1 1 0.003000 0.619531 0.032958 0.617297 0.077896 0.421781 0.119854 0.347625 0.227708 0.322906 0.320604 0.320656 0.380521 0.300438 0.431458 0.242016 0.401500 0.244250 0.392500 0.192578 0.404500 0.165609 0.419479 0.140891 0.428458 0.147625 0.452437 0.077969 0.497375 0.010547 0.518354 0.001563 0.704125 0.010547 0.770042 0.086953 0.767042 0.147625 0.752062 0.176844 0.725083 0.219531 0.704125 0.259984 0.692125 0.329656 0.674167 0.347625 0.785021 0.415047 0.811979 0.545375 0.794000 0.626281 0.803000 0.756609 0.797000 0.819531 0.758062 0.848750 0.611229 0.837516 0.569292 0.833016 0.530333 0.877969 0.485396 0.844250 0.521354 0.806063 0.512354 0.738641 0.524354 0.707172 0.389521 0.504938 0.161792 0.659984 0.185771 0.686953 0.185771 0.711672 0.149813 0.720656 0.149813 0.738641 0.125833 0.749875 0.003000 0.686953 0.008979 0.621781
0 1 1 0.206354 0.289781 0.212604 0.294891 0.214313 0.299578 0.222250 0.306391 0.226229 0.306391 0.228500 0.298734 0.231896 0.294891 0.238146 0.291063 0.239854 0.289359 0.241563 0.285531 0.243250 0.280422 0.241563 0.271047 0.244396 0.266375 0.257458 0.265094 0.264271 0.268078 0.267104 0.272328 0.268813 0.277438 0.267667 0.282969 0.268229 0.285953 0.277896 0.292344 0.281854 0.297453 0.284708 0.303406 0.286979 0.308094 0.288104 0.310641 0.285271 0.311500 0.277896 0.311922 0.265958 0.311922 0.256875 0.311078 0.250646 0.312344 0.243250 0.314906 0.237583 0.317031 0.233604 0.318312 0.227354 0.317031 0.222833 0.314906 0.216021 0.312344 0.209208 0.308937 0.202958 0.305969 0.198417 0.303406 0.196708 0.298297 0.197271 0.292766 0.200125 0.288078
0 1 1 0.301479 0.308891 0.301479 0.308891 0.303312 0.303000 0.313917 0.298172 0.308396 0.292984 0.306083 0.292281 0.307479 0.287453 0.309771 0.285031 0.311167 0.282953 0.314396 0.280531 0.319458 0.279484 0.323146 0.282266 0.325458 0.283297 0.325917 0.287094 0.326375 0.289859 0.327750 0.292281 0.330062 0.295406 0.335146 0.296781 0.342063 0.300594 0.342063 0.305781 0.342063 0.307156
