0 1 1 0.432229 0.287141 0.431271 0.304031 0.426521 0.302609 0.427458 0.280719 0.421125 0.286422 0.417625 0.283578 0.425875 0.273109 0.426833 0.267406 0.432542 0.266687 0.433812 0.271203 0.444271 0.280953 0.443312 0.283812 0.437938 0.280250 0.438562 0.289047 0.446167 0.298328 0.444583 0.303312 0.434437 0.289750
0 1 0 0.339854 0.185734 0.337729 0.186219 0.336917 0.187688 0.336750 0.191734 0.338396 0.194547 0.337417 0.196734 0.335125 0.199437 0.337417 0.199797 0.337729 0.198703 0.340667 0.194906 0.341333 0.194172 0.342792 0.196500 0.342312 0.199797 0.345396 0.199797 0.344417 0.199188 0.343604 0.196500 0.343604 0.194172 0.342146 0.191359 0.341646 0.189031 0.344750 0.189031 0.348167 0.188922 0.348667 0.188297 0.347854 0.188063 0.344917 0.188672 0.342625 0.188188 0.341813 0.187078 0.342146 0.186594 0.343292 0.185859 0.343292 0.184766 0.341813 0.184031 0.339687 0.184266 0.340187 0.186109
0 1 0 0.727396 0.132453 0.729792 0.130750 0.730292 0.129359 0.731333 0.127109 0.731333 0.126719 0.729271 0.127031 0.728021 0.125937 0.729792 0.124234 0.731542 0.122297 0.732792 0.121594 0.732271 0.119578 0.734229 0.117484 0.736292 0.118266 0.737854 0.119734 0.739500 0.122844 0.739083 0.124859 0.738375 0.126250 0.738063 0.127719 0.739292 0.129500 0.738771 0.130906 0.734438 0.131219 0.734438 0.133844 0.733917 0.134625 0.731229 0.135406 0.728750 0.135328 0.728125 0.134312
0 1 0 0.560313 0.215359 0.569208 0.201078 0.565000 0.200156 0.564271 0.198859 0.566979 0.198484 0.568208 0.198297 0.569208 0.198109 0.570437 0.196641 0.573896 0.196266 0.576125 0.197563 0.576375 0.199969 0.576625 0.202562 0.577354 0.209422 0.572917 0.207562 0.572417 0.209234 0.570687 0.210906 0.567479 0.215906
30 1 1 0.431500 0.303312 0.430583 0.302969 0.428312 0.303312 0.432417 0.305703 0.433771 0.306219 0.433083 0.304688 0.441833 0.302125 0.443833 0.303484 0.444208 0.305266 0.445354 0.305266 0.445542 0.304469 0.444958 0.303187 0.444500 0.302328 0.444104 0.301688
0 1 0 0.638563 0.234391 0.639229 0.230453 0.637458 0.226828 0.638354 0.223375 0.638563 0.219266 0.639000 0.215000 0.637250 0.213359 0.636146 0.211547 0.633750 0.207609 0.630458 0.207109 0.629354 0.208422 0.628479 0.211391 0.626958 0.211875 0.624750 0.214016 0.625646 0.216641 0.627167 0.216641 0.628917 0.218281 0.628917 0.229125 0.628917 0.229953 0.628917 0.233234 0.630021 0.234219
0 1 0 0.338542 0.168297 0.338542 0.164828 0.338542 0.164016 0.337729 0.162578 0.336917 0.161359 0.336104 0.160750 0.336104 0.159313 0.336917 0.157891 0.338542 0.157281 0.339083 0.155031 0.340458 0.154625 0.342083 0.155844 0.342625 0.157688 0.342896 0.157891 0.343438 0.159719 0.343438 0.161766 0.342896 0.163797 0.342083 0.166250 0.341542 0.167688 0.340729 0.168906 0.339083 0.169109 0.338271 0.168297
0 1 0 0.291208 0.178531 0.294646 0.175594 0.293896 0.174594 0.292396 0.172344 0.292562 0.170984 0.294062 0.167844 0.295396 0.165141 0.296750 0.166266 0.296750 0.170312 0.296750 0.173016 0.298250 0.176391 0.298104 0.178406 0.296312 0.179531 0.294500 0.178859
0 1 0 0.246021 0.197172 0.243687 0.193562 0.244229 0.190484 0.244937 0.188609 0.243333 0.187547 0.243333 0.185547 0.243333 0.182859 0.243333 0.179656 0.245125 0.178844 0.248333 0.180187 0.251188 0.182062 0.251729 0.182469 0.252083 0.183797 0.251729 0.187688 0.252250 0.189828 0.254583 0.192625 0.255458 0.195578 0.255646 0.197172 0.250833 0.197719 0.245479 0.198250
0 1 1 0.229729 0.184109 0.230979 0.179328 0.229896 0.173219 0.231500 0.168828 0.235229 0.165375 0.237000 0.169500 0.238938 0.172688 0.239646 0.177078 0.237708 0.185438 0.234521 0.185578 0.235229 0.178000 0.232208 0.185047
0 1 0 0.367250 0.178344 0.366188 0.180047 0.365042 0.180953 0.364333 0.184094 0.365625 0.185203 0.365979 0.186812 0.364833 0.187984 0.365042 0.189516 0.365896 0.190156 0.367104 0.189047 0.367604 0.187875 0.368813 0.189203 0.369812 0.190219 0.372146 0.189469 0.371792 0.188562 0.369375 0.187016 0.370292 0.185312 0.372646 0.183938 0.372354 0.181328 0.370375 0.180734 0.369812 0.178828 0.368604 0.178078
30 1 0 0.334292 0.200656 0.352021 0.200297 0.350896 0.199641 0.334292 0.200016 0.334292 0.199922 0.334896 0.198984 0.330313 0.198984 0.330062 0.198984 0.330187 0.199547 0.348667 0.199266 0.348167 0.198609 0.344083 0.198703 0.343708 0.198797 0.342458 0.198703 0.341104 0.198797 0.337021 0.198797 0.335396 0.199172
0 1 0 0.236708 0.790453 0.290937 0.689859 0.290937 0.636359 0.310896 0.540047 0.245271 0.595688 0.176771 0.602109 0.173937 0.591422 0.188188 0.574297 0.213875 0.570000 0.270958 0.512219 0.285208 0.433031 0.310896 0.390219 0.328021 0.355984 0.379396 0.345281 0.399375 0.360266 0.422167 0.405219 0.442167 0.415906 0.453583 0.518656 0.473563 0.570000 0.447875 0.570000 0.436458 0.694141 0.410792 0.743375 0.387958 0.805422 0.387958 0.861078 0.328021 0.835391 0.310896 0.888906 0.248125 0.852516 0.222437 0.803281
