0 1 1 0.822859 0.789763 0.828797 0.711019 0.822859 0.687417 0.816188 0.673910 0.814703 0.644668 0.811000 0.653673 0.788000 0.630047 0.787266 0.625545 0.788750 0.619929 0.785781 0.571564 0.765750 0.549076 0.777625 0.493957 0.785781 0.469218 0.799125 0.460213 0.805797 0.405095 0.813953 0.388223 0.840656 0.383720 0.850297 0.439976 0.843625 0.460213 0.859937 0.496209 0.866609 0.549076 0.842875 0.574929 0.839922 0.690782 0.836203 0.731280 0.831766 0.763886 0.833984 0.794265 0.833234 0.815640 0.819891 0.815640 0.782047 0.798697 0.792266 0.734100 0.780344 0.705687 0.775234 0.700498 0.763312 0.803863
0 1 1 0.947984 0.541280 0.950969 0.536754 0.954797 0.530308 0.956500 0.516754 0.956922 0.500616 0.961609 0.485782 0.969687 0.476730 0.987141 0.483199 0.990547 0.502559 0.997344 0.530308 0.999906 0.539976 0.996500 0.728412 0.994797 0.810379 0.982453 0.796825 0.982453 0.781991 0.979484 0.764550 0.980750 0.721967 0.982031 0.698081 0.973953 0.687773 0.968422 0.710995 0.966281 0.741967 0.964594 0.761327 0.961609 0.787133 0.953094 0.799408 0.940750 0.792962 0.943734 0.787133 0.946297 0.777464 0.947984 0.749716 0.950125 0.722607 0.950547 0.697441 0.950547 0.690332 0.955219 0.678720 0.966281 0.584313 0.960328 0.575284 0.953094 0.562370 0.947141 0.546896
0 1 1 0.565375 0.344052 0.611078 0.366659 0.618281 0.369597 0.629344 0.377607 0.637531 0.386374 0.638969 0.387085 0.640891 0.388555 0.639453 0.368128 0.637531 0.346256 0.636078 0.331659 0.629344 0.322891 0.619250 0.311967 0.613953 0.306848 0.611547 0.300284 0.605781 0.295924 0.604813 0.283507 0.610109 0.277678 0.600969 0.251422 0.590391 0.245569 0.585578 0.246303 0.581250 0.251422 0.578844 0.262346 0.576922 0.285711 0.578844 0.295924 0.581250 0.313412 0.567781 0.330190 0.566828 0.336043 0.567781 0.341137
1 1 1 0.117688 0.505379 0.076578 0.516137 0.073734 0.561280 0.095000 0.627962 0.133297 0.640853 0.160234 0.608602 0.160234 0.554834 0.138969 0.507536 0.129031 0.477417 0.126203 0.447322 0.126203 0.430118 0.157406 0.402156 0.146063 0.402156 0.117688 0.415047 0.109187 0.432251 0.085078 0.430118 0.083656 0.445166 0.102094 0.445166 0.114859 0.468815 0.119109 0.494621 0.120531 0.507536 0.117688 0.509668
0 1 1 0.529578 0.283246 0.530906 0.276161 0.532734 0.271351 0.537578 0.268318 0.545578 0.267299 0.552422 0.272370 0.556422 0.278436 0.558094 0.287038 0.557594 0.296896 0.553422 0.307536 0.551750 0.313863 0.550922 0.323460 0.549250 0.330545 0.544922 0.330284 0.541922 0.325735 0.536906 0.316374 0.532906 0.306777 0.531078 0.302204 0.529234 0.295640 0.528234 0.289810
0 1 1 0.073672 0.531943 0.080125 0.479123 0.073672 0.434123 0.060125 0.407725 0.064000 0.350995 0.085922 0.331422 0.088500 0.317725 0.081406 0.310877 0.081406 0.295237 0.086578 0.284479 0.095609 0.273720 0.109797 0.285450 0.110437 0.303057 0.109141 0.324573 0.126563 0.346090 0.138812 0.404787 0.126563 0.436090 0.132359 0.532938 0.130438 0.597488 0.132359 0.616066 0.115594 0.610190 0.115594 0.593578 0.114313 0.548578 0.111719 0.521185 0.105281 0.487938 0.104625 0.491848 0.096250 0.516303 0.094313 0.531943 0.096891 0.563246 0.097531 0.587701 0.084000 0.591611 0.076891 0.581825 0.076891 0.556398
0 1 1 0.893750 0.810948 0.894812 0.783673 0.894812 0.758009 0.896922 0.711493 0.897984 0.701872 0.892687 0.689052 0.886344 0.660166 0.884234 0.631303 0.876828 0.599218 0.892687 0.560735 0.899047 0.554313 0.899047 0.531848 0.900094 0.512607 0.911734 0.501374 0.936063 0.498175 0.940281 0.507796 0.944516 0.528649 0.944516 0.554313 0.952984 0.571943 0.964609 0.594408 0.959328 0.637725 0.952984 0.666588 0.949813 0.687441 0.941344 0.701872 0.933937 0.724337 0.932891 0.751588 0.932891 0.775663 0.940281 0.804526 0.942406 0.817370 0.922313 0.807749 0.920187 0.721114 0.917016 0.730735 0.906438 0.790095 0.906438 0.810948
0 1 0 0.369781 0.703839 0.420281 0.757891 0.439578 0.710592 0.444031 0.670047 0.442547 0.557441 0.451469 0.492109 0.423250 0.444810 0.426219 0.338957 0.421766 0.284905 0.435125 0.251137 0.461859 0.233104 0.469281 0.221848 0.464828 0.210592 0.426219 0.226351 0.438094 0.188057 0.414344 0.143009 0.399484 0.134005 0.381672 0.154289 0.363844 0.197062 0.350484 0.221848 0.360875 0.230853 0.363844 0.237607 0.351969 0.255640 0.340078 0.278152 0.337109 0.307441 0.335625 0.327701 0.323750 0.379502 0.326719 0.422299 0.310375 0.420047 0.343047 0.492109 0.357906 0.519147 0.381672 0.530403 0.390578 0.541659 0.396516 0.579953 0.395031 0.593460 0.386125 0.634005 0.378688 0.667796 0.369781 0.694810 0.369781 0.708341
0 1 0 0.849469 0.406540 0.849469 0.384005 0.874719 0.359242 0.873219 0.309692 0.901437 0.300687 0.914812 0.323199 0.910359 0.336706 0.910359 0.352488 0.913328 0.359242 0.931141 0.404289 0.935594 0.426801 0.935594 0.453839 0.929656 0.476351 0.923719 0.494360 0.911844 0.498863 0.904406 0.503389 0.892531 0.483104 0.889562 0.476351 0.888078 0.465095 0.883625 0.458341 0.879172 0.458341 0.874719 0.458341 0.873219 0.449313 0.870250 0.442559 0.864312 0.435806 0.858375 0.429052 0.853922 0.411043
0 1 0 0.666891 0.393246 0.666891 0.387986 0.670344 0.382749 0.678406 0.365284 0.681859 0.356540 0.687625 0.347820 0.689922 0.344313 0.701438 0.332085 0.702594 0.326848 0.704891 0.318104 0.704891 0.300640 0.706047 0.281422 0.708359 0.279692 0.726781 0.276185 0.738297 0.276185 0.748672 0.274431 0.750969 0.290166 0.750969 0.311137 0.747516 0.319858 0.744063 0.325095 0.737156 0.340829 0.731391 0.363531 0.745219 0.445640 0.723328 0.468365 0.738297 0.510284 0.738297 0.512038 0.729094 0.536493 0.727938 0.564455 0.730234 0.571422 0.729094 0.578412 0.723328 0.578412 0.702594 0.576682 0.701438 0.573175 0.694531 0.560948 0.694531 0.567938 0.688766 0.573175 0.679563 0.532986 0.673797 0.526019 0.677250 0.517275 0.693375 0.510284 0.692234 0.475355 0.688766 0.464858 0.678406 0.424692 0.671484 0.401967 0.671484 0.386256
3 1 0 0.327469 0.460829 0.314125 0.445095 0.278562 0.460829 0.268187 0.476564 0.214859 0.481043 0.185219 0.483294 0.197078 0.609147 0.219297 0.696777 0.251891 0.811374 0.343766 0.854076 0.408953 0.777678 0.443047 0.786659 0.454891 0.865308 0.484531 0.858578 0.484531 0.824858 0.480078 0.786659 0.568984 0.782180 0.591219 0.730498 0.617891 0.642844 0.637156 0.615877 0.620844 0.676564 0.611953 0.766446 0.623812 0.815877 0.649000 0.849597 0.689016 0.885545 0.764578 0.896777 0.820891 0.829360 0.844594 0.730498 0.834219 0.660829 0.783844 0.586659 0.761609 0.573175 0.696422 0.564194 0.687531 0.543981 0.702344 0.458578 0.699375 0.422630 0.656406 0.377678 0.646047 0.375427 0.638625 0.359692 0.604547 0.355213 0.620844 0.379929 0.603063 0.397891 0.603063 0.397891 0.582328 0.427109 0.574922 0.458578 0.546766 0.449597 0.533422 0.445095 0.534906 0.627109 0.554172 0.672062 0.551203 0.694526 0.521578 0.701280 0.505281 0.694526 0.477125 0.665308 0.471188 0.651825 0.486016 0.514763 0.443047 0.481043 0.465266 0.525995 0.451937 0.606896 0.441563 0.654076 0.440078 0.705758 0.438594 0.734976 0.428219 0.752962 0.394141 0.737227 0.363031 0.678792 0.371922 0.642844 0.395625 0.559692 0.383766 0.546209 0.361547 0.510261
