0 1 1 0.769017 0.357219 0.772009 0.357219 0.786921 0.354016 0.798865 0.357219 0.809301 0.361484 0.819760 0.362547 0.822729 0.372172 0.824236 0.378578 0.824236 0.384984 0.822729 0.393516 0.819760 0.396719 0.819760 0.401000 0.819760 0.406328 0.824236 0.412734 0.842140 0.420219 0.852576 0.425547 0.860044 0.431953 0.868996 0.442641 0.873472 0.452250 0.874956 0.452250 0.894367 0.455453 0.895851 0.455453 0.898843 0.455453 0.903319 0.455453 0.906288 0.455453 0.918231 0.455453 0.934651 0.458656 0.948079 0.464000 0.954039 0.469328 0.958515 0.473609 0.951048 0.476813 0.949563 0.481078 0.939127 0.484281 0.934651 0.485344 0.931659 0.485344 0.921223 0.485344 0.913755 0.481078 0.909280 0.476813 0.906288 0.476813 0.897336 0.476813 0.880939 0.476813 0.876463 0.476813 0.868996 0.474672 0.867489 0.469328 0.864520 0.466125 0.846616 0.465063 0.839148 0.465063 0.827205 0.465063 0.812293 0.462922 0.804825 0.462922 0.797380 0.464000 0.794389 0.466125 0.789913 0.473609 0.783952 0.478937 0.797380 0.496031 0.792904 0.508844 0.789913 0.516312 0.783952 0.516312 0.777969 0.516312 0.772009 0.516312 0.770524 0.510984 0.776485 0.502437 0.776485 0.492828 0.775000 0.486422 0.775000 0.480016 0.775000 0.471469 0.775000 0.460797 0.770524 0.453312 0.760065 0.446906 0.754105 0.441578 0.749629 0.436234 0.748122 0.425547 0.745153 0.417016 0.737686 0.410609 0.730218 0.401000 0.740677 0.401000 0.745153 0.399922 0.752598 0.386047 0.764542 0.379641 0.752598 0.366828 0.761550 0.361484 0.767533 0.359344 0.775000 0.357219 0.775000 0.357219
0 1 1 0.722140 0.440906 0.686878 0.437406 0.668253 0.438812 0.646681 0.452141 0.629039 0.480891 0.627096 0.490000 0.628079 0.512453 0.624148 0.524375 0.628079 0.521562 0.617293 0.534187 0.536921 0.550313 0.523210 0.562234 0.521245 0.548219 0.536921 0.525766 0.555546 0.500531 0.562402 0.495609 0.618275 0.478078 0.626114 0.475281 0.626114 0.460547 0.625131 0.453531 0.612380 0.443016 0.611419 0.429688 0.605524 0.421281 0.611419 0.412859 0.630022 0.396031 0.658450 0.382703 0.681965 0.382703 0.726070 0.396031 0.744694 0.419172 0.742729 0.454234 0.745677 0.500531 0.735873 0.526469 0.723122 0.541906 0.762336 0.557328 0.762336 0.554531 0.765262 0.525063 0.750568 0.508234
3 1 1 0.805830 0.574750 0.774323 0.559734 0.763821 0.535688 0.765939 0.522156 0.778537 0.507141 0.763821 0.472578 0.749127 0.447031 0.740742 0.424484 0.751223 0.430500 0.780633 0.459047 0.784825 0.460547 0.835218 0.462047 0.877227 0.471063 0.894017 0.465063 0.921310 0.454531 0.946528 0.447031 0.936026 0.469562 0.936026 0.480078 0.904520 0.486094 0.894017 0.517656 0.898231 0.538688 0.923428 0.564234 0.910830 0.589781 0.904520 0.612328 0.881419 0.616828 0.891921 0.663422 0.868821 0.663422 0.822620 0.597297 0.780633 0.636359 0.751223 0.679953 0.768035 0.714516 0.768035 0.737047 0.814236 0.746063 0.837336 0.749078 0.856223 0.744563 0.870917 0.722016 0.870917 0.713000
3 1 0 0.814782 0.393891 0.829498 0.393891 0.844214 0.390375 0.834410 0.383344 0.829498 0.380844 0.826703 0.378328 0.825306 0.372312 0.837904 0.371813 0.848428 0.371813 0.865961 0.370813 0.869454 0.370313 0.886288 0.376828 0.877882 0.389375 0.894694 0.395391 0.891900 0.410437 0.896812 0.416469 0.898908 0.418969 0.896812 0.431516 0.888384 0.452578 0.875764 0.448578 0.862445 0.434531 0.845633 0.424484 0.829498 0.417969 0.816179 0.413453 0.804258 0.408938 0.809869 0.402922 0.812686 0.401406
0 1 1 0.331900 0.421656 0.323996 0.433875 0.316114 0.434812 0.306921 0.431047 0.306921 0.469609 0.299039 0.504406 0.291157 0.501578 0.297729 0.482781 0.297729 0.468672 0.292467 0.462094 0.268821 0.502531 0.274061 0.506281 0.293777 0.516625 0.295087 0.525094 0.309541 0.526969 0.320065 0.513812 0.333210 0.494063 0.341092 0.458328 0.350284 0.410359 0.355546 0.406609 0.363428 0.360516 0.371310 0.353938 0.373952 0.333250 0.376572 0.321969 0.373952 0.309734 0.355546 0.299391 0.346354 0.294688 0.342402 0.284344 0.364738 0.281531 0.356856 0.274938 0.351594 0.273062 0.347664 0.258953 0.333210 0.256141 0.321376 0.253312 0.316114 0.256141 0.312183 0.264594 0.304301 0.272125 0.306921 0.279641 0.306921 0.286234 0.325328 0.301281 0.334520 0.335125 0.341092 0.360516 0.337140 0.408484 0.318755 0.397203 0.318755 0.384031 0.309541 0.369922 0.305611 0.404719 0.306921 0.411312
3 1 0 0.000830 0.268219 0.053734 0.320109 0.073341 0.348172 0.061594 0.362891 0.031201 0.369906 0.025328 0.381828 0.049825 0.379719 0.044934 0.400063 0.060611 0.408484 0.065502 0.397953 0.068450 0.397266 0.088035 0.419703 0.078253 0.456875 0.065502 0.462484 0.050808 0.454063 0.037074 0.444250 0.017489 0.434422 0.000000 0.426719 0.000000 0.420406 0.000000 0.305391
0 1 1 0.523428 0.298703 0.511114 0.294844 0.504585 0.290172 0.506900 0.285781 0.507664 0.279453 0.508428 0.275063 0.511507 0.273125 0.516507 0.271203 0.523799 0.271203 0.526485 0.271203 0.530721 0.273688 0.532642 0.276703 0.532642 0.283297 0.532642 0.288797 0.538777 0.295672 0.544170 0.300078 0.542249 0.305016 0.541856 0.308875 0.538406 0.309969 0.534170 0.304750 0.536856 0.298703
0 1 1 0.939148 0.374891 0.963493 0.340906 0.972511 0.336688 0.978799 0.335000 0.978799 0.327703 0.983515 0.322359 0.991354 0.321516 0.997249 0.322359 0.999607 0.324609 0.999607 0.330797 0.999607 0.335562 1.000000 0.339500 1.000000 0.345953 0.998821 0.356078 0.994498 0.360563 0.982336 0.363094 0.979192 0.368437 0.974869 0.372641 0.968996 0.376578 0.965065 0.377703 0.960742 0.376859 0.957991 0.373766 0.959563 0.368984 0.960349 0.363094 0.957598 0.365344 0.955633 0.368984 0.954083 0.371516 0.951332 0.374328 0.941114 0.376578 0.935633 0.376578
0 1 0 0.841332 0.300281 0.844978 0.295062 0.854607 0.296000 0.862227 0.300750 0.860240 0.305016 0.859563 0.309766 0.863886 0.312141 0.862555 0.320922 0.861550 0.322828 0.851616 0.322344 0.846965 0.325437 0.843646 0.331844 0.839673 0.337766 0.833035 0.342047 0.831048 0.342047 0.831048 0.333500 0.835022 0.325188 0.842336 0.318547 0.844978 0.314984 0.846965 0.312375 0.844978 0.310719 0.841987 0.308578 0.841987 0.308109 0.842664 0.305969 0.840328 0.304312 0.841332 0.302172
0 1 1 0.881790 0.360500 0.861004 0.357688 0.840196 0.353469 0.843734 0.341109 0.848821 0.332406 0.860218 0.326234 0.866485 0.324828 0.864127 0.317234 0.870022 0.311625 0.879039 0.312187 0.882183 0.317516 0.877882 0.323422 0.876310 0.328187 0.888865 0.332125 0.891223 0.337750 0.888472 0.347297 0.884934 0.350953 0.884148 0.356281
3 1 1 0.505044 0.335984 0.448843 0.330859 0.458035 0.312578 0.443734 0.312578 0.426376 0.325750 0.420240 0.341094 0.414105 0.351328 0.403886 0.357188 0.402882 0.371797 0.412074 0.384969 0.412074 0.384969 0.425349 0.391547 0.458035 0.420047 0.436594 0.437594 0.425349 0.444906 0.417183 0.458078 0.413079 0.470500 0.406965 0.487312 0.424323 0.493891 0.445786 0.497547 0.461114 0.509250 0.467227 0.533375 0.482555 0.544344 0.506048 0.542141 0.520349 0.518750 0.524454 0.507047 0.534651 0.494625 0.543865 0.479266 0.545895 0.465375 0.546921 0.447828 0.557140 0.435406 0.569389 0.422250 0.568384 0.403234 0.583690 0.395203 0.602096 0.384969 0.602096 0.371078 0.591878 0.365219 0.573472 0.353531 0.563275 0.346219 0.553057 0.340359
0 1 1 0.053384 0.528094 0.072227 0.478656 0.075371 0.415734 0.090852 0.388391 0.099039 0.349266 0.097686 0.342422 0.074432 0.372750 0.064869 0.388391 0.062140 0.406984 0.051201 0.417734 0.045742 0.404047 0.059410 0.374703 0.068974 0.347313 0.082642 0.331656 0.086747 0.306234 0.116812 0.295469 0.120917 0.287641 0.112707 0.270031 0.114083 0.255359 0.152358 0.252438 0.163275 0.265141 0.161921 0.280797 0.153712 0.285688 0.157817 0.294484 0.182424 0.306234 0.191987 0.319922 0.185153 0.361984 0.181048 0.352203 0.175590 0.363937 0.172860 0.396219 0.163275 0.427516 0.160546 0.450016 0.167380 0.468594 0.161921 0.485234 0.161921 0.499906 0.156441 0.521422 0.129105 0.523375 0.127751 0.505766 0.122271 0.484250 0.120917 0.449031 0.116812 0.432406 0.109978 0.462734 0.103144 0.487187 0.105873 0.507734 0.111354 0.526312 0.103144 0.534141 0.082642 0.545875 0.067598 0.538047 0.067598 0.529250 0.060764 0.520437
0 1 1 0.195830 0.415016 0.176790 0.402766 0.182511 0.371453 0.192009 0.326531 0.207227 0.299313 0.226245 0.287062 0.254782 0.280250 0.252882 0.253031 0.283319 0.232609 0.302336 0.242141 0.309956 0.255750 0.302336 0.272078 0.304236 0.285703 0.328974 0.303391 0.344192 0.357844 0.336572 0.423172 0.323253 0.435422 0.294738 0.439516 0.279520 0.454484 0.243362 0.559297 0.260502 0.559297 0.218646 0.581078 0.195830 0.578359 0.199629 0.557938 0.214847 0.525266 0.201528 0.485797 0.203428 0.390516
3 1 1 0.445895 0.979781 0.527555 0.880906 0.624891 0.829219 0.640590 0.800000 0.499279 0.777531 0.361114 0.795500 0.364258 0.761797 0.367402 0.757297 0.423930 0.746063 0.518122 0.746063 0.461616 0.707859 0.389389 0.687641 0.420786 0.678656 0.505568 0.683141 0.518122 0.703375 0.518122 0.712359 0.643734 0.739328 0.653166 0.721344 0.687707 0.755062 0.916943 0.752813 1.000000 0.725844 1.000000 0.788766 0.967183 0.815734 0.989148 0.901125 0.973450 0.955063 0.995437 0.982016
3 1 0 0.531790 0.316578 0.544869 0.307687 0.552052 0.301141 0.552052 0.295062 0.552052 0.289906 0.555327 0.287109 0.561201 0.288031 0.567751 0.292250 0.579498 0.295984 0.589323 0.298797 0.596507 0.304406 0.588668 0.310969 0.583428 0.315172 0.574935 0.321719 0.568406 0.328734 0.561856 0.331547 0.558581 0.334359 0.552707 0.337625 0.547467 0.337625 0.537664 0.338094 0.529170 0.336219 0.529170 0.330609 0.529170 0.323594 0.529825 0.318453
