38 1 1 0.723750 0.393620 0.725203 0.406902 0.730188 0.400276 0.732437 0.397117 0.738719 0.373436 0.740641 0.362669 0.746109 0.347515 0.750141 0.340276 0.758187 0.321012 0.768313 0.303620 0.774922 0.287055 0.779891 0.268896 0.784406 0.250153 0.788266 0.229724 0.789062 0.213957 0.789016 0.203988 0.788094 0.188620 0.785187 0.181442 0.779766 0.179110 0.772812 0.181748 0.767672 0.191840 0.761875 0.203528 0.756891 0.221534 0.749984 0.249939 0.746594 0.268896 0.744984 0.281534 0.743594 0.297301 0.741500 0.311534 0.739688 0.329540 0.736297 0.349110 0.732437 0.363957 0.727297 0.381933
56 1 0 0.141969 0.560920 0.138172 0.569172 0.101562 0.573313 0.096922 0.556779 0.093562 0.588190 0.085141 0.586534 0.080094 0.660890 0.076719 0.655123 0.081344 0.567515 0.085141 0.570000 0.107875 0.517945 0.140281 0.513804 0.139016 0.508006 0.107453 0.511319 0.112500 0.490675 0.140281 0.490675
0 1 0 0.165344 0.074939 0.172375 0.082485 0.178766 0.095031 0.183250 0.110092 0.184531 0.141472 0.184531 0.180399 0.162141 0.206748 0.162141 0.250706 0.160875 0.314724 0.155750 0.326012 0.123141 0.315982 0.126984 0.274540 0.123781 0.253221 0.114828 0.219325 0.116750 0.196718 0.118031 0.177883 0.114828 0.151534 0.128891 0.123896 0.132734 0.110092 0.137844 0.092515 0.140406 0.063650 0.141047 0.057362 0.146797 0.032270 0.151281 0.031012 0.157031 0.034785 0.164062 0.039785 0.164703 0.056104
56 1 0 0.188578 0.142638 0.199922 0.247270 0.189719 0.242301 0.184797 0.251933 0.180266 0.239325 0.168172 0.213344 0.168547 0.173067 0.185937 0.150798
38 1 0 0.336016 0.614141 0.354297 0.623712 0.379172 0.652423 0.381609 0.645245 0.360891 0.621319 0.347719 0.594509 0.327969 0.576810 0.316516 0.575828 0.314078 0.583497 0.318453 0.598804 0.331375 0.611258
56 1 0 0.205844 0.578190 0.215078 0.559233 0.223484 0.490798 0.230203 0.484202 0.258344 0.484202 0.261703 0.557577 0.264641 0.565828 0.271781 0.658988 0.259172 0.669724 0.251203 0.670552 0.249516 0.621902 0.250359 0.569141 0.239438 0.580675 0.207094 0.580675
38 1 1 0.052047 0.645123 0.045734 0.660460 0.039875 0.668405 0.031625 0.667239 0.027406 0.661932 0.023516 0.646012 0.023359 0.628313 0.026656 0.614448 0.034328 0.596779 0.041672 0.575828 0.042125 0.570521 0.042875 0.558160 0.046031 0.532209 0.047391 0.523067 0.050531 0.526595 0.049188 0.558742 0.047391 0.568773 0.047078 0.579969 0.051437 0.606196 0.053844 0.621227 0.053844 0.630675
32 1 1 0.650437 0.355215 0.662672 0.353558 0.666187 0.347853 0.667281 0.339509 0.666422 0.334755 0.666187 0.331442 0.664859 0.330000 0.659406 0.327147 0.652734 0.327393 0.647172 0.333804 0.644859 0.340460 0.645344 0.347853 0.646078 0.352853 0.648141 0.354755 0.648859 0.354755
38 1 0 0.334547 0.671902 0.334391 0.665123 0.362109 0.663650 0.380984 0.663068 0.400609 0.659540 0.410047 0.658957 0.416500 0.661902 0.416500 0.665429 0.401219 0.671012 0.383984 0.671595 0.365859 0.669540 0.339188 0.671902
38 1 0 0.075234 0.522055 0.073078 0.534724 0.073078 0.553712 0.073078 0.554755 0.073078 0.573221 0.072266 0.584325 0.072266 0.588006 0.072266 0.622853 0.073078 0.637607 0.073609 0.650798 0.073609 0.659264 0.074687 0.661902 0.079266 0.637607 0.080063 0.612822 0.078984 0.600675 0.078984 0.588528 0.078984 0.586442 0.078984 0.572178 0.079266 0.552117 0.080344 0.538405 0.079797 0.522055 0.079266 0.519417
0 1 1 0.595219 0.905614 0.599797 0.766288 0.618125 0.620215 0.634141 0.532577 0.638719 0.447178 0.612391 0.552822 0.595219 0.584264 0.579203 0.586503 0.572328 0.543834 0.592938 0.525828 0.592938 0.505614 0.605531 0.510123 0.618125 0.444939 0.629562 0.373037 0.661609 0.348313 0.662766 0.298865 0.668484 0.256166 0.675344 0.249448 0.701672 0.269663 0.702828 0.296626 0.702828 0.355061 0.718844 0.373037 0.736016 0.397761 0.740594 0.413497 0.722281 0.478650 0.708547 0.451687 0.701672 0.514601 0.709688 0.611227 0.721141 0.728098 0.726859 0.750552 0.752047 0.779785 0.771500 0.853926 0.796687 0.903374 0.795547 0.943834 0.773797 0.955061 0.773797 0.919110 0.760063 0.865153 0.703969 0.773037 0.695953 0.752822 0.679937 0.676411 0.667344 0.674172 0.661609 0.640460 0.647875 0.680890 0.628422 0.743834 0.616969 0.831472 0.611250 0.907853 0.607813 0.957301 0.581484 0.959540 0.573469 0.950552 0.573469 0.921350
