37 1 2 0.004719 0.993120 0.149672 0.928524 0.326500 0.801894 0.454047 0.675292 0.477234 0.628774 0.445359 0.610696 0.419266 0.621031 0.222141 0.734708 0.227938 0.788969 0.229391 0.809666 0.207641 0.825153 0.203297 0.812228 0.207641 0.739889 0.068500 0.840668 0.011969 0.889749 0.001828 0.941449 0.001828 0.972451
0 1 0 0.126047 0.064485 0.151266 0.104930 0.148750 0.118412 0.147484 0.147632 0.146219 0.152117 0.168906 0.172340 0.177734 0.183593 0.196641 0.208301 0.205469 0.242006 0.242016 0.477967 0.240766 0.489192 0.233203 0.491448 0.229422 0.498189 0.223109 0.491448 0.218078 0.464485 0.221859 0.419526 0.181516 0.255487 0.180250 0.356630 0.207984 0.531894 0.202953 0.552117 0.216812 0.608301 0.223109 0.738635 0.230672 0.815042 0.214297 0.817298 0.207984 0.826267 0.209250 0.819526 0.209250 0.761114 0.179000 0.767855 0.177734 0.756630 0.180250 0.709415 0.168906 0.637521 0.144969 0.558858 0.119750 0.446518 0.108406 0.338635 0.109672 0.289192 0.100844 0.255487 0.094547 0.212786 0.108406 0.199304 0.115969 0.188078 0.108406 0.161114 0.105891 0.118412 0.108406 0.073482 0.110922 0.068969
0 1 1 0.777453 0.447409 0.777172 0.436156 0.779375 0.364680 0.781578 0.350474 0.783766 0.328440 0.776906 0.278022 0.776906 0.275571 0.777172 0.261365 0.792562 0.204596 0.797219 0.182563 0.803813 0.173259 0.808203 0.169331 0.832375 0.153677 0.830250 0.124401 0.830969 0.113092 0.832063 0.101476 0.835328 0.089833 0.848188 0.076936 0.855250 0.078858 0.861781 0.086295 0.866125 0.092423 0.867203 0.105682 0.866844 0.113092 0.867578 0.124735 0.865938 0.133760 0.858516 0.140223 0.858156 0.163175 0.887500 0.196435 0.887328 0.212897 0.882063 0.248106 0.880437 0.280084 0.877172 0.295599 0.871016 0.319499 0.871016 0.318217 0.864500 0.326602 0.861047 0.335320 0.856703 0.343064 0.854172 0.351811 0.854891 0.385710 0.851453 0.427688 0.848547 0.455153 0.843469 0.459025 0.845281 0.489721 0.844563 0.509749 0.842391 0.531699 0.838578 0.555599 0.831516 0.592423 0.832063 0.596964 0.839672 0.611476 0.829344 0.612786 0.823719 0.613760 0.821922 0.609861 0.824094 0.562396 0.823719 0.550446 0.823359 0.512340 0.824625 0.497465 0.825172 0.491003 0.822094 0.466462 0.820828 0.450947 0.817562 0.438691 0.813031 0.418329 0.804891 0.438691 0.801797 0.445794 0.799078 0.459359 0.783687 0.483593 0.778062 0.491337 0.769922 0.503928 0.759953 0.533008 0.754516 0.564652 0.749625 0.571114 0.740562 0.559164 0.741469 0.548189 0.742922 0.538162 0.752344 0.504902 0.757234 0.488747 0.758859 0.481003 0.770094 0.455487
0 1 1 0.351250 0.359749 0.349125 0.352201 0.349125 0.345933 0.348422 0.307020 0.344203 0.270613 0.342094 0.270613 0.344906 0.279415 0.341391 0.280669 0.344203 0.288189 0.339266 0.288189 0.335750 0.270613 0.337156 0.253036 0.337156 0.229192 0.337859 0.207855 0.341391 0.199053 0.346312 0.192786 0.347719 0.185237 0.347016 0.175209 0.350531 0.167660 0.356172 0.168942 0.358984 0.176462 0.359688 0.183983 0.358281 0.190279 0.357578 0.195292 0.363922 0.200306 0.367438 0.207855 0.370250 0.214123 0.367438 0.219136 0.368844 0.230446 0.369547 0.241727 0.370953 0.253036 0.375891 0.263092 0.376594 0.274373 0.375187 0.280669 0.373078 0.280669 0.370953 0.273120 0.370953 0.268106 0.368141 0.263092 0.368141 0.274373 0.369547 0.286936 0.368141 0.312033 0.368141 0.330864 0.368844 0.350947 0.372375 0.358496 0.375187 0.359749 0.370953 0.362256 0.367438 0.361003 0.363922 0.355989 0.363922 0.348440 0.363922 0.333370 0.362516 0.318329 0.359688 0.303259 0.357578 0.303259 0.354062 0.312033 0.354062 0.322089 0.354062 0.342173 0.354062 0.349694 0.356875 0.353482 0.358984 0.359749 0.357578 0.362256 0.355469 0.362256
37 1 0 0.346219 0.363036 0.331516 0.367103 0.315047 0.368468 0.295031 0.373900 0.295281 0.377047 0.313016 0.386072 0.333297 0.385627 0.368766 0.373426 0.397891 0.359889 0.417656 0.348134 0.419172 0.335961 0.412844 0.334596 0.397391 0.344067 0.369781 0.354457 0.372312 0.360334 0.368516 0.363036 0.364703 0.359889 0.364203 0.356267 0.357109 0.358997 0.352797 0.364847 0.346219 0.367103
37 1 0 0.484859 0.333482 0.492219 0.341643 0.474953 0.358858 0.404078 0.386017 0.371312 0.384652 0.370813 0.381950 0.383000 0.378774
0 1 0 0.503266 0.198969 0.506969 0.215905 0.508016 0.230000 0.506969 0.242228 0.507484 0.259164 0.509078 0.271393 0.509078 0.283593 0.509078 0.296769 0.511703 0.312758 0.513812 0.323092 0.517516 0.348496 0.518047 0.356964 0.515938 0.356964 0.512766 0.343788 0.507484 0.325933 0.506437 0.345682 0.506969 0.359777 0.506969 0.362591 0.501687 0.362591 0.500625 0.348496 0.498000 0.324039 0.494297 0.301476 0.491672 0.280780 0.490078 0.260084 0.489031 0.242228 0.486922 0.227187 0.487969 0.212145 0.489031 0.202730 0.490078 0.195209 0.484812 0.187688 0.484812 0.174513 0.486391 0.163231 0.488500 0.161337 0.494828 0.161337 0.499578 0.171699 0.499047 0.187688
0 1 0 0.014453 0.872869 0.013906 0.912953 0.001844 0.926657 0.001844 0.807326 0.001844 0.727103 0.001844 0.645933 0.012266 0.668412 0.018844 0.692869 0.017203 0.716351 0.013906 0.713426
37 1 2 0.761813 0.989861 0.808562 0.818691 0.851516 0.667799 0.879313 0.606992 0.912156 0.584457 0.948797 0.600223 0.956375 0.631755 0.961422 0.719582 0.951313 0.931309 0.947531 0.989861
37 1 2 0.346766 0.984429 0.598812 0.620780 0.623594 0.610390 0.664391 0.636351 0.661469 0.677911 0.646906 0.755850 0.600281 0.851950 0.550734 0.929861 0.511406 0.987019
