56 1 0 0.167547 0.986479 0.158688 0.852646 0.000000 0.884125 0.001469 1.000000 0.169766 0.998292
40 1 1 0.773172 0.543583 0.780844 0.541458 0.790984 0.541458 0.799391 0.544146 0.804172 0.550729 0.804031 0.584333 0.801859 0.590313 0.792875 0.607688 0.787953 0.616187 0.785781 0.651917 0.786359 0.659458 0.793156 0.659458 0.793156 0.661187 0.786062 0.663521 0.771438 0.667188 0.766359 0.671438 0.762750 0.666604 0.768250 0.661583 0.779109 0.657708 0.779406 0.653083 0.780219 0.615292 0.778031 0.613229 0.770781 0.601812 0.765078 0.564062 0.767484 0.548542 0.771000 0.542396
45 1 1 0.781828 0.718875 0.773766 0.709083 0.769359 0.699313 0.768625 0.687563 0.767891 0.679750 0.767891 0.672896 0.775969 0.668979 0.786969 0.664083 0.799438 0.663104 0.818516 0.664083 0.832453 0.662125 0.845656 0.668000 0.848594 0.680729 0.847125 0.691479 0.844922 0.701250 0.834656 0.719854 0.825109 0.721792 0.807516 0.724729 0.781094 0.719854 0.773766 0.717896
45 1 1 0.200141 0.687437 0.207484 0.691354 0.208953 0.712875 0.216281 0.727542 0.241219 0.730479 0.266906 0.725583 0.271297 0.700146 0.272031 0.691354 0.276437 0.685479 0.279375 0.680583 0.274969 0.668854 0.263234 0.662979 0.227281 0.664938 0.202344 0.676667
42 1 2 0.925078 0.658458 0.932891 0.680646 0.935266 0.685167 0.935609 0.688354 0.943078 0.688354 0.947828 0.687896 0.988250 0.710979 0.988578 0.710979 0.961750 0.688354 0.948844 0.681104 0.942391 0.680187 0.933906 0.656646 0.932547 0.653479 0.928469 0.653479 0.926094 0.659813
40 1 1 0.852719 0.631479 0.846437 0.637583 0.835578 0.637583 0.831578 0.637583 0.825281 0.634542 0.824719 0.626917 0.835000 0.615479 0.840141 0.602521 0.841297 0.588813 0.836141 0.556042 0.832141 0.550708 0.814422 0.550708 0.817859 0.530896 0.820719 0.521750 0.832141 0.521750 0.852719 0.526313 0.849859 0.541562 0.853859 0.556042 0.855578 0.563667 0.854438 0.575854 0.851578 0.587292 0.843000 0.602521 0.841859 0.610917 0.843000 0.617771 0.845859 0.620063
44 1 0 0.203359 0.795396 0.284250 0.779771 0.284625 0.779271 0.287656 0.772208 0.307312 0.763146 0.314859 0.763146 0.316375 0.764146 0.318641 0.764667 0.315625 0.769688 0.314484 0.773229 0.314109 0.774729 0.308437 0.782792 0.292188 0.788854 0.280094 0.788854
40 1 1 0.355875 0.645750 0.361953 0.638979 0.372594 0.637625 0.381219 0.636958 0.396422 0.645063 0.398953 0.651146 0.400469 0.686292 0.391344 0.721417 0.382234 0.732896 0.380703 0.734250 0.382234 0.761958 0.395406 0.766021 0.397438 0.769396 0.397438 0.772104 0.395906 0.776146 0.390344 0.779521 0.385266 0.782229 0.370578 0.783583 0.361453 0.778188 0.358406 0.770750 0.359937 0.766688 0.362469 0.766021 0.365000 0.764667 0.367531 0.763979 0.374625 0.759937 0.371594 0.729521 0.363984 0.726833 0.363484 0.724792 0.361453 0.722104 0.358406 0.711958 0.354859 0.697083 0.353844 0.679521 0.353344 0.658583
75 1 1 0.281547 0.247646 0.282344 0.405313 0.286313 0.431771 0.313297 0.429646 0.320437 0.416958 0.318844 0.351333 0.309328 0.247646
40 1 1 0.603344 0.587042 0.608187 0.554771 0.629000 0.550896 0.640125 0.556708 0.643516 0.558646 0.646422 0.599292 0.638672 0.621875 0.629484 0.638667 0.629000 0.654792 0.635281 0.659958 0.640125 0.665125 0.632391 0.674792 0.611094 0.675438 0.605766 0.664479 0.619312 0.659312 0.619312 0.659312 0.615438 0.634146 0.604797 0.612208
44 1 2 0.906109 0.726792 0.869297 0.694771 0.863547 0.696062 0.851703 0.687521 0.847219 0.675146 0.851703 0.669604 0.860656 0.671729 0.870266 0.679417 0.875062 0.689667 0.873141 0.691354 0.891063 0.704167 0.911859 0.725938
45 1 1 0.507187 0.726333 0.512953 0.735438 0.519266 0.758521 0.522406 0.771812 0.532906 0.773917 0.551266 0.778125 0.566484 0.773917 0.578031 0.762021 0.585391 0.735438 0.588531 0.723542 0.589578 0.716542 0.585906 0.711646 0.573844 0.706750 0.556000 0.704646 0.533953 0.705354 0.525562 0.705354 0.518734 0.708146 0.511906 0.710250 0.508234 0.715146 0.507719 0.721438
40 1 1 0.427984 0.684375 0.440109 0.688625 0.441719 0.691188 0.442672 0.694167 0.442672 0.696729 0.439156 0.700979 0.434688 0.702688 0.428625 0.703958 0.426062 0.704812 0.420000 0.704812 0.414563 0.703104 0.412969 0.701833 0.410734 0.699708 0.407547 0.697583 0.406578 0.696292 0.406266 0.694583 0.406906 0.691604 0.408828 0.688208 0.412016 0.685646 0.416172 0.682667 0.416797 0.682250 0.420000 0.681396 0.418406 0.640521 0.404984 0.613688 0.404344 0.585604 0.403719 0.581333 0.404984 0.575813 0.406578 0.571979 0.407547 0.569854 0.408500 0.568146 0.418719 0.562187 0.424469 0.562187 0.427016 0.562187 0.429578 0.562187 0.433406 0.563458 0.434688 0.563875 0.436609 0.566021 0.436922 0.566438 0.442672 0.583042 0.442672 0.601771 0.435969 0.621792 0.430219 0.632438 0.428625 0.639667 0.427344 0.683521
40 1 1 0.599547 0.581958 0.580516 0.584937 0.578844 0.590896 0.575484 0.619250 0.578844 0.643854 0.587234 0.664000 0.592828 0.674438 0.593938 0.690854 0.593391 0.694583 0.577719 0.701292 0.580516 0.711000 0.592266 0.717708 0.601219 0.716958 0.611281 0.711729 0.614078 0.708000 0.610734 0.699813 0.604578 0.696083 0.598984 0.693083 0.600656 0.675938 0.605687 0.666229 0.614641 0.655792 0.616328 0.642375 0.612406 0.625958 0.607375 0.614771 0.604016 0.595375 0.604578 0.585688
42 1 2 0.746281 0.760333 0.711766 0.725437 0.711766 0.725437 0.707125 0.726479 0.704406 0.725187 0.700922 0.722083 0.698203 0.717937 0.693937 0.707354 0.692578 0.700625 0.695875 0.706062 0.699562 0.713042 0.702469 0.718458 0.703828 0.721042 0.704016 0.717417 0.701109 0.712250 0.695484 0.701917 0.697234 0.704500 0.701500 0.709417 0.703828 0.714333 0.706734 0.718729 0.705766 0.715104 0.704797 0.711229 0.701109 0.705021 0.699562 0.701917 0.699562 0.701667 0.703234 0.707854 0.705953 0.711750 0.707703 0.714833 0.711969 0.722083 0.716812 0.726208 0.722234 0.731375 0.731156 0.738354 0.738141 0.749729
40 1 1 0.360000 0.599396 0.362687 0.588667 0.366328 0.583479 0.376312 0.579917 0.388984 0.577958 0.398234 0.577958 0.402625 0.586083 0.402859 0.593875 0.403594 0.611396 0.404078 0.626979 0.404328 0.630875 0.403375 0.634042 0.400531 0.645417 0.399578 0.645417 0.395797 0.644771 0.390109 0.640354 0.387266 0.637833 0.389156 0.630250 0.388687 0.618875 0.383953 0.613833 0.378266 0.604979 0.362156 0.598667
42 1 2 0.425359 0.749792 0.433641 0.769458 0.433641 0.775917 0.439703 0.784271 0.452844 0.810417 0.451016 0.812292 0.447188 0.810958 0.431422 0.780771 0.429594 0.778083 0.422328 0.777813 0.418078 0.775125 0.413828 0.752479
40 1 1 0.649875 0.539917 0.645516 0.556521 0.647391 0.600521 0.656719 0.608813 0.655484 0.647000 0.641156 0.655312 0.657969 0.668583 0.673531 0.666104 0.676016 0.658625 0.676016 0.658625 0.671047 0.647833 0.664187 0.644521 0.666687 0.612146 0.681625 0.576438 0.680375 0.551542 0.674781 0.541583 0.671672 0.535771
42 1 2 0.685656 0.715542 0.688578 0.727229 0.698031 0.734625 0.715547 0.749833 0.724156 0.760396 0.731938 0.769104 0.733047 0.766146 0.730000 0.759104 0.714422 0.739458 0.702469 0.727229 0.700672 0.725187 0.699969 0.720917 0.695797 0.714437 0.694828 0.712396
43 1 0 0.633766 0.766521 0.654828 0.784896 0.654016 0.778417 0.634578 0.755729 0.615531 0.731687 0.615531 0.731687 0.606219 0.726562 0.605609 0.722521 0.607031 0.721979 0.610266 0.724125
45 1 1 0.449516 0.650125 0.436234 0.647604 0.428656 0.634104 0.416016 0.605458 0.417906 0.591958 0.438766 0.589437 0.462781 0.591125 0.464687 0.625687 0.452672 0.632417
40 1 1 0.864094 0.582708 0.859125 0.618333 0.847937 0.624125 0.849187 0.632417 0.874656 0.633229 0.883969 0.629104 0.872797 0.620812 0.869063 0.615021 0.871547 0.584375 0.881484 0.571125 0.890187 0.535500 0.883344 0.515625 0.868437 0.504854 0.853531 0.517292 0.849813 0.533021 0.849813 0.553729 0.857875 0.568646
40 1 1 0.828875 0.660188 0.826016 0.660188 0.821094 0.661813 0.811672 0.662917 0.803891 0.661813 0.798141 0.655271 0.800609 0.649792 0.809625 0.647062 0.812484 0.647062 0.812078 0.631771 0.804703 0.621938 0.796922 0.599521 0.804297 0.582583 0.805109 0.550354 0.817406 0.549250 0.829703 0.549250 0.836266 0.554729 0.839125 0.571667 0.839953 0.588604 0.838719 0.600083 0.834203 0.614292 0.823141 0.629583 0.823969 0.645437 0.829297 0.650354
75 1 1 0.634797 0.243354 0.635453 0.342333 0.635453 0.380521 0.630797 0.404479 0.604172 0.400479 0.601844 0.392500 0.604172 0.308604 0.604172 0.278437 0.607828 0.238479 0.619141 0.238042 0.630797 0.237604
44 1 1 0.720750 0.591750 0.735906 0.601021 0.742219 0.610271 0.744109 0.611333 0.748375 0.611542 0.753266 0.611542 0.756109 0.609646 0.758469 0.606271 0.758625 0.603542 0.754359 0.603125 0.753734 0.603542 0.746797 0.605021 0.744734 0.604167 0.735906 0.594500 0.723750 0.588813 0.721219 0.588396 0.718391 0.588604 0.720437 0.591958
43 1 0 0.873859 0.704917 0.875516 0.707021 0.877547 0.709146 0.878938 0.712687 0.880516 0.714125 0.885297 0.716146 0.892766 0.721292 0.897016 0.723083 0.897656 0.721646 0.897531 0.720208 0.896391 0.718854 0.884656 0.710750 0.877188 0.705583 0.873578 0.703229
44 1 0 0.709641 0.692708 0.697141 0.678979 0.719203 0.682896 0.726562 0.677021 0.750078 0.672125 0.749344 0.676042 0.725828 0.682896 0.717000 0.687813 0.710375 0.690750
44 1 2 0.343109 0.742167 0.341031 0.719500 0.337563 0.716708 0.333750 0.711167 0.333047 0.707000 0.332703 0.702833 0.332703 0.699604 0.334781 0.695437 0.336172 0.693125 0.338594 0.691729 0.341719 0.691271 0.343812 0.691729 0.350047 0.701438 0.350406 0.705146 0.344844 0.716250 0.346234 0.747250 0.344156 0.747708
45 1 1 0.989781 0.641187 0.986969 0.661375 0.992578 0.670354 1.000000 0.673333 1.000000 0.659875 1.000000 0.636708
60 1 1 0.146297 0.659187 0.168156 0.986542 0.279141 0.986542 0.279141 0.986542 0.997203 0.825104 0.997203 0.531396 0.149656 0.661437
58 1 1 0.915109 0.634896 0.948484 0.637229 0.951984 0.574000 0.936187 0.566979 0.946719 0.499063 0.957266 0.480312 0.971313 0.499063 0.976578 0.475646 0.966047 0.475646 0.978344 0.461583 0.971313 0.454563 0.966047 0.447542 0.988875 0.428792 0.966047 0.428792 0.964281 0.433479 0.959016 0.407729 0.962531 0.403042 0.983609 0.370250 0.981844 0.356208 0.941453 0.400688 0.913344 0.367917 0.899297 0.377271 0.925641 0.403042 0.876469 0.400688 0.883484 0.424104 0.911594 0.442854 0.918625 0.515458 0.923891 0.534187 0.923891 0.552917 0.911594 0.571646 0.913344 0.639562
