0 1 0 0.161792 0.343812 0.170792 0.366297 0.170792 0.404500 0.173792 0.447188 0.161792 0.492141 0.119854 0.525844 0.086896 0.579781 0.047938 0.638203 0.000000 0.662922 0.008979 0.550563 0.050937 0.503375 0.065917 0.440453 0.065917 0.395500 0.089896 0.339328 0.131833 0.321344 0.089896 0.267422 0.086896 0.251687 0.086896 0.213484 0.077896 0.206734 0.038958 0.170781 0.077896 0.159547 0.146812 0.159547 0.164792 0.191016 0.179771 0.204500 0.188771 0.175281 0.191750 0.130344 0.224729 0.119094 0.257688 0.146063 0.281646 0.175281 0.308604 0.215734 0.281646 0.220219 0.272667 0.226969 0.221729 0.253938 0.116854 0.258422
0 1 1 0.519833 0.109797 0.526958 0.092000 0.534083 0.082656 0.542979 0.077328 0.553646 0.075547 0.567292 0.081328 0.578562 0.092891 0.590813 0.123703 0.583292 0.139688 0.608354 0.154734 0.613375 0.175422 0.612125 0.184828 0.612500 0.210047 0.582271 0.196938 0.582271 0.186859 0.572187 0.168719 0.566146 0.143016 0.548000 0.138484 0.525146 0.138484 0.509938 0.161047 0.486125 0.155406 0.499917 0.142234 0.508687 0.133766 0.519979 0.110266
0 1 1 0.462979 0.751719 0.452063 0.795375 0.424771 0.792641 0.413854 0.783094 0.413854 0.768094 0.435688 0.761266 0.455687 0.754438 0.457521 0.736703 0.424771 0.721703 0.410208 0.709422 0.384750 0.682141 0.372021 0.649391 0.379292 0.627563 0.397479 0.611203 0.435688 0.590734 0.439312 0.575734 0.439312 0.548437 0.444771 0.519797 0.479333 0.518422 0.479333 0.664406 0.543000 0.688953 0.557563 0.618016 0.561188 0.609828 0.570292 0.616656 0.586667 0.649391 0.588479 0.679406 0.568479 0.725797 0.552104 0.748984 0.579396 0.779000 0.570292 0.788547 0.539375 0.792641 0.537542 0.755813
0 1 1 0.395000 0.788484 0.248583 0.785797 0.201792 0.770484 0.181375 0.756984 0.190979 0.734484 0.189792 0.717391 0.182583 0.660672 0.175375 0.630984 0.232979 0.574266 0.277396 0.531062 0.290604 0.548172 0.296604 0.567969 0.305000 0.587766 0.276188 0.611172 0.326604 0.617469 0.350604 0.619281 0.381813 0.689484 0.405812 0.711078 0.399813 0.744391 0.403396 0.775891
0 1 1 0.517083 0.284594 0.493604 0.247422 0.474042 0.226891 0.440146 0.219062 0.437521 0.217109 0.440146 0.186781 0.421875 0.172109 0.389271 0.166234 0.377542 0.174063 0.371021 0.212219 0.344938 0.217109 0.337104 0.225906 0.350146 0.286547 0.372313 0.300250 0.431000 0.302203 0.492312 0.301219
0 1 1 0.473938 0.229734 0.487188 0.202250 0.519771 0.193078 0.511625 0.171703 0.525875 0.137328 0.564562 0.139625 0.581875 0.191563 0.618542 0.212938 0.627708 0.245016 0.611417 0.262578 0.585958 0.253422 0.571688 0.243484 0.534021 0.245016 0.518750 0.267922 0.514667 0.270219 0.484125 0.233562 0.479042 0.227453
0 1 0 0.000000 0.166875 0.050625 0.134781 0.064417 0.121625 0.073188 0.118797 0.076958 0.113156 0.085729 0.105625 0.086979 0.102813 0.105792 0.097172 0.114563 0.097172 0.122083 0.111281 0.125854 0.130078 0.080708 0.153594 0.071937 0.156422 0.064417 0.162062 0.051875 0.171469 0.036833 0.180859 0.034312 0.187453 0.034312 0.189328 0.048104 0.189328 0.061896 0.189328 0.065667 0.189328 0.083229 0.190266 0.095750 0.206250 0.094500 0.226953 0.092000 0.233531 0.081958 0.253281 0.079458 0.260797 0.088229 0.273969 0.088229 0.274906 0.076958 0.275656 0.081958 0.282234 0.086979 0.290703 0.097021 0.301984 0.103292 0.304812 0.120833 0.304812 0.128354 0.304812 0.133375 0.312328 0.133375 0.317031 0.133375 0.327375 0.081958 0.411078 0.060646 0.432703 0.063167 0.443047 0.063167 0.453391 0.061896 0.455281 0.060646 0.465625 0.063167 0.472203 0.063167 0.475969 0.063167 0.477844 0.063167 0.490078 0.050625 0.519219 0.044354 0.529563 0.015500 0.549312 0.006729 0.558719 0.004229 0.558719
32 0 1 0.698604 0.385703 0.705750 0.369078 0.726333 0.357797 0.747708 0.351859 0.771458 0.353641 0.792833 0.365516 0.804708 0.378578 0.810250 0.393422 0.803917 0.408266 0.791250 0.425500 0.775417 0.435000 0.747708 0.439156 0.731083 0.433813 0.717625 0.426687 0.703375 0.414797 0.697021 0.398172 0.698604 0.387484
27 1 1 0.785146 0.363281 0.785521 0.346141 0.787750 0.336875 0.787000 0.333781 0.787375 0.328438 0.793375 0.322828 0.802000 0.329000 0.801250 0.333781 0.800125 0.336875 0.799375 0.341359 0.799375 0.343609 0.798625 0.346422 0.797500 0.349797 0.797500 0.362438 0.796000 0.370016 0.795625 0.370859
27 1 1 0.401292 0.240438 0.411438 0.239000 0.412062 0.246375 0.422229 0.264687 0.420000 0.278719 0.407958 0.268266 0.401604 0.261125 0.404458 0.246141
0 1 1 0.782021 0.986516 0.731083 0.984266 0.755062 0.921344 0.767042 0.856188 0.767042 0.815734 0.767042 0.732578 0.761042 0.676406 0.782021 0.640453 0.794000 0.557297 0.707125 0.635953 0.659167 0.676406 0.647187 0.685391 0.596250 0.669656 0.683146 0.622469 0.737083 0.548313 0.770042 0.532578 0.770042 0.492141 0.779021 0.474156 0.808979 0.460672 0.835958 0.458422 0.829958 0.415734 0.880896 0.375281 0.946813 0.411234 0.934833 0.458422 0.997750 0.501125 1.000000 0.716859 0.964792 0.856188 0.940833 0.851688 0.880896 1.000000 0.823979 0.993266 0.862917 0.885391 0.874917 0.824719 0.853938 0.824719 0.803000 0.914609
0 0 1 0.577438 0.617422 0.564750 0.602203 0.541917 0.699250 0.531771 0.813422 0.455667 0.809609 0.473417 0.695437 0.483104 0.498375 0.587875 0.587328 0.605667 0.533953 0.522646 0.455375 0.471250 0.421281 0.435250 0.411906 0.450312 0.371734 0.477083 0.337844 0.505542 0.322781 0.550729 0.322781 0.535667 0.316500 0.530646 0.301437 0.545708 0.268797 0.562458 0.260000 0.584208 0.254984 0.609333 0.268797 0.624396 0.283859 0.624396 0.329047 0.676271 0.347875 0.696354 0.438266 0.694688 0.518609 0.679625 0.544234 0.666958 0.569547 0.668938 0.628844 0.589854 0.661453 0.600271 0.678312 0.620562 0.674516 0.666229 0.699250 0.689062 0.792484 0.640854 0.800094 0.615500 0.771547 0.600271 0.731594 0.600271 0.699250
0 1 1 0.050937 0.777266 0.077896 0.741313 0.086896 0.709844 0.104875 0.682891 0.107875 0.662656 0.110854 0.631203 0.131833 0.608734 0.140833 0.579516 0.143812 0.566031 0.149813 0.525578 0.167792 0.500859 0.185771 0.473891 0.200750 0.460406 0.200750 0.451422 0.191750 0.422203 0.170792 0.397484 0.167792 0.384000 0.161792 0.352547 0.158792 0.332328 0.140833 0.318844 0.092875 0.318844 0.086896 0.307609 0.080896 0.291875 0.077896 0.280641 0.101875 0.271641 0.122854 0.267156 0.176771 0.253672 0.209729 0.246922 0.236708 0.244688 0.257688 0.226703 0.272667 0.215469 0.290646 0.213219 0.320604 0.208734 0.347562 0.213219 0.353563 0.233453 0.353563 0.253672 0.353563 0.273891 0.362542 0.282891 0.374542 0.296359 0.380521 0.323328 0.380521 0.350297 0.380521 0.363781 0.395500 0.354797 0.419479 0.325578 0.428458 0.318844 0.461417 0.318844 0.455438 0.341312 0.452437 0.366031 0.431458 0.384000 0.422479 0.395250 0.416479 0.408734 0.509354 0.422203 0.545313 0.460406 0.572292 0.489625 0.593250 0.507609 0.638208 0.527828 0.686146 0.545812 0.686146 0.559281 0.713104 0.566031 0.683146 0.581766 0.638208 0.590750 0.611229 0.590750 0.563292 0.568281 0.551313 0.550297 0.506375 0.523328 0.482396 0.514344 0.425458 0.514344 0.386521 0.514344 0.353563 0.514344 0.320604 0.525578 0.263667 0.561531 0.224729 0.601984 0.194750 0.655922 0.167792 0.707609 0.158792 0.739062 0.134833 0.775016 0.128833 0.786250 0.101875 0.810969 0.074917 0.817719 0.047938 0.815469 0.044937 0.813219
