41 1 1 0.505016 0.484412 0.525000 0.681503 0.542255 0.694216 0.588578 0.696029 0.618546 0.683317 0.664869 0.488056 0.648529 0.461716 0.585850 0.438105 0.531356 0.450817 0.503203 0.473513 0.505931 0.488954
42 1 2 0.654771 0.553840 0.776291 0.635278 0.760261 0.659314 0.742908 0.653971 0.636078 0.565850 0.605376 0.508431 0.571993 0.511111 0.557304 0.496422 0.529265 0.464379 0.563987 0.455033 0.592026 0.473725 0.609379 0.505768
44 1 2 0.470964 0.359739 0.475425 0.346405 0.489657 0.337941 0.511895 0.334379 0.526127 0.334379 0.553268 0.339281 0.578170 0.360637 0.585294 0.365082 0.728529 0.399330 0.763235 0.405114 0.760114 0.413121 0.719641 0.411340 0.716078 0.406013 0.707631 0.403333 0.636013 0.392222 0.626225 0.381095 0.580408 0.378431 0.580408 0.378431 0.574624 0.379314 0.574167 0.379314 0.567500 0.377974 0.551928 0.377974 0.498105 0.369967 0.497222 0.369526 0.482092 0.365964
45 1 1 0.294020 0.336634 0.292892 0.356977 0.283840 0.370556 0.268023 0.395425 0.223922 0.411242 0.192271 0.421422 0.147042 0.423693 0.117647 0.421422 0.079216 0.407859 0.049820 0.378464 0.045294 0.356977 0.071291 0.334363 0.130082 0.315147 0.213742 0.306111 0.263497 0.317418 0.278186 0.326454 0.242010 0.328709 0.261242 0.337761 0.289493 0.335507
56 1 0 0.759003 0.224101 0.792794 0.050670 0.813056 0.055180 0.810817 0.095719 0.876127 0.088971 0.927925 0.091209 0.932435 0.104722 0.966209 0.127255 0.959461 0.201569 0.948203 0.266895 0.927925 0.332206 0.918922 0.345719 0.900899 0.338971 0.768023 0.266895 0.777026 0.239869 0.770278 0.226356
42 1 0 0.838529 0.420458 0.842059 0.418889 0.924722 0.508219 0.922369 0.506258 0.941961 0.528595 0.950572 0.541127 0.962337 0.550523 0.962337 0.526634 0.947451 0.519183 0.918840 0.497255 0.860866 0.450229 0.852239 0.446307 0.852239 0.445539 0.848709 0.445539 0.845196 0.442794 0.841274 0.438480 0.839706 0.430637 0.835392 0.429069 0.835392 0.428693 0.832255 0.419673 0.833824 0.419673
43 1 0 0.173775 0.733987 0.184379 0.754150 0.190752 0.755212 0.277712 0.720212 0.371046 0.691569 0.438938 0.672484 0.502565 0.653382 0.526961 0.645964 0.524837 0.631111 0.460147 0.648088 0.349837 0.678840 0.279837 0.701111 0.251209 0.707484 0.195000 0.722320 0.173775 0.726569
42 1 0 0.253039 0.470196 0.212059 0.472925 0.096209 0.507892 0.087467 0.502435 0.085833 0.493693 0.121895 0.480033 0.227908 0.464739 0.254673 0.463644 0.257418 0.463644 0.261242 0.464739 0.285833 0.454346 0.293480 0.451062 0.327353 0.425931 0.329542 0.427026 0.341013 0.436324 0.310964 0.462549 0.249755 0.470196
43 1 0 0.291585 0.256487 0.272418 0.270343 0.269216 0.285261 0.285196 0.286324 0.311830 0.267141 0.342729 0.240507 0.347582 0.236895 0.357908 0.226585 0.396618 0.226176 0.388840 0.220490 0.347582 0.222173 0.330131 0.233954 0.289820 0.258137
75 1 1 0.191340 0.120637 0.197222 0.179771 0.219003 0.181503 0.236993 0.170768 0.264314 0.162467 0.265000 0.113709 0.263971 0.110261
41 1 1 0.476552 0.112206 0.455490 0.111667 0.444967 0.112467 0.433350 0.115441 0.431454 0.123268 0.437124 0.158105 0.443333 0.211046 0.445768 0.221585 0.472239 0.224281 0.484118 0.213742 0.491405 0.208889 0.497353 0.165409 0.500588 0.147304 0.504379 0.122190 0.504379 0.118676 0.501127 0.115719 0.487631 0.112467 0.478726 0.112467
41 1 1 0.223595 0.180507 0.249036 0.182614 0.268137 0.187925 0.274493 0.191111 0.270261 0.214444 0.269199 0.258987 0.267075 0.302467 0.266013 0.323676 0.244804 0.313072 0.220408 0.310948 0.201307 0.307778 0.187533 0.245196 0.177990 0.207010 0.173742 0.193235 0.181160 0.188987 0.191765 0.184739
42 1 0 0.514542 0.372516 0.564265 0.376258 0.575163 0.381373 0.599020 0.380686 0.620817 0.381029 0.675310 0.396013 0.688252 0.404526 0.675310 0.405212 0.617402 0.395000 0.579592 0.393971 0.565980 0.401471 0.556438 0.405899 0.549281 0.407598 0.495474 0.400441 0.484918 0.395000 0.482190 0.390572 0.465163 0.382386 0.464477 0.374902 0.464820 0.367745 0.467876 0.361275
44 1 2 0.357614 0.323154 0.336520 0.322157 0.299363 0.325163 0.285294 0.326176 0.246127 0.328186 0.231062 0.320147 0.219020 0.312108 0.206961 0.309101 0.194918 0.311111 0.180850 0.316127 0.176830 0.318137 0.187876 0.323154 0.212990 0.325163 0.225033 0.326176 0.284297 0.333203 0.299363 0.333203 0.333497 0.341242 0.354591 0.346258 0.356601 0.333203 0.355605 0.326176
39 1 1 0.310572 0.159820 0.328693 0.164346 0.337745 0.161634 0.340474 0.118137 0.331405 0.109984 0.331405 0.094575 0.325964 0.071928 0.315997 0.073725 0.315997 0.083693 0.315997 0.105441 0.304216 0.126291 0.310572 0.163448
41 1 1 0.782010 0.238121 0.765000 0.224297 0.710784 0.217925 0.673578 0.224297 0.675703 0.243431 0.677827 0.364624 0.691650 0.375245 0.724608 0.377369 0.749052 0.374183 0.760752 0.307222
