18 1 0 0.758453 0.288797 0.759766 0.342005 0.766297 0.371557 0.771516 0.347925 0.780656 0.334127 0.784562 0.332146 0.797625 0.345943 0.798922 0.359741 0.804156 0.338066 0.809375 0.361698 0.815891 0.363679 0.810672 0.342005 0.835484 0.349882 0.831563 0.363679 0.836781 0.363679 0.845938 0.357925 0.847281 0.341722 0.845266 0.328561 0.847953 0.328561 0.837219 0.311321 0.828484 0.295118 0.815078 0.286014 0.792922 0.271840 0.779500 0.270825 0.762734 0.278915 0.759375 0.288042
18 1 1 0.573297 0.351179 0.573891 0.339670 0.571250 0.333019 0.571828 0.323278 0.568016 0.314434 0.573000 0.294505 0.580047 0.287854 0.589437 0.288302 0.599109 0.306910 0.599984 0.317524 0.596469 0.324175 0.599406 0.324175 0.599109 0.330377 0.594422 0.330825 0.592359 0.341887 0.592953 0.357830 0.585906 0.357382 0.587078 0.340566 0.582984 0.345873 0.582687 0.362689 0.578875 0.360047 0.578281 0.353844 0.577406 0.352948 0.576234 0.354717 0.572703 0.352948
18 1 0 0.485938 0.364953 0.481156 0.345825 0.480812 0.341179 0.482859 0.336533 0.485594 0.337052 0.489703 0.337571 0.491422 0.335495 0.492109 0.341179 0.490734 0.352028 0.488688 0.360825 0.489703 0.369599 0.491766 0.370118 0.493813 0.365472 0.493469 0.359269 0.495859 0.343774 0.498609 0.343255 0.501000 0.342736 0.505109 0.321038 0.506141 0.302429 0.502719 0.284363 0.498953 0.278160 0.492438 0.271439 0.480469 0.268844 0.472937 0.269882 0.463359 0.271958 0.457875 0.263160 0.455484 0.261627 0.453422 0.261627 0.452063 0.265236 0.443844 0.265755 0.440078 0.262665 0.440078 0.266274 0.430156 0.278679 0.429469 0.285896 0.429469 0.288491 0.430828 0.291580 0.443156 0.292099 0.446922 0.311226 0.451375 0.326722 0.458563 0.338609 0.459250 0.369080 0.462328 0.366509 0.464031 0.340142 0.467453 0.335495 0.474641 0.342736 0.479781 0.369599
18 1 0 0.315109 0.230142 0.312250 0.231580 0.307813 0.233491 0.297328 0.233491 0.292891 0.233019 0.286547 0.233491 0.280828 0.236368 0.277328 0.241156 0.275750 0.243066 0.274156 0.247854 0.270672 0.254080 0.270672 0.265590 0.270672 0.275165 0.273203 0.285236 0.277656 0.292901 0.279563 0.300094 0.282422 0.306321 0.284313 0.310142 0.287172 0.315425 0.292891 0.317335 0.294156 0.312547 0.294484 0.311108 0.294797 0.311108 0.295109 0.302005 0.295422 0.301533 0.297016 0.310142 0.299563 0.314458 0.301141 0.309198 0.301141 0.305354 0.301781 0.299127 0.303688 0.293373 0.310031 0.290991 0.312250 0.294340 0.312250 0.301533 0.313844 0.309198 0.317328 0.312075 0.319547 0.309670 0.318281 0.306321 0.316063 0.298656 0.315422 0.293373 0.319547 0.289080 0.324625 0.284764 0.325906 0.280448 0.326531 0.275660 0.326531 0.270873 0.325906 0.265118 0.326531 0.262241 0.329078 0.262712 0.331609 0.262241 0.332891 0.260330 0.334156 0.256014 0.333844 0.252170 0.332563 0.247382 0.331297 0.244505 0.329078 0.240189 0.327172 0.236368 0.322734 0.230613 0.322094 0.229646
18 1 0 0.510938 0.162264 0.515344 0.156745 0.517531 0.145684 0.534375 0.139057 0.538766 0.136840 0.541703 0.140165 0.545359 0.145684 0.547562 0.151203 0.547562 0.156745 0.546094 0.163373 0.544625 0.168892 0.544625 0.171108 0.540969 0.177736 0.540969 0.170000 0.542437 0.166698 0.537313 0.166698 0.535844 0.171108 0.532906 0.178844 0.531453 0.174434 0.531453 0.167783 0.533641 0.166698 0.533641 0.165590 0.526328 0.163373 0.526328 0.163373 0.524859 0.168892 0.524859 0.178844 0.521922 0.171108 0.522656 0.166698 0.517531 0.165590 0.513875 0.171108 0.510203 0.168892 0.510203 0.162264
18 1 1 0.507844 0.274953 0.514328 0.278632 0.516750 0.279434 0.522687 0.284340 0.525656 0.284741 0.528094 0.283113 0.531328 0.282288 0.538344 0.282712 0.541047 0.284340 0.545359 0.287995 0.547250 0.304717 0.546984 0.312052 0.546719 0.323868 0.546719 0.331604 0.546719 0.342193 0.545094 0.354835 0.542125 0.354835 0.541313 0.348703 0.539703 0.342594 0.539703 0.333632 0.536453 0.329552 0.531594 0.331203 0.534297 0.346675 0.534297 0.351156 0.533750 0.354410 0.526734 0.354835 0.524578 0.353608 0.525125 0.346675 0.524844 0.337311 0.521609 0.329552 0.519719 0.336085 0.520531 0.347901 0.519188 0.351981 0.516219 0.351981 0.515672 0.344646 0.514594 0.329552 0.513781 0.322217 0.512703 0.316108 0.510813 0.309198 0.509734 0.303892 0.508109 0.301439 0.506500 0.300236 0.503250 0.287995 0.500828 0.283113 0.500562 0.281085 0.502719 0.276604 0.505688 0.274552 0.507031 0.274552 0.508109 0.274552
18 1 0 0.707844 0.138090 0.712609 0.138090 0.714250 0.138090 0.721844 0.140330 0.725859 0.142571 0.728094 0.147075 0.730031 0.166179 0.733750 0.172241 0.732266 0.175849 0.730031 0.177193 0.729141 0.180778 0.728391 0.182571 0.724531 0.182358 0.723328 0.181226 0.721094 0.181462 0.720203 0.178090 0.718422 0.180566 0.716187 0.179434 0.715000 0.179670 0.713203 0.180778 0.711422 0.180118 0.710828 0.175613 0.710828 0.163703 0.707703 0.163703 0.707109 0.177642 0.705312 0.178986 0.703531 0.178750 0.702641 0.174033 0.702187 0.164387 0.703094 0.145283 0.705922 0.138750 0.707250 0.137193
18 1 0 0.673984 0.176132 0.673219 0.176132 0.670969 0.169316 0.673594 0.147712 0.673219 0.139764 0.682641 0.135778 0.687906 0.140330 0.694312 0.135778 0.700328 0.132358 0.705234 0.134080 0.702594 0.144292 0.698078 0.155660 0.696187 0.165330 0.696938 0.178396 0.697703 0.182948 0.695063 0.182382 0.692422 0.175000 0.692422 0.164764 0.690547 0.164764 0.689406 0.169316 0.689797 0.175566 0.689406 0.180094 0.687531 0.181250 0.686781 0.178962 0.685266 0.168750 0.685266 0.163632 0.683391 0.163066 0.680750 0.165330 0.678500 0.169316 0.677359 0.173278 0.673984 0.177264
18 1 0 0.714312 0.136274 0.714312 0.135094 0.715609 0.129623 0.718984 0.125307 0.720031 0.124528 0.730937 0.125307 0.738453 0.136675 0.738719 0.147241 0.737422 0.154693 0.735609 0.159387 0.735078 0.160566 0.733781 0.164481 0.733000 0.174670 0.730937 0.171156 0.727297 0.149198 0.722109 0.140189
18 1 0 0.415125 0.810307 0.413703 0.730896 0.440719 0.715873 0.479109 0.690118 0.491906 0.662241 0.486219 0.584976 0.486219 0.567807 0.504687 0.535613 0.489062 0.527028 0.453516 0.535613 0.395219 0.501297 0.331250 0.488420 0.260172 0.488420 0.230312 0.509882 0.214672 0.569953 0.214672 0.612877 0.211828 0.724458 0.200453 0.780259 0.214672 0.784552 0.236000 0.715873 0.247375 0.715873 0.250219 0.793137 0.264437 0.784552 0.267281 0.681557 0.287172 0.672972 0.334094 0.715873 0.372484 0.720165 0.389531 0.720165 0.400906 0.735189 0.395219 0.808160
