45 1 1 0.950625 0.853732 0.920547 0.842770 0.912813 0.824061 0.904656 0.818897 0.888766 0.809859 0.884469 0.798873 0.884891 0.791127 0.896922 0.782746 0.931719 0.780822 0.956625 0.782113 0.978547 0.790493 0.997016 0.796948 0.995719 0.831784 0.986266 0.833732 0.981547 0.835657 0.971672 0.852441 0.967797 0.850516 0.949766 0.831150 0.936016 0.827911 0.939016 0.834366 0.948047 0.844695
69 1 0 0.342453 0.575282 0.304859 0.565235 0.309031 0.545164 0.309031 0.533850 0.300672 0.486150 0.263078 0.425892 0.260562 0.410822 0.258891 0.290305 0.260562 0.281526 0.375047 0.292817 0.407641 0.296596 0.402625 0.533850 0.395109 0.542653 0.394266 0.563991 0.344125 0.575282
71 1 0 0.043938 0.575282 0.110094 0.599296 0.144828 0.583568 0.140422 0.572793 0.094109 0.561197 0.082531 0.559554 0.054969 0.564531 0.042844 0.574460
71 1 1 0.691078 0.653286 0.677297 0.697394 0.665922 0.710000 0.659328 0.722582 0.634156 0.726197 0.630562 0.712699 0.604813 0.685681 0.578453 0.674883 0.578453 0.644296 0.584437 0.628991 0.617391 0.621784 0.686891 0.640681
43 1 0 0.944281 0.839883 0.968328 0.878357 0.976953 0.896432 0.990016 0.918404 1.000000 0.916854 0.983484 0.889742 0.981922 0.883474 0.958141 0.843427 0.950562 0.832019 0.944016 0.830845 0.942187 0.833592
43 1 0 0.026406 0.321972 0.023859 0.425094 0.028953 0.427958 0.023234 0.444178 0.023234 0.481432 0.016875 0.482371 0.017500 0.432723 0.013062 0.427958 0.019406 0.421268 0.021953 0.320070 0.025766 0.319108
49 1 1 0.337953 0.695188 0.334812 0.712160 0.331672 0.717817 0.321641 0.717817 0.315375 0.710282 0.312234 0.700845 0.312234 0.693310 0.312234 0.690493 0.314734 0.684836 0.322891 0.683897 0.331047 0.686714
43 1 0 0.071125 0.408333 0.072312 0.330540 0.074281 0.316901 0.074281 0.316901 0.074687 0.311549 0.076266 0.344812 0.076266 0.344812 0.078234 0.369742 0.077844 0.405376 0.075078 0.421995 0.075078 0.421995 0.074687 0.461784 0.074687 0.461784 0.076266 0.464765 0.068359 0.462371 0.068359 0.462371 0.066781 0.462981 0.070734 0.410704
43 1 2 0.269922 0.665798 0.311438 0.668310 0.312438 0.666315 0.352938 0.660775 0.353266 0.660282 0.313438 0.660775 0.287328 0.658263 0.273281 0.656761 0.263563 0.660282 0.264906 0.666315 0.269266 0.666808
43 1 0 0.763078 0.362488 0.760766 0.347371 0.762313 0.322958 0.771203 0.284014 0.775078 0.296221 0.768109 0.345047
49 1 1 0.330516 0.680892 0.337359 0.679742 0.346141 0.679930 0.353500 0.681878 0.354156 0.687488 0.352859 0.698545 0.349109 0.708075 0.342906 0.709413 0.337359 0.709225 0.335813 0.705352 0.338266 0.697207 0.338000 0.694484 0.330906 0.687301 0.331156 0.682254
43 1 0 0.777328 0.274249 0.772781 0.281408 0.773438 0.286620 0.774734 0.310399 0.773000 0.328615 0.773641 0.349460 0.775594 0.361831 0.778203 0.347817 0.779063 0.326338 0.779500 0.310070
0 1 0 0.152562 0.984272 0.151078 0.943826 0.145094 0.896620 0.145094 0.867418 0.146594 0.838193 0.137609 0.820235 0.136109 0.820235 0.130141 0.804484 0.127141 0.793263 0.133125 0.773028 0.136109 0.759554 0.134625 0.750563 0.125641 0.750563 0.118172 0.743826 0.127141 0.725845 0.130141 0.698873 0.130141 0.680892 0.133125 0.644953 0.133125 0.626972 0.139109 0.595516 0.140609 0.577535 0.148078 0.568545 0.154062 0.546056 0.155562 0.541573 0.142094 0.534836 0.125641 0.523592 0.115172 0.516854 0.118172 0.474155 0.121156 0.442700 0.121156 0.431455 0.118172 0.426972 0.113688 0.417981 0.116672 0.397746 0.121156 0.395516 0.122656 0.393263 0.121156 0.364038 0.121156 0.346056 0.124156 0.323592 0.130141 0.305610 0.143594 0.285399 0.157063 0.280892 0.173516 0.260681 0.186969 0.244953 0.194453 0.231455 0.200438 0.224718 0.200438 0.200000 0.206422 0.179765 0.212406 0.152817 0.221375 0.148310 0.245312 0.143826 0.260266 0.143826 0.275219 0.161808 0.276719 0.177535 0.278219 0.200000 0.278219 0.217981 0.275219 0.233709 0.267750 0.247183 0.263266 0.262911 0.257281 0.271901 0.254281 0.298873 0.255781 0.328099 0.258766 0.343826 0.263266 0.377535 0.264750 0.406737 0.261766 0.417981 0.263266 0.429202 0.275219 0.447183 0.297656 0.494390 0.305141 0.501127 0.309625 0.530329 0.306641 0.546056 0.308125 0.552817 0.308125 0.564038 0.293172 0.564038 0.285688 0.568545 0.284203 0.575282 0.278219 0.584272 0.272234 0.584272 0.269234 0.595516 0.270734 0.613474 0.276719 0.626972 0.287188 0.689883 0.291672 0.741573 0.296172 0.820235 0.294672 0.835962 0.285688 0.847183 0.275219 0.860681 0.269234 0.865164 0.270734 0.876408 0.269234 0.907864 0.270734 0.921338 0.267750 0.932582 0.252781 0.943826 0.225859 0.952817 0.218391 0.957300 0.210906 0.916854 0.204922 0.930329 0.201938 0.946056 0.194453 0.970798 0.198938 0.988756 0.183984 0.984272 0.170516 0.988756 0.154062 0.986526
0 1 0 0.816703 0.642700 0.822688 0.732582 0.795766 0.793263 0.792766 0.802254 0.720969 0.907864 0.712000 0.919108 0.700031 0.887629 0.697031 0.833709 0.697031 0.793263 0.688062 0.703380 0.692547 0.633709 0.703016 0.597746 0.713484 0.570798 0.713484 0.532582 0.720969 0.469671 0.743406 0.424718 0.750891 0.402254 0.779312 0.348310 0.815203 0.310117 0.842125 0.296620 0.869047 0.280892 0.879516 0.256174 0.885500 0.226972 0.901953 0.208991 0.927391 0.204484 0.937859 0.211244 0.945344 0.222465 0.954313 0.307864 0.948328 0.328099 0.913922 0.382019 0.878031 0.411244 0.863063 0.424718 0.840625 0.537089 0.828672 0.575282 0.828672 0.577535 0.843625 0.577535 0.906453 0.570798 0.867562 0.635962 0.863063 0.644953 0.834656 0.635962
