0 1 0 0.091680 0.338650 0.091680 0.280200 0.100680 0.257750 0.102480 0.242000 0.125840 0.221775 0.145620 0.212800 0.149220 0.203800 0.179780 0.206050 0.156400 0.172350 0.143820 0.152125 0.136620 0.125150 0.134840 0.107175 0.140220 0.091450 0.163600 0.059975 0.190560 0.046500 0.233700 0.048750 0.239100 0.091450 0.217520 0.113925 0.197760 0.145375 0.183380 0.185825 0.185160 0.235275 0.174380 0.295950
0 1 1 0.475060 0.177500 0.491340 0.171675 0.493400 0.171675 0.496240 0.192350 0.508380 0.210775 0.518980 0.237575 0.509420 0.245325 0.472720 0.284425 0.448700 0.315100 0.444560 0.319625 0.435000 0.314125 0.430860 0.303800 0.438100 0.294425 0.470660 0.274075 0.477900 0.262450 0.471960 0.245000 0.467040 0.229500 0.463420 0.197525 0.467820 0.185250 0.469620 0.181700
54 1 1 0.320660 0.626300 0.334080 0.623075 0.345440 0.607575 0.344400 0.600475 0.336140 0.588875 0.328400 0.587575 0.313940 0.587575 0.305680 0.594025 0.302060 0.599200 0.297420 0.605650 0.294840 0.614025 0.294320 0.621125 0.293800 0.625650 0.294320 0.630175
24 1 0 0.715500 0.409000 0.767640 0.366300 0.812580 0.375275 0.839560 0.393250 0.857520 0.413475 0.871920 0.462925 0.895280 0.566300 0.882700 0.683150 0.897080 0.793250 0.904260 0.878650 0.931240 0.957300 0.990560 0.964050 1.000000 0.393250 0.983380 0.373025 0.943820 0.388775 0.911460 0.366300 0.895280 0.343825 0.864720 0.323600 0.864720 0.303375 0.846740 0.294375 0.796400 0.303375 0.729880 0.339325 0.701120 0.375275 0.695740 0.411225 0.711920 0.417975
0 1 1 0.399800 0.343575 0.338240 0.349350 0.336700 0.357025 0.325920 0.339725 0.338240 0.308950 0.336700 0.280075 0.352100 0.247375 0.349020 0.218525 0.361320 0.183900 0.390560 0.178125 0.412120 0.206975 0.422880 0.278150 0.438280 0.320475 0.425960 0.403200 0.425960 0.428225 0.467520 0.668700 0.429040 0.691800 0.415200 0.845700 0.438280 0.797600
24 1 0 0.149640 0.840575 0.105780 0.859425 0.074240 0.821725 0.060540 0.778875 0.057800 0.682900 0.081100 0.653775 0.100300 0.624650 0.126340 0.634925 0.138680 0.729175
0 1 1 0.999060 0.387325 0.989720 0.376800 0.972900 0.380300 0.956080 0.399000 0.956080 0.370975 0.925240 0.309050 0.911240 0.296225 0.908440 0.281025 0.938340 0.262350 0.945800 0.198100 0.993460 0.173575 1.000000 0.173575
0 1 0 0.889180 0.183750 0.889180 0.219850 0.869120 0.286550 0.896320 0.294625 0.900040 0.289100 0.902080 0.284000 0.903440 0.274650 0.906500 0.269550 0.908540 0.266575 0.908540 0.262325 0.908540 0.255950 0.906840 0.250850 0.905140 0.248725 0.904800 0.247450 0.903440 0.241525 0.903780 0.232600 0.905820 0.224525 0.908200 0.214750 0.896660 0.187975 0.895980 0.181625 0.895640 0.179500 0.892920 0.180350
54 1 1 0.270960 0.634700 0.267340 0.612700 0.256460 0.608825 0.247680 0.608175 0.237840 0.609475 0.225420 0.623700 0.221280 0.636625 0.219220 0.650875 0.219220 0.657325 0.219220 0.664450 0.219740 0.661850 0.239400 0.652800 0.254400 0.643750 0.265780 0.638575
54 1 1 0.641020 0.286750 0.640380 0.271600 0.642300 0.263225 0.656020 0.251275 0.668760 0.248475 0.688220 0.259650 0.694920 0.266825 0.696840 0.287150 0.695240 0.295125 0.673880 0.299900 0.666220 0.295925 0.663660 0.285950 0.654740 0.281975 0.649320 0.290325 0.649000 0.293925 0.645160 0.295525
0 1 1 0.411380 0.530825 0.415840 0.508475 0.432240 0.499150 0.442660 0.480550 0.430740 0.454475 0.424780 0.433975 0.437540 0.341050 0.441020 0.323625 0.483960 0.274300 0.511820 0.255425 0.521120 0.236575 0.496740 0.190125 0.493260 0.164025 0.493260 0.135000 0.500220 0.098725 0.535040 0.078400 0.588440 0.082750 0.610500 0.101625 0.630240 0.204650 0.623260 0.223500 0.622100 0.242375 0.612820 0.267025 0.627920 0.283000 0.625580 0.316375 0.625580 0.330875 0.622100 0.381675 0.644160 0.404875 0.634880 0.429550 0.634880 0.446950 0.601220 0.516600 0.587280 0.589150 0.588440 0.660250 0.598900 0.712500 0.639520 0.943200 0.636040 1.000000 0.593080 0.998350 0.583800 0.867750 0.575680 0.976575 0.521120 0.992550 0.479320 0.992550 0.489780 0.851800 0.489780 0.780700 0.481640 0.740075 0.467720 0.696550 0.481640 0.668975 0.501380 0.651550 0.493260 0.616725 0.489780 0.558700 0.485140 0.555800 0.423600 0.545625
0 1 0 0.411680 0.728100 0.408080 0.838200 0.391920 0.968550 0.167200 0.986525 0.156400 0.880900 0.140220 0.710100 0.203140 0.761800 0.221120 0.786525 0.343380 0.741575 0.391920 0.710100 0.341580 0.343825 0.195960 0.334825 0.129440 0.334825 0.107860 0.332575 0.174380 0.292125 0.186960 0.233700 0.185160 0.159550 0.201340 0.125850 0.224720 0.107875 0.273260 0.089900 0.339780 0.125850 0.355960 0.184275 0.352360 0.220225 0.343380 0.244950 0.348760 0.276400 0.346960 0.301125 0.346960 0.325850
0 1 0 0.717120 0.093100 0.740540 0.084075 0.760360 0.077325 0.791000 0.075075 0.823420 0.079575 0.837840 0.095350 0.861260 0.108850 0.868460 0.111100 0.879280 0.133625 0.888280 0.174175 0.888280 0.214725 0.888280 0.219225 0.879280 0.241750 0.875680 0.259750 0.868460 0.289050 0.904500 0.298050 0.917120 0.304800 0.924320 0.313825 0.929720 0.316075 0.960360 0.372375 0.956760 0.408400 0.918920 0.439950 0.899100 0.512000 0.899100 0.593100 0.902700 0.678675 0.908100 0.775525 0.920720 0.863375 0.924320 0.908400 0.926120 0.964725 0.924320 0.969225 0.909900 0.980475 0.895500 0.984975 0.875680 0.987225 0.857660 0.987225 0.760360 0.987225 0.693700 0.987225 0.682880 0.989500 0.679280 0.989500 0.675680 0.953450 0.668460 0.847600 0.657660 0.834075 0.657660 0.831825 0.652260 0.811550 0.650460 0.762000 0.655860 0.728225 0.654060 0.710200 0.628820 0.696700 0.601800 0.674175 0.589180 0.651650 0.589180 0.615625 0.587380 0.595350 0.600000 0.539050 0.646840 0.406150 0.639640 0.376875 0.639640 0.367875 0.636040 0.322825 0.636040 0.300300 0.641440 0.275525 0.646840 0.271025 0.663060 0.259750 0.679280 0.255250 0.690100 0.255250 0.691900 0.255250 0.691900 0.239500 0.695500 0.221475 0.695500 0.201200 0.713520 0.171925 0.717120 0.153900 0.711720 0.138150 0.706300 0.108850
