0 1 0 0.107109 0.594083 0.103250 0.616583 0.102781 0.644208 0.090250 0.638417 0.096516 0.621083 0.094578 0.606292 0.091688 0.584458 0.094094 0.563250 0.096516 0.545917 0.098438 0.534979 0.098438 0.526646 0.097953 0.519562 0.096984 0.496437 0.099406 0.486813 0.116750 0.492583 0.113859 0.499000 0.109031 0.508646 0.106141 0.525354 0.103734 0.538833 0.101813 0.552333 0.106625 0.560042 0.110484 0.568396
0 1 0 0.394953 0.603083 0.400000 0.633000 0.405484 0.651313 0.405937 0.662917 0.423344 0.657729 0.420828 0.649187 0.414875 0.616521 0.415328 0.589354 0.417391 0.589667 0.417625 0.582021 0.414641 0.566146 0.411438 0.539896 0.410750 0.526771 0.409609 0.520354 0.404344 0.511208 0.399766 0.508771 0.404109 0.495021 0.400672 0.487708 0.397250 0.481896 0.391984 0.477938 0.384422 0.481292 0.382141 0.484646 0.378922 0.493187 0.380297 0.509063 0.377094 0.515792 0.373656 0.521583 0.373656 0.531354 0.372969 0.538375 0.377094 0.552417 0.382141 0.566146 0.385562 0.578667 0.383047 0.589958 0.385344 0.612250 0.384188 0.623542 0.381906 0.633625 0.382594 0.638812 0.393125 0.637271 0.391031 0.646313 0.385281 0.650917 0.380297 0.654333 0.378625 0.654667 0.378750 0.662000 0.390141 0.658083
13 1 1 0.190641 0.598271 0.295875 0.598271 0.368422 0.588708 0.373203 0.622729 0.342109 0.624854 0.344500 0.648229 0.376391 0.641854 0.385969 0.636542 0.396328 0.639729 0.397922 0.647167 0.379578 0.654625 0.350094 0.654625 0.350094 0.654625 0.346906 0.666312 0.339719 0.666312 0.339719 0.655688 0.295078 0.655688 0.275937 0.667375 0.260797 0.656750 0.234484 0.656750 0.204187 0.659938 0.204984 0.654625 0.204984 0.654625 0.204187 0.653562 0.220141 0.651417 0.215359 0.633354 0.194625 0.630167 0.193031 0.616354 0.212172 0.617417 0.213766 0.613167 0.191437 0.611042 0.190641 0.600396 0.190641 0.600396
1 1 0 0.121328 0.590708 0.121672 0.606604 0.121328 0.619708 0.115625 0.628688 0.111688 0.637021 0.106828 0.638875 0.106594 0.616958 0.107984 0.609563 0.114234 0.607083 0.117938 0.595354 0.117016 0.588250 0.122734 0.583688 0.137391 0.574375 0.136000 0.557083 0.127891 0.554625 0.126266 0.553375 0.126266 0.547208 0.132516 0.547208 0.138547 0.548750 0.148953 0.548750 0.154516 0.547208 0.157750 0.556771 0.146641 0.558312 0.141781 0.559563 0.141547 0.574062 0.138547 0.578375
0 1 0 0.327047 0.590208 0.302844 0.589562 0.295094 0.585042 0.292672 0.566333 0.298484 0.556646 0.300906 0.535354 0.285422 0.522458 0.285906 0.516000 0.287828 0.509542 0.293156 0.503083 0.301875 0.495354 0.303813 0.472104 0.313969 0.464375 0.322688 0.477271 0.319297 0.493417 0.328969 0.506958 0.338656 0.566333 0.337203 0.576021 0.334781 0.580521 0.328969 0.550854 0.326562 0.552792 0.327531 0.579250 0.327531 0.586979
0 1 0 0.119703 0.474958 0.123984 0.465750 0.135453 0.465146 0.142109 0.476458 0.140953 0.481667 0.140047 0.485333 0.140500 0.489917 0.140047 0.497271 0.145094 0.497271 0.151516 0.513792 0.154266 0.523271 0.160469 0.536729 0.162062 0.545000 0.163672 0.547750 0.164594 0.551104 0.163672 0.555396 0.161844 0.556000 0.158391 0.555083 0.156328 0.555083 0.155641 0.551104 0.154266 0.542854 0.146703 0.527854 0.143031 0.521125 0.141359 0.529063 0.144266 0.542646 0.144750 0.549771 0.143781 0.556229 0.136984 0.561417 0.132625 0.573063 0.125828 0.579521 0.126062 0.599625 0.121703 0.618708 0.122313 0.627854 0.114844 0.632833 0.107375 0.630333 0.105969 0.607437 0.109641 0.586979 0.111641 0.566083 0.105625 0.557167 0.102969 0.554958 0.106625 0.536708 0.108297 0.524708 0.108641 0.509125 0.112969 0.497562 0.119313 0.493563 0.124641 0.494000 0.122313 0.488229 0.119984 0.480229 0.119984 0.476208
0 1 0 0.066281 0.638271 0.056297 0.637563 0.060500 0.627750 0.059984 0.601812 0.057875 0.588479 0.051562 0.575146 0.050516 0.561125 0.046828 0.550604 0.048937 0.530271 0.054719 0.505021 0.058406 0.501521 0.062609 0.501521 0.058922 0.497313 0.059453 0.485396 0.064188 0.481187 0.072078 0.480479 0.075750 0.489604 0.078391 0.497313 0.078391 0.500104 0.078906 0.503625 0.087859 0.512729 0.089437 0.538688 0.087859 0.554125 0.086797 0.587771 0.087859 0.603208 0.091016 0.620729 0.091016 0.636875 0.086281 0.645979 0.082594 0.645292 0.084703 0.632667 0.077328 0.602500 0.075750 0.588479 0.072594 0.578667 0.069969 0.598292 0.068391 0.617937
0 1 1 0.287859 0.628104 0.256875 0.628104 0.256875 0.632625 0.255422 0.641000 0.256391 0.652625 0.268500 0.659083 0.299953 0.649396 0.315437 0.641000 0.321734 0.639083 0.313984 0.637792 0.298984 0.637146 0.287859 0.630688 0.282531 0.593250 0.254453 0.593896 0.254937 0.579063 0.259781 0.568729 0.270922 0.555187 0.276719 0.539687 0.280594 0.525500 0.292703 0.524854 0.300922 0.539042 0.298500 0.549375 0.294625 0.559063 0.292219 0.564854 0.293187 0.587438 0.301891 0.593250 0.293187 0.595187 0.288828 0.608104 0.253484 0.608104 0.254453 0.612625 0.287859 0.611333
0 1 0 0.225375 0.597125 0.226828 0.563563 0.225375 0.556458 0.223922 0.550021 0.223922 0.540979 0.227797 0.528708 0.231188 0.511937 0.237000 0.508062 0.242797 0.507417 0.243281 0.506771 0.243281 0.493229 0.243766 0.486125 0.245703 0.477729 0.254422 0.475792 0.260719 0.477083 0.263125 0.480958 0.263609 0.486125 0.263609 0.491292 0.263609 0.499688 0.263609 0.501604 0.266031 0.509354 0.268453 0.512583 0.270875 0.515813 0.273297 0.520979 0.276203 0.531937 0.276688 0.535812 0.276203 0.544208 0.272813 0.549375 0.269422 0.553250 0.265547 0.558396 0.261203 0.562917 0.258297 0.568083 0.256844 0.572604 0.254906 0.580354 0.254422 0.590667
8 1 1 0.474422 0.522792 0.472141 0.529542 0.471156 0.535000 0.472141 0.537604 0.468047 0.537396 0.464297 0.538708 0.464609 0.529104 0.462000 0.523438 0.460859 0.523875 0.461672 0.539354 0.455953 0.538708 0.453672 0.528458 0.450719 0.527375 0.448438 0.533458 0.445828 0.541750 0.445000 0.545667 0.445328 0.548937 0.446641 0.553292 0.447781 0.553958 0.456453 0.553958 0.458563 0.551979 0.463797 0.551125 0.469688 0.551771 0.477688 0.551771 0.482594 0.552646 0.480469 0.540000 0.474750 0.538479
0 1 1 0.380703 0.639292 0.382453 0.631833 0.379516 0.622833 0.376578 0.616563 0.383641 0.615000 0.385688 0.612250 0.384516 0.602458 0.383922 0.593437 0.383641 0.583646 0.384219 0.576604 0.383641 0.568375 0.379813 0.560146 0.376578 0.551125 0.374234 0.541729 0.373641 0.536646 0.372469 0.533104 0.368359 0.526458 0.363359 0.524896 0.357781 0.522917 0.353375 0.528813 0.349547 0.537812 0.348078 0.542917 0.347500 0.549563 0.346609 0.555062 0.346312 0.560938 0.345734 0.564458 0.344563 0.566021 0.340141 0.574250 0.331328 0.586396 0.330453 0.591479 0.338672 0.590313 0.344266 0.583646 0.343375 0.580125 0.347203 0.578167 0.347500 0.582083 0.347500 0.588354 0.347500 0.590708 0.353375 0.590313 0.363953 0.590313 0.369234 0.591479 0.369828 0.599708 0.369828 0.604417 0.360719 0.604417 0.353078 0.604813 0.349547 0.604813 0.350437 0.609125 0.368937 0.608333 0.372172 0.620083 0.367766 0.624396 0.346312 0.624792 0.344266 0.628312 0.345141 0.645562 0.337203 0.643979 0.335453 0.633417 0.333984 0.634583 0.333687 0.638500 0.334266 0.642812 0.336328 0.644375
0 1 0 0.273469 0.530271 0.269703 0.516208 0.272328 0.504667 0.274219 0.499667 0.279109 0.494646 0.282125 0.493146 0.282125 0.493146 0.279859 0.488125 0.280234 0.481104 0.279484 0.472062 0.284000 0.467542 0.286250 0.466042 0.290766 0.465042 0.295672 0.468062 0.299047 0.478083 0.296047 0.486625 0.296797 0.489625 0.301313 0.493646 0.295281 0.500667 0.289641 0.510188 0.285500 0.516708 0.285875 0.522229 0.286250 0.523229 0.281359 0.525750 0.275344 0.531771 0.275344 0.534271 0.271203 0.516708
8 1 1 0.818609 0.550687 0.776031 0.555208 0.750859 0.553271 0.747469 0.531333 0.755703 0.502937 0.800703 0.497771 0.804094 0.523583 0.819094 0.533917 0.818609 0.548125
2 1 0 0.154266 0.404542 0.166078 0.403771 0.172875 0.401688 0.175781 0.402479 0.180438 0.405833 0.190313 0.410750 0.193609 0.410750 0.198266 0.413583 0.198266 0.418500 0.196141 0.421083 0.187984 0.421333 0.161828 0.424708 0.158906 0.418750 0.155625 0.412813 0.152516 0.405833
26 1 0 0.052609 0.545875 0.058688 0.536958 0.056859 0.501292 0.061734 0.499667 0.064766 0.534521 0.069641 0.541813 0.064156 0.549917 0.059297 0.553979
2 1 0 0.518000 0.388750 0.496078 0.389250 0.495687 0.383208 0.499859 0.382187 0.503625 0.377646 0.520266 0.377146 0.521781 0.381187 0.522906 0.387229 0.528578 0.388750 0.533875 0.387729 0.533875 0.384208 0.528578 0.384708
26 1 0 0.277391 0.499250 0.288812 0.509271 0.293625 0.505667 0.281906 0.493625
2 1 0 0.618031 0.393354 0.615484 0.386562 0.613797 0.374125 0.618031 0.370729 0.650250 0.374125 0.659578 0.389958 0.648562 0.394479 0.614641 0.394479
8 1 1 0.553125 0.491958 0.556656 0.484375 0.561547 0.480188 0.568219 0.480458 0.572719 0.484625 0.577625 0.499000 0.578219 0.506583 0.578219 0.507625 0.574484 0.508667 0.570562 0.509458 0.567625 0.510500 0.563703 0.508417 0.561547 0.507375 0.555469 0.506063 0.551750 0.505542 0.551750 0.495875
2 1 0 0.261953 0.411063 0.260891 0.410500 0.254984 0.412750 0.249922 0.412750 0.246328 0.410792 0.248437 0.407125 0.256250 0.402625 0.267016 0.402063 0.269344 0.400375 0.272516 0.396979 0.287078 0.395583 0.287922 0.395854 0.288562 0.397833 0.292781 0.399250 0.296375 0.399250 0.298266 0.399250 0.299328 0.400083 0.299531 0.404021 0.298484 0.406562 0.293828 0.408542 0.289406 0.409375 0.273359 0.408812 0.268922 0.409938 0.264906 0.410792 0.262156 0.411063
8 1 1 0.197031 0.530375 0.200625 0.536542 0.212094 0.535854 0.213469 0.527625 0.205938 0.527167 0.204906 0.523750 0.202500 0.524896 0.202172 0.527854
2 1 0 0.733391 0.389521 0.743422 0.391292 0.759469 0.391750 0.761813 0.385063 0.758813 0.375250 0.753125 0.372125 0.748109 0.372125 0.740750 0.377917 0.730047 0.381938 0.727047 0.383271 0.730719 0.387292
8 1 0 0.523375 0.503771 0.537891 0.502688 0.534656 0.495167 0.524984 0.495167
0 1 1 0.462656 0.532583 0.462453 0.527375 0.463422 0.523313 0.465375 0.521437 0.465266 0.517521 0.467000 0.516229 0.468313 0.516937 0.467547 0.521292 0.471016 0.522583 0.471344 0.528958 0.469281 0.530979 0.469828 0.535479 0.464187 0.535750 0.462875 0.532729
14 1 0 0.524547 0.549458 0.518703 0.552458 0.518562 0.547917 0.518188 0.543625 0.521266 0.543625 0.520109 0.546458 0.520234 0.548167 0.525703 0.547396
14 1 0 0.553031 0.554792 0.553266 0.552646 0.553031 0.551417 0.554078 0.550187 0.555797 0.553104 0.561328 0.552646 0.561797 0.552167 0.560641 0.555708 0.559141 0.556792 0.558344 0.556792 0.557187 0.556792 0.555000 0.556021 0.553734 0.554937 0.553031 0.555083
8 1 1 0.608422 0.518313 0.610328 0.539500 0.611922 0.545021 0.619547 0.548396 0.647844 0.546708 0.653875 0.542896 0.654516 0.534000 0.653875 0.522542 0.651969 0.509417 0.651969 0.499667 0.647844 0.499229 0.633219 0.493729 0.632578 0.489479 0.628766 0.487792 0.623359 0.490333 0.617000 0.496688 0.614469 0.496688 0.608422 0.514063
1 1 0 0.003516 0.695167 0.017641 0.697375 0.079125 0.679646 0.102391 0.674104 0.105719 0.657500 0.094906 0.661917 0.089922 0.665250 0.083281 0.660812 0.063344 0.664146 0.069156 0.658604 0.100734 0.641979 0.109875 0.638667 0.121500 0.617604 0.127313 0.605417 0.135625 0.581042 0.163875 0.593229 0.179672 0.614292 0.202094 0.651958 0.193797 0.661917 0.183812 0.682979 0.176344 0.678542 0.198781 0.707354 0.192953 0.717313 0.158891 0.697375 0.156406 0.717313 0.187969 0.748333 0.198781 0.813708 0.177172 0.866875 0.137281 0.883500 0.093250 0.858021 0.071641 0.836958 0.059188 0.859125 0.045063 0.853583 0.027609 0.834750 0.015969 0.834750 0.011828 0.860229 0.000188 0.884604 0.001844 0.691833 0.025109 0.691833 0.025109 0.691833 0.025109 0.691833
8 1 0 0.664406 0.549062 0.658453 0.533792 0.656859 0.524646 0.655703 0.514562 0.658234 0.506625 0.663031 0.500521 0.675406 0.499000 0.683187 0.506625 0.687078 0.509687 0.695094 0.514875 0.714312 0.515479 0.729203 0.509687 0.733547 0.501146 0.734922 0.494729 0.742938 0.487083 0.770187 0.485271 0.789187 0.488313 0.790328 0.497479 0.789187 0.499312 0.764234 0.501750 0.756453 0.505104 0.751875 0.516708 0.748438 0.523417 0.747281 0.532875 0.748203 0.543271 0.749344 0.550292 0.749344 0.550896
