54 1 1 0.536750 0.198917 0.548844 0.192875 0.570016 0.183813 0.607047 0.197417 0.630859 0.210521 0.635016 0.228146 0.629359 0.249312 0.602516 0.260917 0.577953 0.263437 0.567359 0.264437 0.561312 0.264437 0.559422 0.239250 0.553766 0.213542
54 1 2 0.739891 0.483146 0.763484 0.478646 0.798875 0.512354 0.802250 0.564042 0.800563 0.600000 0.770219 0.613479 0.736516 0.631458 0.723031 0.597750 0.702812 0.582021 0.684266 0.579771 0.672469 0.577521 0.657297 0.570792 0.640453 0.555062 0.621906 0.543813 0.611797 0.528083 0.621906 0.478646 0.650562 0.451687 0.675844 0.449437 0.697750 0.447187 0.711234 0.471917 0.734828 0.498875
54 1 1 0.091016 0.305625 0.099437 0.321354 0.111234 0.361792 0.107859 0.368542 0.091016 0.377521 0.067422 0.384271 0.048875 0.384271 0.030344 0.384271 0.011797 0.384271 0.005063 0.388771 0.001688 0.382021 0.005063 0.278646 0.018547 0.303375 0.020219 0.316854 0.037078 0.314604 0.048875 0.312354 0.058984 0.316854 0.079219 0.323604 0.094375 0.332583
54 1 1 0.823641 0.240792 0.799422 0.267312 0.792594 0.290500 0.790109 0.310375 0.796938 0.334396 0.808734 0.343500 0.839797 0.358417 0.854094 0.357583 0.872719 0.356750 0.882047 0.344333 0.893844 0.328583 0.896328 0.310375 0.894469 0.293812 0.891984 0.268125 0.880797 0.259021 0.839172 0.253229
54 1 1 0.725219 0.370687 0.714063 0.337729 0.713266 0.316458 0.727609 0.305833 0.743547 0.299458 0.764281 0.304771 0.789797 0.321771 0.808922 0.347292 0.808125 0.349417 0.784219 0.347292 0.772250 0.355792 0.757109 0.383438 0.753125 0.393000 0.732391 0.384500
54 1 2 0.621500 0.659896 0.614891 0.710479 0.578609 0.732479 0.537375 0.734688 0.482937 0.677500 0.461500 0.642312 0.453250 0.600521 0.492828 0.543333 0.535719 0.512542 0.563766 0.519146 0.568719 0.582917 0.555516 0.607125 0.578609 0.578521 0.624797 0.635708
54 1 1 0.652562 0.308000 0.632641 0.282583 0.631766 0.251396 0.649094 0.238688 0.675953 0.238688 0.699344 0.256021 0.687219 0.257187 0.678563 0.264104 0.669891 0.271042 0.669891 0.277979 0.669031 0.302229 0.668156 0.310312
54 1 1 0.790281 0.426000 0.773313 0.407917 0.764844 0.389833 0.763984 0.377396 0.766531 0.362687 0.773313 0.354771 0.782641 0.349125 0.797063 0.348000 0.810625 0.350250 0.819953 0.351396 0.835219 0.359292 0.844547 0.366083 0.850484 0.371729 0.865750 0.380792 0.866594 0.390958 0.866594 0.394354 0.864891 0.397750 0.862359 0.400000 0.858109 0.405646 0.839453 0.411312 0.831828 0.423750 0.826734 0.433917 0.813172 0.436187 0.802156 0.436187 0.798750 0.435042
54 1 2 0.698625 0.690292 0.683359 0.677854 0.663000 0.672208 0.646047 0.666562 0.631641 0.639417 0.639266 0.614542 0.671484 0.574979 0.680812 0.587417 0.687594 0.589667 0.697766 0.582896 0.701156 0.586292 0.718125 0.595333 0.728297 0.603250 0.732531 0.650729 0.733391 0.679000 0.724906 0.702729
54 1 1 0.666516 0.281875 0.681141 0.265917 0.690016 0.260583 0.700656 0.260000 0.716625 0.265917 0.729031 0.288958 0.734797 0.299021 0.711297 0.316167 0.712625 0.342167 0.701547 0.344542 0.687359 0.335083 0.678484 0.323854 0.671391 0.312021
54 1 1 0.249109 0.228458 0.243062 0.268729 0.233391 0.288063 0.197141 0.294521 0.183844 0.294521 0.186266 0.278396 0.201984 0.257458 0.193516 0.226854 0.185062 0.220396 0.193516 0.209125 0.228563 0.207521 0.253938 0.212354
54 1 2 0.915172 0.986521 0.851125 0.988771 0.808984 0.930333 0.765172 0.869667 0.788766 0.793250 0.800563 0.761792 0.837641 0.680896 0.905062 0.665167 0.938766 0.689896 0.980906 0.676396 0.994375 0.669667 0.999438 0.871917 1.000000 0.966292 0.933703 0.993250
