39 1 1 0.528813 0.583000 0.530062 0.525854 0.535641 0.505146 0.549937 0.457125 0.551172 0.423167 0.567328 0.414042 0.564219 0.453813 0.562359 0.484458 0.573531 0.516750 0.549312 0.520896 0.545578 0.580521 0.543094 0.604542 0.525703 0.607854 0.525078 0.646792 0.540000 0.644292 0.544969 0.626917
39 1 1 0.550313 0.578583 0.549188 0.520396 0.560375 0.518167 0.577156 0.518917 0.580516 0.524875 0.577719 0.574854 0.576609 0.601708 0.546391 0.606917 0.547516 0.629313 0.543594 0.634521 0.544156 0.643479 0.546391 0.644229 0.572688 0.641979
39 1 2 0.398172 0.497646 0.406437 0.492146 0.413938 0.491146 0.421828 0.491646 0.426328 0.492146 0.432344 0.502167 0.424078 0.501667 0.418828 0.504667 0.416578 0.509667 0.419203 0.515667 0.421828 0.518687 0.433094 0.517667 0.433094 0.526188 0.424453 0.534187 0.416203 0.534687 0.409062 0.534687 0.401922 0.531687 0.399297 0.529188 0.398172 0.517167 0.383531 0.514667 0.380156 0.507167 0.380531 0.500167 0.381281 0.496146 0.383156 0.495146 0.383906 0.494646 0.389172 0.495146
39 0 1 0.041687 0.582708 0.043109 0.499771 0.050875 0.479042 0.050875 0.466792 0.055828 0.464917 0.062188 0.465854 0.060062 0.480938 0.067844 0.491292 0.069250 0.509208 0.068547 0.579896 0.066422 0.583646 0.043813 0.584604
73 1 0 0.835578 0.522000 0.880531 0.520813 0.881422 0.525917 0.880531 0.529437 0.834406 0.529833
39 1 2 0.502875 0.504062 0.509953 0.496146 0.514281 0.493417 0.520891 0.493417 0.523172 0.493417 0.524078 0.497375 0.524078 0.523208 0.511312 0.521979 0.500141 0.527771 0.500375 0.525625 0.499234 0.520167 0.493766 0.517729 0.491484 0.514687 0.491937 0.505875 0.494906 0.503458 0.499000 0.503146
73 1 0 0.881797 0.517000 0.881188 0.520583 0.835203 0.522229 0.833969 0.517000 0.881797 0.515625
39 1 2 0.428937 0.504792 0.427125 0.502854 0.424953 0.502854 0.422047 0.504292 0.420234 0.505271 0.419516 0.505271 0.418063 0.507208 0.417703 0.512521 0.420609 0.515896 0.422047 0.516854 0.423859 0.516854 0.427859 0.516854 0.431109 0.516854 0.436188 0.521208 0.439813 0.526521 0.444156 0.523625 0.454672 0.523146 0.461203 0.526521 0.466641 0.526042 0.474609 0.523146 0.480047 0.523146 0.482937 0.521208 0.480406 0.502375 0.474609 0.494625 0.467719 0.494625 0.459750 0.492208 0.445250 0.498979 0.435828 0.501875 0.431109 0.501875
73 1 0 0.834891 0.535188 0.878375 0.531875 0.879625 0.554250 0.831172 0.557563 0.831172 0.536854
73 1 0 0.824687 0.503771 0.834547 0.503771 0.832359 0.553479 0.823047 0.553479 0.821937 0.500833
73 1 0 0.815125 0.504875 0.813828 0.508542 0.810922 0.511438 0.812516 0.555479 0.804125 0.557229 0.803250 0.502562 0.805281 0.499083 0.811797 0.496375 0.813250 0.497729 0.816438 0.504687
73 1 0 0.804328 0.555563 0.803453 0.497187 0.795516 0.499542 0.797281 0.557125 0.803453 0.557521
73 1 0 0.911422 0.433521 0.902500 0.433521 0.903844 0.376188 0.913031 0.376188
73 1 0 0.834094 0.528979 0.835063 0.535417 0.878031 0.534771 0.877547 0.528979 0.832641 0.528979
73 1 0 0.847781 0.426812 0.901266 0.424000 0.899156 0.434333 0.849187 0.435271 0.849187 0.427750
73 1 0 0.790422 0.541958 0.789797 0.518375 0.785250 0.517750 0.784781 0.532562 0.789484 0.543417 0.789797 0.544271 0.790109 0.541333
72 1 1 0.298312 0.815729 0.313484 0.182021 0.539328 0.168542 0.542703 0.173042 0.547750 0.166292 0.547750 0.155062 0.685953 0.040458 0.706187 0.042687 0.706187 0.555062 0.719656 0.557313 0.723031 0.862917 0.706187 0.862917 0.691016 0.871917 0.559547 0.853938 0.562922 0.988771 0.321906 0.986521 0.320219 0.930333 0.350563 0.914604 0.345500 0.871917 0.323594 0.869667 0.323594 0.860667 0.358984 0.824729
