0 1 1 0.668563 0.151979 0.664344 0.141687 0.672063 0.118750 0.685406 0.127167 0.685406 0.143083 0.701563 0.153375 0.708578 0.167417 0.713500 0.181458 0.719109 0.198313 0.719813 0.208625 0.719109 0.209562 0.715594 0.225479 0.709281 0.226396 0.683297 0.226396 0.685406 0.251687 0.676281 0.256354 0.671359 0.240458 0.667859 0.218917 0.649594 0.209562 0.648188 0.191771 0.653813 0.171167 0.661531 0.158063
13 1 1 0.568812 0.304646 0.574031 0.285708 0.574969 0.284438 0.577812 0.281917 0.584437 0.277500 0.587766 0.271812 0.591078 0.269292 0.593922 0.266750 0.614281 0.262333 0.655500 0.260438 0.659766 0.252854 0.667344 0.245292 0.670656 0.237062 0.673031 0.232646 0.675875 0.240229 0.676344 0.255396 0.677766 0.265500 0.677766 0.274958 0.679187 0.286333 0.679187 0.292021 0.674922 0.294542 0.667344 0.291396 0.661188 0.278125 0.658344 0.270542 0.656922 0.263604 0.612391 0.285708 0.610500 0.297083 0.601031 0.310333 0.586812 0.322958 0.578281 0.334333 0.566922 0.337500 0.566922 0.328021 0.549859 0.315396 0.546078 0.295188 0.544187 0.286333 0.540859 0.279396 0.542281 0.272438 0.543703 0.269917 0.539437 0.264854 0.530922 0.267396 0.533281 0.300229 0.541813 0.331813 0.547500 0.331188
0 1 1 0.243266 0.331896 0.225422 0.354187 0.225984 0.377979 0.221516 0.426292 0.220406 0.443396 0.202562 0.448604 0.208703 0.432250 0.205359 0.409208 0.203125 0.385417 0.203688 0.354937 0.208703 0.322229 0.203688 0.317021 0.211484 0.306625 0.217625 0.288042 0.222641 0.273917 0.226531 0.259792 0.212594 0.276146 0.210922 0.293250 0.206125 0.293458 0.207266 0.279875 0.201219 0.290937 0.192922 0.281896 0.201594 0.269313 0.201219 0.254208 0.218953 0.221000 0.232922 0.190812 0.242734 0.187792 0.263859 0.186792 0.259719 0.160125 0.263109 0.143521 0.271781 0.134458 0.286500 0.141500 0.294422 0.162646 0.289141 0.178750 0.285375 0.189812 0.286500 0.196854 0.303484 0.210938 0.301984 0.230562 0.293297 0.248688 0.296313 0.280875 0.278953 0.301000 0.275937 0.312083 0.271031 0.379500 0.263109 0.396604 0.251781 0.402646 0.234812 0.414208 0.231031 0.408688 0.235938 0.401125 0.243484 0.393083 0.265375 0.340750 0.254813 0.330187
0 1 1 0.474016 0.156771 0.481531 0.164271 0.486234 0.185563 0.474953 0.199354 0.477781 0.209375 0.494687 0.219396 0.496562 0.251958 0.496562 0.261979 0.471203 0.265729 0.471203 0.282021 0.458984 0.289542 0.452422 0.303312 0.451469 0.309583 0.451469 0.357167 0.448656 0.374708 0.448656 0.389729 0.442078 0.409771 0.424234 0.406021 0.432688 0.379708 0.432688 0.314583 0.430813 0.305812 0.417656 0.299562 0.407328 0.300813 0.402625 0.249458 0.414844 0.254458 0.421406 0.231917 0.438328 0.200604 0.455234 0.199354 0.455234 0.164271 0.460875 0.156771 0.474016 0.160521
0 1 1 0.590516 0.263750 0.609844 0.236062 0.612734 0.214167 0.617078 0.211583 0.629641 0.209667 0.631094 0.198708 0.623844 0.193563 0.622391 0.182604 0.622391 0.178104 0.622875 0.170375 0.632531 0.164583 0.639781 0.163292 0.643641 0.165229 0.644609 0.186479 0.647500 0.192271 0.644609 0.203854 0.643641 0.209667 0.640750 0.212229 0.650891 0.216104 0.658125 0.221896 0.657172 0.250875 0.661031 0.281125 0.672625 0.300438 0.679375 0.311396 0.652344 0.313958 0.633016 0.314604 0.619984 0.332646 0.614672 0.335854 0.607906 0.331354 0.604047 0.328125 0.611766 0.296583 0.614672 0.254083 0.613703 0.250875 0.599703 0.265042 0.596797 0.273396 0.587141 0.276625 0.587141 0.270187
0 1 1 0.348766 0.306750 0.321531 0.254854 0.312969 0.248646 0.298172 0.248646 0.305953 0.202979 0.305953 0.207000 0.322297 0.202833 0.315297 0.176000 0.321531 0.158354 0.333984 0.135542 0.347984 0.144875 0.354984 0.165625 0.352656 0.193646 0.346422 0.202979 0.370547 0.213354 0.382234 0.243458 0.366656 0.251750 0.362766 0.298438 0.368219 0.319208 0.358875 0.327500 0.348766 0.351292 0.341766 0.349292 0.393125 0.327500 0.394688 0.358625 0.398578 0.398063 0.389234 0.436458 0.404797 0.454021 0.404797 0.471667 0.393125 0.466479 0.375219 0.461292 0.375219 0.462333 0.358875 0.430167 0.358875 0.404208 0.360437 0.368937 0.338641 0.366854
0 1 1 0.356562 0.206854 0.361078 0.205646 0.358359 0.176667 0.361078 0.158562 0.380094 0.160979 0.388234 0.174250 0.386422 0.203229 0.399094 0.215292 0.420828 0.232187 0.420828 0.247875 0.405438 0.250292 0.400000 0.237021 0.390953 0.239438 0.378281 0.243062 0.364703 0.211667 0.356562 0.210458
13 1 0 0.412531 0.362958 0.405922 0.340146 0.403250 0.335187 0.409438 0.326125 0.411500 0.317042 0.412313 0.312375 0.412313 0.311000 0.418094 0.310438 0.417469 0.320333 0.411078 0.332438 0.418094 0.366250 0.433563 0.349479 0.461484 0.343708 0.465625 0.328771 0.463672 0.310917 0.448094 0.310583 0.447844 0.303438 0.460516 0.302146 0.463922 0.301812 0.464891 0.286875 0.468297 0.283958 0.470500 0.279417 0.471219 0.274542 0.471469 0.272917 0.471719 0.272271 0.504828 0.266104 0.511406 0.264167 0.510922 0.276167 0.506047 0.275854 0.506297 0.297271 0.510672 0.297271 0.512625 0.298562 0.510672 0.304750 0.505797 0.303438 0.504828 0.319667 0.502641 0.334938 0.484625 0.360583 0.474391 0.374542 0.482188 0.381375 0.480234 0.385583 0.475609 0.386229 0.468797 0.382333 0.466359 0.379750 0.449547 0.387208 0.446625 0.383958 0.447844 0.366750 0.449062 0.353437 0.435406 0.345625 0.434172 0.342875 0.432734 0.342875 0.431906 0.342604 0.433141 0.337396 0.435406 0.337104 0.434375 0.324750 0.429844 0.323917 0.429437 0.325292 0.429016 0.326396
0 1 1 0.631125 0.194438 0.632453 0.207917 0.626516 0.208792 0.618828 0.209375 0.614875 0.220208 0.611812 0.229563 0.611594 0.238062 0.610922 0.243042 0.607203 0.245958 0.596219 0.239229 0.593578 0.231625 0.592266 0.219917 0.596438 0.192104 0.605000 0.175417 0.610047 0.171313 0.613781 0.162833 0.616203 0.154333 0.626516 0.149646 0.631563 0.154917 0.633328 0.165167 0.626953 0.175125 0.625203 0.179812 0.627609 0.186833
13 1 1 0.704156 0.279563 0.717453 0.235271 0.715969 0.204271 0.712281 0.155542 0.707844 0.156521 0.704891 0.166854 0.714125 0.197875 0.711547 0.207208 0.706000 0.206229 0.702313 0.225417 0.680906 0.235271 0.690141 0.236250 0.706000 0.238229 0.702313 0.279062
0 1 1 0.224781 0.457250 0.240187 0.430854 0.269531 0.419104 0.295219 0.433771 0.335562 0.433771 0.372969 0.473875 0.368578 0.434750 0.326016 0.397583 0.323828 0.371188 0.334828 0.322271 0.348031 0.342813 0.394250 0.331083 0.405250 0.304667 0.384719 0.306625 0.354641 0.323250 0.340703 0.290000 0.312813 0.238146 0.295953 0.244021 0.300344 0.285104 0.276141 0.310542 0.271359 0.379625 0.229891 0.418958 0.211562 0.433833
0 1 1 0.554937 0.342000 0.578906 0.290854 0.587687 0.269542 0.605266 0.241854 0.591688 0.205625 0.578109 0.191771 0.581297 0.168333 0.565313 0.161938 0.553328 0.160875 0.545344 0.181125 0.545344 0.201375 0.528562 0.213083 0.522969 0.233333 0.530156 0.251438 0.535750 0.263167 0.539750 0.303646 0.540547 0.336667 0.553328 0.350521
