31 1 2 0.617375 0.762670 0.807734 0.711991 0.980328 0.658665 0.994547 0.658665 1.000000 0.757330 0.982094 0.768009 0.887797 0.762670 0.766828 0.762670 0.667188 0.770656 0.624484 0.789344
0 1 2 0.440016 0.314379 0.437281 0.298525 0.435922 0.292904 0.436266 0.290328 0.437969 0.289321 0.441047 0.292904 0.442406 0.299040 0.444453 0.308759 0.446500 0.312857 0.444109 0.313372 0.441391 0.306721 0.441047 0.314379
0 1 2 0.068406 0.035035 0.067188 0.028525 0.069625 0.023419 0.071531 0.016511 0.073984 0.012225 0.077781 0.013443 0.078875 0.022014 0.081047 0.025059
0 1 2 0.097812 0.027471 0.097609 0.026557 0.096984 0.024707 0.095953 0.023162 0.094922 0.021920 0.093906 0.021007 0.092250 0.021311 0.090391 0.022225 0.087109 0.023162 0.082156 0.026862 0.081547 0.026862 0.081547 0.027166 0.081125 0.024403 0.081750 0.021616 0.082984 0.018829 0.082984 0.015129 0.082984 0.012365 0.083188 0.009883 0.084844 0.007096 0.086484 0.007096 0.088141 0.007424 0.089375 0.010187 0.089984 0.013279 0.091016 0.015433 0.092453 0.017283 0.093484 0.018525 0.095344 0.019766 0.096578 0.020070 0.098016 0.021920 0.098641 0.022857 0.099250 0.025012 0.099453 0.027471 0.099453 0.028712 0.099453 0.029649 0.100906 0.047541 0.101516 0.047541 0.101516 0.052787 0.101516 0.055878 0.100906 0.058337 0.100484 0.057728 0.099453 0.055246 0.099453 0.054028 0.099047 0.051241 0.099672 0.050000
0 1 2 0.396672 0.273841 0.399312 0.276019 0.399312 0.281991 0.399141 0.289016 0.397359 0.292459 0.397266 0.296534 0.396594 0.298946 0.394219 0.300468 0.393109 0.297799 0.392766 0.290281 0.392516 0.286206 0.390891 0.282763 0.390047 0.279578 0.390469 0.274356 0.391922 0.271546 0.393016 0.269766 0.393953 0.268501 0.396000 0.270023 0.395906 0.272436
0 1 2 0.057953 0.041593 0.056219 0.040304 0.055344 0.034778 0.054047 0.032834 0.051672 0.033489 0.049719 0.036721 0.049500 0.040960 0.044516 0.048103 0.045594 0.051335
0 1 2 0.435594 0.313489 0.436656 0.312623 0.436078 0.309344 0.436734 0.305316 0.434453 0.297049 0.434297 0.293630 0.434297 0.290843 0.433641 0.289742 0.432016 0.290609 0.431453 0.293021 0.431531 0.295831 0.429906 0.298876 0.432828 0.298033 0.434375 0.297775 0.434531 0.304848 0.433813 0.306674 0.433719 0.310913 0.433969 0.312389 0.433000 0.312506 0.432344 0.316159 0.431047 0.315316 0.430312 0.313724 0.431125 0.310679 0.430234 0.308970 0.432828 0.308501
0 1 2 0.464156 0.333466 0.465312 0.334426 0.466062 0.335222 0.466266 0.336159 0.465734 0.337518 0.466797 0.340047 0.467641 0.342014 0.467219 0.343513 0.466000 0.343677 0.465578 0.342881 0.466266 0.346464 0.466266 0.347400 0.464625 0.348501 0.463000 0.345808 0.461984 0.342108 0.461828 0.338689 0.461781 0.337424 0.460516 0.336393 0.460625 0.335527 0.460406 0.333630 0.464531 0.329836 0.463891 0.329204 0.464375 0.328642 0.463422 0.327611 0.462516 0.327611 0.462359 0.326183 0.461891 0.324918 0.461141 0.325082 0.461094 0.325316 0.461094 0.325316 0.461141 0.325246 0.460359 0.328478 0.459516 0.328876 0.458875 0.329836 0.458828 0.331499 0.458828 0.332763 0.458984 0.333068 0.459453 0.333068
0 1 2 0.059078 0.041218 0.059672 0.034426 0.060453 0.029696 0.063609 0.026745 0.067547 0.028501 0.069125 0.033536 0.068734 0.035316
0 1 1 0.609969 0.504052 0.613969 0.472810 0.616375 0.419953 0.621188 0.365878 0.628406 0.341850 0.620375 0.319016 0.637219 0.281756 0.652453 0.261335 0.652453 0.236112 0.667688 0.209672 0.701344 0.201265 0.719781 0.225293 0.725406 0.242108 0.722188 0.267354 0.716578 0.292576 0.718984 0.316604 0.735016 0.388712 0.745438 0.406721 0.766281 0.457190 0.768687 0.483630 0.751859 0.486019 0.748641 0.484824 0.757469 0.528080 0.766281 0.564122 0.779906 0.566534 0.783922 0.588150 0.811172 0.635012 0.818391 0.654239 0.828812 0.690281 0.836828 0.701101 0.774297 0.719133 0.764687 0.704707 0.763875 0.678267 0.744641 0.671054 0.722188 0.614590 0.718984 0.596581 0.710172 0.577354 0.702156 0.582155 0.685313 0.663864 0.668484 0.704707 0.634812 0.734754 0.606750 0.739555 0.586719 0.738361 0.578703 0.731148 0.585109 0.687892 0.597141 0.661452 0.605156 0.643419 0.620375 0.653045 0.626000 0.625410 0.635609 0.582155 0.624391 0.549719 0.617172 0.524473 0.611562 0.513653
