56 1 0 0.635656 0.997535 0.642578 1.000000 0.665672 0.882936 0.675672 0.873380 0.720297 0.863823 0.732609 0.882936 0.738000 0.891108 0.749547 1.000000 0.752625 1.000000 0.738000 0.836537 0.727234 0.798338 0.720297 0.787424 0.661047 0.761524 0.629500 0.745152 0.623344 0.736953 0.628734 0.726039 0.637969 0.734238 0.657969 0.745152 0.668750 0.749224 0.677984 0.754681 0.688750 0.746510 0.664125 0.739695 0.651812 0.738310 0.637187 0.726039 0.617188 0.723324 0.611797 0.726039 0.611031 0.734238 0.615641 0.745152 0.621797 0.747867 0.625656 0.756067 0.627187 0.777895 0.634109 0.807895 0.637969 0.821524 0.641047 0.829723 0.642578 0.835180 0.644125 0.840637 0.620266 0.953878 0.623344 0.962050 0.646422 0.861108 0.659516 0.889751
25 1 1 0.709500 0.298753 0.709188 0.344737 0.646641 0.355845 0.611062 0.358116 0.575500 0.358116 0.534594 0.364377 0.531547 0.570499 0.525422 0.573213 0.526953 0.358061 0.458109 0.356260 0.433125 0.354432 0.408141 0.351717 0.382656 0.342687 0.351547 0.330028 0.328594 0.319197 0.343891 0.311053 0.354094 0.302909 0.360219 0.290249 0.381125 0.279418 0.403562 0.268560 0.416297 0.286648 0.431594 0.283934 0.485656 0.288449
56 1 1 0.210422 1.000000 0.205344 0.914598 0.211687 0.851690 0.210422 0.817978 0.185062 0.849446 0.143234 0.862909 0.114078 0.867424 0.068453 0.865180 0.019016 0.869668 0.008875 0.869668 0.005063 0.860665 0.001266 0.878643 0.001266 0.912355 0.008875 0.955069 0.021547 1.000000 0.087469 1.000000 0.168578 1.000000 0.180000 1.000000 0.168578 0.955069 0.159719 0.914598 0.160984 0.883158 0.178719 0.876399 0.196469 0.874155 0.190141 0.941579 0.196469 0.997756
0 1 0 0.845828 0.680665 0.855344 0.668199 0.880547 0.647673 0.885516 0.568532 0.897078 0.499668 0.897906 0.486482 0.900391 0.484266 0.889641 0.452050 0.887156 0.444709 0.887156 0.424183 0.903703 0.399280 0.919406 0.401468 0.928906 0.421994 0.928500 0.445429 0.937172 0.455706 0.973125 0.481357 0.996281 0.570748 0.996688 0.601524 0.990484 0.608837 0.973547 0.618366 0.971062 0.600776 0.954125 0.588338 0.928078 0.584654 0.918984 0.591994 0.907000 0.624958 0.904937 0.657202 0.899562 0.698975 0.894188 0.688726 0.890063 0.690166 0.880141 0.674044 0.880547 0.648421
56 1 1 0.182578 0.624958 0.186109 0.614127 0.195109 0.613573 0.218891 0.611274 0.242984 0.607867 0.265156 0.608421 0.273828 0.612410 0.273187 0.621524 0.259047 0.619834 0.263234 0.656288 0.263547 0.676233 0.266438 0.692161 0.266766 0.709834 0.262578 0.714377 0.262578 0.699003 0.237844 0.701856 0.236562 0.664820 0.235266 0.655152 0.220813 0.647729 0.199609 0.647729 0.189641 0.647175 0.186750 0.645457 0.185156 0.641468
0 1 0 0.521328 0.624903 0.524250 0.588033 0.529000 0.575734 0.541766 0.565402 0.539937 0.539529 0.546141 0.520776 0.557813 0.522050 0.566203 0.538864 0.560000 0.578338 0.569125 0.588033 0.582984 0.624903 0.585172 0.639141 0.578609 0.652078 0.564750 0.638476 0.551250 0.644294 0.547234 0.646233 0.529359 0.641717 0.539203 0.699280 0.557813 0.692825
56 1 1 0.625266 0.843740 0.619875 0.790582 0.593500 0.787396 0.597094 0.839474 0.590500 0.854377 0.586891 0.879889 0.579109 0.879889 0.583906 0.751247 0.585094 0.699169 0.577297 0.695983 0.576703 0.684294 0.585703 0.673657 0.644453 0.676842 0.667250 0.683241 0.671438 0.742742 0.663641 0.737452 0.661250 0.704488 0.655844 0.697036 0.649250 0.699169 0.646250 0.726814 0.625875 0.720443 0.618672 0.721496 0.611484 0.727867 0.612687 0.739557 0.622281 0.744875 0.627078 0.750194 0.631859 0.788476 0.627672 0.789529 0.632469 0.839474
25 1 2 1.000000 0.116870 0.940594 0.114294 0.912750 0.124681 0.729625 0.000000 0.997734 0.002604
60 1 1 0.275359 0.574321 0.285609 0.549197 0.268422 0.542770 0.267516 0.549197 0.259969 0.548116 0.259969 0.574321 0.199641 0.578615 0.193000 0.580222 0.193312 0.612825 0.188484 0.610693 0.188484 0.578061 0.190594 0.573269 0.189391 0.565235 0.196328 0.549723
26 1 0 0.300438 0.742742 0.294250 0.765568 0.290906 0.798504 0.289484 0.805263 0.278031 0.805263 0.268984 0.802742 0.266594 0.790055 0.268031 0.767258 0.277562 0.735152 0.288531 0.698809 0.296156 0.676842 0.309500 0.675983 0.325703 0.699640 0.328078 0.714017 0.310453 0.730914 0.309500 0.742742 0.318547 0.730914 0.327609 0.727535 0.339531 0.735152 0.340484 0.746981 0.334766 0.769778 0.333328 0.788366 0.331422 0.798504 0.323312 0.807812 0.314266 0.811191 0.303297 0.808670 0.298531 0.807812 0.297578 0.791745 0.301875 0.769778
26 1 1 0.921406 0.971745 0.945641 0.960415 0.962219 0.952521 0.968594 0.924238 0.975609 0.898255 0.988375 0.899391 1.000000 0.926510 0.999203 0.984183 0.997938 0.989834 0.983266 1.000000 0.917578 1.000000 0.922047 0.976260
56 1 0 0.501516 0.624986 0.526328 0.629529 0.549016 0.636371 0.549438 0.641690 0.528906 0.642438 0.537891 0.692521 0.558437 0.697064 0.558437 0.707673 0.550297 0.705402 0.552875 0.757756 0.550297 0.761551 0.544734 0.706925 0.536609 0.762327 0.532328 0.797950 0.527187 0.792632 0.535328 0.724349 0.517781 0.711468 0.503219 0.778975 0.499375 0.769114 0.511781 0.705402
0 1 1 0.626031 0.599972 0.624625 0.580803 0.627453 0.571634 0.635203 0.554155 0.641078 0.551219 0.641547 0.543296 0.641547 0.537064 0.641781 0.529557 0.644141 0.521634 0.648359 0.516233 0.654016 0.513712 0.658234 0.516233 0.660594 0.523712 0.649781 0.526233 0.647656 0.531634 0.647422 0.543740 0.652594 0.562050 0.661297 0.566233 0.657297 0.578310 0.654953 0.586648 0.653297 0.598310 0.657531 0.607479 0.648125 0.614155 0.638266 0.613740 0.630031 0.608726
56 1 1 0.162094 0.651053 0.209422 0.647175 0.233078 0.652992 0.237078 0.660083 0.237078 0.683324 0.236719 0.721385 0.235625 0.807230 0.237078 0.924681 0.237438 0.937590 0.236359 0.951136 0.229078 0.957590 0.226531 0.969862 0.226156 0.982770 0.225437 0.997590 0.219609 0.997590 0.218875 0.923379 0.218516 0.817562 0.218516 0.785291 0.217063 0.776260 0.197406 0.778837 0.173016 0.780111 0.165375 0.782715 0.171187 0.738172 0.180656 0.731080 0.185031 0.720748 0.185750 0.716870 0.216328 0.702687 0.226531 0.691080 0.227609 0.680111 0.222516 0.671053 0.201766 0.664598 0.164281 0.663324 0.161359 0.663324
0 1 0 0.766156 0.658227 0.764797 0.666676 0.768875 0.673906 0.783859 0.653379 0.791344 0.636482 0.805641 0.612355 0.804969 0.589418 0.808375 0.551994 0.826063 0.541136 0.836969 0.542355 0.841047 0.576150 0.838328 0.595457 0.834234 0.607535 0.835594 0.612355 0.834234 0.628033 0.838328 0.640111 0.834234 0.682355 0.831516 0.677535 0.826063 0.655789 0.819266 0.685983 0.793391 0.693213 0.775688 0.702881 0.764109 0.705291 0.755266 0.690803 0.753906 0.681136 0.753906 0.672687 0.757984 0.658227 0.762750 0.654598
60 1 1 0.493984 0.583296 0.519531 0.584321 0.525484 0.585346 0.526266 0.593878 0.522031 0.612271 0.503969 0.607839 0.496484 0.606482 0.492063 0.594903 0.490906 0.588753
56 1 0 0.442250 0.725235 0.436391 0.722271 0.446422 0.660000 0.437219 0.660000 0.431375 0.701496 0.428031 0.698532 0.433047 0.657036 0.425516 0.648116 0.409625 0.707424 0.407125 0.704460 0.418828 0.642188 0.411297 0.582909 0.433875 0.608089 0.446422 0.657036 0.449766 0.657036
56 1 0 0.549031 0.644432 0.557828 0.639418 0.566047 0.644958 0.579953 0.663047 0.581078 0.669585 0.583344 0.676620 0.576266 0.684681 0.580234 0.697230 0.585047 0.702271 0.585047 0.738975 0.581359 0.745512 0.565203 0.813906 0.562359 0.806343 0.575969 0.748532 0.572281 0.746011 0.558109 0.815900 0.553563 0.834515 0.548469 0.828975 0.548750 0.820443 0.566047 0.751551 0.563219 0.747008 0.561797 0.731440 0.558391 0.684681 0.547609 0.649972
0 1 1 0.656906 0.511191 0.644531 0.530831 0.634109 0.526205 0.634109 0.512355 0.634109 0.492715 0.639313 0.484626 0.643875 0.482327 0.644531 0.463823 0.646484 0.453435 0.655609 0.471911 0.655609 0.474238 0.656250 0.477701 0.660812 0.489252 0.666031 0.498504 0.671250 0.513518 0.664078 0.515817 0.660172 0.511191
41 1 1 0.850484 0.751302 0.849375 0.698006 0.848437 0.697036 0.849000 0.694044 0.853484 0.692715 0.860391 0.693047 0.866172 0.694377 0.868406 0.697368 0.868406 0.702327 0.866922 0.702659 0.866359 0.750637 0.862813 0.753961 0.856844 0.753629 0.854031 0.752964
39 1 1 0.587141 0.590443 0.587141 0.589169 0.587266 0.588227 0.587266 0.586593 0.587469 0.585651 0.587859 0.584238 0.588391 0.582964 0.588656 0.582022 0.588859 0.580166 0.588859 0.579224 0.588859 0.578061 0.588859 0.577008 0.589047 0.576066 0.588984 0.574765 0.588984 0.573490 0.588984 0.572549 0.588781 0.571136 0.588781 0.568920 0.588859 0.568560 0.589188 0.567978 0.590047 0.566925 0.590766 0.566814 0.591688 0.566814 0.592484 0.567507 0.593281 0.569751 0.594000 0.570803 0.594000 0.570914 0.593609 0.573490 0.593547 0.576399 0.593547 0.578864 0.593547 0.579224 0.593609 0.581801 0.594141 0.582742 0.594391 0.585180 0.594797 0.587867 0.594797 0.588227 0.594859 0.590693 0.595062 0.592078 0.595062 0.592798 0.595188 0.593740
0 1 0 0.649719 0.567119 0.646031 0.545512 0.641781 0.532936 0.655688 0.513823 0.660500 0.515346 0.664187 0.521884 0.670719 0.521884 0.675250 0.535457 0.671844 0.550526 0.678937 0.560083 0.686312 0.578698 0.687172 0.585235 0.670437 0.588753 0.665328 0.588753 0.667031 0.621939 0.663344 0.627978 0.655391 0.623961 0.651422 0.595789 0.650016 0.588753 0.657094 0.575180 0.660219 0.566621
56 1 1 0.406547 0.615623 0.407906 0.655235 0.410906 0.652078 0.411453 0.616343 0.410484 0.600637 0.408719 0.600416 0.405719 0.568061 0.401641 0.564432 0.390063 0.565152 0.391563 0.579169 0.394016 0.599917 0.392109 0.608864 0.390063 0.616842 0.384750 0.612244 0.382031 0.654017 0.378750 0.655235 0.381891 0.610055
39 1 1 0.113031 0.636260 0.113266 0.609806 0.116875 0.600443 0.118078 0.559917 0.125297 0.559917 0.125781 0.601717 0.131078 0.614072 0.129625 0.655457 0.120250 0.642244
39 1 1 0.823281 0.652853 0.830234 0.654543 0.832391 0.679612 0.834062 0.721247 0.827359 0.728449 0.820891 0.726759 0.821125 0.687258 0.822797 0.673241
41 1 1 0.698219 0.652936 0.696828 0.649003 0.696828 0.638172 0.696562 0.629806 0.696000 0.625873 0.703219 0.623435 0.706547 0.623435 0.708219 0.623435 0.707656 0.638670 0.706828 0.645069 0.706266 0.649501 0.706000 0.652465 0.704609 0.653934 0.700172 0.655402
25 1 1 0.710156 0.721856 0.708891 0.300665 0.594547 0.296177 0.533578 0.293906 0.452266 0.289418 0.431938 0.282659 0.417969 0.287175 0.383672 0.226343 0.376047 0.221856 0.409078 0.197064 0.464969 0.167784 0.602172 0.093463 0.680937 0.061939 0.706344 0.043906 0.706344 0.014626 0.722859 0.016898 0.721594 0.046177 0.769875 0.066454 0.860062 0.097978 0.898188 0.122742 0.914703 0.131745 0.919781 0.122742 0.987109 0.154266 0.943922 0.239861 0.922313 0.282659 0.811797 0.298421 0.755891 0.296177 0.721594 0.305180 0.719047 0.726343
56 1 0 0.241344 0.770720 0.253938 0.762216 0.266516 0.723961 0.276719 0.693130 0.291109 0.681440 0.319281 0.676122 0.345062 0.677175 0.363656 0.682493 0.372047 0.693130 0.372047 0.703767 0.354656 0.803684 0.344469 0.815374 0.352266 0.846205 0.357656 0.907839 0.366062 0.998199 0.358859 0.999252 0.343875 0.856814 0.324078 0.828116 0.340266 0.996066 0.327688 0.997147 0.321688 0.962050 0.281516 0.964183 0.276109 1.000000 0.268922 1.000000 0.273719 0.959945 0.243734 0.964183 0.238344 0.973740 0.238344 0.987562 0.241344 0.997147 0.234750 0.998199 0.225156 0.976953 0.225156 0.964183 0.231750 0.955679 0.235344 0.952493 0.251531 0.812188 0.244937 0.801551 0.240141 0.791994 0.238344 0.776039 0.240734 0.767535
0 1 0 0.097844 0.858920 0.104828 0.784654 0.088531 0.714487 0.080391 0.646399 0.072234 0.613407 0.069906 0.603075 0.073406 0.603075 0.062922 0.561828 0.075734 0.532936 0.073406 0.510222 0.058281 0.491662 0.051297 0.431828 0.061766 0.388504 0.088531 0.376122 0.103656 0.427701 0.104828 0.464848 0.132750 0.508172 0.158359 0.582438 0.165344 0.652604 0.166500 0.658781 0.135078 0.658781 0.132750 0.646399 0.130422 0.598947 0.126937 0.565928 0.121125 0.565928 0.116469 0.631967 0.108313 0.642271 0.090859 0.648476 0.092031 0.714487 0.124609 0.722742 0.124609 0.755762 0.131594 0.854792 0.147891 0.854792 0.145562 0.799086 0.139734 0.739252 0.149047 0.716565 0.186297 0.712438 0.180469 0.730997 0.166500 0.747507 0.160687 0.811468 0.163016 0.848587 0.153703 0.858920
0 1 0 0.116875 0.480859 0.116875 0.467341 0.105438 0.460582 0.109250 0.424543 0.111797 0.384017 0.120687 0.375014 0.143562 0.379501 0.152453 0.393019 0.148641 0.433546 0.167688 0.478615 0.181672 0.543906 0.179125 0.573186 0.189297 0.652022 0.168969 0.658781 0.160078 0.588975 0.135937 0.516897
0 1 0 0.853063 0.988753 0.854328 0.961801 0.860672 0.939335 0.864469 0.916842 0.868281 0.892133 0.875875 0.856177 0.875875 0.835956 0.878422 0.791025 0.882219 0.770776 0.891094 0.752798 0.898703 0.739335 0.902500 0.734820 0.903766 0.721357 0.897437 0.721357 0.903766 0.687645 0.905031 0.656177 0.906297 0.629224 0.908844 0.620222 0.920250 0.593269 0.931656 0.584266 0.957000 0.588753 0.963344 0.593269 0.970953 0.600000 0.976016 0.649446 0.983625 0.667424 0.981094 0.705623 0.981094 0.721357 0.976016 0.750554 0.986156 0.768532 0.988688 0.811247 1.000000 0.840443 0.998828 0.907867 0.998828 0.910111 0.996297 0.914598 0.984891 0.889889 0.978547 0.905623 0.974750 0.916842 0.973484 0.930332 0.973484 0.937091 0.973484 0.955069 0.979828 0.986510 0.979828 0.988753 0.858141 0.984266
0 1 1 0.208594 0.617867 0.259609 0.611939 0.258766 0.560055 0.262953 0.508144 0.257937 0.494820 0.249563 0.482964 0.239531 0.479972 0.236188 0.454792 0.226984 0.438476 0.212766 0.436981 0.208594 0.479972 0.192703 0.491856 0.186016 0.509640 0.179328 0.539280 0.177656 0.548172 0.177656 0.567452 0.177656 0.580803 0.186844 0.568947 0.196047 0.546704 0.206078 0.616371
0 1 0 0.309281 0.629224 0.271250 0.633712 0.273797 0.624709 0.261109 0.608975 0.258578 0.557313 0.261109 0.505623 0.242109 0.480886 0.240828 0.453934 0.245906 0.417978 0.271250 0.435956 0.273797 0.467424 0.294078 0.485402 0.310547 0.566288 0.310547 0.611247
56 1 0 0.446203 0.613213 0.464203 0.677562 0.455516 0.723712 0.451031 0.743075 0.451672 0.748781 0.465156 0.692382 0.467406 0.694654 0.453922 0.758449 0.456172 0.763573 0.476406 0.685540 0.471266 0.730554 0.473203 0.731690 0.479937 0.684986 0.500828 0.680997 0.506609 0.726565 0.508859 0.720859 0.505641 0.686122 0.508219 0.680416 0.504687 0.659335 0.494078 0.656482 0.477688 0.656482 0.472875 0.632576 0.500828 0.643380 0.504687 0.649086 0.503406 0.642244 0.500188 0.629723 0.475437 0.617756 0.466453 0.614903 0.457766 0.606371 0.450375 0.606371 0.444594 0.610360
60 1 1 0.703422 0.781163 0.683516 0.750582 0.695453 0.720000 0.820219 0.691773 0.816234 0.663518 0.838797 0.665873 0.842781 0.687064 0.849406 0.675291 0.877281 0.689418 0.881266 0.712936 0.901172 0.724709 0.865344 0.804709 0.829500 0.818837 0.829500 0.978837 0.795000 0.978837 0.798984 0.802355 0.789688 0.804709 0.787031 0.983518 0.759156 0.981163 0.756500 0.807064 0.700766 0.781163
60 1 1 0.133984 0.864598 0.144703 0.864598 0.144703 0.719723 0.195609 0.719723 0.215703 0.691219 0.167484 0.655596 0.131297 0.655596 0.093781 0.655596 0.072344 0.660332 0.085750 0.719723 0.115219 0.722078 0.142016 0.719723
