0 0 1 0.860328 0.544371 0.863625 0.487079 0.893391 0.466615 0.893391 0.457060 0.887875 0.435242 0.891187 0.410677 0.912125 0.402495 0.926453 0.425687 0.925344 0.454333 0.923141 0.467988 0.963922 0.489807 0.978250 0.556654 0.963922 0.594855 0.967219 0.654874 0.952891 0.673985 0.950688 0.673985 0.946281 0.727195 0.942984 0.784487 0.945187 0.826789 0.956203 0.840426 0.940781 0.843153 0.933062 0.839052 0.922031 0.821315 0.913219 0.713540 0.907719 0.667157 0.900000 0.729923 0.898891 0.826789 0.876859 0.841780 0.861422 0.834971 0.873547 0.815861 0.865828 0.698549 0.861422 0.618046 0.863625 0.579845 0.861422 0.548472
0 0 1 0.858531 0.541431 0.839859 0.451335 0.811875 0.436306 0.824000 0.403965 0.860391 0.378549 0.851062 0.367002 0.856656 0.327718 0.876266 0.319633 0.898656 0.340426 0.889328 0.384333 0.906125 0.399342 0.891187 0.410909 0.892125 0.460580 0.889328 0.474429 0.865063 0.492921 0.861328 0.546054
0 0 1 0.122000 0.465996 0.117203 0.455590 0.125609 0.451141 0.124406 0.436267 0.126797 0.421412 0.136406 0.419923 0.150812 0.424391 0.155609 0.439246 0.155609 0.454101 0.155609 0.464507 0.155609 0.476402 0.155609 0.486789 0.166422 0.495706 0.177219 0.504623 0.174812 0.535822 0.172422 0.575957 0.171219 0.614584 0.176016 0.639845 0.177219 0.656190 0.177219 0.677002 0.162813 0.682940 0.162813 0.691857 0.164016 0.720077 0.167609 0.733462 0.168812 0.755745 0.170016 0.788433 0.171219 0.801818 0.172422 0.810735 0.177219 0.834507 0.159219 0.835996 0.153219 0.825590 0.149609 0.816673 0.149609 0.800329 0.149609 0.776557 0.150812 0.754255 0.144812 0.737911 0.137609 0.720077 0.143609 0.746828 0.140000 0.761702 0.137609 0.791412 0.140000 0.819652 0.129203 0.831528 0.111203 0.838956 0.099188 0.838956 0.106391 0.831528 0.110000 0.822611 0.111203 0.804778 0.112406 0.788433 0.112406 0.766151 0.111203 0.730484 0.116000 0.709691 0.116000 0.688878 0.112406 0.672534 0.116000 0.663617 0.112406 0.635397 0.118406 0.604178 0.122000 0.572979 0.122000 0.543269 0.122000 0.509091 0.114797 0.504623 0.101594 0.498685 0.117203 0.485319 0.124406 0.476402 0.123203 0.467485 0.119594 0.460058
0 0 1 0.658938 0.483250 0.670344 0.477195 0.675641 0.463075 0.675219 0.455029 0.671562 0.447466 0.669937 0.442921 0.669937 0.433849 0.671562 0.424275 0.672781 0.412689 0.674812 0.407137 0.678484 0.405629 0.680922 0.402108 0.685406 0.400097 0.690703 0.400097 0.697609 0.402611 0.700469 0.405629 0.704125 0.413191 0.706984 0.425280 0.707797 0.430329 0.707391 0.437892 0.705766 0.443926 0.702094 0.455532 0.702094 0.460058 0.703719 0.463075 0.708203 0.468627 0.723266 0.479207 0.735484 0.491296 0.739953 0.502398 0.746469 0.535145 0.748906 0.545725 0.749313 0.549768 0.750125 0.562863 0.751359 0.581509 0.751359 0.582515 0.751359 0.585551 0.747281 0.651141 0.746875 0.658182 0.741172 0.665242 0.737109 0.666750 0.733437 0.667253 0.731406 0.674816 0.729781 0.693462 0.728562 0.703540 0.724891 0.717660 0.724891 0.718162 0.730594 0.746770 0.725297 0.758859 0.723672 0.762901 0.723266 0.777505 0.722047 0.790116 0.722047 0.795648 0.723672 0.799691 0.728156 0.830116 0.732625 0.831625 0.734250 0.837176 0.734250 0.841702 0.731406 0.846750 0.726516 0.846750 0.720422 0.843211 0.710641 0.838182 0.704938 0.835145 0.700875 0.833133 0.700063 0.826073 0.700063 0.821547 0.700063 0.814487 0.698031 0.807930 0.698031 0.804913 0.698031 0.789284 0.698438 0.769632 0.699656 0.745957 0.699656 0.742418 0.699656 0.735880 0.694359 0.703114 0.690703 0.677911 0.686219 0.713694 0.684594 0.727814 0.684594 0.737389 0.685406 0.765106 0.685813 0.775184 0.686625 0.786770 0.686625 0.806422 0.686625 0.809458 0.686219 0.815493 0.685813 0.825068 0.683375 0.831122 0.674812 0.840696 0.662203 0.845222 0.660984 0.845222 0.649984 0.840193 0.659750 0.827602 0.661391 0.822050 0.663422 0.812476 0.663422 0.808433 0.662609 0.789787 0.657313 0.761064 0.660984 0.744449 0.662609 0.735880 0.660563 0.721760 0.656906 0.708162 0.654875 0.689516 0.654875 0.686480 0.654875 0.662302 0.659750 0.633578 0.665047 0.614932 0.666266 0.606364 0.666266 0.592747 0.665453 0.562515 0.658938 0.498008 0.656906 0.489942 0.656906 0.486925
0 0 1 0.361594 0.537911 0.364531 0.507002 0.378828 0.496325 0.385641 0.491567 0.385641 0.480039 0.378609 0.462631 0.374969 0.453636 0.377469 0.449981 0.380422 0.450832 0.379734 0.434255 0.385188 0.424700 0.391531 0.419923 0.401750 0.418530 0.408563 0.421896 0.410828 0.427234 0.412422 0.441567 0.411953 0.446886 0.417188 0.450832 0.416047 0.462901 0.410141 0.466557 0.411500 0.477234 0.413094 0.481721 0.426484 0.489865 0.440328 0.500271 0.444406 0.506731 0.445094 0.521335 0.447359 0.541838 0.448719 0.571605 0.449625 0.584816 0.447812 0.590986 0.442594 0.603636 0.448047 0.632282 0.447125 0.641567 0.438062 0.658685 0.434875 0.713752 0.432391 0.773017 0.433062 0.818530 0.428531 0.821045 0.431922 0.835377 0.436234 0.842959 0.432609 0.849420 0.422859 0.849710 0.413328 0.835377 0.400844 0.841277 0.382922 0.845764 0.379281 0.840986 0.388141 0.828066 0.390625 0.803346 0.380422 0.720213 0.372031 0.667118 0.365672 0.585667
0 0 1 0.537000 0.283462 0.519812 0.291954 0.519812 0.308975 0.525828 0.319594 0.521531 0.342979 0.533563 0.348298 0.541281 0.348298 0.565328 0.335532 0.571344 0.331296 0.573922 0.320658 0.573922 0.308975 0.571344 0.295145 0.572203 0.286634 0.572203 0.281335 0.565328 0.277079 0.561891 0.272824 0.561891 0.266441 0.565328 0.259014 0.566188 0.252631 0.566188 0.246248 0.564469 0.243056 0.563609 0.231373 0.561031 0.228182 0.558453 0.227118 0.552453 0.223926 0.541281 0.227118 0.539563 0.231373 0.539563 0.237737 0.539563 0.241992 0.535281 0.246248 0.536141 0.252631 0.540422 0.267505 0.539563 0.271760 0.536141 0.278143
0 0 1 0.680516 0.402476 0.680516 0.403211 0.673891 0.411431 0.673891 0.411431 0.671484 0.429323 0.671484 0.430812 0.670281 0.446480 0.670281 0.446480 0.673281 0.457679 0.673281 0.458414 0.670875 0.471838 0.655203 0.484526 0.651594 0.474836 0.635922 0.462901 0.634125 0.456170 0.632922 0.452456 0.632922 0.431567 0.644969 0.420368 0.662437 0.399497 0.662437 0.399497 0.659422 0.390542 0.659422 0.390542 0.656422 0.386809 0.657625 0.377118 0.658828 0.369652 0.663641 0.361451 0.664250 0.360696 0.673281 0.356983 0.684734 0.358472 0.690156 0.371141 0.691359 0.389052 0.691359 0.389787 0.693766 0.403211 0.708234 0.418878 0.716672 0.434545 0.719688 0.458414 0.719688 0.459168 0.717875 0.476325 0.705219 0.464391 0.704016 0.453946 0.708844 0.433810
0 0 1 0.297078 0.296015 0.300641 0.284275 0.298266 0.255706 0.303000 0.238124 0.318984 0.240309 0.327859 0.252785 0.329047 0.271818 0.326672 0.280619 0.327859 0.292340 0.338516 0.302611 0.340891 0.312128 0.342656 0.326789 0.342656 0.331915 0.317203 0.351702 0.313062 0.359014 0.308328 0.342166 0.295312 0.331915 0.289391 0.325319 0.289391 0.320193 0.295312 0.306267
27 0 1 0.596953 0.461721 0.604922 0.466770 0.613719 0.465010 0.614937 0.467776 0.614937 0.474101 0.601656 0.470812 0.592250 0.474101 0.587563 0.471064 0.597359 0.461199
27 0 1 0.506547 0.349768 0.506250 0.377060 0.514625 0.410948 0.522797 0.409691 0.512781 0.357582 0.508687 0.341799 0.506453 0.346615 0.506031 0.350406 0.506250 0.349652
27 0 1 0.349344 0.380329 0.356891 0.369323 0.357109 0.348433 0.356000 0.340193 0.354891 0.336615 0.354703 0.333133 0.357609 0.331625 0.357172 0.328762 0.350906 0.328279 0.346984 0.329961 0.345812 0.334333 0.343656 0.343308 0.344047 0.349865 0.345219 0.356905 0.345609 0.365880 0.346781 0.372921 0.348547 0.378008
27 0 1 0.391047 0.541219 0.389672 0.522070 0.391047 0.501625 0.391391 0.496518 0.393797 0.493965 0.397922 0.497795 0.397578 0.524623 0.394828 0.544197
27 0 1 0.310641 0.337621 0.310828 0.315377 0.310094 0.303462 0.310453 0.299188 0.312281 0.295590 0.314094 0.295590 0.314094 0.299188 0.315906 0.311992 0.318812 0.335377 0.318453 0.351103 0.315906 0.357621 0.313188 0.357621
27 1 0 0.327016 0.481896 0.332109 0.482070 0.333172 0.478917 0.337219 0.480600 0.338109 0.482070 0.336609 0.487099 0.334359 0.493037 0.332109 0.490058 0.328656 0.487099 0.327469 0.487273 0.324766 0.491354 0.319656 0.491354 0.319969 0.481528 0.321016 0.480967 0.323266 0.479652
27 0 1 0.898453 0.475145 0.899359 0.489130 0.899469 0.490832 0.905062 0.488994 0.910891 0.481219 0.914312 0.480522 0.918078 0.482205 0.920359 0.478685 0.919109 0.469207 0.917281 0.469923 0.913281 0.472882 0.910094 0.475145 0.909641 0.476132 0.906328 0.475706 0.903922 0.475145 0.900266 0.474449
27 0 1 0.219266 0.480271 0.216078 0.480000 0.211766 0.479149 0.210406 0.482244 0.211547 0.487853 0.216531 0.486731 0.218812 0.485899 0.221078 0.486460 0.222438 0.486731 0.224187 0.485338 0.227156 0.485164 0.228078 0.485164 0.228359 0.484294 0.227078 0.479478 0.225813 0.476576 0.224531 0.478240 0.222484 0.479555 0.220000 0.480077
27 0 1 0.788516 0.460426 0.788875 0.445783 0.790125 0.444913 0.794219 0.461431 0.794484 0.479381 0.793328 0.501296 0.792797 0.515377 0.785234 0.516364 0.786125 0.482456 0.788344 0.461973 0.788437 0.460097
27 0 1 0.134250 0.490426 0.131734 0.494874 0.132453 0.572979 0.139625 0.571663 0.139984 0.541025 0.140703 0.514836 0.141062 0.501528 0.138547 0.493095
27 1 1 0.563328 0.402070 0.556594 0.400503 0.556016 0.411528 0.561609 0.407292 0.565609 0.407563 0.571328 0.407718 0.570516 0.399091 0.565734 0.401354 0.563219 0.401780
0 0 1 0.104562 0.854139 0.098406 0.823714 0.092266 0.819903 0.098406 0.757099 0.107641 0.700019 0.113781 0.679091 0.116859 0.665764 0.113781 0.627718 0.124547 0.568723 0.126078 0.509749 0.086109 0.485010 0.089188 0.467872 0.090734 0.441238 0.075359 0.431721 0.075359 0.427930 0.064594 0.437427 0.059984 0.448859 0.056906 0.462166 0.061516 0.473598 0.056906 0.485010 0.029250 0.509749 0.026172 0.574429 0.041547 0.629613 0.043078 0.669574 0.047688 0.709536 0.053844 0.736170 0.050766 0.816093 0.036922 0.846538 0.036922 0.857950 0.052297 0.861760 0.073812 0.840832
0 0 1 0.762437 0.829207 0.769688 0.779768 0.760609 0.689884 0.751531 0.593249 0.749719 0.510116 0.737016 0.476402 0.760609 0.422476 0.769688 0.384275 0.798734 0.384275 0.807813 0.429207 0.840484 0.460677 0.862266 0.564043 0.847750 0.653926 0.824156 0.804487 0.831406 0.844952 0.798734 0.820232 0.773328 0.840445
0 0 1 0.185781 0.665977 0.172406 0.663056 0.169250 0.627021 0.169250 0.585145 0.173969 0.524778 0.181062 0.482901 0.206234 0.469265 0.199141 0.455648 0.196781 0.441045 0.199937 0.432263 0.207016 0.412805 0.222750 0.406944 0.234547 0.416692 0.236125 0.431296 0.239266 0.449807 0.232188 0.463424 0.240844 0.475126 0.256578 0.484855 0.265219 0.484855 0.268375 0.508220 0.269937 0.521857 0.265219 0.541335 0.258938 0.566654 0.259719 0.588066 0.259719 0.601702 0.258938 0.610464 0.263656 0.629942 0.263656 0.642611 0.265219 0.655261 0.264437 0.669865 0.259719 0.690329 0.259719 0.721489 0.258141 0.734139 0.262859 0.788665 0.262859 0.812050 0.265219 0.830542 0.273094 0.841257 0.273094 0.850986 0.259719 0.851973 0.247125 0.845145 0.242406 0.826654 0.237687 0.797427 0.231406 0.727331 0.224312 0.686422 0.221953 0.732186 0.220391 0.773095 0.221953 0.814971 0.218812 0.834429 0.207016 0.845145 0.184203 0.857814 0.172406 0.859749 0.181062 0.838337 0.192062 0.816905 0.189703 0.769188 0.194422 0.748743 0.200719 0.711741 0.194422 0.680580
0 1 1 0.582719 0.833714 0.599047 0.815725 0.597234 0.775280 0.584531 0.671915 0.573641 0.622476 0.551859 0.555048 0.553672 0.510116 0.570000 0.480890 0.580906 0.458433 0.591797 0.442689 0.595422 0.411238 0.608125 0.395513 0.631734 0.397756 0.637172 0.424720 0.617203 0.449439 0.668031 0.496634 0.657141 0.656170 0.648063 0.671915 0.649875 0.838201 0.646250 0.874159 0.609937 0.831470 0.591797 0.851683
0 0 1 0.483766 0.410677 0.501000 0.400735 0.519375 0.412108 0.520516 0.430600 0.518219 0.447660 0.510188 0.461876 0.517078 0.470406 0.534312 0.481779 0.544641 0.504526 0.550391 0.541489 0.543500 0.572766 0.544641 0.592669 0.551531 0.601199 0.548094 0.659497 0.533156 0.662340 0.535453 0.726325 0.524031 0.742611 0.518359 0.819903 0.525922 0.824584 0.541062 0.848008 0.533500 0.859710 0.510797 0.850348 0.495656 0.845667 0.491875 0.848008 0.488094 0.869072 0.469172 0.873772 0.457828 0.857369 0.463500 0.826925 0.459719 0.660638 0.442688 0.644255 0.446469 0.625513 0.435125 0.613810 0.452141 0.581025 0.446469 0.545899 0.452141 0.494371 0.463500 0.477969 0.478641 0.468607 0.474844 0.449884 0.478641 0.419439 0.480531 0.412398
