25 1 1 0.245641 0.149500 0.247719 0.145708 0.246172 0.145021 0.245125 0.133250 0.242281 0.129104 0.237609 0.130479 0.236047 0.145708 0.236047 0.159875 0.237125 0.171271 0.232734 0.174187 0.231641 0.190271 0.232734 0.201250 0.234938 0.195396 0.233828 0.181500 0.234938 0.174187 0.238766 0.173458 0.235484 0.250958 0.235875 0.261125 0.208719 0.256083 0.177797 0.254083 0.169500 0.247542 0.167234 0.246542 0.163469 0.251063 0.138203 0.255083 0.135937 0.254583 0.134047 0.253063 0.129906 0.249042 0.131406 0.254083 0.138578 0.266146 0.159313 0.300833 0.177047 0.320958 0.186469 0.328500 0.198156 0.332021 0.187984 0.368229 0.184578 0.372750 0.187594 0.373750 0.215125 0.349104 0.194016 0.326979 0.229078 0.314417 0.222297 0.317937 0.298469 0.309896 0.316578 0.309396 0.339203 0.271688 0.343734 0.264646 0.345984 0.261125 0.343344 0.261625 0.340703 0.267646 0.315437 0.265646 0.246047 0.263625 0.240016 0.263125 0.240016 0.221396 0.240391 0.145979 0.241531 0.134417 0.243797 0.142458 0.243797 0.150000 0.246813 0.150500 0.246813 0.147479
0 1 1 0.257812 0.808458 0.264437 0.799625 0.268703 0.787625 0.267281 0.784479 0.268219 0.775646 0.266797 0.768687 0.262062 0.759854 0.264437 0.754188 0.265391 0.748500 0.259703 0.742188 0.252609 0.741563 0.245031 0.747875 0.240766 0.758604 0.238875 0.764271 0.235094 0.766813 0.233188 0.781313 0.234141 0.784479 0.229875 0.792042 0.228938 0.794583 0.228469 0.804042 0.230359 0.805938 0.226562 0.824229 0.225625 0.824875 0.221359 0.873458 0.227516 0.881667 0.228469 0.886729 0.239344 0.893042 0.246922 0.896188 0.251656 0.887354 0.250234 0.853271 0.244563 0.850750 0.228469 0.825500
2 1 0 0.057375 0.683396 0.065922 0.687958 0.086000 0.691938 0.090687 0.689667 0.094969 0.674854 0.104359 0.669729 0.115469 0.672000 0.123172 0.685104 0.122734 0.691375 0.132141 0.691938 0.135125 0.678833 0.124016 0.672000 0.115047 0.664604 0.111625 0.652625 0.100953 0.646375 0.082156 0.646375 0.069328 0.652625
0 1 1 0.028172 0.764354 0.041906 0.751583 0.045422 0.746458 0.053719 0.754562 0.051484 0.738792 0.048297 0.727312 0.044453 0.718792 0.041906 0.705583 0.034563 0.702604 0.025938 0.710708 0.029141 0.723479 0.020188 0.736667 0.024656 0.741354 0.026578 0.736667 0.029141 0.734958 0.029766 0.754125 0.026578 0.758396 0.027859 0.765188
0 1 1 0.853859 0.899542 0.854469 0.833250 0.848953 0.808708 0.840969 0.802146 0.852625 0.761250 0.861219 0.753062 0.857531 0.731792 0.858766 0.720333 0.872875 0.719521 0.876562 0.744062 0.894969 0.766958 0.900500 0.829979 0.896203 0.847979 0.888219 0.829979 0.879016 0.885625 0.883313 0.948625 0.858141 0.926542
26 1 0 0.330641 0.813354 0.342187 0.849729 0.351641 0.869333 0.336937 0.883312 0.324344 0.888208 0.323297 0.884729 0.319625 0.858833 0.322766 0.830146
0 1 1 0.004156 0.758729 0.001031 0.757000 0.000781 0.754229 0.000781 0.733437 0.003375 0.731687 0.007016 0.729271 0.008844 0.724063 0.009094 0.719563 0.011703 0.712625 0.015594 0.711250 0.019234 0.711250 0.021828 0.712292 0.021828 0.717833 0.021313 0.729625 0.019234 0.734125 0.026000 0.740354 0.027812 0.760813 0.029375 0.795812 0.028328 0.796521 0.023391 0.795812 0.023656 0.785771 0.022609 0.770854 0.018203 0.760125 0.014031 0.757354
0 1 1 0.064359 0.894354 0.033547 0.886521 0.039406 0.852292 0.040875 0.845458 0.029875 0.819042 0.020344 0.813167 0.021813 0.797521 0.030609 0.792625 0.027672 0.767187 0.046016 0.746667 0.062891 0.760354 0.065828 0.789687 0.075359 0.803396 0.066562 0.843500 0.068016 0.877729 0.064359 0.892396
2 1 0 0.054688 0.695437 0.054688 0.700125 0.059672 0.706000 0.059672 0.709896 0.060547 0.713021 0.061719 0.714208 0.065828 0.711854 0.072266 0.709521 0.074625 0.707563 0.076375 0.706000 0.077547 0.701312 0.081656 0.698188 0.083406 0.697000 0.075797 0.691146 0.069641 0.687625 0.060547 0.686063 0.054391 0.686063 0.042375 0.686458 0.038859 0.686458 0.030359 0.687625 0.028297 0.694271 0.027719 0.694667 0.020688 0.694667 0.018922 0.697792 0.018047 0.700125 0.018625 0.713021 0.022437 0.715375 0.025078 0.715375 0.028297 0.710688 0.031813 0.707167 0.034750 0.707167 0.039141 0.705208 0.040609 0.707167 0.042078 0.708729
0 1 0 0.593500 0.970250 0.586219 0.914729 0.584828 0.889750 0.581016 0.878167 0.575109 0.865208 0.549438 0.823104 0.537984 0.823583 0.525828 0.827271 0.516813 0.833750 0.507781 0.841167 0.505359 0.851792 0.515766 0.879562 0.525484 0.911021 0.517156 0.935542 0.505016 0.969333 0.503625 0.998937 0.599406 0.997542 0.593844 0.969333
0 1 0 0.057484 0.965750 0.053875 0.924812 0.061094 0.901937 0.066516 0.880271 0.069234 0.863417 0.071938 0.852583 0.078250 0.832125 0.081875 0.814062 0.087281 0.799604 0.098125 0.793604 0.101734 0.786375 0.111672 0.777938 0.124312 0.774333 0.131531 0.773125 0.139656 0.779146 0.140563 0.793604 0.133328 0.815271 0.122500 0.829708 0.119797 0.829708 0.127922 0.852583 0.131531 0.865833 0.134234 0.871854 0.134234 0.885083 0.134234 0.897125 0.130625 0.917604 0.126109 0.935646 0.126109 0.956125 0.132437 0.982604 0.134234 0.994646 0.135141 0.998250 0.055687 0.998250
0 1 0 0.000000 0.758417 0.011125 0.760021 0.019484 0.767187 0.021875 0.781521 0.020688 0.795854 0.017703 0.806208 0.017109 0.811771 0.026062 0.810979 0.033828 0.824521 0.040391 0.838062 0.040391 0.851583 0.036219 0.861146 0.034422 0.873083 0.032625 0.915292 0.026062 0.975813 0.022484 0.997312 0.000000 0.996521
0 1 0 0.257984 0.935562 0.253906 0.855250 0.241656 0.849792 0.230422 0.830750 0.223281 0.821208 0.225313 0.804875 0.237578 0.807604 0.259016 0.806250 0.277391 0.769500 0.279422 0.746354 0.281469 0.731375 0.301891 0.728646 0.316188 0.731375 0.323328 0.736813 0.314141 0.766771 0.314141 0.783104 0.325375 0.804875 0.326391 0.836187 0.320266 0.894729 0.302906 0.942354 0.299844 0.964146 0.302906 0.994083 0.302906 0.996813 0.277391 0.990000
