58 1 1 0.304281 0.226200 0.306141 0.238575 0.316406 0.238050 0.317250 0.228075 0.318766 0.211375 0.319266 0.197625 0.322297 0.175275 0.323813 0.169075 0.321969 0.165575 0.319609 0.163425 0.318422 0.159125 0.315391 0.164225 0.314891 0.175825 0.313719 0.175825 0.313547 0.170975 0.313047 0.169625 0.311359 0.169350 0.308828 0.169625 0.307656 0.170425 0.305641 0.174475 0.301594 0.169625 0.298391 0.170975 0.296547 0.175275 0.294187 0.180400 0.293688 0.183625 0.293844 0.189275 0.293844 0.194125 0.296203 0.200050 0.297891 0.203025 0.298906 0.207600 0.300078 0.217575 0.300078 0.223500 0.300250 0.223500
0 1 0 0.919422 0.041175 0.911563 0.049275 0.908203 0.061850 0.905953 0.075300 0.907078 0.084300 0.907641 0.093275 0.905953 0.105850 0.904266 0.124700 0.903156 0.137275 0.904266 0.156125 0.903719 0.179475 0.904266 0.189375 0.904828 0.194750 0.904828 0.206425 0.903156 0.217200 0.903719 0.227075 0.909891 0.223500 0.911563 0.223500 0.914375 0.241450 0.914937 0.258525 0.913813 0.279175 0.913813 0.289050 0.907641 0.300725 0.904266 0.309700 0.904266 0.316000 0.913813 0.320475 0.922234 0.321375 0.925047 0.317775 0.929531 0.314200 0.936266 0.311500 0.938516 0.309700 0.940203 0.308800 0.936266 0.283650 0.928969 0.234275 0.935141 0.213600 0.953672 0.216300 0.950859 0.144450 0.951984 0.121100 0.945250 0.087875 0.937953 0.076200 0.923922 0.039400 0.919422 0.042075
3 1 0 0.683984 0.213475 0.644656 0.242700 0.598312 0.247200 0.601125 0.211225 0.619375 0.173025 0.622187 0.141575 0.623594 0.094375 0.657297 0.101125 0.658703 0.141575 0.679781 0.173025 0.695219 0.173025 0.700844 0.182025 0.716297 0.200000 0.713484 0.209000 0.686797 0.204500
3 1 0 0.730016 0.203475 0.755266 0.205750 0.766219 0.196625 0.768594 0.188225 0.762875 0.185150 0.773844 0.160750 0.785266 0.157700 0.810047 0.189700 0.789563 0.186650 0.780984 0.190475 0.781937 0.208775 0.772891 0.217900 0.766688 0.233150 0.763828 0.234675 0.761937 0.234675 0.757172 0.246875 0.764781 0.267450 0.761937 0.272025 0.750016 0.272775 0.735734 0.268200 0.733344 0.257550 0.712875 0.240775 0.701438 0.233925 0.707156 0.218675 0.709531 0.203425
26 1 1 0.914875 0.242125 0.911938 0.271900 0.886234 0.256225 0.892844 0.229175 0.901156 0.231925 0.906797 0.234575 0.906797 0.234575 0.910453 0.236050 0.908625 0.217050 0.914578 0.222150 0.915031 0.233125
0 1 0 0.565750 0.135200 0.565344 0.109375 0.566953 0.089375 0.573000 0.077125 0.574609 0.066150 0.579859 0.057100 0.583094 0.057100 0.584703 0.064200 0.587125 0.071950 0.589547 0.076475 0.589938 0.088075 0.591156 0.099700 0.596391 0.114550 0.603656 0.124875 0.603250 0.129375 0.600828 0.131975 0.596391 0.127450 0.590750 0.119700 0.591156 0.131975 0.593578 0.161650 0.592766 0.166825 0.587531 0.174550 0.588328 0.200375 0.583484 0.204900 0.578656 0.202300 0.577031 0.193925 0.577031 0.188750 0.573000 0.186175 0.571391 0.177775 0.575016 0.174550 0.576641 0.170050 0.576234 0.154550 0.573812 0.146800 0.568969 0.139075 0.566953 0.137775
58 1 1 0.551313 0.198075 0.550469 0.217125 0.498578 0.217125 0.498578 0.187175 0.487516 0.185800 0.482406 0.170850 0.486656 0.157225 0.495172 0.151775 0.504531 0.144975 0.518984 0.136800 0.541109 0.130000 0.555578 0.142250 0.548766 0.144975 0.564078 0.151775 0.569188 0.166750 0.567484 0.180375 0.558125 0.189900 0.552172 0.196700
58 1 1 0.359516 0.237425 0.381703 0.236100 0.387250 0.230775 0.387812 0.218775 0.385031 0.200150 0.382812 0.184150 0.381422 0.179275 0.373109 0.174850 0.368937 0.173075 0.362844 0.171300 0.364234 0.200150 0.362844 0.214775
0 1 1 0.075891 0.094425 0.082469 0.066350 0.078078 0.050575 0.090141 0.027750 0.101109 0.029500 0.101109 0.055825 0.108781 0.071625 0.121953 0.078650 0.123047 0.106725 0.109891 0.143575 0.113172 0.173400 0.115375 0.196225 0.115375 0.236575 0.107687 0.268175 0.102203 0.269925 0.091234 0.273425 0.090141 0.250625 0.086859 0.231325 0.083563 0.210250 0.080266 0.197975 0.073688 0.183925 0.074781 0.164625 0.076984 0.143575 0.078078 0.133050 0.071500 0.119000 0.072594 0.103200
58 1 1 0.987969 0.065650 0.984297 0.077425 0.981672 0.083300 0.976406 0.086675 0.967828 0.092275 0.962578 0.093950 0.956797 0.090575 0.953984 0.084425 0.957141 0.075175 0.960469 0.068725 0.960828 0.062550 0.957672 0.056400 0.957672 0.053600 0.956266 0.051075 0.953812 0.039300 0.960297 0.035650 0.961875 0.038450 0.965375 0.035650 0.970453 0.032850 0.975187 0.031450 0.977109 0.041250 0.982547 0.047150 0.985703 0.051900 0.987094 0.056125 0.984297 0.059750 0.987969 0.063125
0 1 1 0.881375 0.118425 0.879344 0.107400 0.885437 0.101575 0.887859 0.104800 0.889484 0.110000 0.888672 0.121675 0.893937 0.123625 0.893125 0.149550 0.890672 0.149800 0.888453 0.167900 0.884031 0.191925 0.880344 0.192300 0.881812 0.166725 0.880094 0.166725 0.877141 0.193100 0.873203 0.191925 0.875172 0.158850 0.871969 0.158450 0.872953 0.147025 0.873453 0.137200 0.874187 0.122225
0 1 0 0.407250 0.105375 0.411906 0.088850 0.416547 0.083900 0.418609 0.083075 0.419125 0.069850 0.422750 0.064900 0.427391 0.066550 0.429984 0.073150 0.428422 0.084725 0.423266 0.084725 0.428937 0.091325 0.428937 0.098775 0.428937 0.104550 0.435141 0.100425 0.435141 0.104550 0.435141 0.108700 0.427391 0.113650 0.431531 0.135125 0.425328 0.134300 0.429984 0.151675 0.427391 0.169025 0.427391 0.187200 0.423781 0.186375 0.423266 0.146700 0.417063 0.131825 0.417063 0.120250
0 1 1 0.278063 0.156575 0.285250 0.156000 0.284719 0.143650 0.286313 0.133825 0.282625 0.120325 0.288938 0.112175 0.285250 0.088300 0.278750 0.082975 0.278578 0.081275 0.280156 0.075100 0.280156 0.069200 0.277875 0.064150 0.273141 0.065000 0.271031 0.067525 0.270156 0.072025 0.271563 0.077075 0.271563 0.081575 0.264531 0.088300 0.264188 0.090825 0.260328 0.111900 0.266109 0.123425 0.267000 0.156275 0.275250 0.156575 0.275766 0.145050
0 1 1 0.960844 0.096600 0.960844 0.096600 0.960844 0.096600 0.960844 0.104575 0.960844 0.104575 0.970125 0.113625 0.975328 0.127750 0.973297 0.130650 0.964688 0.125575 0.966734 0.138625 0.965594 0.152375 0.961063 0.176300 0.961063 0.176300 0.961750 0.191875 0.959125 0.194750 0.952203 0.177375 0.949906 0.134700 0.957812 0.115750 0.957812 0.115750 0.957812 0.115750 0.952203 0.105225 0.952875 0.093625 0.960906 0.095450 0.960906 0.101775
0 1 0 0.535750 0.126825 0.535297 0.118050 0.535297 0.107100 0.535297 0.092475 0.536672 0.082975 0.539875 0.077125 0.538047 0.074200 0.540328 0.063225 0.543531 0.058850 0.552203 0.060300 0.555406 0.070525 0.553578 0.076375 0.555406 0.088825 0.558141 0.107100 0.558609 0.126825 0.559062 0.138525 0.559062 0.147300 0.557688 0.149500 0.554953 0.148750 0.553578 0.145850 0.552203 0.142925 0.549469 0.144375 0.547188 0.142925 0.547188 0.138525 0.543531 0.133400 0.540781 0.128300
26 1 0 0.012172 0.193675 0.006344 0.202250 0.009750 0.216275 0.014609 0.232625 0.019484 0.224825 0.014125 0.209250 0.012672 0.196800
0 1 0 0.462281 0.171850 0.465750 0.161625 0.463078 0.146725 0.468141 0.138650 0.468406 0.134375 0.467609 0.128000 0.464672 0.122025 0.463875 0.118200 0.463078 0.116075 0.462281 0.110975 0.454828 0.098200 0.457500 0.088400 0.458828 0.078600 0.458297 0.072650 0.456156 0.066250 0.452437 0.063700 0.451906 0.133950 0.455094 0.138225 0.454031 0.142900 0.452172 0.143325 0.453766 0.158225 0.455891 0.158650 0.456422 0.153125 0.459625 0.155675 0.459625 0.160350 0.459094 0.163750 0.458828 0.167600 0.460687 0.171850
58 1 1 0.850375 0.098975 0.856516 0.076550 0.860031 0.049900 0.838984 0.038675 0.831531 0.064625 0.836797 0.088475 0.840297 0.099700 0.853453 0.100400
0 0 1 0.334766 0.109725 0.331578 0.119425 0.328406 0.125450 0.326375 0.125900 0.322047 0.125900 0.323781 0.112950 0.328109 0.106925 0.327828 0.095825 0.333313 0.087500 0.340547 0.097675 0.338813 0.103700 0.340266 0.108800 0.341703 0.106925 0.343734 0.114350 0.339969 0.123600 0.339391 0.124050 0.339109 0.123600 0.339391 0.123125 0.339391 0.117125
0 1 0 0.146203 0.178375 0.146203 0.171300 0.146203 0.161475 0.146531 0.153300 0.146531 0.147300 0.146531 0.140225 0.145172 0.131500 0.143469 0.127125 0.142109 0.127675 0.140750 0.127125 0.140062 0.122775 0.142109 0.114050 0.144156 0.109125 0.145172 0.106950 0.146203 0.098775 0.146531 0.092775 0.146531 0.088425 0.143125 0.087325 0.141422 0.081875 0.143469 0.072050 0.145516 0.072050 0.149266 0.074800 0.152672 0.078600 0.158469 0.084050 0.161187 0.086775 0.162547 0.094950 0.162547 0.096600 0.161875 0.104225 0.161187 0.111325 0.162547 0.127125 0.158125 0.132025 0.158797 0.138025 0.157094 0.150025 0.154375 0.159850 0.151641 0.166375 0.151641 0.173475
3 0 0 0.689609 0.871900 0.719094 0.923600 0.765453 0.948325 0.835672 0.948325 0.884828 0.889900 0.908703 0.833700 0.918547 0.775275 0.942422 0.793250 0.963484 0.788775 0.973312 0.757300 0.953656 0.723600 0.942422 0.671900 0.946625 0.660675 0.949437 0.588775 0.922750 0.577525 0.914328 0.570775 0.904500 0.570775 0.879219 0.543825 0.849719 0.510100 0.794937 0.492125 0.745781 0.498875 0.726125 0.512350 0.706453 0.523600 0.691016 0.514600 0.664328 0.537075 0.651688 0.539325 0.589891 0.519100 0.564609 0.510100 0.532297 0.492125 0.519656 0.462925 0.476125 0.417975 0.466297 0.409000 0.455062 0.400000 0.431187 0.370775 0.407297 0.355050 0.375000 0.323600 0.365172 0.339325 0.341297 0.375275 0.338484 0.379775 0.337078 0.366300 0.332859 0.357300 0.341297 0.256175 0.346906 0.191000 0.352531 0.161800 0.369375 0.173025 0.380625 0.184275 0.398875 0.206750 0.408703 0.193250 0.403094 0.179775 0.391859 0.148325 0.380625 0.132575 0.372187 0.114600 0.370781 0.071900 0.373594 0.042700 0.390453 0.026975 0.415734 0.029225 0.442422 0.024725 0.441016 0.006750 0.408703 0.006750 0.394656 0.006750 0.379219 0.013475 0.363766 0.029225 0.356734 0.056175 0.356734 0.083150 0.351125 0.112350 0.339891 0.119100 0.335672 0.141575 0.331453 0.179775 0.328656 0.233700 0.317422 0.283150 0.311797 0.323600 0.301969 0.348325 0.285109 0.377525 0.279500 0.352800 0.262641 0.330325 0.245781 0.325850 0.230344 0.330325 0.224719 0.355050 0.224719 0.393250 0.234547 0.449450 0.247187 0.471900 0.262641 0.456175 0.276688 0.435950 0.262641 0.469675 0.248594 0.492125 0.238766 0.543825 0.237359 0.552800 0.199437 0.537075 0.116578 0.550550 0.089891 0.602250 0.096906 0.626975 0.088484 0.647200 0.080063 0.698875 0.080063 0.748325 0.092703 0.797750 0.125000 0.862925 0.175563 0.887650 0.254219 0.885400 0.292141 0.840450 0.307578 0.779775 0.313203 0.766300 0.320219 0.766300 0.328656 0.761800 0.335672 0.734825 0.341297 0.732575 0.345500 0.732575 0.334266 0.752800 0.328656 0.777525 0.335672 0.800000 0.346906 0.806750 0.346906 0.815725 0.321625 0.809000 0.318812 0.833700 0.334266 0.842700 0.372187 0.860675 0.421344 0.876400 0.436797 0.876400 0.443813 0.871900 0.445219 0.860675 0.463484 0.860675 0.512641 0.862925 0.526688 0.856175 0.546344 0.856175 0.558984 0.883150 0.577250 0.880900 0.595500 0.874150 0.601125 0.856175 0.632016 0.876400 0.667141 0.885400 0.683984 0.880900
0 1 1 0.007016 0.083150 0.000000 0.152800 0.009828 0.182025 0.016859 0.224725 0.023875 0.258425 0.025281 0.346075 0.046344 0.355050 0.043547 0.312350 0.060391 0.197750 0.063203 0.121350 0.054781 0.080900 0.043547 0.042700 0.026687 0.038200 0.016859 0.049450
3 1 0 0.642969 0.303250 0.651359 0.309975 0.663938 0.298775 0.665344 0.280875 0.774406 0.392750 0.759016 0.401675 0.725469 0.437475 0.718469 0.446425 0.733859 0.464325 0.747844 0.471050 0.766016 0.475500 0.764828 0.476725 0.783000 0.467775 0.795578 0.447650 0.801172 0.436450 0.808172 0.481200 0.819344 0.499100 0.862703 0.517000 0.879469 0.496850 0.886469 0.447650 0.873875 0.396200 0.864094 0.378300 0.864094 0.371575 0.838922 0.351450 0.845719 0.350225 0.848500 0.325625 0.856891 0.312200 0.852703 0.285350 0.833125 0.240625 0.813547 0.209300 0.805156 0.200350 0.798172 0.191400 0.792578 0.186925 0.785594 0.195875 0.780000 0.198100 0.778594 0.209300 0.778594 0.211525 0.774406 0.216000 0.771609 0.220475 0.768813 0.233900 0.756219 0.238375 0.761813 0.265225 0.760422 0.271925 0.774406 0.312200 0.766016 0.330100 0.760422 0.314450 0.763219 0.296550 0.754828 0.298775 0.750625 0.294300 0.752031 0.274175 0.747844 0.271925 0.740844 0.278650 0.665344 0.278650 0.622000 0.256275 0.609406 0.258500 0.616406 0.287600 0.608016 0.280875 0.598234 0.265225 0.596828 0.262975 0.538109 0.267450 0.563266 0.285350 0.540906 0.296550 0.546500 0.316675 0.560469 0.294300
0 1 0 0.185375 0.055350 0.181875 0.056475 0.179234 0.057875 0.177125 0.062075 0.176078 0.068825 0.175547 0.074725 0.175547 0.081475 0.174672 0.085400 0.173094 0.088200 0.171328 0.092975 0.171328 0.092975 0.169938 0.101975 0.168875 0.106750 0.167297 0.112925 0.165547 0.117975 0.163969 0.123050 0.164313 0.126700 0.166766 0.131175 0.166422 0.141300 0.165188 0.147200 0.165016 0.164050 0.170453 0.168550 0.171859 0.176700 0.170641 0.186800 0.169750 0.207300 0.172563 0.216850 0.175203 0.231750 0.176422 0.241025 0.179234 0.248600 0.180109 0.254225 0.178000 0.259275 0.176422 0.260675 0.175719 0.264325 0.179063 0.266575 0.183969 0.266025 0.185203 0.264325 0.186781 0.255625 0.188188 0.256175 0.188547 0.260950 0.186078 0.265725 0.186078 0.265725 0.187484 0.270500 0.198203 0.268825 0.198375 0.258700 0.199250 0.244100 0.198719 0.230900 0.198719 0.218825 0.196797 0.210950 0.199781 0.191025 0.198203 0.176700 0.201891 0.173600 0.207156 0.176975 0.209250 0.173325 0.209250 0.173325 0.208203 0.164050 0.209250 0.159000 0.209781 0.137075 0.208547 0.114050 0.205750 0.102825 0.203641 0.095800 0.197844 0.081175 0.196438 0.073600 0.194328 0.066575 0.192406 0.062075 0.189141 0.057050 0.187406 0.055000 0.184734 0.055550
