7 1 0 0.166406 0.879604 0.178859 0.875292 0.186812 0.864667 0.273641 0.861354 0.282109 0.876604 0.297781 0.877604 0.311719 0.870979 0.314953 0.864000 0.327641 0.861021 0.330875 0.850062 0.330125 0.833813 0.323406 0.820208 0.282609 0.811917 0.259969 0.789354 0.203484 0.788375 0.196516 0.811917 0.120141 0.814250 0.118391 0.853063 0.123125 0.860021 0.136063 0.861021 0.142781 0.875625 0.159453 0.881583
2 1 0 0.829875 0.818104 0.857313 0.810583 0.870687 0.787146 0.942469 0.786187 0.955125 0.789021 0.966391 0.834979 0.962875 0.856562 0.960063 0.855625 0.953016 0.870646 0.936125 0.860333 0.929797 0.857500 0.912203 0.860333 0.907281 0.851875 0.882641 0.850938 0.871391 0.874396 0.853797 0.865021 0.837609 0.865021 0.828469 0.857500 0.826344 0.823729
9 1 0 0.114813 0.609875 0.103703 0.624687 0.107406 0.661729 0.120375 0.659250
7 1 0 0.306703 0.813896 0.334641 0.799458 0.374578 0.799458 0.379141 0.823792 0.435031 0.818458 0.437875 0.823792 0.438453 0.839000 0.432172 0.857250 0.418484 0.857250 0.409359 0.872458 0.402516 0.872458 0.393969 0.866375 0.391109 0.866375 0.384266 0.870167 0.379141 0.871688 0.372859 0.864083 0.326656 0.861813 0.330078 0.849646 0.331219 0.833667 0.323813 0.820750 0.299859 0.816188
2 1 0 0.776188 0.820104 0.776188 0.820104 0.783203 0.813292 0.783203 0.813292 0.787031 0.806917 0.788000 0.806479 0.791516 0.858854 0.824406 0.856292 0.822797 0.799250 0.833016 0.799250 0.839094 0.801792 0.845797 0.814562 0.837484 0.815854 0.829188 0.818396 0.827594 0.823083 0.827594 0.831604 0.828547 0.852042 0.829188 0.858854 0.834937 0.864812 0.829188 0.863958 0.827594 0.861833 0.825359 0.856729 0.788641 0.857583 0.786078 0.863104 0.783531 0.866521 0.780656 0.866521 0.748719 0.862687 0.743297 0.834583 0.737859 0.843521 0.739141 0.854167 0.739453 0.858854 0.743609 0.860979
9 0 1 0.413359 0.515833 0.427906 0.517771 0.432766 0.557875 0.431313 0.583750 0.414813 0.581813 0.412391 0.549458 0.412875 0.515188
2 1 0 0.438891 0.820000 0.447875 0.820000 0.467187 0.831979 0.481500 0.832854 0.483156 0.845729 0.485828 0.851063 0.484156 0.855938 0.478828 0.859042 0.464516 0.863937 0.463859 0.867479 0.458859 0.870146 0.453531 0.871479 0.442875 0.862167 0.417578 0.863479 0.419906 0.857271 0.436219 0.856833 0.439891 0.855500
2 1 0 1.000000 0.808229 0.991172 0.810188 0.980875 0.821188 0.977922 0.824729 0.963203 0.828250 0.963781 0.831792 0.964078 0.847104 0.962609 0.858896 0.965266 0.861250 0.972328 0.861250 0.976750 0.856917 0.979391 0.856521 0.984406 0.856521 0.986766 0.860062 0.990875 0.861250 0.994422 0.862021 0.998828 0.860062 0.999719 0.857708
9 1 0 0.012297 0.606042 0.010688 0.664104 0.026156 0.664812 0.029391 0.608688 0.013016 0.605312
9 1 0 0.574125 0.574313 0.568344 0.595479 0.561141 0.614729 0.571234 0.616646 0.562578 0.620500 0.569797 0.630104 0.564016 0.637812 0.578453 0.647437 0.572672 0.587792
9 1 0 0.144438 0.592583 0.161109 0.592583 0.159266 0.612354 0.151859 0.661729 0.137031 0.644437 0.142594 0.602479 0.138891 0.595062
9 1 0 0.413156 0.638333 0.411187 0.645771 0.411187 0.647750 0.413000 0.651896 0.413000 0.655396 0.411031 0.660208 0.411359 0.663500 0.411844 0.665479 0.409875 0.668979 0.409719 0.672479 0.411844 0.680792 0.414313 0.677292 0.421031 0.676417 0.421688 0.667875 0.415953 0.667229 0.415453 0.663292 0.420703 0.664167 0.421531 0.660000 0.421531 0.656708 0.419063 0.655187 0.415953 0.653875 0.415781 0.651896 0.418734 0.650375 0.421359 0.650375 0.421688 0.646208 0.421359 0.641396 0.416938 0.640083 0.413156 0.638333
9 1 1 0.063141 0.703917 0.078047 0.703917 0.077703 0.726958 0.062469 0.727854
9 1 0 0.316094 0.662313 0.315609 0.696375 0.320422 0.697021 0.321063 0.694229 0.326047 0.694021 0.326203 0.687167 0.320109 0.687375 0.320422 0.682021 0.325891 0.682458 0.326047 0.674958 0.320266 0.675167 0.320422 0.671104 0.325734 0.671313 0.325563 0.661896 0.320109 0.662313 0.319937 0.660604 0.318172 0.660833
9 1 0 0.104953 0.723979 0.098234 0.723604 0.097250 0.694083 0.107203 0.694833 0.106641 0.723604
9 0 1 0.217422 0.683667 0.227594 0.683083 0.228031 0.710229 0.228031 0.717562 0.219125 0.719542
9 1 0 0.154859 0.691896 0.156750 0.691188 0.161984 0.691354 0.161984 0.720583 0.154734 0.720937
