0 1 0 0.215588 0.365801 0.236356 0.282680 0.270131 0.222941 0.327271 0.222941 0.410392 0.274886 0.433758 0.332042 0.420784 0.404755 0.392206 0.480082 0.438954 0.485278 0.459739 0.594379 0.470131 0.628137 0.472729 0.643725 0.511683 0.661912 0.522075 0.672288 0.527271 0.687876 0.524673 0.732042 0.516879 0.745016 0.477925 0.765801 0.464935 0.781389 0.462337 0.794379 0.459739 0.809951 0.433758 0.817745 0.412990 0.859314 0.158448 0.965801 0.135065 0.965801 0.036356 0.674886 0.028578 0.667092 0.033758 0.599575 0.049346 0.552810 0.148056 0.495670 0.228578 0.370997
40 1 1 0.935376 0.703088 0.900882 0.814673 0.951601 0.869461 0.951601 0.883676 0.951601 0.956716 0.925229 0.950621 0.906961 0.960768 0.896814 0.981062 0.898856 0.995261 0.947549 1.000000 0.996242 1.000000 1.000000 0.983088 0.975948 0.958742 0.971895 0.887729 0.996242 0.849183 0.998268 0.792369 1.000000 0.721340 0.969869 0.705114 0.937402 0.705114 0.935376 0.705114
40 1 1 0.797892 0.878497 0.816863 1.000000 0.623987 1.000000 0.633464 0.963873 0.650866 0.908546 0.661928 0.880082 0.668252 0.862696 0.677729 0.848464 0.698284 0.832647 0.733072 0.829493 0.783660 0.838971 0.808954 0.865850 0.807369 0.887990
26 1 1 0.771373 0.533873 0.755605 0.562925 0.739837 0.626013 0.740654 0.660866 0.763072 0.680801 0.795441 0.674150 0.875131 0.654232 0.928268 0.626013 0.929101 0.609412 0.919967 0.586160 0.919967 0.577859 0.940719 0.564575 0.940719 0.541340 0.938219 0.532206 0.924935 0.535523 0.911667 0.542990 0.910000 0.526389 0.881781 0.519755 0.870163 0.528889 0.825327 0.543824 0.790458 0.534690
40 1 1 0.461046 0.664706 0.459559 0.615784 0.486242 0.563889 0.518856 0.522369 0.554444 0.511993 0.579641 0.517925 0.601879 0.537206 0.601879 0.563889 0.570752 0.658775 0.532206 0.670637
40 1 1 0.903627 0.789657 0.911225 0.715294 0.928971 0.651912 0.954330 0.648529 0.977990 0.648529 1.000000 0.654444 1.000000 0.686569 0.977990 0.686569 0.945033 0.684869 0.934886 0.692484 0.914608 0.766846
56 1 0 0.984918 0.572206 0.984918 0.593758 0.984918 0.595899 0.982761 0.600212 0.978448 0.600212 0.976291 0.598056 0.969820 0.589444 0.959052 0.570049 0.954739 0.559265 0.952582 0.533399 0.952582 0.518317 0.956895 0.514003 0.980605 0.511846 0.991373 0.509706 0.993529 0.516160 1.000000 0.531258 1.000000 0.554951 1.000000 0.578660 1.000000 0.598056 1.000000 0.608840 0.997843 0.610997 0.989232 0.608840
42 1 2 0.412516 0.927124 0.443791 0.942124 0.464461 0.954526 0.487729 0.968219 0.518497 0.985278 0.553644 1.000000 0.508922 1.000000 0.467827 0.975719 0.440686 0.958660 0.387190 0.933072 0.368824 0.920408 0.372451 0.911095 0.389510 0.910327
42 1 0 0.718333 0.834346 0.709477 0.829428 0.697173 0.822042 0.685850 0.818105 0.676993 0.815147 0.671095 0.808758 0.672075 0.805801 0.685359 0.809248 0.705049 0.819085 0.711944 0.823023 0.719314 0.827451 0.727190 0.829918 0.732614 0.838284 0.774003 0.847958 0.794673 0.851405 0.813366 0.850425 0.827141 0.838121 0.813366 0.839592 0.794673 0.842549 0.781879 0.843039 0.777941 0.841569
56 1 0 0.478105 0.578971 0.460850 0.586356 0.450997 0.596601 0.455539 0.612141 0.462925 0.615931 0.469183 0.609673 0.477712 0.593562 0.478480 0.586748
8 1 0 0.204755 0.327745 0.191471 0.374984 0.184085 0.420735 0.169330 0.454690 0.132435 0.479771 0.088154 0.488627 0.042402 0.488627 0.015833 0.488627 0.000000 0.488627 0.001078 0.426634 0.004020 0.351373 0.004020 0.349886 0.026160 0.348415 0.033546 0.360229 0.091111 0.351373 0.130948 0.342516 0.154575 0.336601 0.172288 0.335131 0.190000 0.333660 0.190000 0.321846 0.170801 0.315948 0.169330 0.317418 0.170801 0.296765 0.176716 0.264281 0.185572 0.261340 0.192941 0.279052 0.191471 0.290850 0.207712 0.301193 0.213611 0.315948
40 1 1 0.445523 0.997190 0.466422 0.920359 0.494755 0.899477 0.545474 0.896487 0.579788 0.900212 0.600670 0.917369 0.623056 0.939003 0.626046 0.958399 0.626781 1.000000
0 1 0 0.543824 0.761797 0.523595 0.710114 0.530343 0.678644 0.516846 0.658431 0.487647 0.651683 0.480899 0.555049 0.474150 0.523595 0.480899 0.478644 0.485392 0.451683 0.566291 0.391013 0.591013 0.364052 0.577533 0.332582 0.588758 0.316846 0.573039 0.296634 0.591013 0.238203 0.633709 0.220229 0.674150 0.231454 0.701127 0.262925 0.728088 0.310114 0.710114 0.339330 0.707859 0.370784 0.725850 0.415735 0.728088 0.438203 0.741569 0.449444 0.757304 0.480899 0.764052 0.507859 0.764052 0.552810 0.728088 0.611242 0.707859 0.626961 0.752810 0.665163 0.766291 0.676405 0.766291 0.680899
40 1 1 0.740163 0.437859 0.715490 0.400131 0.699526 0.375474 0.673415 0.376912 0.657451 0.389984 0.654542 0.391422 0.661797 0.468333 0.698072 0.478497 0.705327 0.471242 0.725654 0.471242 0.741601 0.522026 0.724199 0.529281 0.700980 0.545245 0.711127 0.561193 0.751765 0.551046 0.764820 0.530719
56 1 0 0.043007 0.662369 0.005490 0.692859 0.004297 0.980637 0.113971 0.967745 0.066667 0.913971 0.062369 0.810752 0.047304 0.716127 0.042974 0.662941
