0 1 0 0.193794 0.251547 0.186417 0.248813 0.186417 0.242266 0.188056 0.236797 0.194941 0.231969 0.198150 0.230141 0.206393 0.235031 0.215527 0.239609 0.226066 0.242656 0.221030 0.239000 0.221030 0.235328 0.227892 0.234406 0.241616 0.239609 0.240234 0.243875 0.257166 0.240828 0.264497 0.244188 0.295597 0.242953 0.320773 0.246312 0.333115 0.250891 0.341358 0.255172 0.342272 0.258219 0.341827 0.262188 0.336792 0.268000 0.334028 0.272266 0.334496 0.280203 0.334965 0.282031 0.325808 0.287531 0.317119 0.290281 0.307963 0.291187 0.298806 0.289062 0.294684 0.284469 0.286909 0.281125 0.285995 0.276234 0.285550 0.273797 0.282787 0.269828 0.272740 0.264641 0.271358 0.263406 0.237963 0.260969 0.223770 0.257312 0.222857 0.254859 0.217377 0.249984 0.210047 0.248453 0.203185 0.244188 0.198150 0.244188 0.194496 0.249375
0 1 0 0.920492 0.230203 0.922108 0.233984 0.917260 0.236141 0.913607 0.240469 0.913607 0.246406 0.916440 0.248297 0.910773 0.254234 0.906745 0.265578 0.913607 0.272875 0.916440 0.269906 0.919274 0.269906 0.915644 0.273953 0.930211 0.296094 0.937494 0.287188 0.928197 0.274500 0.929813 0.274219 0.940328 0.275031 0.942365 0.269359 0.941546 0.266391 0.931030 0.266391 0.932248 0.262875 0.939110 0.262609 0.941148 0.258016 0.937916 0.253437 0.939930 0.247219 0.940328 0.236953 0.944379 0.236141 0.947611 0.233453 0.940726 0.232094 0.935878 0.226688 0.929415 0.220750 0.922108 0.221297 0.919274 0.225344
0 1 0 0.170679 0.137500 0.170679 0.131687 0.174333 0.123141 0.178899 0.123453 0.183021 0.122844 0.187611 0.124672 0.188525 0.125891 0.192623 0.128031 0.192623 0.132297 0.193091 0.136266 0.194918 0.142375 0.197658 0.147875 0.194473 0.153062 0.192178 0.157031 0.189883 0.164047 0.187611 0.170156 0.188056 0.177172 0.185761 0.182062 0.182108 0.183891 0.180749 0.183891 0.177073 0.186328 0.173419 0.205563 0.169297 0.215031 0.164731 0.222969 0.151452 0.222359 0.161054 0.215031 0.161522 0.206484 0.154660 0.210453 0.151452 0.214109 0.146885 0.212594 0.152365 0.206172 0.155574 0.201297 0.150539 0.194578 0.156487 0.176875 0.159696 0.167109 0.159696 0.160391 0.165644 0.154594 0.169766 0.142687 0.170679 0.134438
0 1 1 0.198548 0.204875 0.193419 0.182563 0.196511 0.171906 0.189813 0.188047 0.187752 0.175344 0.191358 0.159891 0.202155 0.153719 0.202155 0.146156 0.204215 0.142391 0.211944 0.139641 0.222740 0.144453 0.223255 0.150969 0.204731 0.168828 0.199578 0.188734 0.205761 0.199719 0.195995 0.221359
0 1 0 0.372834 0.167984 0.373607 0.167469 0.376159 0.167469 0.376721 0.168953 0.376276 0.170203 0.377377 0.170953 0.377728 0.172359 0.377049 0.174359 0.376487 0.174594 0.371148 0.174594 0.371499 0.173109 0.371499 0.171328 0.372155 0.169906 0.373279 0.169906 0.373044 0.168062
0 1 0 0.319274 0.169687 0.318899 0.164453 0.318712 0.160547 0.322365 0.161891 0.323653 0.165547 0.323653 0.168594 0.322365 0.170656 0.319274 0.170297
0 1 0 0.333443 0.186141 0.508595 0.145687 0.549016 0.138953 0.592787 0.145687 0.623115 0.150188 0.633208 0.150188 0.663536 0.156922 0.697213 0.170406 0.707307 0.172656 0.757845 0.163672 0.784778 0.174906 0.804988 0.188391 0.811733 0.210859 0.842037 0.213109 0.865621 0.222094 0.879087 0.242328 0.916136 0.291766 0.946440 0.325469 0.939719 0.356922 0.926253 0.379406 0.929602 0.406359 0.912763 0.442328 0.892553 0.471531 0.778033 0.572656 0.767939 0.752437 0.751101 0.788391 0.744356 0.842328 0.660164 0.804125 0.677002 0.738953 0.690468 0.552437 0.720796 0.458047 0.673630 0.424344 0.673630 0.424344 0.599532 0.442328 0.562482 0.442328 0.572576 0.485016 0.559110 0.509734 0.559110 0.538953 0.505222 0.538953 0.421030 0.538953 0.410913 0.505250 0.447963 0.491766 0.447963 0.417609 0.491756 0.264797 0.518688 0.249062 0.575948 0.246813 0.633208 0.264797 0.727518 0.316484 0.717424 0.285016 0.663536 0.278281 0.660164 0.224344 0.532178 0.181641 0.367119 0.208609 0.326721 0.231094 0.286300 0.244563 0.262717 0.244563 0.252623 0.231094 0.208829 0.231094 0.218923 0.206359 0.249251 0.183891
0 1 0 0.157916 0.153516 0.159251 0.162766 0.155222 0.179203 0.150304 0.189953 0.145831 0.191750 0.142693 0.195344 0.141358 0.198922 0.137330 0.205203 0.137330 0.211766 0.138220 0.218641 0.136862 0.221625 0.133279 0.221922 0.127916 0.220734 0.126581 0.212969 0.126136 0.207891 0.123443 0.204000 0.121639 0.198625 0.121639 0.192953 0.126136 0.178313 0.129696 0.165453 0.134637 0.153812 0.135527 0.152016 0.135527 0.141859 0.140913 0.137672 0.142693 0.136781 0.146721 0.135891 0.151639 0.136781 0.156581 0.140656 0.157916 0.145141 0.154333 0.148438 0.154333 0.149328 0.154333 0.150516 0.156136 0.151719 0.156136 0.151719
0 1 0 0.108665 0.207813 0.093255 0.187250 0.097541 0.179266 0.105246 0.170125 0.096698 0.163281 0.078712 0.166703 0.071007 0.175828 0.062459 0.191250 0.070164 0.202094 0.090703 0.202672
36 1 0 0.377237 0.500437 0.410913 0.507172 0.427752 0.549875 0.464801 0.597062 0.643326 0.774594 0.700585 0.835266 0.740984 0.855500 0.767939 0.873469 0.757845 0.880219 0.707307 0.864484 0.656792 0.833016 0.646675 0.844250 0.619742 0.846500 0.612998 0.837516 0.586066 0.844250 0.562482 0.817297 0.572576 0.812797 0.596159 0.801562 0.604309 0.791219 0.437588 0.622187 0.424403 0.628047 0.396534 0.624141 0.384824 0.629031 0.367213 0.624141 0.361358 0.616313 0.361358 0.607516 0.373091 0.600656 0.384824 0.599687 0.390679 0.599687 0.405340 0.593813 0.389204 0.580125 0.378946 0.559578 0.374543 0.533172 0.376019 0.511656
