0 1 0 0.192922 0.811021 0.151313 0.814333 0.129562 0.813500 0.130812 0.790313 0.134531 0.782042 0.140125 0.684292 0.103484 0.648687 0.073047 0.701688 0.027078 0.755521 0.000359 0.787833 0.000359 0.706667 0.041984 0.658625 0.063094 0.610583 0.058750 0.582417 0.062484 0.555917 0.074281 0.545979 0.068062 0.537708 0.078016 0.521146 0.099750 0.478896 0.146953 0.432521 0.150063 0.409333 0.156906 0.388625 0.168078 0.386125 0.193547 0.396062 0.211562 0.407667 0.214047 0.421750 0.207844 0.427542 0.206594 0.435833 0.209703 0.439146 0.199766 0.465646 0.199766 0.473938 0.187953 0.466479 0.179266 0.462333 0.179891 0.485521 0.174297 0.521958 0.157516 0.550958 0.141984 0.589875 0.160000 0.615562 0.168703 0.642896 0.186094 0.684292 0.185469 0.699208 0.183609 0.773750 0.175531 0.777896 0.183609 0.794458 0.195406 0.799417 0.196656 0.806042
0 1 0 0.368672 0.646500 0.372078 0.631604 0.368672 0.621917 0.361891 0.606396 0.343453 0.578583 0.341031 0.576000 0.340547 0.571458 0.345875 0.564354 0.347813 0.555292 0.351219 0.541062 0.341516 0.537188 0.341516 0.526188 0.351219 0.526188 0.351703 0.519729 0.348797 0.513250 0.341516 0.504187 0.337141 0.499667 0.333750 0.498375 0.328906 0.497729 0.321625 0.497729 0.313375 0.497729 0.305125 0.500313 0.293000 0.508083 0.288641 0.517771 0.287672 0.527479 0.290094 0.535250 0.292031 0.536542 0.284266 0.548187 0.285734 0.552708 0.290094 0.550125 0.290578 0.554000 0.283297 0.555292 0.275547 0.561104 0.233828 0.611562 0.215391 0.647146 0.213453 0.654896 0.213453 0.663958 0.205687 0.682063 0.206656 0.692417 0.218297 0.720229 0.217812 0.724750 0.218781 0.730583 0.225578 0.732521 0.233828 0.731875 0.239641 0.731875 0.247891 0.733167 0.250797 0.733813 0.252250 0.738979 0.245953 0.757083 0.242062 0.769375 0.245953 0.774563 0.241578 0.786854 0.240609 0.794604 0.240609 0.804313 0.241578 0.809479 0.241578 0.813354 0.246922 0.814000 0.254203 0.814000 0.259531 0.815313 0.271656 0.816604 0.280391 0.810771 0.281844 0.803021 0.284766 0.800417 0.293969 0.798479 0.306594 0.799771 0.334234 0.799125 0.341516 0.799125 0.342484 0.787500 0.341031 0.781667 0.334719 0.780375 0.319688 0.777792 0.318234 0.773271 0.320656 0.762271 0.325016 0.757729 0.325500 0.757729 0.343937 0.712458 0.350250 0.703417 0.353641 0.693063 0.357516 0.689187 0.360437 0.682063 0.360437 0.676250 0.360437 0.665896 0.358484 0.659417 0.329391 0.651667 0.306109 0.652958 0.316281 0.641312 0.323563 0.641312 0.328422 0.645833
0 1 0 0.480516 0.420521 0.479641 0.405500 0.480516 0.385875 0.493500 0.373167 0.506500 0.367375 0.518625 0.369687 0.529031 0.381250 0.536828 0.383563 0.537687 0.393958 0.535953 0.404354 0.534234 0.428604 0.543750 0.436687 0.555016 0.466729 0.555016 0.481750 0.544625 0.499083 0.541156 0.521021 0.541156 0.596104 0.542891 0.630771 0.579281 0.690833 0.594000 0.735896 0.609609 0.759000 0.629531 0.764771 0.645125 0.767083 0.657250 0.776313 0.652922 0.794792 0.624328 0.830604 0.604406 0.810979 0.576687 0.769396 0.555016 0.728958 0.534234 0.701229 0.525562 0.731271 0.456250 0.799417 0.470984 0.813292 0.463188 0.823687 0.445859 0.819062 0.424203 0.800583 0.416391 0.783250 0.435453 0.754375 0.493500 0.707000 0.496969 0.682750 0.496969 0.678125 0.483969 0.660792 0.478781 0.623833 0.458844 0.511771 0.456250 0.500229 0.456250 0.482896 0.457125 0.462104 0.463188 0.454021
0 1 0 0.449937 0.383000 0.448562 0.324271 0.424313 0.322437 0.430469 0.303312 0.409969 0.304229 0.418172 0.280542 0.419187 0.271437 0.425000 0.254583 0.439000 0.246854 0.433875 0.244125 0.431141 0.237750 0.430125 0.229083 0.427047 0.228625 0.429781 0.224083 0.431828 0.216792 0.433531 0.206771 0.434563 0.200396 0.437297 0.195854 0.448562 0.193125 0.457438 0.198583 0.463938 0.210875 0.465297 0.229542 0.466672 0.238646 0.484078 0.251854 0.493297 0.253229 0.493641 0.268250 0.499109 0.283271 0.496719 0.301042 0.498422 0.317437 0.494672 0.351583 0.473844 0.341562 0.461547 0.337917 0.456766 0.345667 0.457438 0.365250 0.458125 0.383000 0.463938 0.381187 0.464953 0.348854 0.465984 0.348396 0.490906 0.359771 0.486469 0.381646 0.478953 0.392562 0.476906 0.398479 0.464609 0.394396 0.466328 0.388458 0.469063 0.383000
0 1 1 0.256031 0.134604 0.237406 0.139563 0.203859 0.136250 0.177141 0.131292 0.170938 0.110583 0.162859 0.101458 0.166578 0.077437 0.192047 0.047625 0.190812 0.012833 0.206344 0.005396 0.213797 0.010354 0.220000 0.042667 0.227453 0.056750 0.247953 0.070000 0.259141 0.108083
0 1 1 0.655578 0.117833 0.695922 0.112937 0.689313 0.065000 0.679047 0.044458 0.662172 0.041542 0.661438 0.011208 0.643828 0.004354 0.632828 0.011208 0.632828 0.028812 0.635031 0.049354 0.628422 0.061104 0.617422 0.076750
56 1 1 0.282516 0.390625 0.278234 0.360188 0.339594 0.350667 0.363859 0.354479 0.363859 0.367792 0.352437 0.381125 0.355297 0.405854 0.358156 0.417271 0.331031 0.421083 0.318188 0.417271 0.313906 0.400146 0.309625 0.396333 0.301062 0.384917
0 1 1 0.103703 0.170396 0.108781 0.135167 0.112172 0.117083 0.116906 0.109417 0.123688 0.104000 0.127078 0.089083 0.135547 0.075542 0.144344 0.070562 0.152141 0.076896 0.156875 0.087729 0.160609 0.094500 0.161281 0.097667 0.161625 0.101292 0.170094 0.108500 0.174156 0.112583 0.174500 0.123417 0.177547 0.129292 0.178906 0.138771 0.181266 0.145104 0.182969 0.157750 0.180250 0.166771 0.161625 0.166313 0.154516 0.169938 0.148750 0.167229
56 1 1 0.150812 0.342479 0.152750 0.336667 0.224859 0.332792 0.227281 0.356021 0.226797 0.359896 0.197281 0.361833 0.193891 0.392167 0.192437 0.388292 0.189047 0.361187 0.161938 0.361833 0.158078 0.361833 0.160500 0.349562 0.154203 0.345042
0 1 0 0.482078 0.077042 0.485547 0.062229 0.491797 0.055292 0.495266 0.053437 0.500812 0.052521 0.506375 0.052979 0.511234 0.056208 0.515047 0.059917 0.517125 0.063625 0.518516 0.067792 0.520250 0.074729 0.522328 0.078896 0.525109 0.082125 0.527187 0.086750 0.529969 0.090458 0.526844 0.093688 0.521984 0.096937 0.515734 0.093688 0.514000 0.096937 0.514359 0.102479 0.515391 0.109417 0.518516 0.113583 0.520953 0.116833 0.526156 0.123312 0.527891 0.127000 0.532047 0.130708 0.536906 0.134875 0.539688 0.141354 0.542812 0.147375 0.543844 0.150604 0.536906 0.152458 0.532047 0.152917 0.518516 0.154771 0.510188 0.153833 0.501172 0.153833 0.492844 0.153833 0.484859 0.153833 0.480688 0.152917 0.478609 0.150604 0.477219 0.145979 0.476875 0.139500 0.475484 0.133021 0.474094 0.124229 0.473406 0.118208 0.473406 0.110813 0.473406 0.105729 0.475141 0.098312 0.477922 0.089521 0.479313 0.083042 0.481734 0.079813
56 1 1 0.113766 0.394833 0.112781 0.363146 0.193969 0.361813 0.193469 0.392188 0.175656 0.384917 0.157328 0.394833
0 1 0 0.617813 0.344625 0.619281 0.330917 0.621484 0.317229 0.617813 0.305500 0.608281 0.293750 0.599469 0.315271 0.594344 0.332875 0.592875 0.343646 0.586266 0.361250 0.581859 0.353417 0.582594 0.353417 0.581125 0.339729 0.581125 0.320167 0.580406 0.313313 0.579672 0.295708 0.581125 0.285937 0.585531 0.276146 0.590672 0.271250 0.598000 0.266375 0.601672 0.251687 0.601672 0.251687 0.600203 0.235063 0.604609 0.226271 0.608281 0.221375 0.614875 0.219417 0.621484 0.219417 0.628812 0.219417 0.631750 0.222354 0.632484 0.230167 0.632484 0.233104 0.632484 0.246813 0.630281 0.256583 0.630281 0.261479 0.629547 0.271250 0.631750 0.281042 0.634688 0.302563 0.636891 0.308437 0.639828 0.316250 0.645687 0.320167 0.648625 0.322125 0.650094 0.325062 0.648625 0.334833 0.643484 0.334833 0.640562 0.336792 0.642750 0.343646 0.650094 0.352437 0.653766 0.358313 0.656687 0.368104 0.647156 0.371021 0.631016 0.372000 0.619281 0.372000 0.613406 0.372000 0.595078 0.373958 0.592141 0.375917 0.598734 0.350479 0.600203 0.341688 0.609016 0.309417
0 1 1 0.373141 0.078375 0.371688 0.069333 0.367812 0.058375 0.362016 0.052562 0.351359 0.050625 0.344094 0.060938 0.345062 0.071271 0.346516 0.082250 0.347000 0.089333 0.328609 0.106125 0.323281 0.117729 0.317969 0.130000 0.316516 0.140333 0.319906 0.157104 0.343141 0.159688 0.404594 0.157104 0.403641 0.148708 0.405562 0.147417 0.408953 0.148708 0.416703 0.132583 0.416703 0.129354 0.417188 0.108062 0.413797 0.103542 0.412828 0.096437 0.398313 0.085479 0.390563 0.082250 0.381859 0.080312
56 1 1 0.237250 0.456958 0.232859 0.396292 0.252047 0.388979 0.304141 0.391167 0.311812 0.400667 0.317297 0.452583 0.304141 0.448917 0.275078 0.446729 0.248766 0.452583
0 1 1 0.716047 0.367917 0.706047 0.353083 0.703828 0.339750 0.707156 0.289333 0.717172 0.270063 0.724953 0.262646 0.723844 0.252271 0.719391 0.230021 0.721609 0.218167 0.731625 0.215208 0.742734 0.215208 0.753859 0.213729 0.761641 0.235958 0.764984 0.255229 0.778328 0.270063 0.783875 0.286375 0.743859 0.289333 0.747187 0.366417
0 1 1 0.938641 0.234250 0.932438 0.206917 0.922500 0.195333 0.916281 0.178771 0.911312 0.157229 0.898891 0.148958 0.890813 0.156396 0.886469 0.159708 0.882125 0.186229 0.880250 0.204437 0.875281 0.205271 0.868453 0.226813 0.867828 0.236750
56 1 1 0.357359 0.378667 0.364188 0.368729 0.365422 0.358792 0.443078 0.353813 0.443078 0.409313 0.435625 0.422563 0.413875 0.415104 0.385922 0.410146 0.358594 0.402687 0.360453 0.415937 0.371641 0.416771 0.376609 0.422563 0.379094 0.430021 0.382203 0.424208 0.430656 0.423396
56 1 1 0.178672 0.468438 0.189297 0.467167 0.197516 0.480042 0.204750 0.479396 0.199922 0.462000 0.202344 0.459437 0.234219 0.459437 0.244844 0.526396 0.248219 0.570833 0.193656 0.573396 0.196063 0.548292 0.175781 0.548292 0.174328 0.536708 0.174812 0.533479 0.167578 0.534125 0.174812 0.511583 0.177719 0.490333 0.179641 0.475521
56 1 1 0.030875 0.398063 0.030344 0.367208 0.085047 0.362292 0.109766 0.363000 0.110813 0.394563 0.076625 0.395958 0.076109 0.385437 0.064000 0.381938 0.058750 0.391750 0.057172 0.398771
56 1 1 0.241000 0.461750 0.265891 0.462750 0.289641 0.458729 0.314156 0.456208 0.319063 0.498458 0.304359 0.497958 0.295312 0.506000 0.288516 0.514042 0.280594 0.513542 0.261734 0.514542 0.256078 0.522083 0.256844 0.525104 0.253063 0.526604 0.248547 0.526604 0.243266 0.521083 0.237234 0.464771 0.237984 0.460229 0.239484 0.460229
0 1 0 0.308313 0.137146 0.306375 0.117729 0.301516 0.107396 0.300547 0.103500 0.300547 0.098333 0.305406 0.087333 0.305406 0.075042 0.304922 0.068583 0.311219 0.064708 0.311219 0.060167 0.310250 0.060167 0.306375 0.056292 0.300062 0.054354 0.296672 0.051771 0.287453 0.045292 0.280172 0.050479 0.273391 0.066000 0.273391 0.081521 0.265625 0.098979 0.261250 0.111917 0.256891 0.136500 0.253984 0.156542 0.253984 0.161062 0.283578 0.161708 0.284063 0.153312 0.289391 0.152667 0.291812 0.147479 0.289875 0.130021 0.304922 0.126146 0.305891 0.126146 0.303953 0.141021 0.303953 0.141021
56 1 1 0.321328 0.493417 0.319219 0.454854 0.329219 0.450646 0.389703 0.442917 0.399172 0.443625 0.401812 0.470271 0.401812 0.509542 0.369188 0.504646 0.348687 0.510250 0.341312 0.503937 0.332375 0.496229
34 1 1 0.354953 0.400167 0.442938 0.427458 0.477734 0.435646 0.467500 0.420646 0.423500 0.404271 0.357000 0.381083 0.352906 0.383812 0.351875 0.392000 0.354953 0.396083 0.357000 0.396083 0.358016 0.396083
56 1 1 0.229391 0.361417 0.228938 0.335875 0.232063 0.332896 0.308656 0.330521 0.310891 0.338833 0.311781 0.355479 0.238297 0.359042
41 1 1 0.513875 0.093792 0.525000 0.096521 0.528797 0.092229 0.528797 0.087542 0.513297 0.072729 0.513875 0.094563
41 1 1 0.303297 0.129396 0.301828 0.162250 0.292125 0.162542 0.289187 0.126854 0.303719 0.127417
56 1 1 0.639813 0.144083 0.637422 0.125979 0.665375 0.112125 0.703734 0.113188 0.710125 0.131313 0.710125 0.148354 0.642203 0.152604 0.642203 0.152604
35 1 1 0.337953 0.615500 0.326344 0.630375 0.322328 0.642875 0.327234 0.648833 0.331703 0.648833 0.345094 0.660125 0.354453 0.660125 0.358031 0.657146 0.366516 0.653583 0.371422 0.644667 0.372312 0.629792 0.369188 0.620271 0.360703 0.616688 0.353125 0.616688 0.344641 0.616688 0.339281 0.615500
41 1 1 0.853359 0.120917 0.853359 0.110937 0.850516 0.110208 0.850688 0.107604 0.856219 0.106167 0.863172 0.106896 0.863359 0.109979 0.864250 0.140417 0.859078 0.141375 0.857641 0.129479 0.854438 0.124729 0.853359 0.122104
56 1 1 0.033031 0.397729 0.000219 0.400312 0.000000 0.367500 0.019047 0.367500 0.032063 0.368792
56 1 1 0.312641 0.355583 0.311828 0.330500 0.387062 0.326687 0.387469 0.352854 0.363344 0.353396 0.313875 0.354479
27 1 0 0.443016 0.256208 0.442703 0.266854 0.434391 0.289854 0.434719 0.295813 0.434719 0.302625 0.433125 0.306458 0.436000 0.310292 0.441734 0.307729 0.443656 0.300063 0.444297 0.290708 0.445891 0.277938 0.447484 0.270271 0.447484 0.264729 0.448766 0.256646
27 1 0 0.618203 0.280146 0.624625 0.314333 0.631266 0.314646 0.621875 0.285646
41 1 1 0.023812 0.559687 0.037797 0.558417 0.035578 0.583854 0.027312 0.585958 0.024125 0.585542
