19 1 1 0.319203 0.448408 0.326484 0.472974 0.318281 0.512529 0.335578 0.554824 0.349234 0.598478 0.354688 0.678970 0.356516 0.714450 0.368344 0.714450 0.365625 0.767658 0.356516 0.804473 0.353781 0.823583 0.354688 0.834496 0.378953 0.840000 0.378953 0.819063 0.387562 0.778782 0.387562 0.741710 0.387562 0.714333 0.381109 0.683724 0.381109 0.641827 0.382188 0.603162 0.390781 0.627330 0.391859 0.643443 0.398313 0.648267 0.405828 0.651499 0.402609 0.682108 0.409062 0.711101 0.406906 0.748150 0.399375 0.762670 0.403687 0.785223 0.411203 0.796487 0.426250 0.793279 0.433781 0.785223 0.424109 0.748150 0.423031 0.691780 0.426250 0.656323 0.441297 0.627330 0.439156 0.607986 0.437000 0.577377 0.431625 0.569321 0.447750 0.540328 0.458500 0.501639 0.487531 0.512927 0.474625 0.466206 0.482156 0.437190 0.510094 0.401756 0.512250 0.377588 0.487531 0.400141 0.464953 0.390468 0.439156 0.388876 0.419797 0.388876 0.417656 0.382412 0.416578 0.379204 0.406906 0.363091 0.398313 0.361475 0.394000 0.361475 0.386484 0.361475 0.374656 0.353419 0.364984 0.353419 0.362828 0.351803 0.354234 0.351803 0.345625 0.350187 0.332734 0.367916 0.329500 0.372763 0.343484 0.374356 0.356375 0.398525 0.363906 0.403372 0.364984 0.413044 0.364984 0.424309 0.354234 0.424309 0.340250 0.433981 0.329500 0.440422 0.316609 0.442037 0.324141 0.459766
19 1 1 0.268828 0.431077 0.246187 0.419321 0.226156 0.414098 0.206984 0.411475 0.186953 0.407564 0.170406 0.420632 0.173016 0.420632 0.160812 0.432365 0.170406 0.459789 0.165172 0.483302 0.164297 0.512014 0.174750 0.545948 0.174750 0.592951 0.179109 0.592951 0.186078 0.626909 0.187828 0.659555 0.187828 0.690890 0.183469 0.726136 0.168656 0.784871 0.170406 0.807073 0.196531 0.797939 0.205250 0.782272 0.206984 0.744403 0.206984 0.698712 0.214828 0.666066 0.212219 0.632131 0.206984 0.606019 0.218313 0.632131 0.240094 0.637354 0.244438 0.672600 0.237469 0.696112 0.241828 0.722225 0.243578 0.775738 0.251406 0.804473 0.270578 0.804473 0.274062 0.790094 0.266219 0.761382 0.261859 0.723513 0.266219 0.672600 0.275797 0.625597 0.288859 0.572061 0.291484 0.606019 0.285375 0.638665 0.283641 0.659555 0.283641 0.679133 0.304547 0.680445 0.299313 0.638665 0.299313 0.595574 0.298453 0.543349 0.314125 0.514637 0.316734 0.502881 0.321094 0.488525 0.328063 0.479368 0.325453 0.468923 0.318484 0.451967 0.310641 0.442810 0.294094 0.436300 0.302797 0.364473 0.282766 0.360562 0.262734 0.348806 0.240953 0.340984 0.220047 0.334450 0.201766 0.335761 0.227891 0.322693 0.252281 0.317471 0.266219 0.316183 0.262734 0.317471 0.277547 0.326628 0.296703 0.339672 0.301062 0.355340
0 1 0 0.504531 0.487799 0.497656 0.480703 0.502391 0.468454 0.502391 0.436183 0.498938 0.415527 0.507984 0.400679 0.513156 0.383911 0.514437 0.380023 0.506266 0.376159 0.493781 0.391007 0.490328 0.387775 0.495063 0.367119 0.499375 0.355504 0.504531 0.342600 0.511859 0.341311 0.516594 0.352927 0.517031 0.370351 0.517891 0.390351 0.519172 0.412295 0.514875 0.442623 0.511859 0.469742
0 1 0 0.765203 0.349461 0.766062 0.357892 0.766500 0.362412 0.766062 0.371499 0.766062 0.377330 0.766062 0.384450 0.766922 0.393536 0.764766 0.396136 0.764328 0.406511 0.765203 0.411030 0.763031 0.427237 0.763031 0.428548 0.768219 0.435667 0.768656 0.444754 0.764328 0.443443 0.760875 0.441499 0.760437 0.440211 0.759578 0.430492 0.758281 0.420773 0.757844 0.419461 0.757406 0.416862 0.754391 0.422061 0.750922 0.426604 0.749188 0.429180 0.747469 0.435012 0.747891 0.438267 0.746594 0.440211 0.742703 0.438923 0.740969 0.435667 0.740109 0.429836 0.743578 0.420117 0.745297 0.415574 0.751781 0.403255 0.751781 0.393536 0.751781 0.380562 0.751781 0.370843 0.751781 0.360468 0.751781 0.353981 0.753516 0.346206 0.757406 0.341030 0.759578 0.331944 0.760875 0.329368 0.765203 0.331944 0.766062 0.341686
13 1 0 0.740406 0.398033 0.739531 0.419555 0.724516 0.422857 0.719656 0.422201 0.718984 0.417892 0.718328 0.401358 0.710156 0.400351 0.712359 0.420539 0.697563 0.420539 0.696250 0.400679 0.692703 0.398384 0.693156 0.393419 0.734672 0.394731 0.739078 0.396393
0 1 0 0.106094 0.395199 0.105422 0.390703 0.104969 0.386206 0.106641 0.383864 0.106312 0.380187 0.106203 0.374684 0.107422 0.372834 0.109438 0.372506 0.111437 0.372834 0.112656 0.374684 0.113109 0.378173 0.113000 0.382014 0.115109 0.383864 0.115781 0.384684 0.116219 0.388361 0.117344 0.389696 0.119781 0.390703 0.121234 0.394543 0.123125 0.396721 0.125016 0.397541 0.125016 0.400047 0.122563 0.400726 0.120906 0.400726 0.120016 0.399719 0.119234 0.404215 0.118000 0.406885 0.113219 0.407400 0.113328 0.401218 0.111328 0.398876 0.110203 0.397541
13 1 0 0.796406 0.415363 0.795547 0.399227 0.804156 0.396651 0.815344 0.402459 0.815344 0.416019
0 1 0 0.671844 0.400773 0.672625 0.374520 0.670531 0.368244 0.673141 0.363934 0.674188 0.362763 0.673406 0.359625 0.673406 0.355316 0.673672 0.353747 0.677063 0.352178 0.680719 0.353349 0.678891 0.361991 0.683609 0.370984 0.683859 0.373349 0.681766 0.388618 0.680203 0.410960 0.676281 0.409391 0.676813 0.404684 0.674453 0.406253 0.673937 0.405457
13 1 0 0.831062 0.408970 0.832516 0.403349 0.832859 0.399625 0.832266 0.396557 0.832094 0.391827 0.831672 0.389391 0.819453 0.388618 0.814844 0.390023 0.812875 0.391944 0.813219 0.396815 0.814062 0.397447 0.814844 0.397330 0.814844 0.399110 0.816719 0.406534 0.816719 0.412951 0.816719 0.413841 0.818000 0.410000 0.818172 0.406932 0.817656 0.400656 0.817406 0.397447 0.820734 0.396674 0.823641 0.397447 0.824313 0.400773 0.825094 0.409625 0.825094 0.412436 0.828422 0.410515
13 1 0 0.825969 0.384052 0.822906 0.387002 0.834047 0.388126 0.832406 0.393208 0.832953 0.397471 0.835578 0.396323 0.835469 0.407447 0.837094 0.407283 0.836656 0.396487 0.838953 0.394684 0.838516 0.405480 0.840156 0.404333 0.840156 0.389274 0.838406 0.388454 0.838953 0.384543
0 1 0 0.650250 0.378665 0.641281 0.389649 0.636797 0.388735 0.640266 0.378970 0.639656 0.353630 0.636391 0.348454 0.636797 0.344169 0.637828 0.342951 0.640875 0.342646 0.642297 0.345995 0.643109 0.349063 0.646984 0.352412
0 1 0 0.628594 0.371265 0.636922 0.365785 0.636781 0.362061 0.633703 0.358126 0.633859 0.352646 0.628594 0.349813 0.626844 0.353981 0.628453 0.362951 0.627281 0.368642 0.628016 0.369953
0 1 0 0.548969 0.387073 0.545547 0.383911 0.544219 0.380749 0.545016 0.375199 0.545016 0.371241 0.545281 0.368056 0.547656 0.371639 0.550563 0.369649 0.551359 0.364098 0.552672 0.362131 0.554266 0.363302 0.555313 0.366487 0.555578 0.373607 0.555047 0.379555 0.549500 0.383513
0 1 0 0.658344 0.378080 0.650719 0.378267 0.649797 0.370234 0.651734 0.365644 0.653672 0.365457
