54 1 2 0.881460 0.622480 0.901780 0.621253 0.920840 0.614400 0.931860 0.610480 0.956060 0.606560 0.970000 0.608533 0.983940 0.618320 0.998600 0.629067 1.000000 0.938160 0.997880 0.955760 0.901040 0.959680 0.827680 0.881440 0.830620 0.850133 0.829880 0.792427 0.826220 0.736667 0.826940 0.719067 0.819600 0.694613 0.829140 0.671120 0.839420 0.656453 0.851880 0.640800 0.865100 0.630053
54 1 2 0.483900 0.332560 0.467900 0.320907 0.446060 0.308640 0.423260 0.300213 0.399500 0.295707 0.387360 0.297627 0.370380 0.302160 0.354380 0.313147 0.338380 0.318987 0.329160 0.327387 0.321880 0.320907 0.308300 0.293760 0.300040 0.271120 0.305380 0.238773 0.307820 0.211600 0.317020 0.180560 0.328180 0.157920 0.344200 0.138533 0.364080 0.120427 0.394640 0.103600 0.420840 0.096480 0.453820 0.096480 0.482920 0.106187 0.501360 0.115893 0.519800 0.133360 0.532900 0.160507 0.536280 0.179920 0.541140 0.188987 0.538220 0.198027 0.537260 0.213547 0.535800 0.223893 0.536780 0.234907 0.537740 0.253013 0.532400 0.267227 0.526580 0.285333 0.517860 0.299573 0.509120 0.311227
54 1 2 0.778840 0.169867 0.805600 0.136640 0.833620 0.115067 0.861640 0.107600 0.882800 0.107600 0.914560 0.120053 0.940700 0.157413 0.951920 0.178160 0.961880 0.202240 0.968720 0.228800 0.974320 0.260347 0.974320 0.285227 0.969340 0.311813 0.956900 0.330053 0.924520 0.310133 0.885920 0.306000 0.856660 0.308480 0.829880 0.321760 0.809960 0.336693 0.806860 0.339200 0.790660 0.314293 0.778840 0.296027 0.773240 0.269467 0.774780 0.259973 0.780500 0.247493 0.784920 0.223227 0.786220 0.203120 0.784140 0.188213 0.778680 0.177120
54 1 2 0.326900 0.588027 0.303480 0.554853 0.282980 0.517760 0.283720 0.490453 0.278600 0.469947 0.280060 0.453360 0.288840 0.431893 0.291040 0.413333 0.299820 0.382107 0.308600 0.352827 0.324700 0.328427 0.348860 0.311840 0.376680 0.302080 0.405960 0.296213 0.430120 0.299147 0.464520 0.317707 0.490860 0.336240 0.515020 0.374293 0.530400 0.406507 0.539180 0.443600 0.538440 0.473840 0.538440 0.492400 0.535520 0.515813 0.516480 0.553867 0.485000 0.590000 0.454260 0.608533 0.449140 0.612427 0.442560 0.597787 0.430120 0.594880 0.417660 0.608533 0.392060 0.598773 0.361300 0.593893 0.346660 0.605600 0.330560 0.592907
54 1 2 0.304140 0.285307 0.295420 0.295013 0.268740 0.307947 0.266800 0.318933 0.262920 0.338347 0.244480 0.336400 0.223620 0.331893 0.209060 0.328000 0.205180 0.337067 0.197420 0.329307 0.188700 0.331893 0.179960 0.344160 0.179000 0.348053 0.168320 0.349333 0.165400 0.340293 0.155700 0.330587 0.142120 0.328000 0.130480 0.328000 0.126600 0.328000 0.114960 0.322187 0.106220 0.309253 0.098460 0.297600 0.094580 0.283360 0.087800 0.258160 0.087800 0.238107 0.090700 0.223227 0.094580 0.205120 0.110100 0.182480 0.121260 0.175360 0.125140 0.161787 0.137280 0.146240 0.157640 0.138480 0.172680 0.141067 0.179480 0.137840 0.174620 0.122960 0.175120 0.117787 0.184820 0.110667 0.202760 0.110027 0.214880 0.116507 0.227500 0.106160 0.237200 0.100987 0.256600 0.102907 0.270680 0.108747 0.280860 0.104213 0.288620 0.102907 0.299780 0.118453 0.302700 0.132027 0.293480 0.148187 0.302700 0.153360 0.313360 0.161120 0.314820 0.172773 0.315300 0.181813 0.311420 0.194773 0.305120 0.201867 0.304140 0.207707 0.307060 0.216107 0.308520 0.229040 0.304140 0.243280 0.301720 0.249733 0.293960 0.250373 0.292500 0.262667 0.299300 0.274960
54 1 2 0.517640 0.850187 0.516480 0.834693 0.513000 0.771173 0.515320 0.709227 0.540880 0.647253 0.554820 0.627120 0.571080 0.613173 0.607100 0.600773 0.633820 0.593040 0.671000 0.588400 0.712820 0.591493 0.768580 0.622480 0.796480 0.658107 0.815060 0.685973 0.825520 0.718507 0.825520 0.783573 0.829000 0.825387 0.829000 0.856373 0.827840 0.887360 0.820860 0.901307 0.782520 0.944667 0.736060 0.975653 0.687260 0.969440 0.640800 0.967893 0.634980 0.967893 0.598960 0.964800 0.572240 0.949307 0.552500 0.926080 0.528100 0.888907 0.510680 0.839333
54 1 2 0.282240 0.956640 0.464900 0.949040 0.507720 0.880533 0.523420 0.827253 0.520560 0.756853 0.517700 0.722613 0.521980 0.690267 0.483460 0.638880 0.462060 0.614133 0.452060 0.600827 0.426380 0.589413 0.410680 0.597013 0.376420 0.595120 0.353600 0.598933 0.322200 0.621760 0.312200 0.646480 0.297940 0.663627 0.290800 0.684560 0.285080 0.701680 0.267960 0.718800 0.259400 0.739733 0.256540 0.781600 0.257980 0.808240 0.252260 0.850080 0.249420 0.880533 0.250840 0.897653 0.260820 0.914800 0.277960 0.945227
54 1 2 0.210420 0.932373 0.256260 0.832373 0.258340 0.743467 0.241660 0.676800 0.216660 0.654587 0.150000 0.626800 0.068760 0.629573 0.006260 0.715707 0.002080 0.732373 0.002080 0.876800 0.014580 0.901813 0.031260 0.915707 0.120840 0.935147 0.172920 0.940693
54 1 2 0.807620 0.536587 0.797180 0.471520 0.782060 0.411120 0.786720 0.369280 0.814600 0.338320 0.850620 0.316613 0.878500 0.307333 0.895920 0.307333 0.938900 0.318160 0.951680 0.322827 1.000000 0.363093 1.000000 0.485467 0.995840 0.579947 0.995840 0.581520 0.991180 0.600107 0.988860 0.603200 0.966780 0.604747 0.930780 0.609387 0.902900 0.618693 0.898240 0.618693 0.876180 0.618693 0.862220 0.612480 0.859900 0.610933 0.818080 0.575307
54 1 2 0.065860 0.623120 0.052180 0.614000 0.039860 0.601200 0.033000 0.575653 0.020680 0.555573 0.017940 0.546453 0.016580 0.526373 0.011100 0.491707 0.015200 0.469787 0.022060 0.447893 0.028900 0.431467 0.043960 0.394960 0.080920 0.351147 0.097340 0.338373 0.119260 0.332907 0.149360 0.329253 0.187700 0.329253 0.216440 0.336533 0.238340 0.360267 0.268460 0.387653 0.276680 0.404080 0.280780 0.431467 0.280780 0.460667 0.280780 0.495333 0.280780 0.540987 0.263000 0.572000 0.245200 0.593920 0.228760 0.610347 0.208240 0.623120 0.178120 0.626773 0.143900 0.615813 0.124720 0.608507 0.100080 0.608507 0.075440 0.612160 0.060380 0.615813
54 1 2 0.557860 0.546080 0.539320 0.530347 0.527520 0.465173 0.534260 0.426960 0.542700 0.386507 0.539320 0.368533 0.576400 0.339333 0.611800 0.319093 0.664040 0.316853 0.696060 0.316853 0.728080 0.323600 0.756740 0.346080 0.783700 0.402240 0.792140 0.440453 0.792140 0.489893 0.800560 0.546080 0.790440 0.573040 0.753380 0.588773 0.706180 0.600000 0.650560 0.600000 0.606740 0.602240 0.569660 0.579787 0.552800 0.546080
54 1 2 0.535360 0.240960 0.539600 0.190187 0.550880 0.150667 0.566400 0.125280 0.616480 0.089547 0.652440 0.078267 0.653860 0.078267 0.684900 0.084853 0.706060 0.087680 0.725100 0.096133 0.740620 0.105547 0.753300 0.116827 0.767420 0.142213 0.778000 0.163840 0.781520 0.182640 0.782220 0.184533 0.783640 0.196747 0.784340 0.198640 0.773060 0.263520 0.766000 0.273867 0.736380 0.326240 0.710980 0.312133 0.694760 0.304613 0.656680 0.312133 0.627760 0.314960 0.602380 0.321547 0.583320 0.331893 0.571340 0.333760 0.544540 0.304613 0.534660 0.258533
