73 1 0 0.134625 0.260681 0.152562 0.244953 0.125641 0.017981 0.116672 0.008991 0.109187 0.024718
73 1 0 0.132094 0.048638 0.158922 0.247864 0.186266 0.235704 0.158422 0.041033 0.128562 0.027347
62 1 1 0.297656 0.617981 0.284203 0.366291 0.487625 0.269671 0.493422 0.498873 0.302156 0.620235
66 1 2 0.409750 0.687207 0.455125 0.738521 0.559922 0.647418 0.559766 0.642535 0.516406 0.601784 0.515172 0.601948 0.411219 0.685493
73 1 0 0.123125 0.515164 0.093344 0.312746 0.106812 0.304225 0.137313 0.511972
63 1 2 0.492953 0.447418 0.540109 0.546620 0.639906 0.475751 0.639422 0.463075 0.578844 0.370587 0.494438 0.413099
73 1 0 0.318141 0.193662 0.298969 0.004648 0.323531 0.006432 0.339109 0.184648
73 1 0 0.201453 0.012136 0.212172 0.020188 0.236984 0.215399 0.236500 0.220516 0.223844 0.225634 0.202922 0.032629 0.199031 0.011408
73 1 0 0.130938 0.256127 0.103594 0.009648 0.067781 0.013568 0.104906 0.272770
73 1 0 0.218688 0.230094 0.197766 0.239084 0.182828 0.232793 0.158922 0.045986 0.138594 0.037019 0.132016 0.010070 0.178047 0.005587 0.180438 0.005587 0.218688 0.228286
73 1 0 0.341328 0.001596 0.350391 0.001596 0.355469 0.092653 0.360922 0.183709 0.353297 0.184789 0.342406 0.050117 0.341328 0.002160
73 1 0 0.138781 0.514554 0.107578 0.304671 0.126734 0.299343 0.154391 0.497488
73 1 0 0.221922 0.092019 0.230781 0.159014 0.238766 0.223357 0.243188 0.222465 0.258844 0.219366 0.259438 0.216714 0.260031 0.210047 0.244078 0.058310 0.240828 0.000000 0.209219 0.000610 0.200656 0.001056 0.198594 0.009038 0.211000 0.017042
73 1 0 0.245406 0.000000 0.266453 0.207981 0.268609 0.214437 0.281484 0.210563 0.268609 0.060188 0.263016 0.000000
64 1 0 0.594203 0.582066 0.616313 0.591432 0.626219 0.588005 0.634734 0.585892 0.638687 0.579930 0.640109 0.575235 0.638687 0.562465 0.635016 0.557793 0.623672 0.548427 0.617437 0.548005 0.604406 0.549695 0.599297 0.555657 0.596187 0.564178 0.595328 0.571408 0.595047 0.581197
73 1 0 0.153094 0.502934 0.125453 0.314648 0.138281 0.307230 0.160000 0.492559
73 1 0 0.363906 0.082840 0.369922 0.175211 0.370531 0.176573 0.377469 0.175657 0.378969 0.173850 0.372641 0.062465 0.372641 0.045235 0.369328 0.002230 0.369328 0.001315 0.369328 0.000423 0.357562 0.000423
56 1 0 0.850281 0.686033 0.888937 0.602160 0.920422 0.475258 0.984844 0.464507 0.997719 0.565587 0.987703 0.735493 0.934734 0.883873 0.891797 0.987089 0.810203 0.987089 0.804469 0.952700 0.818797 0.827958 0.815922 0.849460 0.785859 0.989249 0.652734 0.984953 0.549672 0.969883 0.608359 0.800000 0.728609 0.797840
