0 1 1 0.519620 0.385251 0.525660 0.305754 0.532560 0.287682 0.510140 0.227486 0.492880 0.187737 0.480820 0.139581 0.489440 0.111872 0.533420 0.121508 0.553240 0.133547 0.554100 0.151620 0.554100 0.180503 0.554100 0.231089 0.550660 0.267235 0.576520 0.285279 0.600660 0.315391 0.611020 0.340670 0.617060 0.369581 0.619640 0.416536 0.625680 0.488799 0.632580 0.536983 0.635160 0.570698 0.656720 0.644162 0.667920 0.674246 0.658440 0.692318 0.637740 0.682682 0.636880 0.658603 0.617060 0.515307 0.594640 0.451480 0.561860 0.415335
0 1 0 0.302060 0.482905 0.328640 0.401173 0.329720 0.356620 0.319080 0.316480 0.323320 0.289749 0.323320 0.255559 0.308440 0.219888 0.286100 0.188687 0.272260 0.175335 0.272260 0.142626 0.262680 0.124804 0.247780 0.111425 0.230760 0.118855 0.218000 0.130754 0.212680 0.147095 0.212680 0.167905 0.213740 0.179777 0.222260 0.187207 0.222260 0.200587 0.228640 0.205056 0.230760 0.224358 0.239280 0.228827 0.247780 0.216927 0.253100 0.231788 0.237160 0.248129 0.229700 0.268939 0.224380 0.282318 0.221200 0.304609 0.219060 0.332821 0.253100 0.371480 0.277580 0.465084 0.294600 0.485894 0.256400 0.611480 0.288660 0.672291 0.308000 0.672291 0.338640 0.640754 0.341880 0.681313 0.353160 0.706089 0.343480 0.715084 0.366060 0.746620 0.369280 0.838966 0.361220 0.816453 0.351540 0.778156 0.304780 0.721844 0.291880 0.726341 0.290280 0.820950 0.295100 0.829944 0.301560 0.863743 0.309620 0.890754 0.320900 0.904274 0.303180 0.926816 0.282200 0.926816 0.272540 0.920056 0.270920 0.843464 0.261240 0.751117 0.246720 0.679050 0.230600 0.631760 0.233820 0.636257 0.248340 0.629497
24 1 0 0.268860 0.233994 0.281540 0.238408 0.287880 0.262039 0.312180 0.326983 0.318520 0.366816 0.319580 0.391927 0.320640 0.405196 0.334380 0.393408 0.334380 0.369777 0.297380 0.253184 0.291040 0.235475 0.281540 0.222179 0.269920 0.222179 0.262520 0.222179 0.258280 0.229553
27 1 1 0.905020 0.673603 0.913020 0.725056 0.911420 0.740698 0.890600 0.796648 0.858560 0.767542 0.848940 0.633324 0.866560 0.537123 0.876180 0.512514 0.847340 0.438687 0.848940 0.398436 0.848940 0.396201 0.834540 0.398436 0.824920 0.402905
73 1 1 0.169760 0.766620 0.250000 0.684581 0.250000 0.671871 0.245860 0.658017 0.249180 0.645307 0.255780 0.636061 0.254140 0.631453 0.241720 0.630307 0.235120 0.634916 0.227660 0.633771 0.221040 0.629134 0.216080 0.623352 0.214440 0.621061 0.205340 0.608352 0.202860 0.602570 0.168120 0.636061 0.192920 0.661480 0.194580 0.676508 0.187140 0.679972 0.174740 0.666117 0.158180 0.656871 0.181340 0.685754 0.187140 0.698464 0.189620 0.705391 0.183000 0.707682 0.177220 0.707682 0.173900 0.708855 0.168940 0.719246 0.161500 0.721564 0.151580 0.720391 0.152400 0.712318 0.138340 0.705391 0.135040 0.707682 0.144960 0.731955 0.163980 0.767765 0.165640 0.770084
24 1 1 0.020860 0.390028 0.038520 0.448324 0.038520 0.517821 0.035320 0.596313 0.067420 0.533520 0.072240 0.446089 0.052980 0.374330 0.191040 0.336201 0.224760 0.434860 0.232780 0.533520 0.239200 0.553687 0.250440 0.434860 0.224760 0.331732
0 1 0 0.886060 0.117570 0.881760 0.111564 0.880040 0.091145 0.880040 0.083939 0.892940 0.053883 0.911000 0.053883 0.921320 0.059888 0.923040 0.061089 0.927340 0.074330 0.929920 0.113966 0.969500 0.151229 0.942840 0.176453 0.945420 0.210084 0.950580 0.244944 0.942840 0.266564 0.929060 0.274972 0.920460 0.272570 0.917020 0.250950 0.917020 0.235335 0.915300 0.204078 0.913580 0.196872 0.907560 0.172849 0.907560 0.172849
0 1 0 0.009260 0.368547 0.033940 0.381229 0.072900 0.346760 0.046920 0.301397 0.048220 0.225223 0.058620 0.185307 0.026140 0.183492 0.014460 0.225223 0.010560 0.266927 0.019660 0.317737 0.005360 0.359469
0 1 0 0.000000 0.870140 0.070680 0.838966 0.068820 0.794805 0.029760 0.680531 0.001860 0.654553
0 1 1 0.964260 0.129358 0.978780 0.104022 0.979680 0.095140 0.979680 0.077402 0.987860 0.062207 1.000000 0.064749 1.000000 0.097682 0.991480 0.104022 0.975160 0.125559
26 1 1 0.004080 1.000000 0.080240 1.000000 0.135440 0.989302 0.136140 0.979525 0.104700 0.945391 0.090720 0.891704 0.079540 0.854609 0.069060 0.849749 0.032020 0.872179 0.001280 0.875112 0.001280 0.999050
0 1 0 0.711200 0.136676 0.735220 0.105363 0.751240 0.107598 0.768860 0.121034 0.770460 0.152346 0.770460 0.181425 0.764060 0.183659 0.756040 0.165754 0.751240 0.141145 0.740020 0.141145 0.719200 0.141145
2 1 1 0.860280 0.113436 0.847220 0.100810 0.840700 0.101508 0.843220 0.068547 0.849240 0.057318 0.875340 0.068547 0.877860 0.121145 0.864800 0.121145 0.859280 0.116229
2 1 0 0.964100 0.096704 0.960620 0.073547 0.950200 0.061145 0.946740 0.055754 0.954840 0.054665 0.970460 0.054413 0.970080 0.094022 0.968920 0.101564 0.963520 0.100223
67 1 1 0.814780 0.286955 0.820960 0.268128 0.830500 0.269302 0.843400 0.279888 0.856300 0.295950 0.875100 0.321425 0.879300 0.331229 0.877620 0.348073 0.879300 0.355894 0.877620 0.368045 0.870320 0.373129 0.864440 0.361397 0.860500 0.324553 0.859940 0.310056 0.856300 0.304581 0.849840 0.309665 0.850400 0.332793 0.850120 0.351592 0.847880 0.351201 0.845920 0.349637 0.815340 0.300279
26 1 0 0.926740 0.397654 0.936400 0.441983 0.937780 0.465894 0.960140 0.465112 0.968980 0.447374 0.968160 0.433520 0.959860 0.420000 0.948000 0.429274 0.935020 0.405363 0.934480 0.394190 0.944140 0.385307 0.932540 0.380307 0.925080 0.386844 0.926740 0.399972
27 1 0 0.899240 0.141816 0.904540 0.141061 0.900460 0.153017 0.901940 0.186955 0.897200 0.179385 0.895420 0.175587 0.896240 0.148073 0.899100 0.141620
2 1 0 0.935340 0.092849 0.930300 0.092291 0.927780 0.092291 0.927640 0.082654 0.927920 0.076732 0.928040 0.070056 0.928040 0.064888 0.927380 0.058939 0.928180 0.057821 0.934680 0.057291 0.938120 0.057095 0.943040 0.057654 0.946480 0.058380 0.947020 0.058017 0.950740 0.061899 0.954060 0.066369 0.956180 0.069134 0.956980 0.071369 0.959100 0.071536 0.959100 0.074693 0.959760 0.076564 0.961740 0.078212 0.959220 0.081006 0.960420 0.087682 0.960020 0.088966 0.957360 0.091006 0.954720 0.092849 0.955640 0.101760 0.955780 0.103603 0.957900 0.103045 0.959900 0.102682 0.963740 0.100279 0.962800 0.093799 0.954980 0.080251 0.953520 0.085810 0.949280 0.088771 0.947680 0.088966 0.947020 0.084330 0.947280 0.082291 0.947280 0.075447 0.946480 0.059860 0.942900 0.061173 0.941180 0.065978 0.941180 0.070056 0.940780 0.075810 0.943180 0.077849 0.943180 0.084162 0.943300 0.086369 0.940520 0.088966 0.939460 0.092849 0.941320 0.093408 0.941980 0.092849 0.945420 0.095838 0.945420 0.101397 0.943840 0.104162 0.941720 0.103240 0.940920 0.101927 0.940660 0.099916 0.940520 0.096006
2 1 1 0.886340 0.051341 0.880160 0.054637 0.880740 0.069441 0.886340 0.067793
0 1 0 0.887020 0.131816 0.895880 0.171034 0.907700 0.197849 0.916560 0.243240 0.915080 0.270056 0.921000 0.280363 0.916560 0.329888 0.910660 0.340196 0.909180 0.369078 0.926900 0.389721 0.938720 0.445419 0.940200 0.478436 0.968280 0.563045 0.971220 0.596034 0.983040 0.639358 0.988960 0.666201 0.974180 0.719832 0.946120 0.752849 0.941680 0.756983 0.959400 0.812682 0.848620 0.940587 0.819060 0.990112 0.749640 0.998380 0.742260 0.944721 0.731920 0.917905 0.759980 0.802374 0.742260 0.773492 0.742260 0.721899 0.714180 0.591927 0.687600 0.494944 0.694980 0.394944 0.761460 0.349553 0.774760 0.318603 0.786560 0.304162 0.755540 0.221648 0.776220 0.130866 0.808720 0.106089 0.845660 0.106089 0.878160 0.114358 0.897360 0.122598 0.903280 0.178296
0 1 1 0.001600 0.426955 0.080440 0.352821 0.090100 0.337067 0.053100 0.260670 0.053100 0.211229 0.067580 0.175279 0.102980 0.139330 0.154460 0.148324 0.175380 0.188771 0.180200 0.224721 0.181820 0.256173 0.185040 0.321341 0.249400 0.370782 0.297660 0.489888 0.270320 0.525838 0.259040 0.600000 0.234920 0.611229 0.228480 0.611229 0.230080 0.629218 0.262260 0.750559 0.273520 0.986508 0.185040 0.984274 0.172160 0.948324 0.165720 0.957290 0.165720 0.977542 0.167340 0.982011 0.093320 0.939330 0.075620 0.862933 0.069180 0.802235 0.046660 0.728101 0.028960 0.674162 0.001600 0.656173 0.003220 0.429218
0 1 1 0.916300 0.269665 0.944420 0.261927 0.947180 0.241983 0.944420 0.220084 0.939820 0.199469 0.941660 0.180810 0.948580 0.174358 0.960560 0.171788 0.971160 0.173715 0.980380 0.182095 0.988680 0.205279 0.989140 0.218156 0.989140 0.233603 0.980520 0.260000 0.965760 0.292849 0.971300 0.305726 0.953320 0.325670 0.945020 0.357877 0.943180 0.367542 0.947320 0.378492 0.943180 0.380419 0.943640 0.385559 0.937640 0.389413 0.935340 0.401006 0.958840 0.430642 0.964840 0.423548 0.966680 0.436425 0.967140 0.446089 0.966220 0.449944 0.959300 0.459609 0.959760 0.484022 0.959760 0.502067 0.953780 0.527179 0.939480 0.489190 0.938100 0.442821 0.929340 0.405475 0.926580 0.391955 0.914580 0.373324 0.910900 0.359804 0.909980 0.339190 0.918280 0.330196 0.921040 0.292849 0.921040 0.282542 0.915040 0.269665
