51 1 1 0.193781 0.615229 0.323797 0.556271 0.390766 0.544021 0.441984 0.547521 0.453797 0.568521 0.380266 0.572042 0.343484 0.586042 0.304125 0.626208 0.249531 0.670104 0.233078 0.683958 0.181094 0.707063 0.177625 0.693208
51 1 1 0.120156 0.695708 0.113188 0.734583 0.103047 0.854563 0.083391 0.917937 0.071359 0.934854 0.063125 0.970333 0.068187 0.984708 0.118891 0.982167 0.129031 0.922167 0.130297 0.901896 0.141078 0.854563 0.141078 0.834292 0.142969 0.706688
51 1 1 0.245453 0.779229 0.249344 0.719479 0.264937 0.670125 0.280516 0.638958 0.300000 0.633771 0.307797 0.651958 0.288312 0.727271
51 1 1 0.192984 0.397771 0.150531 0.498938 0.145125 0.557938 0.177625 0.547104 0.218281 0.431500 0.221891 0.397771
51 1 1 0.750203 0.255354 0.728687 0.264917 0.705391 0.260125 0.689250 0.248187 0.676703 0.226667 0.683875 0.200375 0.694625 0.221896 0.735859 0.226667 0.757375 0.229062 0.775297 0.241000
51 1 1 0.547266 0.812167 0.476516 0.878917 0.471078 0.845542 0.540734 0.781687
51 1 1 0.510938 0.610667 0.502297 0.494250 0.503156 0.443542 0.498828 0.370917 0.499703 0.315604 0.511797 0.264875 0.525625 0.244146 0.542922 0.201500 0.572312 0.218771 0.561078 0.285625 0.569719 0.403187 0.577500 0.491938 0.579219 0.534583 0.561938 0.576083 0.529953 0.606042
51 1 1 0.414062 0.322646 0.444234 0.313938 0.453203 0.343292 0.466250 0.307417 0.484203 0.307417 0.480125 0.330250 0.481750 0.345479 0.466250 0.353083 0.437719 0.362875 0.427922 0.358521 0.408359 0.340042
51 1 1 1.000000 0.578833 0.949984 0.600187 0.927953 0.586833 0.952984 0.541438 1.000000 0.477354
51 1 1 0.030859 0.483000 0.000000 0.489583 0.000000 0.489583 0.002703 0.552792 0.028875 0.568604 0.040234 0.578479 0.082703 0.561354 0.029375 0.484313 0.029375 0.484313
51 1 1 0.408563 0.599063 0.432281 0.570937 0.451391 0.569187 0.453375 0.563042 0.462594 0.560396 0.471828 0.550729 0.487641 0.548104 0.493563 0.577104 0.486328 0.614875 0.475125 0.634208 0.450078 0.652667 0.442172 0.656167
51 1 1 0.951984 0.384125 0.943578 0.382625 0.943016 0.358708 0.938531 0.340000 0.942453 0.331042 0.951984 0.328042 0.977234 0.356458 0.998547 0.373667 0.986766 0.398333 0.957594 0.389375
