0 1 0 0.456100 0.500596 0.439100 0.488851 0.433120 0.481064 0.433120 0.462468 0.441860 0.444851 0.450140 0.437021 0.454260 0.424298 0.461620 0.405745 0.469440 0.400851 0.470820 0.384213 0.469900 0.362681 0.472660 0.342128 0.478640 0.335319 0.492880 0.332383 0.499780 0.335319 0.503460 0.352894 0.505760 0.368553 0.508060 0.394979 0.510820 0.400851 0.515880 0.406723 0.531500 0.426255 0.543000 0.446809 0.550820 0.464426 0.554940 0.478128 0.544380 0.493745 0.536560 0.471277 0.527820 0.470298 0.517260 0.470298 0.506220 0.471277 0.494260 0.476170 0.479100 0.476170 0.478640 0.476170 0.458860 0.477149 0.458400 0.477149 0.466680 0.494723 0.461160 0.497660 0.463000 0.516255 0.470820 0.517234 0.481860 0.517234 0.485080 0.535830 0.484160 0.565149 0.477720 0.592553 0.478180 0.611149 0.477260 0.651234 0.471740 0.678638 0.466680 0.701149 0.458860 0.700170 0.447840 0.663957 0.453340 0.647319 0.452880 0.627787 0.451980 0.613106 0.456100 0.583745 0.460700 0.528000
7 1 1 0.003160 0.080511 0.147860 0.069277 0.182720 0.114213 0.221800 0.269277 0.167940 0.282766 0.088720 0.305234 0.053860 0.305234 0.054920 0.327702 0.026400 0.350170 0.009500 0.381660 0.001060 0.363660
0 1 0 0.072020 0.750638 0.067140 0.716894 0.070800 0.672723 0.068360 0.610383 0.067140 0.558425 0.074460 0.532468 0.072020 0.519489 0.065920 0.501319 0.058600 0.464936 0.063480 0.446766 0.074460 0.431149 0.090340 0.418170 0.102540 0.410383 0.109880 0.400000 0.114760 0.387021 0.118420 0.366213 0.123300 0.348043 0.129400 0.337660 0.139160 0.337660 0.147720 0.345447 0.152600 0.392213 0.158700 0.407787 0.158700 0.418170 0.157480 0.428553 0.155040 0.446766 0.158700 0.467532 0.163580 0.485702 0.168460 0.509106 0.162360 0.522085 0.157480 0.519489 0.140380 0.501319 0.129400 0.498681 0.122080 0.503915 0.119640 0.516894 0.115980 0.561021 0.112320 0.568851 0.109880 0.579234 0.107420 0.584426 0.103760 0.592213 0.096440 0.618170 0.090340 0.662340 0.090340 0.688298 0.090340 0.716894 0.087900 0.742851 0.083020 0.742851 0.078120 0.748043
0 1 0 0.057620 0.298553 0.069980 0.309532 0.072400 0.357787 0.067580 0.378979 0.079260 0.423574 0.060720 0.450638 0.056240 0.471106 0.076860 0.514255 0.072740 0.544936 0.063460 0.575660 0.046960 0.585872 0.047660 0.630511 0.058640 0.684596 0.053500 0.706511 0.052120 0.721149 0.051080 0.762809 0.052120 0.815447 0.039060 0.811787 0.040100 0.746723 0.038040 0.667064 0.037680 0.586638 0.037680 0.574936 0.035920 0.520979 0.017960 0.523234 0.017960 0.437830 0.034860 0.361404 0.046480 0.309745
0 1 1 0.218340 0.442723 0.217740 0.412766 0.215280 0.394553 0.216500 0.382809 0.218960 0.372383 0.223860 0.371106 0.232420 0.373702 0.234880 0.391915 0.234880 0.412766 0.234880 0.433617 0.250800 0.454468 0.258140 0.467489 0.261820 0.485702 0.265480 0.519574 0.265480 0.535191 0.262420 0.540426 0.258760 0.531319 0.247120 0.522170 0.249560 0.487021 0.232420 0.479191 0.222640 0.480511 0.209160 0.498723 0.211620 0.446638
2 1 0 0.407960 0.253106 0.578300 0.255362 0.581460 0.293404 0.635080 0.320213 0.643480 0.349319 0.625620 0.396298 0.594080 0.411957 0.573040 0.403021 0.569880 0.329192 0.557280 0.313532 0.541500 0.311277 0.534140 0.364979 0.526780 0.376170 0.509960 0.364979 0.484720 0.329192 0.466840 0.347064 0.462640 0.396298 0.452120 0.407489 0.424780 0.407489 0.416380 0.394043 0.412180 0.378383 0.409020 0.342596 0.423740 0.324723 0.434260 0.295617
0 1 0 0.740700 0.380085 0.740100 0.354340 0.744940 0.327957 0.753100 0.316340 0.761280 0.318298 0.770960 0.333106 0.775200 0.347277 0.770660 0.360766 0.749180 0.379447 0.727380 0.414213 0.716480 0.430298 0.719520 0.431617 0.734040 0.442553 0.730100 0.454128 0.718300 0.462511 0.710140 0.458638 0.704380 0.470255 0.704380 0.488894 0.697720 0.481830 0.695900 0.458638 0.710140 0.427106 0.726780 0.396851 0.734340 0.380723 0.739480 0.376213
0 1 0 0.778120 0.356638 0.769820 0.363532 0.756920 0.368426 0.725580 0.416468 0.722360 0.433106 0.743560 0.440000 0.759680 0.431149 0.741720 0.487021 0.766600 0.519404 0.781340 0.517447 0.783180 0.512511 0.777660 0.462511 0.790100 0.447830 0.812220 0.463532 0.819580 0.476255 0.823280 0.484085 0.822820 0.410553 0.812680 0.390979 0.822340 0.369404 0.819120 0.328213 0.806220 0.304681 0.790560 0.302723 0.785020 0.333106 0.785940 0.349787
0 1 0 0.823480 0.400255 0.828360 0.388383 0.841600 0.385404 0.852760 0.375021 0.852060 0.352809 0.855540 0.329064 0.868080 0.326128 0.888980 0.361702 0.886900 0.389872 0.893160 0.406170 0.907800 0.435830 0.923120 0.458043 0.940540 0.478808 0.936360 0.495106 0.927300 0.495106 0.886200 0.455106 0.877840 0.477319 0.856240 0.477319 0.824880 0.472894 0.826280 0.409149
2 1 1 0.693280 0.460809 0.703220 0.440766 0.707920 0.435234 0.702160 0.424085 0.713160 0.418511 0.715240 0.376213 0.701640 0.367319 0.695360 0.374000 0.695360 0.386255 0.694840 0.390681 0.690660 0.384000 0.673400 0.316128 0.661360 0.300553 0.640440 0.288298 0.634160 0.277191 0.612720 0.264936 0.608520 0.264936 0.598060 0.264936 0.591780 0.264936 0.591780 0.287191 0.581860 0.287191 0.582380 0.292766 0.634680 0.321702 0.644100 0.351745 0.651420 0.356213 0.670780 0.364000 0.673920 0.390681 0.678620 0.415192 0.689620 0.449702 0.693280 0.463064 0.694840 0.461915
0 1 0 0.668980 0.491872 0.692400 0.520936 0.698640 0.505149 0.678340 0.452851 0.669380 0.414681 0.676400 0.414681 0.673280 0.365702 0.652600 0.344936 0.639720 0.366553 0.637000 0.383957 0.630740 0.401404 0.603440 0.415489 0.591740 0.439574 0.593680 0.464468 0.600320 0.473617 0.606180 0.489404 0.616700 0.500170 0.617100 0.482766 0.640500 0.492723 0.661960 0.502681
3 1 0 0.101400 0.478638 0.111960 0.489872 0.124620 0.487660 0.139420 0.496638 0.152080 0.505617 0.162660 0.501106 0.179560 0.514596 0.161600 0.519106 0.156320 0.521362 0.156320 0.523574 0.160540 0.539319 0.168980 0.555064 0.177440 0.575277 0.183780 0.595489 0.190120 0.647191 0.199620 0.723574 0.193280 0.782043 0.183780 0.824723 0.167940 0.856170 0.156320 0.860681 0.138360 0.831447 0.138360 0.795489 0.139420 0.761787 0.094000 0.768553 0.086600 0.822468 0.079220 0.851702 0.054920 0.842681 0.045420 0.811234 0.049640 0.730340 0.058080 0.671915 0.061260 0.649447 0.050700 0.608979 0.054920 0.584255 0.080260 0.591021 0.069700 0.674170 0.082380 0.764043 0.094000 0.705617 0.092940 0.669660 0.107740 0.550553 0.108780 0.541574 0.113020 0.501106 0.083440 0.480894 0.086600 0.467404
0 1 0 0.955940 0.475234 0.981720 0.461660 0.981720 0.443617 0.990220 0.444894 0.995980 0.458468 0.998100 0.468128 0.999920 0.412000 0.979000 0.382936 0.966560 0.374553 0.962320 0.337787 0.958380 0.320340 0.954120 0.317106 0.944720 0.315830 0.939860 0.315191 0.931980 0.325489 0.928040 0.339702 0.928940 0.362936 0.928940 0.384894 0.930160 0.391319 0.924400 0.394553 0.915900 0.411319 0.917120 0.437149 0.938660 0.469404 0.943820 0.469404 0.953220 0.475234 0.951660 0.497362 0.959460 0.525745 0.961760 0.550170 0.957160 0.560936 0.948900 0.579532 0.945220 0.590298 0.932340 0.588255 0.928200 0.585319 0.934180 0.569702 0.930040 0.562851 0.923600 0.551106 0.922700 0.538383 0.921780 0.518808 0.913500 0.501234 0.910280 0.492426 0.909360 0.480681 0.913500 0.486596 0.935100 0.499319
0 1 0 0.243720 0.411362 0.274620 0.430468 0.306520 0.418808 0.310500 0.417745 0.295060 0.393362 0.305520 0.358340 0.304020 0.339234 0.298540 0.321234 0.288080 0.304255 0.282100 0.302128 0.271120 0.303191 0.263640 0.312723 0.258660 0.332894 0.259160 0.366809 0.248200 0.377447 0.243220 0.398638
0 1 0 0.364620 0.347617 0.371120 0.333787 0.375840 0.323745 0.384680 0.317489 0.392940 0.320000 0.397660 0.332553 0.401800 0.350128 0.402380 0.368936 0.406520 0.382766 0.410640 0.396553 0.413600 0.415404 0.417720 0.434213 0.420680 0.450553 0.425400 0.485702 0.423620 0.493234 0.418320 0.490723 0.413000 0.478170 0.410640 0.463106 0.401200 0.464340 0.392940 0.453064 0.387040 0.440511 0.377600 0.405362 0.376420 0.355149
2 1 1 0.192080 0.149532 0.248620 0.147362 0.254780 0.169234 0.281500 0.202043 0.297940 0.302596 0.223940 0.289489 0.189000 0.145149 0.214700 0.147362
0 1 0 0.515600 0.404851 0.514680 0.394043 0.516080 0.382298 0.523440 0.376426 0.528060 0.374426 0.529900 0.374426 0.530360 0.371489 0.530360 0.355830 0.531740 0.343064 0.533120 0.333277 0.534040 0.324468 0.537260 0.314638 0.539100 0.310723 0.547860 0.308766 0.554780 0.312681 0.557540 0.314638 0.562140 0.320511 0.566300 0.337191 0.567220 0.362681 0.569520 0.366596 0.570440 0.371489 0.575040 0.384255 0.578280 0.394043 0.581960 0.428383 0.581500 0.427404 0.573200 0.425404 0.562600 0.423447 0.546480 0.422468 0.537720 0.419532 0.527580 0.420511 0.517000 0.412681 0.514220 0.400894
0 1 0 0.370280 0.351574 0.375580 0.356085 0.376640 0.371915 0.376640 0.385447 0.375580 0.410255 0.380880 0.428340 0.392560 0.455404 0.390420 0.480255 0.379820 0.484766 0.366020 0.489277 0.361780 0.509574 0.359660 0.511830 0.349060 0.511830 0.340560 0.547957 0.334200 0.568298 0.328900 0.624723 0.319340 0.687915 0.318280 0.703745 0.306620 0.726298 0.300240 0.735319 0.296000 0.733064 0.298120 0.717277 0.297060 0.683404 0.297060 0.658596 0.297060 0.608936 0.297060 0.588596 0.297060 0.566043 0.302380 0.532170 0.301300 0.525404 0.297060 0.520894 0.292820 0.509574 0.291760 0.498298 0.290700 0.464468 0.294940 0.446383 0.301300 0.430596 0.311920 0.419319 0.323580 0.412511 0.340560 0.405745 0.340560 0.378681 0.342680 0.356085 0.349060 0.344809 0.351180 0.329021 0.360720 0.329021 0.367080 0.351574
3 1 0 0.947320 0.506511 0.969300 0.475319 0.986380 0.477915 0.996160 0.496085 0.993720 0.555830 1.000000 0.657149 1.000000 0.727277 1.000000 0.787021 0.986380 0.812979 0.969300 0.802596 0.959540 0.724681 0.946100 0.664936 0.935120 0.587021 0.958320 0.553234 0.966860 0.511702
7 1 0 0.398180 0.339319 0.396060 0.328085 0.381280 0.334851 0.370720 0.319106 0.354880 0.305617 0.344320 0.285404 0.342200 0.278638 0.340080 0.267404 0.340080 0.247191 0.344320 0.220213 0.383400 0.182043 0.429860 0.182043 0.454160 0.182043 0.468940 0.182043 0.498520 0.188766 0.531260 0.193277 0.555560 0.195489 0.587240 0.195489 0.597800 0.224723 0.598860 0.240468 0.598860 0.262936 0.596740 0.285404 0.593580 0.274170 0.578780 0.256170 0.527040 0.253915 0.491120 0.251702 0.455220 0.251702 0.433040 0.244936 0.411920 0.247191 0.406620 0.256170 0.405580 0.258426 0.404520 0.265149 0.411920 0.274170 0.414020 0.276426 0.414020 0.287660 0.414020 0.312340 0.406620 0.328085 0.401340 0.334851
3 1 0 0.753280 0.756170 0.754980 0.781532 0.753280 0.808085 0.748740 0.822553 0.734000 0.828596 0.717540 0.833404 0.705060 0.831021 0.705060 0.820128 0.702800 0.794809 0.703360 0.754979 0.707900 0.730809 0.709600 0.726000 0.710180 0.723574 0.710740 0.722383 0.712440 0.718766 0.719240 0.711532 0.726620 0.704255 0.736260 0.687362 0.739100 0.663234 0.743080 0.630638 0.744780 0.600468 0.747040 0.581149 0.753860 0.570298 0.761800 0.544936 0.762360 0.541319 0.782220 0.513574 0.783340 0.495447 0.779380 0.468894 0.756680 0.449617 0.739100 0.436340 0.745900 0.402553 0.774280 0.430213 0.794700 0.437447 0.813420 0.459192 0.820220 0.461574 0.829860 0.449532 0.844620 0.447106 0.856520 0.448298 0.863340 0.478468 0.864460 0.490553 0.858220 0.508638 0.833840 0.502638 0.828160 0.501404 0.823620 0.502638 0.845740 0.525575 0.852560 0.538851 0.857100 0.558128 0.853680 0.590723 0.846880 0.591957 0.850860 0.663149 0.845740 0.696936 0.838940 0.758511 0.814540 0.791064 0.804900 0.791064 0.793000 0.791064 0.783920 0.771787 0.781640 0.748851 0.769160 0.739192 0.756680 0.756085
7 1 0 0.724060 0.386255 0.741000 0.192553 0.744160 0.154298 0.752640 0.143021 0.874360 0.120511 0.892360 0.075447 0.878600 0.131745 0.948460 0.140766 0.983400 0.140766 0.989760 0.129489 0.992920 0.140766 1.000000 0.143021 0.999280 0.408766 0.979160 0.377234 0.967520 0.379489 0.962220 0.345702 0.951640 0.316426 0.940000 0.323191 0.927300 0.336723 0.923060 0.366000 0.923060 0.393021 0.916720 0.406511 0.898720 0.413277 0.883900 0.390766 0.886020 0.368255 0.877540 0.334468 0.858500 0.318681 0.839440 0.386255 0.823560 0.366000 0.818260 0.341234 0.805560 0.318681 0.787560 0.320936 0.770640 0.345702 0.764280 0.334468 0.752640 0.329957 0.743100 0.354723 0.735700 0.366000
