56 1 0 0.284687 0.724977 0.288188 0.673075 0.270656 0.637700 0.256125 0.625657 0.251625 0.571479 0.293688 0.563216 0.336266 0.565470 0.347281 0.618146 0.321734 0.633192 0.329250 0.666291 0.335766 0.701667 0.325250 0.708427 0.287687 0.728756
62 1 0 0.194609 0.617324 0.233078 0.595634 0.241906 0.688380 0.209031 0.706432
75 1 1 0.164687 0.501432 0.168344 0.500516 0.170578 0.499601 0.172203 0.502981 0.172609 0.507864 0.172609 0.510915 0.175859 0.516408 0.176672 0.529531 0.176672 0.552418 0.175656 0.562793 0.160828 0.564319 0.157984 0.546925 0.158594 0.521596 0.161641 0.514883 0.164078 0.510610
73 1 2 0.716531 0.609061 0.739859 0.611174 0.740984 0.602840 0.711828 0.600423 0.708531 0.602700 0.711734 0.607066 0.716344 0.609624
75 1 1 0.429781 0.620516 0.428344 0.616737 0.429781 0.613779 0.432469 0.607840 0.432281 0.593826 0.431391 0.591127 0.431391 0.588169 0.430141 0.586291 0.429422 0.582512 0.438031 0.582254 0.438750 0.584131 0.437484 0.586549 0.437313 0.589789 0.437672 0.591667 0.437672 0.594648 0.437313 0.606221 0.438562 0.611338 0.438562 0.613239 0.438391 0.615915 0.439641 0.618357 0.439641 0.620516 0.439469 0.622394 0.438203 0.622653 0.430859 0.622113
39 1 1 0.520687 0.532254 0.520687 0.520352 0.522609 0.517465 0.522844 0.509530 0.525000 0.509178 0.525969 0.517817 0.527641 0.522160 0.526688 0.533615 0.521016 0.533474 0.520437 0.532019
75 1 1 0.461094 0.602441 0.459406 0.620986 0.462031 0.627441 0.465203 0.628005 0.468016 0.625470 0.469328 0.620704 0.469500 0.615070 0.468203 0.609178 0.467641 0.601878
75 1 1 0.542516 0.622840 0.541531 0.617911 0.539234 0.610047 0.536953 0.592324 0.538594 0.590845 0.552344 0.591338 0.552344 0.601197 0.552344 0.606596 0.550047 0.610540 0.548734 0.612512 0.548734 0.616948 0.549391 0.623826 0.551031 0.623826 0.545469 0.625798 0.541531 0.625798 0.540547 0.625798 0.540875 0.624812
75 1 1 0.178031 0.524531 0.180250 0.519296 0.184516 0.520962 0.185781 0.525469 0.184844 0.530939 0.184516 0.532136 0.186266 0.536174 0.188156 0.541174 0.188484 0.549014 0.188156 0.552817 0.187219 0.553545 0.183734 0.557347 0.176766 0.557817 0.175969 0.535235 0.177719 0.531174 0.176922 0.526667
39 1 1 0.527891 0.573380 0.528609 0.559296 0.526984 0.557676 0.526625 0.551995 0.524109 0.552535 0.523562 0.556056 0.520672 0.559038 0.520500 0.564718 0.522484 0.572840
39 1 1 0.493141 0.586784 0.492781 0.570399 0.491687 0.564930 0.491313 0.555094 0.487687 0.555634 0.487312 0.565470 0.482594 0.572582 0.485859 0.598803 0.488047 0.602629 0.493141 0.602629 0.493859 0.582418
39 1 1 0.543672 0.519554 0.543797 0.523357 0.545359 0.525540 0.545484 0.532254 0.543797 0.532981 0.539563 0.532418 0.538969 0.529155 0.538844 0.524085 0.540406 0.521901 0.540656 0.519554 0.540766 0.515376 0.544156 0.514836
56 1 0 0.546047 0.721878 0.552297 0.687277 0.548781 0.670869 0.558922 0.667347 0.567125 0.619272 0.576484 0.619272 0.592094 0.622793 0.600688 0.610469 0.610828 0.618099 0.609266 0.636854 0.600688 0.692559 0.592484 0.694319 0.599125 0.739460 0.602641 0.766432 0.596000 0.764671 0.587797 0.733592 0.562828 0.728310 0.553078 0.768779 0.548391 0.770540 0.555422 0.733592 0.551516 0.730657 0.543703 0.756455 0.540594 0.752934
56 1 0 0.123109 0.982793 0.123109 0.982793 0.120234 0.946244 0.114516 0.916127 0.108797 0.843005 0.101641 0.812911 0.091609 0.778498 0.084453 0.707535 0.083031 0.690329 0.075859 0.673122 0.073000 0.658075 0.100203 0.647300 0.125969 0.640869 0.144578 0.640869 0.198969 0.636549 0.206125 0.679577 0.207562 0.720423 0.208984 0.741925 0.210422 0.769883 0.224734 0.795704 0.233328 0.797840 0.270547 0.797840 0.277703 0.804296 0.267687 0.819366 0.257656 0.843005 0.254797 0.866667 0.254797 0.875258 0.256234 0.898920 0.266250 0.901080 0.263391 0.916127 0.251938 0.931174 0.251938 0.931174 0.256234 0.950540 0.261953 0.972042 0.261953 0.984953 0.121672 0.987089
60 1 1 0.784625 0.876455 0.782531 0.918568 0.781125 0.926479 0.778328 0.933850 0.776219 0.928568 0.776578 0.912770 0.777969 0.899624 0.778672 0.878028 0.778672 0.870141 0.776578 0.863826 0.771672 0.853286 0.766406 0.848028 0.762906 0.837488 0.761156 0.831174 0.758344 0.824343 0.762203 0.817488 0.769219 0.811690 0.774828 0.806948 0.780781 0.803803 0.791641 0.800117 0.802156 0.798005 0.810562 0.795892 0.827734 0.796948 0.841047 0.798545 0.861031 0.801690 0.903781 0.809061 0.947234 0.831174 0.972812 0.860657 0.972812 0.871714 0.966859 0.884883 0.954953 0.895399 0.952844 0.905399 0.956000 0.918568 0.957750 0.926995 0.954594 0.943850 0.947594 0.993850 0.947594 0.982793 0.945141 0.965962 0.943031 0.947535 0.942328 0.934366 0.939875 0.924366 0.937078 0.918568 0.931125 0.909624 0.916406 0.906995 0.834750 0.902770 0.815469 0.891714 0.789531 0.882254
56 1 0 0.659922 0.639155 0.664969 0.603756 0.667766 0.605164 0.668328 0.614437 0.670953 0.616127 0.674688 0.612183 0.678250 0.608545 0.683484 0.607700 0.685531 0.607700 0.686766 0.598263 0.691250 0.599390 0.683969 0.634225 0.678359 0.661479 0.670687 0.706127 0.670500 0.713145 0.667141 0.711197 0.667141 0.704437 0.653297 0.708380 0.653297 0.713145 0.640406 0.711761 0.640406 0.708662 0.621703 0.697136 0.620016 0.697418 0.615906 0.711761 0.611047 0.710070 0.616469 0.686479 0.620766 0.670446 0.629547 0.671573 0.628625 0.669624 0.625812 0.665962 0.626750 0.659789 0.632547 0.655000 0.641328 0.656690 0.646937 0.658944 0.649750 0.658944 0.650875 0.651080 0.652547 0.648263 0.656297 0.645188 0.657969 0.644343 0.659094 0.638709
