1 1 0 0.911520 0.446293 0.907380 0.449307 0.907380 0.449307 0.911140 0.469920 0.907380 0.470427 0.885880 0.475467 0.863620 0.480480 0.848160 0.496080 0.847780 0.486027 0.863260 0.469413 0.882100 0.460373 0.882100 0.460880 0.895300 0.462373 0.899080 0.462373 0.894180 0.455840 0.889280 0.447307 0.887760 0.438240 0.893420 0.440267 0.900200 0.440773 0.910020 0.439760 0.910020 0.442267 0.910020 0.442267
3 1 0 0.958180 0.702880 0.953780 0.701893 0.951580 0.685253 0.958920 0.657867 0.959660 0.652000 0.948660 0.662773 0.944260 0.666667 0.937640 0.669600 0.935440 0.655920 0.943520 0.641253 0.969920 0.609947 0.983860 0.599173 0.986060 0.595280 0.986060 0.587440 0.983140 0.574720 0.987540 0.563973 0.993400 0.562027 1.000000 0.570827 0.997800 0.721467 0.979460 0.723413 0.965520 0.717547
1 1 0 0.350540 0.613307 0.348580 0.621973 0.348580 0.628027 0.348580 0.638453 0.350540 0.643653 0.355080 0.646240 0.368740 0.646240 0.381760 0.646240 0.394760 0.654933 0.390200 0.667920 0.383060 0.679200 0.383060 0.693067 0.401920 0.714747 0.417520 0.724293 0.433140 0.728640 0.437680 0.730373 0.437680 0.749440 0.437680 0.765067 0.422080 0.764187 0.401920 0.745973 0.394120 0.732960 0.377200 0.716480 0.372640 0.722560 0.368740 0.733840 0.368100 0.751173 0.366140 0.780667 0.356380 0.835307 0.336880 0.879520 0.318660 0.899467 0.308260 0.900347 0.297200 0.870853 0.298500 0.833573 0.306960 0.797147 0.317360 0.760720 0.322560 0.744240 0.311500 0.704347 0.314120 0.684400 0.316720 0.676613 0.322560 0.670533 0.356380 0.681813 0.366800 0.663600 0.350540 0.660987 0.342080 0.638453 0.339480 0.628907 0.338820 0.623707 0.339480 0.615893 0.344020 0.608080
1 1 0 0.226780 0.563333 0.208940 0.558347 0.200400 0.547707 0.191080 0.534560 0.194540 0.514667 0.187360 0.520373 0.181500 0.535973 0.178300 0.541680 0.179900 0.544853 0.186300 0.556240 0.181500 0.570427 0.195080 0.576480 0.193740 0.561200 0.184160 0.551253 0.186820 0.543787 0.199600 0.555173 0.200680 0.555867 0.202280 0.573627 0.216120 0.580373 0.226240 0.578240 0.240940 0.580400 0.243800 0.631253 0.252860 0.617280 0.253820 0.597573 0.245240 0.581680
1 1 0 0.134500 0.588160 0.149220 0.586747 0.155540 0.586747 0.157120 0.597973 0.148180 0.610587 0.171840 0.600773 0.203920 0.606400 0.216020 0.624613 0.225500 0.647067 0.217600 0.691253 0.201820 0.706667 0.171320 0.708080 0.151320 0.697547 0.137120 0.681440 0.112940 0.649173 0.091900 0.627440 0.071900 0.617600 0.055080 0.607787 0.046660 0.603573 0.040340 0.599387 0.039300 0.588853 0.039300 0.576240 0.037720 0.558000 0.050860 0.546080 0.058240 0.541173 0.067180 0.541867 0.074000 0.562907 0.083480 0.571333 0.096620 0.581840 0.102940 0.592373 0.127780 0.632960 0.138960 0.617227 0.129020 0.605627
1 1 0 0.392900 0.552160 0.416320 0.559093 0.420220 0.561707 0.433880 0.582507 0.442980 0.587707 0.462500 0.583387 0.471600 0.583387 0.466400 0.577307 0.452740 0.562560 0.459240 0.553893 0.459240 0.549547 0.450140 0.541760 0.438440 0.533947 0.428020 0.522667 0.418920 0.514853 0.402000 0.524400 0.402660 0.532213 0.396160 0.539147 0.390960 0.544347
1 1 0 0.725300 0.529093 0.715420 0.540053 0.727480 0.542240 0.755440 0.526160 0.787800 0.542987 0.795480 0.574427 0.788340 0.608773 0.763120 0.632907 0.760380 0.642400 0.754360 0.638027 0.732960 0.627067 0.715420 0.605120 0.708300 0.588320 0.717060 0.555413 0.714880 0.552480 0.708300 0.545893 0.698420 0.534213 0.692940 0.518133 0.703360 0.512267 0.721460 0.513013 0.731880 0.518853 0.731880 0.529093
1 1 0 0.438400 0.517893 0.463120 0.545013 0.476860 0.552320 0.495540 0.569173 0.511480 0.587493 0.509280 0.590427 0.525220 0.586027 0.534560 0.579440 0.549940 0.569173 0.560400 0.560400 0.568080 0.547920 0.552140 0.526693 0.534020 0.532533 0.508740 0.543547 0.497740 0.542080 0.491700 0.520080 0.477960 0.521547 0.470820 0.518613 0.462020 0.510560 0.466420 0.487120 0.462020 0.473200 0.447740 0.464400 0.408160 0.472453 0.403760 0.494453 0.425760 0.509840 0.441680 0.528880
1 1 0 0.240660 0.553733 0.253260 0.539493 0.261520 0.533680 0.277040 0.533680 0.286740 0.543387 0.291100 0.557600 0.295960 0.577653 0.289640 0.597067 0.282380 0.606773 0.272660 0.611280 0.260540 0.610640 0.256660 0.604827 0.248420 0.588667 0.240160 0.584773 0.240660 0.566027 0.228520 0.562773 0.224640 0.534320 0.208640 0.529147 0.203300 0.520107 0.204280 0.503280 0.214940 0.505867 0.220280 0.503920 0.215920 0.498747 0.201840 0.501333 0.198440 0.498107 0.192140 0.486453 0.189240 0.494880 0.196500 0.519440 0.205240 0.550480 0.210580 0.556960 0.220280 0.566667 0.226100 0.564720
1 1 0 0.292020 0.437440 0.284960 0.437440 0.278800 0.439787 0.269980 0.439787 0.269400 0.452320 0.272920 0.452320 0.273800 0.464080 0.264700 0.471920 0.258520 0.474667 0.259980 0.479760 0.273220 0.476613 0.281440 0.477413 0.287900 0.486427 0.293480 0.490347 0.302300 0.492293 0.307600 0.491520 0.314640 0.491520 0.321400 0.494640 0.331400 0.500133 0.333440 0.509147 0.339620 0.516987 0.341960 0.524027 0.343440 0.534213 0.343140 0.543227 0.340500 0.550267 0.338740 0.554587 0.338740 0.558907 0.349020 0.553813 0.353720 0.547547 0.356960 0.540480 0.357840 0.534987 0.357840 0.522853 0.359600 0.511893 0.356080 0.505627 0.349320 0.500533 0.346680 0.496613 0.348140 0.489947 0.342860 0.487973 0.336380 0.487973 0.328740 0.489947 0.326980 0.489947 0.320520 0.489547 0.308760 0.487200 0.300540 0.487200 0.290840 0.481333 0.287320 0.473867 0.278200 0.458613 0.278200 0.456240 0.286440 0.452720 0.287600 0.452720 0.288200 0.444880 0.289960 0.444107 0.292020 0.447227 0.290840 0.452720 0.293200 0.455067 0.294080 0.450373 0.294080 0.445280 0.294080 0.438240
1 1 0 0.968640 0.544320 0.977840 0.529467 0.972520 0.516560 0.961880 0.510107 0.961880 0.500427 0.972520 0.503013 0.984140 0.493973 0.978820 0.512693 0.984140 0.530133 1.000000 0.534640 1.000000 0.545600 0.991880 0.550133 0.988500 0.572720 0.978820 0.589493 0.973480 0.592080 0.955580 0.610800 0.946860 0.540453 0.934280 0.543680 0.927020 0.601760 0.925080 0.611440 0.914920 0.597227 0.910560 0.574000 0.916860 0.555947 0.930900 0.543040
1 1 0 0.234740 0.642480 0.224220 0.645973 0.213700 0.618640 0.204240 0.608800 0.194760 0.605307 0.195820 0.584960 0.162680 0.568827 0.162160 0.577947 0.157940 0.573040 0.156360 0.556907 0.161100 0.542880 0.177400 0.547787 0.167420 0.554107 0.172680 0.568827 0.195300 0.579360 0.193180 0.559013 0.180560 0.549893 0.185300 0.542880 0.209500 0.546400 0.201080 0.556213 0.202120 0.577253 0.211600 0.580747 0.223700 0.580747 0.229480 0.587760
1 1 0 0.571080 0.594773 0.607980 0.590373 0.622840 0.596960 0.631100 0.607253 0.644320 0.624880 0.647620 0.659387 0.638260 0.693173 0.634960 0.683627 0.632200 0.660853 0.627260 0.643973 0.597520 0.623413 0.574380 0.615333 0.556760 0.612400 0.551260 0.614587 0.544640 0.618267 0.510500 0.622667 0.497280 0.633680 0.498380 0.616053 0.520400 0.603573 0.535840 0.599173 0.552360 0.595493 0.568880 0.591840
1 1 0 0.676760 0.445920 0.684340 0.442107 0.679120 0.433920 0.666340 0.429493 0.647380 0.427600 0.640760 0.428853 0.625600 0.430107 0.618020 0.426320 0.617540 0.423813 0.609500 0.425707 0.609500 0.434533 0.618500 0.441493 0.625120 0.447813 0.634600 0.444027 0.637920 0.439600 0.660180 0.437707 0.675340 0.442107
