41 1 1 0.119656 0.876021 0.101125 0.759167 0.106188 0.732208 0.156734 0.703000 0.219094 0.698500 0.254500 0.705250 0.257859 0.741208 0.273031 0.956937 0.246062 0.990646 0.156734 0.986146 0.150000 0.914229 0.139891 0.880521
39 1 1 0.384703 0.113146 0.392781 0.220896 0.415406 0.251083 0.428344 0.492458 0.408938 0.511854 0.386313 0.369604 0.394391 0.350208 0.370156 0.251083 0.341062 0.251083 0.360453 0.216604 0.357219 0.117458 0.368531 0.111000
40 1 1 0.777266 0.485708 0.800656 0.288312 0.857141 0.277917 0.923375 0.288312 0.954547 0.425979 0.948703 0.563646 0.876625 0.638958 0.874672 0.810396 0.931172 0.846750 0.933109 0.875333 0.884422 0.914292 0.847406 0.909083 0.788969 0.872729 0.787016 0.833771 0.847406 0.812979 0.851297 0.638958 0.798703 0.576625 0.779219 0.477917
40 1 1 0.193797 0.703083 0.187984 0.687583 0.180234 0.641083 0.155031 0.620396 0.125969 0.581646 0.110469 0.558396 0.100781 0.524792 0.096906 0.480875 0.098844 0.333583 0.102719 0.331000 0.137594 0.320667 0.180234 0.318083 0.203484 0.318083 0.238375 0.431771 0.232562 0.519625 0.240313 0.566146 0.238375 0.579063 0.219000 0.604896 0.201547 0.630750 0.199609 0.654000 0.195734 0.682417 0.197672 0.697917 0.263563 0.785771 0.261625 0.793542 0.263563 0.832292 0.269375 0.827125 0.273250 0.816792 0.271313 0.793542
40 1 1 0.556812 0.280958 0.559609 0.233958 0.561656 0.229188 0.561656 0.228833 0.572125 0.226104 0.616063 0.223729 0.624922 0.227271 0.603250 0.258771 0.600531 0.274250 0.599766 0.330021 0.605156 0.367729 0.607203 0.392250 0.606953 0.426646 0.607203 0.478417 0.611297 0.524729 0.610016 0.561854 0.603875 0.563229 0.577313 0.561854 0.568625 0.554708 0.566844 0.546875 0.568625 0.541771 0.571437 0.538021 0.577313 0.533250 0.598000 0.525750 0.602094 0.490000 0.599547 0.455604 0.598000 0.424938 0.589328 0.417437 0.566594 0.392583 0.557641 0.372833 0.557641 0.358187 0.554578 0.315271
40 1 1 0.234266 0.541208 0.247750 0.336708 0.367422 0.314229 0.384266 0.329958 0.414609 0.523229 0.406187 0.595125 0.352250 0.705250 0.365734 0.853562 0.406187 0.867042 0.431453 0.885021 0.409547 0.938958 0.353938 0.963667 0.300000 0.945687 0.283141 0.927708 0.283141 0.905250 0.310109 0.876021 0.338766 0.855812 0.326969 0.707500 0.284828 0.664792 0.244375 0.588396
41 1 1 0.468172 0.424688 0.478937 0.421083 0.496453 0.419292 0.510594 0.419292 0.526766 0.419292 0.534172 0.422896 0.534172 0.450729 0.534172 0.485750 0.533500 0.529750 0.532156 0.544125 0.530813 0.546812 0.520703 0.545917 0.507906 0.540542 0.502516 0.539646 0.491734 0.541438 0.473547 0.541438 0.468172 0.542333 0.464125 0.522563 0.464125 0.495625 0.462781 0.478563 0.462781 0.459708 0.459406 0.445333 0.460078 0.431875 0.462781 0.427375
40 1 1 0.959234 0.621042 0.946906 0.544375 0.941625 0.506813 0.941625 0.486458 0.953359 0.408208 0.958969 0.392646 0.967188 0.331604 0.973641 0.304208 0.978922 0.290917 1.000000 0.287000 1.000000 0.358208 1.000000 0.489667 1.000000 0.587479 1.000000 0.620271 1.000000 0.651563 0.973906 0.661729 0.988484 0.856083 1.000000 0.854542 1.000000 0.926500 1.000000 0.969417 0.977938 0.956458 0.948812 0.930250 0.936797 0.908792 0.939359 0.893792 0.941656 0.885292 0.945750 0.875063 0.952125 0.868583 0.956344 0.867958 0.971437 0.859187
40 1 1 0.717047 0.209125 0.739219 0.209125 0.717922 0.247958 0.714875 0.287958 0.709219 0.323333 0.709656 0.278688 0.715312 0.220729
39 1 1 0.587734 0.231542 0.609812 0.229521 0.608297 0.206167 0.606016 0.187896 0.604484 0.140188 0.591547 0.141208 0.591547 0.183833 0.588500 0.199063 0.582406 0.210229 0.581656 0.223438
39 1 1 1.000000 0.245146 0.988000 0.244458 0.977219 0.229396 0.977719 0.193438 0.977719 0.182479 0.979516 0.145146 0.982344 0.117750 0.984406 0.110562 0.990828 0.081458 1.000000 0.061937 1.000000 0.163979 1.000000 0.229729 0.999812 0.244458
39 1 1 0.865875 0.231521 0.867609 0.211958 0.876234 0.195875 0.874500 0.164813 0.886578 0.159062 0.889172 0.197021
39 1 1 0.623078 0.147188 0.610641 0.146833 0.610641 0.152146 0.610641 0.159188 0.613297 0.191292 0.605344 0.196250 0.606672 0.226229 0.617000 0.226938 0.615938 0.207542 0.624937 0.206125
41 1 1 0.153141 1.000000 0.153141 0.914208 0.140016 0.884438 0.113750 0.870438 0.079609 0.866938 0.000812 0.896688 0.002125 0.994750
39 1 1 0.727078 0.663688 0.716437 0.643812 0.717500 0.527479 0.714312 0.266417 0.721766 0.239458 0.747297 0.196896 0.748359 0.050750 0.748359 0.022375 0.754750 0.022375 0.750500 0.000000 0.778156 0.001083 0.780297 0.016708 0.784547 0.016708 0.794125 0.196896 0.813281 0.212500 0.821797 0.229521 0.832438 0.257896 0.834562 0.297625 0.833500 0.425312 0.831375 0.479229 0.823922 0.672042 0.794125 0.684812 0.751562 0.681958 0.738781 0.673458
39 1 1 0.902891 0.003437 0.947969 0.003437 0.951187 0.198708 0.988203 0.243771 0.986594 0.569958 0.957625 0.584979 0.925422 0.572104 0.952797 0.441208 0.928641 0.273812 0.851391 0.271667 0.859437 0.239479 0.894844 0.192271
60 1 2 0.431531 0.463625 0.461156 0.462687 0.470328 0.543563 0.535219 0.548250 0.535922 0.466437 0.600812 0.458917 0.599406 0.530396 0.568375 0.547312 0.570484 0.557667 0.600109 0.567062 0.611391 0.568937 0.614219 0.590583 0.645250 0.601854 0.672047 0.599979 0.691797 0.596208 0.700969 0.590583 0.708719 0.585875 0.708719 0.584937 0.707312 0.457042 0.717891 0.457979 0.722125 0.578354 0.723531 0.588688 0.741172 0.607500 0.774312 0.609375 0.798297 0.599979 0.800422 0.585875 0.841328 0.642292 0.849078 0.644188 0.855422 0.654521 0.850484 0.776771 0.847672 0.808750 0.828625 0.811583 0.785609 0.830375 0.784187 0.858604 0.797594 0.882104 0.834969 0.905625 0.904797 0.896208 0.933016 0.880229 0.937250 0.856708 0.918906 0.829437 0.880062 0.805187 0.871016 0.810000 0.870109 0.718271 0.873734 0.655521 0.877359 0.649479 0.936187 0.600000 0.953391 0.575854 0.989859 0.388521 1.000000 0.402021 0.998312 0.854729 0.971281 0.868250 0.939188 0.881750 0.942562 0.897521 0.949328 0.931313 1.000000 0.967333 1.000000 0.985354 0.994938 0.985354 0.005063 0.980854 0.001688 0.672292 0.118250 0.568687 0.233109 0.435813
