0 1 1 0.798500 1.000000 0.785641 0.917119 0.784656 0.860773 0.791578 0.801475 0.810375 0.765878 0.850922 0.758478 0.888516 0.780703 0.935000 0.740679 0.980500 0.733279 1.000000 0.740679 0.996328 0.838525 0.999297 0.948244 0.999297 0.998642 0.804438 1.000000
62 1 1 0.677875 0.440141 0.681344 0.381780 0.736297 0.385667 0.734141 0.447939 0.678750 0.441452
0 1 0 0.722250 0.560749 0.718828 0.539040 0.717125 0.534778 0.714859 0.528408 0.714859 0.543724 0.712016 0.544567 0.710875 0.510937 0.712875 0.506674 0.711172 0.497307 0.719406 0.495621 0.719969 0.500726 0.725375 0.507963 0.731047 0.529672 0.731047 0.538618 0.728500 0.545433 0.728203 0.551803 0.731047 0.558618 0.727922 0.562881 0.721672 0.562881
0 1 1 0.575141 0.451007 0.576250 0.445035 0.576250 0.441475 0.575141 0.433841 0.574344 0.429555 0.574344 0.424309 0.574500 0.420492 0.575453 0.417400 0.576094 0.417143 0.578953 0.415480 0.578484 0.410960 0.579125 0.408571 0.582297 0.405246 0.583891 0.405480 0.586906 0.407845 0.586906 0.414286 0.588031 0.418829 0.587391 0.426932 0.588188 0.442670 0.588344 0.456721 0.589609 0.461967 0.589609 0.464356 0.588188 0.465550 0.584203 0.464590 0.582141 0.443372 0.579594 0.447424 0.578797 0.455293 0.577844 0.461007 0.575781 0.465785 0.572281 0.465785 0.571641 0.462201 0.571641 0.461265 0.572922 0.458642
0 1 1 0.730109 0.811429 0.733328 0.821452 0.730328 0.824215 0.726406 0.824895 0.722953 0.822131 0.720406 0.817307 0.719484 0.812108 0.719250 0.808993 0.720406 0.806230 0.719719 0.791007 0.719719 0.783068 0.719719 0.765433 0.721109 0.760234 0.720188 0.757822 0.719719 0.727377 0.719953 0.708361 0.721563 0.701101 0.714875 0.695574 0.711875 0.691756 0.712563 0.679649 0.712563 0.676206 0.715562 0.660632 0.717641 0.654403 0.724563 0.649578 0.726641 0.646464 0.726641 0.642318 0.727328 0.638150 0.726641 0.633653 0.728250 0.627096 0.728953 0.621897 0.730797 0.617073 0.735406 0.614286 0.740953 0.615340 0.743719 0.618782 0.744641 0.622248 0.745562 0.629508 0.745094 0.631241 0.745094 0.636440 0.744875 0.638150 0.744406 0.641265 0.744406 0.643700 0.743484 0.646112 0.742797 0.646464 0.744641 0.648525 0.751094 0.652342 0.752484 0.660632 0.753406 0.676557 0.752719 0.678267 0.752484 0.680000 0.753406 0.683466 0.752484 0.696253 0.752484 0.700398 0.754328 0.708361 0.755016 0.715269 0.755016 0.719766 0.756859 0.725316 0.757328 0.728080 0.756641 0.731874 0.755719 0.734309 0.754562 0.734988 0.753406 0.738103 0.754094 0.755738 0.752937 0.756440 0.753641 0.761967 0.753641 0.764051 0.752719 0.765761 0.752937 0.769578 0.750875 0.789625 0.750172 0.794473 0.749016 0.804145 0.749250 0.808993 0.751328 0.815223 0.753406 0.820422 0.755250 0.823513 0.755250 0.828712 0.748328 0.829063 0.743719 0.822482 0.742797 0.818337 0.739797 0.817307 0.736562 0.812108 0.739328 0.805199 0.740250 0.797237 0.740719 0.789977 0.741875 0.779953 0.743016 0.770960 0.744406 0.767845 0.744406 0.761616 0.743719 0.756440 0.741641 0.758501 0.737719 0.759555 0.737031 0.755386 0.735172 0.757822 0.731953 0.762319 0.729875 0.762319 0.729406 0.764379 0.729172 0.768525 0.728484 0.773372 0.728484 0.783396 0.728250 0.788244 0.728719 0.797237 0.728484 0.802436 0.728484 0.806581 0.729641 0.809344
38 1 0 0.754859 0.734871 0.756250 0.733091 0.759000 0.739883 0.762531 0.748431 0.769422 0.771710 0.768234 0.774075 0.755453 0.736628 0.754672 0.735152
0 1 1 0.410437 0.456112 0.411406 0.440984 0.414531 0.453958 0.416219 0.460094 0.419094 0.460094 0.416219 0.445316 0.415969 0.438454 0.416938 0.424028 0.415016 0.413934 0.414297 0.406370 0.406109 0.399532 0.405391 0.409251 0.404672 0.411429 0.403953 0.413583 0.403219 0.423677 0.402016 0.439180 0.398891 0.461171 0.403953 0.462623 0.406359 0.458290 0.406359 0.457564 0.408031 0.443864 0.409719 0.440258
0 1 0 0.488766 0.426792 0.487031 0.422295 0.484484 0.422295 0.484797 0.418946 0.485906 0.418946 0.487500 0.414684 0.490672 0.414684 0.491625 0.417049 0.493375 0.419180 0.492891 0.421335 0.496391 0.430141 0.496391 0.445831 0.495281 0.452740 0.493375 0.461054 0.498609 0.469368 0.503047 0.471288 0.496391 0.482459 0.495906 0.481499 0.495906 0.475808 0.491937 0.467705 0.491937 0.482225 0.489094 0.484356 0.483844 0.483888 0.484797 0.479368 0.489094 0.476042 0.488609 0.463443 0.486703 0.463185 0.486859 0.458665 0.488453 0.440609 0.487984 0.429906
0 1 1 0.619453 0.462740 0.620844 0.460328 0.621531 0.452693 0.622687 0.446815 0.622687 0.436745 0.622453 0.429485 0.622234 0.420820 0.622687 0.419087 0.623844 0.416300 0.624313 0.412155 0.625922 0.410422 0.627078 0.408689 0.627781 0.408337 0.631484 0.413536 0.632406 0.417002 0.632406 0.420820 0.632406 0.426347 0.632406 0.433279 0.632859 0.441265 0.633563 0.448876 0.633797 0.456862 0.636109 0.459977 0.636109 0.464145 0.636109 0.466206 0.631016 0.466557 0.630094 0.466557 0.629391 0.464824 0.629172 0.463443 0.628234 0.450609 0.628234 0.450609 0.627078 0.452693 0.626156 0.458244 0.625469 0.462740 0.624313 0.465527 0.622687 0.466909 0.619687 0.466206
0 1 0 0.752750 0.571335 0.762437 0.571335 0.764531 0.568197 0.767687 0.567799 0.767938 0.569766 0.772391 0.571733 0.774234 0.569766 0.776062 0.564286 0.779469 0.557611 0.780516 0.552108 0.781297 0.545035 0.781047 0.537564 0.778953 0.530117 0.776062 0.528150 0.775281 0.525012 0.775797 0.520679 0.775797 0.517166 0.772922 0.514403 0.770031 0.514403 0.765578 0.516370 0.763484 0.522248 0.766375 0.526581 0.766375 0.531686 0.766109 0.538759 0.762969 0.538361 0.757469 0.540328 0.757719 0.548970 0.754578 0.554450 0.755891 0.559953 0.756672 0.561920 0.755109 0.566230 0.750656 0.569391 0.751438 0.572904
0 1 1 0.491281 0.415831 0.493563 0.419040 0.493281 0.422014 0.496141 0.428431 0.496281 0.432061 0.496281 0.437190 0.496141 0.443607 0.496141 0.447869 0.495703 0.452365 0.495141 0.457073 0.495703 0.459625 0.497703 0.461335 0.499266 0.462412 0.500703 0.460047 0.498562 0.454918 0.498844 0.444450 0.499266 0.438267 0.497562 0.435269 0.497984 0.427799 0.498422 0.423302 0.497125 0.421171 0.496422 0.420539 0.497984 0.414965 0.497703 0.409836 0.495703 0.407283 0.492562 0.409204 0.491437 0.412201 0.490719 0.414754
0 1 1 0.379844 0.439461 0.380328 0.452810 0.382250 0.457119 0.377203 0.456768 0.377438 0.451358 0.376484 0.438384 0.375516 0.432974 0.374312 0.439110 0.373828 0.448126 0.373828 0.454614 0.373828 0.456042 0.369266 0.457119 0.370219 0.453162 0.370469 0.443794 0.371422 0.435855 0.372625 0.427213 0.371422 0.417822 0.369500 0.423958 0.368297 0.420351 0.369328 0.413958 0.371156 0.411358 0.372875 0.409274 0.372938 0.405316 0.373422 0.402178 0.375094 0.401616 0.376703 0.404192 0.376484 0.407588 0.376547 0.410960 0.378859 0.412974 0.380359 0.417752 0.379656 0.422740 0.379859 0.426581 0.378609 0.426581 0.377578 0.418899 0.377578 0.425949 0.378187 0.429368 0.379234 0.434239
32 1 1 0.738234 0.703466 0.741875 0.704145 0.742344 0.708946 0.741313 0.710820 0.737656 0.709953 0.736406 0.708080 0.737203 0.705012 0.738344 0.703817
32 1 1 0.712078 0.540703 0.714203 0.540703 0.714703 0.542436 0.714344 0.543653 0.713547 0.544098 0.712594 0.544192 0.711641 0.543326 0.711719 0.542108 0.712000 0.540703
0 1 1 0.003000 0.837822 0.029984 0.770422 0.133437 0.705246 0.163422 0.736698 0.239891 0.831077 0.292359 0.977143 0.293859 0.988384 0.004500 0.986136
