57 1 0 0.665750 0.741288 0.662891 0.827307 0.545234 0.911194 0.502187 0.878923 0.495016 0.758501 0.459141 0.734848 0.429016 0.732693 0.375922 0.730539 0.363000 0.741288 0.338609 0.749883 0.334312 0.713326 0.354406 0.698290 0.361578 0.655269 0.375922 0.644520 0.430438 0.657424 0.446219 0.644520 0.507922 0.648806 0.515094 0.633770 0.523703 0.653115 0.532313 0.631616 0.565313 0.655269 0.591141 0.644520 0.608359 0.706885 0.657141 0.728384
57 1 1 0.701625 0.677424 0.721703 0.664520 0.723141 0.645152 0.500750 0.612904 0.517969 0.606440 0.536625 0.602155 0.529453 0.550539 0.575359 0.533325 0.578234 0.520422 0.598312 0.533325 0.612672 0.511827 0.622703 0.541944 0.687281 0.541944 0.690141 0.591405 0.690141 0.591405 0.697312 0.565597 0.763312 0.580656 0.763312 0.610749 0.777672 0.608595 0.780531 0.559133 0.905359 0.569883 0.896750 0.634403 0.872359 0.630117 0.837938 0.668806 0.835063 0.681710 0.789141 0.698923 0.777672 0.726885 0.700188 0.705386 0.698750 0.696768 0.658578 0.701077 0.658578 0.696768 0.690141 0.683864
57 1 0 0.930891 0.645246 0.913594 0.720843 0.897750 0.744590 0.868922 0.785644 0.851641 0.796440 0.844437 0.934660 0.880453 0.947635 0.936656 0.856909 0.955391 0.867705 0.994297 0.796440 0.988531 0.623653 0.971234 0.608525
57 1 1 0.667188 0.535363 0.663875 0.493185 0.700297 0.475808 0.991672 0.498150 0.990016 0.617237 0.973469 0.627166 0.945312 0.614754 0.912203 0.624684 0.892344 0.597400 0.892344 0.550258 0.826125 0.550258 0.804594 0.555223 0.779766 0.562646 0.778109 0.580023 0.754938 0.580023 0.705266 0.577541 0.695328 0.542810 0.672156 0.530398
56 1 1 0.167516 0.655785 0.170375 0.630047 0.194719 0.623607 0.200438 0.615012 0.200438 0.539906 0.211891 0.529180 0.299234 0.529180 0.294937 0.672951 0.297797 0.675105 0.300656 0.718033 0.299234 0.720164 0.293500 0.679391 0.279188 0.696557 0.280625 0.745925 0.277750 0.743770 0.274891 0.700866 0.251984 0.690117 0.253422 0.662225 0.224781 0.640773 0.200438 0.642927 0.186125 0.649368
60 1 1 0.671359 0.690937 0.620547 0.687049 0.591281 0.674145 0.590406 0.648337 0.609359 0.640585 0.642938 0.640585 0.645953 0.662529 0.650266 0.667705 0.660156 0.668993 0.665328 0.663817 0.668344 0.641241 0.702359 0.646393 0.717859 0.659953 0.718297 0.674801 0.701922 0.684473 0.704078 0.736745 0.698922 0.738689 0.698922 0.690937 0.693750 0.692225 0.695469 0.774169 0.690297 0.773536 0.690297 0.695457 0.673516 0.694145
60 1 1 0.060297 0.711077 0.087172 0.709532 0.112312 0.709532 0.127125 0.714169 0.134359 0.732248 0.136766 0.753934 0.120234 0.762201 0.117828 0.835504 0.083719 0.865433 0.073391 0.887119 0.061328 0.879368 0.048250 0.865433 0.049625 0.863372 0.022406 0.832927 0.026547 0.808642 0.032063 0.788009 0.000000 0.778197 0.000000 0.761663 0.000000 0.741546 0.001750 0.731733 0.037219 0.717283
56 1 0 0.001812 0.539438 0.015188 0.535808 0.024922 0.538548 0.031625 0.544918 0.033437 0.594145 0.021891 0.646112 0.078453 0.647026 0.088797 0.650679 0.099141 0.691686 0.099141 0.694426 0.093656 0.711756 0.005469 0.729063 0.000000 0.709930 0.000000 0.536721
56 1 0 0.457359 0.606300 0.447969 0.531382 0.445547 0.488712 0.481297 0.482810 0.498859 0.485527 0.502187 0.510960 0.501281 0.525480 0.500672 0.527307 0.498250 0.545902 0.497953 0.551803 0.499469 0.553185 0.530672 0.554988 0.530062 0.603560 0.500984 0.612646 0.497344 0.605386 0.460078 0.599930
56 1 1 0.563234 0.536300 0.561922 0.479157 0.626328 0.479157 0.623266 0.532342 0.617578 0.521194 0.611437 0.531686 0.607062 0.535644 0.594781 0.534988 0.586906 0.523162 0.581203 0.521850 0.579016 0.534988
73 1 0 0.111859 0.357166 0.115078 0.334215 0.122328 0.306464 0.111859 0.299227 0.106219 0.341475 0.103000 0.355948
73 1 0 0.480031 0.294215 0.508094 0.298431 0.511375 0.331405 0.480031 0.334192
73 1 0 0.482703 0.340679 0.483359 0.378080 0.500422 0.380539 0.501406 0.375129 0.549344 0.371194 0.549672 0.345105 0.482047 0.338712
73 1 0 0.512141 0.336019 0.509234 0.302155 0.508813 0.297190 0.515656 0.298431 0.515859 0.337260
73 1 0 0.480500 0.430000 0.483203 0.475855 0.550781 0.468314 0.548766 0.435035 0.549094 0.432014
73 1 0 0.109422 0.497845 0.124844 0.450304 0.128469 0.448033 0.127859 0.456628 0.112750 0.501475 0.110031 0.505082 0.106703 0.504192 0.109422 0.498759 0.110937 0.493326
73 1 0 0.113750 0.450211 0.096984 0.505363 0.104891 0.506745 0.122125 0.451593
56 1 0 0.685844 0.601569 0.686281 0.546979 0.663875 0.542787 0.663875 0.536323 0.676797 0.535340 0.691672 0.536628 0.694906 0.538571 0.694250 0.600258
73 1 0 0.518000 0.255878 0.546344 0.259391 0.545875 0.298361 0.512375 0.289930 0.517297 0.256581
73 1 0 0.821578 0.347541 0.801797 0.345550 0.799125 0.367190 0.819172 0.367190
73 1 0 0.111484 0.570585 0.111484 0.513560 0.116891 0.512857 0.117594 0.572342
73 1 0 0.540359 0.544614 0.539891 0.526464 0.538656 0.525293 0.540672 0.525059 0.543922 0.525527 0.543469 0.541592
73 1 0 0.513391 0.477354 0.514047 0.515667 0.519672 0.513396 0.519234 0.480609 0.513609 0.472810
73 1 0 0.121859 0.308899 0.115688 0.356089 0.123703 0.357471 0.124016 0.364426 0.126172 0.358852 0.130187 0.309344 0.123094 0.306581
57 1 0 0.316453 0.820890 0.316453 0.770773 0.334328 0.754473 0.374750 0.733490 0.425281 0.723021 0.457922 0.732342 0.496016 0.754473 0.503016 0.783607 0.505344 0.898946 0.489016 0.970023 0.461031 0.984005 0.437719 0.993326 0.411281 1.000000 0.368531 0.980492 0.372422 0.952529 0.380188 0.915246 0.386406 0.886136 0.384859 0.866323 0.377078 0.836019 0.361531 0.825550 0.332000 0.819719
60 1 1 0.317750 0.823091 0.340922 0.823091 0.369172 0.831944 0.381906 0.845363 0.381906 0.890796 0.381219 0.907822 0.367453 0.957377 0.360563 0.995082 0.359188 1.000000 0.349875 1.000000 0.347813 1.000000 0.345750 0.990422 0.344375 0.950164 0.346094 0.885105 0.342641 0.859297 0.336797 0.848970 0.328875 0.846909 0.318875 0.846909 0.235531 0.885105 0.235531 0.866019 0.243109 0.849485 0.247578 0.845878 0.266187 0.827283 0.291328 0.825222
