30 1 0 0.085422 0.670521 0.117391 0.788458 0.122141 0.788458 0.122531 0.787417 0.087781 0.663688 0.087000 0.657375 0.085016 0.655250 0.079484 0.662104 0.076328 0.659479 0.075141 0.669479 0.084234 0.781625 0.090156 0.781625 0.090547 0.781625 0.079484 0.684208
0 1 0 0.104109 0.641646 0.105672 0.650979 0.114219 0.658229 0.116813 0.678979 0.115266 0.702854 0.112156 0.714604 0.107484 0.717729 0.101516 0.672063 0.098656 0.652021 0.098922 0.648208 0.094766 0.652021 0.091141 0.652708 0.090109 0.640604 0.098406 0.636458 0.103328 0.640604
0 1 0 0.258328 0.682521 0.259125 0.704792 0.255156 0.748271 0.248000 0.776917 0.255953 0.779042 0.263906 0.781167 0.265500 0.777979 0.269469 0.769500 0.274250 0.722833 0.281406 0.751458 0.286969 0.758896 0.283781 0.770562 0.283781 0.776917 0.293328 0.777979 0.299703 0.768438 0.300500 0.765250 0.298109 0.749333 0.293328 0.730250 0.289359 0.717521 0.289359 0.698500 0.291063 0.693958 0.296609 0.688833 0.297875 0.678604 0.295328 0.657583 0.292344 0.647354 0.286375 0.643375 0.286797 0.637125 0.287219 0.626312 0.285516 0.623479 0.276563 0.618937 0.269750 0.623479 0.269750 0.626896 0.270594 0.636542 0.263359 0.648479 0.257812 0.653042 0.250562 0.667812 0.246297 0.671229 0.242891 0.674625 0.243313 0.679750 0.245031 0.682021 0.249719 0.683167 0.251844 0.683729
0 1 0 0.523422 0.739042 0.524750 0.726625 0.522984 0.667521 0.524312 0.653917 0.515437 0.666917 0.510563 0.671062 0.508344 0.665146 0.512781 0.654500 0.517219 0.640312 0.526094 0.625542 0.522547 0.614896 0.525641 0.606625 0.526969 0.603063 0.532297 0.601292 0.537172 0.605437 0.538500 0.611354 0.542938 0.623771 0.554016 0.647417 0.553578 0.662771 0.548250 0.672250 0.545156 0.681708 0.549141 0.730771 0.546922 0.743188 0.546922 0.747312 0.538062 0.750271 0.536734 0.743771 0.536734 0.733125 0.535844 0.691750 0.532297 0.746146 0.527859 0.751458 0.522547 0.747312
2 1 0 0.361781 0.497812 0.365672 0.498500 0.366453 0.503021 0.374516 0.504062 0.376594 0.501625 0.383359 0.499896 0.400250 0.499208 0.410125 0.497458 0.411438 0.494354 0.410125 0.487417 0.406484 0.475625 0.404938 0.469042 0.400250 0.464896 0.391937 0.462812 0.382844 0.461771 0.375031 0.459333 0.368531 0.459333 0.365938 0.459333 0.362812 0.466271 0.361266 0.480146 0.361266 0.488458
2 1 0 0.489156 0.478375 0.489312 0.473292 0.503172 0.473292 0.505250 0.475125 0.506781 0.477167 0.499844 0.477167 0.500266 0.479562 0.497344 0.479937 0.497203 0.482354 0.499016 0.483271 0.503750 0.484229 0.503563 0.486792 0.503203 0.487250 0.489719 0.490417 0.488891 0.490458 0.487781 0.490104 0.481125 0.491042 0.480297 0.486229 0.480578 0.481229 0.481547 0.477167 0.483625 0.474583 0.486391 0.473292 0.488203 0.472917
0 1 0 0.825547 0.589375 0.828031 0.596625 0.826547 0.613813 0.823812 0.623062 0.815391 0.623375 0.801281 0.621396 0.799797 0.621083 0.799797 0.615125 0.799797 0.607208 0.796578 0.603229 0.794844 0.598292 0.798313 0.594646 0.800781 0.597958 0.807969 0.587708 0.811437 0.584417 0.813422 0.581771 0.813172 0.576167 0.816391 0.573188 0.823078 0.574833 0.823812 0.577812 0.823812 0.583104 0.824813 0.587063 0.825297 0.588708
30 1 0 0.264031 0.779667 0.290438 0.777000 0.313516 0.774771 0.314859 0.777875 0.263031 0.784562 0.263687 0.782333 0.230250 0.786792 0.225578 0.781896 0.225578 0.780104 0.225578 0.777875 0.233266 0.783688 0.268047 0.777000
2 1 0 0.410391 0.486813 0.414922 0.483604 0.417797 0.479771 0.420672 0.478771 0.437578 0.479167 0.441656 0.485604 0.443469 0.487625 0.444984 0.489042 0.444984 0.491854 0.443922 0.494875 0.440156 0.496292 0.432750 0.496896 0.427922 0.496292 0.421422 0.497292 0.414328 0.496688 0.411000 0.496479 0.411297 0.495687 0.411750 0.493271
0 1 1 0.135187 0.624917 0.135891 0.623250 0.136172 0.620854 0.136859 0.618438 0.138250 0.617146 0.140344 0.617146 0.141453 0.621208 0.141734 0.624729 0.142984 0.626771 0.144234 0.629750 0.142984 0.631958 0.134078 0.630479 0.133250 0.629188
2 1 0 0.473672 0.476583 0.460375 0.477042 0.456500 0.480979 0.453781 0.483646 0.451672 0.486771 0.451672 0.491167 0.453906 0.491646 0.454734 0.489771 0.454844 0.488667 0.455797 0.487417 0.456500 0.489771 0.466859 0.486458 0.467672 0.486458 0.474266 0.488042 0.476031 0.487729 0.478859 0.490708 0.479438 0.489771 0.479203 0.485208 0.476031 0.479083 0.472031 0.477833
0 1 1 0.135344 0.630563 0.135063 0.626729 0.135063 0.624438 0.135063 0.621500 0.134672 0.617271 0.133141 0.615875 0.130266 0.615875 0.129984 0.618688 0.129594 0.626083 0.129594 0.628396 0.130375 0.630313 0.130469 0.630938 0.131031 0.631208
0 1 0 0.618672 0.746062 0.619438 0.727375 0.623219 0.708167 0.628141 0.702104 0.626625 0.688979 0.626250 0.675333 0.624359 0.679896 0.617156 0.679375 0.617156 0.670292 0.625109 0.656646 0.624359 0.641000 0.626250 0.634438 0.622094 0.623812 0.626625 0.613208 0.632312 0.615750 0.637234 0.628875 0.639141 0.633417 0.644812 0.639479 0.647469 0.646542 0.649734 0.652104 0.651641 0.659187 0.652391 0.667250 0.651250 0.674833 0.648609 0.682917 0.646703 0.696563 0.647094 0.712208 0.650875 0.723333 0.652766 0.730396 0.654672 0.743521 0.641781 0.750604 0.641406 0.750604 0.641406 0.747063 0.643672 0.743521 0.644063 0.740500 0.645187 0.737458 0.643672 0.728375 0.642156 0.711708 0.639141 0.694542 0.635344 0.699583 0.630797 0.720292 0.628141 0.738479 0.626625 0.745542
