0 1 0 0.583016 0.582047 0.617203 0.580682 0.628594 0.557428 0.637547 0.553333 0.639187 0.568373 0.646500 0.582047 0.646500 0.612126 0.667672 0.605276 0.670109 0.640840 0.674188 0.711942 0.716516 0.713307 0.714063 0.669554 0.721391 0.640840 0.743375 0.609396 0.748250 0.597087 0.746625 0.536929 0.737672 0.497270 0.726281 0.482231 0.710813 0.465827 0.707563 0.449396 0.705109 0.435722 0.705109 0.408399 0.705109 0.389239 0.698594 0.368740 0.697781 0.368740 0.687203 0.359160 0.670109 0.357795 0.661156 0.367375 0.652203 0.398819 0.653828 0.454882 0.654641 0.458976 0.640813 0.460341 0.635922 0.483596 0.611500 0.519134 0.594406 0.536929 0.566734 0.545118 0.547203 0.554698 0.567547 0.575197 0.563484 0.591601 0.556156 0.597087 0.552078 0.587507 0.534984 0.579291 0.531734 0.588871 0.539062 0.597087 0.548828 0.601181 0.555344 0.601181
0 1 0 0.460078 0.715381 0.375062 0.715381 0.374484 0.688005 0.370406 0.597034 0.377391 0.546168 0.385547 0.521706 0.389625 0.515853 0.402438 0.424882 0.414656 0.396509 0.450766 0.364226 0.450188 0.337822 0.458922 0.311417 0.479297 0.303596 0.490938 0.310446 0.498516 0.322178 0.504094 0.343701 0.500891 0.370997 0.501547 0.387060 0.496281 0.392231 0.497344 0.403360 0.489781 0.417060 0.476969 0.428793 0.479875 0.435643 0.471141 0.459108 0.477547 0.501181 0.475797 0.518793 0.477547 0.527585 0.506672 0.542257 0.534031 0.554987 0.539859 0.544226 0.555578 0.544226 0.557328 0.550079 0.543344 0.552047 0.550344 0.555958 0.559078 0.559869 0.567813 0.570630 0.564891 0.584331 0.554406 0.596063 0.545094 0.582362 0.531125 0.584331 0.517141 0.581391 0.478719 0.577480 0.468234 0.568661 0.458922 0.597034 0.451922 0.606824 0.451344 0.633228 0.462984 0.693884 0.462984 0.700709
67 1 1 0.405250 0.570026 0.402625 0.614908 0.386156 0.614514 0.390687 0.563622
27 1 0 0.045141 0.425906 0.049562 0.432703 0.052891 0.463097 0.062859 0.499659 0.068750 0.539318 0.070969 0.500289 0.067656 0.452546 0.058797 0.432703 0.053625 0.420315
27 1 1 0.813156 0.466352 0.815266 0.471837 0.813625 0.474961 0.813625 0.481627 0.813625 0.485144 0.813625 0.489843 0.813156 0.492992 0.812234 0.496903 0.811766 0.496509 0.808734 0.488294 0.807094 0.483596 0.808500 0.478504 0.807094 0.473779 0.805469 0.469475 0.805937 0.466745 0.807797 0.463202 0.809422 0.462808 0.811297 0.463596
27 1 0 0.671609 0.508373 0.671609 0.508373 0.675656 0.499003 0.674891 0.494304 0.675406 0.489213 0.678187 0.487507 0.674391 0.476850 0.671094 0.479003 0.670328 0.481129 0.671609 0.485381 0.670328 0.496010 0.670328 0.496877
27 1 1 0.627328 0.465774 0.629672 0.472808 0.628344 0.482651 0.629672 0.490787 0.635031 0.479554 0.631844 0.471680 0.634188 0.462415 0.630688 0.459606
27 1 0 0.908203 0.437612 0.915469 0.438661 0.916969 0.444331 0.912703 0.446850 0.907953 0.459265 0.906312 0.460551 0.906438 0.452546 0.907703 0.449396 0.906312 0.445381 0.906062 0.440551 0.906062 0.438871
0 1 1 0.283859 0.552336 0.280266 0.537848 0.270203 0.531811 0.270922 0.513727 0.268766 0.511312 0.268047 0.498031 0.277391 0.453360 0.286734 0.424409 0.295359 0.407507 0.315469 0.397848 0.319781 0.389396 0.319781 0.362861 0.318344 0.342336 0.324813 0.327848 0.333438 0.324226 0.344219 0.327848 0.352828 0.335092 0.353547 0.354409 0.353547 0.373701 0.350672 0.395433 0.349234 0.397848 0.354266 0.407507 0.364328 0.408714 0.379422 0.437690 0.380141 0.471470 0.373672 0.499239 0.378703 0.512520 0.378703 0.523386 0.370797 0.524593 0.370078 0.548714 0.365766 0.553543 0.365766 0.576483 0.365047 0.599423 0.368641 0.616299 0.372953 0.686299 0.370797 0.704409 0.370797 0.711654 0.282422 0.715276 0.280984 0.634409 0.277391 0.627165 0.274516 0.595801 0.270203 0.569239 0.278828 0.568031 0.283859 0.559580 0.286734 0.601837 0.289609 0.540262 0.286016 0.535433
0 1 1 0.168453 0.800157 0.170219 0.903937 0.178172 0.903937 0.181703 0.834252 0.191406 0.810525 0.197578 0.801627 0.205531 0.734908 0.211703 0.712677 0.215234 0.712677 0.218766 0.767533 0.222297 0.760105 0.251422 0.723045 0.260250 0.708215 0.263781 0.668189 0.258484 0.591102 0.247891 0.582205 0.253187 0.570341 0.257594 0.564409 0.268187 0.571837 0.279672 0.565906 0.284078 0.558478 0.278781 0.543648 0.272609 0.533281 0.270844 0.528845 0.268187 0.508084 0.268187 0.475459 0.259359 0.435433 0.242594 0.425039 0.238188 0.423570 0.244359 0.398373 0.245250 0.371680 0.238188 0.343517 0.232891 0.336089 0.214359 0.340551 0.204641 0.355381 0.202875 0.389475 0.202875 0.398373 0.193172 0.407270 0.194937 0.417638 0.166688 0.432467 0.147281 0.521417 0.154328 0.533281 0.153453 0.564409 0.161391 0.568871 0.167578 0.573307 0.171984 0.589606 0.161391 0.648924 0.166688 0.642992 0.166688 0.706745 0.171109 0.720079 0.169344 0.800157
27 1 1 0.533031 0.411024 0.530078 0.411024 0.528594 0.420971 0.534516 0.439186 0.535984 0.470656 0.529094 0.514567 0.522672 0.461549 0.521203 0.436719 0.523672 0.425118 0.522672 0.414357 0.524156 0.406903 0.527109 0.406903 0.528109 0.406903
0 1 0 0.031969 0.989029 0.000000 0.984567 0.000000 0.608714 0.005328 0.559501 0.002656 0.496850 0.000000 0.454357 0.015984 0.405144 0.015984 0.362625 0.022641 0.322362 0.031969 0.295512 0.049281 0.308950 0.061266 0.322362 0.071922 0.351444 0.070578 0.418556 0.093219 0.546089 0.101219 0.579633 0.105219 0.610945 0.098547 0.631076 0.078578 0.655696 0.065266 0.698215 0.067922 0.725039 0.073250 0.763071 0.069250 0.827953 0.075906 0.901785 0.078578 0.946535 0.082578 0.986798 0.053266 0.980079
0 1 0 0.861875 0.554488 0.859000 0.533622 0.863781 0.512782 0.859000 0.479081 0.852328 0.472677 0.852328 0.453438 0.865687 0.445407 0.868547 0.453438 0.868547 0.463045 0.869516 0.447008 0.872375 0.447008 0.885734 0.430971 0.901016 0.427769 0.897203 0.395696 0.895297 0.371627 0.896250 0.347559 0.914391 0.333123 0.931578 0.341155 0.934437 0.370026 0.934437 0.390866 0.931578 0.402100 0.935391 0.424567 0.948766 0.427769 0.966906 0.442205 0.965953 0.496745 0.963078 0.546457 0.961172 0.631470 0.961172 0.722887 0.958313 0.767795 0.892422 0.732520 0.874281 0.710052 0.874281 0.649108 0.876188 0.578530 0.878109 0.546457
0 1 0 0.085625 0.977533 0.082938 0.925853 0.073578 0.896640 0.072234 0.860682 0.072234 0.824724 0.073578 0.797743 0.073578 0.773045 0.073578 0.741575 0.070906 0.721339 0.070906 0.696640 0.077594 0.676404 0.096313 0.626955 0.101672 0.606745 0.101672 0.588766 0.096313 0.548320 0.086953 0.494383 0.082938 0.469659 0.077594 0.438215 0.082938 0.429213 0.088297 0.424724 0.097656 0.408976 0.099000 0.397743 0.094984 0.388766 0.092312 0.368530 0.092312 0.357297 0.099000 0.334829 0.109703 0.323596 0.120406 0.321339 0.132437 0.332572 0.136453 0.352808 0.139125 0.368530 0.139125 0.386509 0.136453 0.413491 0.135109 0.420236 0.141813 0.433701 0.147156 0.453937 0.148500 0.465171 0.148500 0.507874 0.151172 0.546063 0.156516 0.651680 0.151172 0.676404 0.148500 0.683150 0.135109 0.914619 0.145812 0.932572 0.148500 0.959554 0.135109 0.959554 0.111031 0.952808 0.104344 0.948320 0.100328 0.939318 0.104344 0.804488 0.094984 0.813491 0.094984 0.849449 0.094984 0.878661 0.094984 0.898871 0.094984 0.928084 0.094984 0.979764 0.092312 0.984278
60 1 1 0.334437 0.714619 0.251500 0.714619 0.177922 0.831470 0.175250 0.986509 0.984609 0.984278 0.972562 0.782021 0.840125 0.689895 0.804000 0.698871 0.800000 0.707874 0.828094 0.730341 0.789297 0.741575 0.786609 0.764042 0.739797 0.764042 0.738453 0.737087 0.696984 0.734829 0.696984 0.734829 0.713031 0.764042 0.735781 0.779764 0.682266 0.797743 0.694312 0.862913 0.650156 0.826955 0.622063 0.883150 0.618062 0.928084 0.576578 0.847192 0.579266 0.817979 0.579266 0.817979 0.552500 0.878661 0.508359 0.878661 0.519063 0.806745 0.519063 0.806745 0.468219 0.811234 0.429422 0.786509 0.335781 0.784278 0.323750 0.743832
0 1 1 0.776281 0.710026 0.780703 0.647743 0.781578 0.569160 0.771875 0.466877 0.801000 0.444646 0.793063 0.422388 0.795703 0.388294 0.800125 0.373465 0.818656 0.371995 0.832781 0.385328 0.832781 0.416457 0.823063 0.440184 0.834547 0.456483 0.857484 0.475774 0.861906 0.517270 0.849547 0.586955 0.848656 0.644777 0.847781 0.701129 0.800125 0.704095 0.812469 0.672966 0.799234 0.686299 0.779812 0.707060
