0 1 0 0.864600 0.388773 0.874720 0.440453 0.903380 0.478640 0.933700 0.498880 0.967420 0.539333 0.997760 0.649440 0.975840 0.741573 0.943820 0.838213 0.916860 0.889893 0.999440 0.979787 1.000000 0.510107 0.960680 0.447200 0.932020 0.404507 0.896620 0.391013 0.893260 0.408987
56 1 0 0.323220 0.636480 0.306180 0.740053 0.363640 0.774107 0.365780 0.762747 0.323220 0.731520 0.329600 0.656320 0.361520 0.667680 0.381740 0.671947 0.376420 0.727280 0.430680 0.752800 0.436000 0.738613 0.392380 0.717333 0.392380 0.670533 0.427500 0.660587 0.428560 0.635040 0.420040 0.605253 0.323220 0.622293 0.318960 0.583973 0.318960 0.566933 0.380680 0.557013 0.381740 0.571200
56 1 0 0.929460 0.542027 0.932260 0.543920 0.934380 0.557947 0.919620 0.573867 0.914720 0.590720 0.915420 0.624427 0.915420 0.642213 0.901380 0.642213 0.906980 0.616933 0.906280 0.572000 0.893640 0.561707 0.898560 0.542027 0.903480 0.511147 0.900660 0.508347 0.902080 0.498987 0.923840 0.498027 0.931560 0.508347
56 1 0 0.024200 0.802400 0.082260 0.854000 0.048380 0.798080 0.067740 0.714213 0.112900 0.740027 0.145160 0.804533 0.170960 0.819600 0.137100 0.737867 0.170960 0.701307 0.130640 0.673360 0.059680 0.684107 0.050000 0.684107 0.045160 0.630347 0.041940 0.608853 0.132260 0.591627 0.132260 0.613147 0.051620 0.626053
62 1 0 0.558980 0.286053 0.557820 0.202427 0.659260 0.217920 0.724700 0.231333 0.724700 0.276773 0.722380 0.383120 0.723160 0.452800 0.719660 0.456427 0.651900 0.451787 0.637580 0.447147 0.626740 0.434240 0.624020 0.424427 0.630220 0.415653 0.646100 0.374347 0.644560 0.364533 0.627520 0.329440 0.615120 0.325813 0.596540 0.322213 0.578720 0.333040 0.581820 0.342347 0.573700 0.388800 0.572920 0.407387 0.574460 0.420293 0.588800 0.426480 0.588800 0.437840 0.550860 0.450747 0.553180 0.433707 0.557040 0.320133
60 1 2 0.796480 0.856267 0.798840 0.862533 0.697660 0.901760 0.562340 0.961360 0.544700 1.000000 0.570580 1.000000 0.590580 0.961360 0.652940 0.972347 0.647060 0.981760 0.660000 0.981760 0.650600 0.961360 0.678820 0.928427 0.704720 0.915867 0.798840 0.871947 0.825900 0.915867 0.838840 0.911173 0.841200 0.893893 0.829420 0.845280 0.923540 0.812320 0.935320 0.856267 0.949440 0.824880 0.952960 0.801360 0.963560 0.785653 0.923540 0.802933
56 1 0 0.771340 0.592747 0.773720 0.667093 0.802780 0.682907 0.806940 0.667867 0.787960 0.656800 0.806340 0.657600 0.838980 0.677360 0.844300 0.670240 0.843720 0.658400 0.818800 0.641787 0.816420 0.588000 0.844900 0.588000 0.844300 0.557147 0.772540 0.566640 0.767700 0.535627 0.764480 0.518453 0.803120 0.514160 0.804720 0.520613 0.809540 0.524880
60 1 1 0.410000 0.605333 0.003000 0.676000 0.001000 0.622667 0.370000 0.574667 0.371000 0.608000 0.381000 0.605333 0.380000 0.562667 0.437000 0.557333 0.434000 0.605333
67 1 0 0.878960 0.424213 0.876980 0.407120 0.874520 0.395973 0.869100 0.372987 0.863200 0.347360 0.875800 0.343307 0.894060 0.345627 0.899280 0.387360 0.899720 0.399547 0.891460 0.404747 0.894500 0.411707 0.901900 0.412880 0.905800 0.415200 0.905380 0.429093 0.901900 0.436053 0.891460 0.437787 0.884500 0.432587 0.881020 0.427947
56 1 0 0.949720 0.533573 0.927480 0.556453 0.947180 0.565760 0.961800 0.566613 0.960520 0.613200 0.977680 0.608960 0.975780 0.576773 0.963060 0.551360 0.951640 0.527627
65 1 1 0.573540 0.496107 0.569880 0.490000 0.579720 0.476267 0.589800 0.485733 0.579500 0.487253
0 1 0 0.476620 0.338827 0.491000 0.335333 0.505380 0.345787 0.508000 0.361467 0.518460 0.373680 0.518460 0.392853 0.514540 0.406800 0.510620 0.417253 0.508000 0.424240 0.531520 0.455600 0.532840 0.473040 0.531520 0.488720 0.521080 0.502667 0.519760 0.520107 0.517140 0.563680 0.515840 0.591573 0.509300 0.628160 0.506700 0.661280 0.500160 0.697893 0.498840 0.727520 0.497540 0.751920 0.500160 0.788533 0.508000 0.819920 0.515840 0.839093 0.511920 0.863493 0.500160 0.863493 0.480540 0.868720 0.475320 0.886160 0.472700 0.896613 0.458320 0.905333 0.451780 0.907067 0.443940 0.915787 0.441320 0.934960 0.428260 0.936693 0.413880 0.936693 0.408640 0.934960 0.408640 0.919280 0.419100 0.900107 0.426940 0.873947 0.430860 0.849547 0.436100 0.825147 0.426940 0.612480 0.429560 0.582853 0.434780 0.558453 0.436100 0.541013 0.438700 0.534053 0.417800 0.551467 0.408640 0.558453 0.402100 0.560187 0.394260 0.558453 0.378580 0.553227 0.377260 0.551467 0.366800 0.537520 0.366800 0.523573 0.389040 0.520107 0.404720 0.520107 0.417800 0.511387 0.426940 0.488720 0.426940 0.462587 0.432180 0.446880 0.450480 0.432933 0.470080 0.422480 0.470080 0.413760 0.467480 0.408533 0.466160 0.396347 0.466160 0.384133 0.466160 0.371947 0.464860 0.356240
56 1 0 0.200400 0.656560 0.197340 0.669787 0.188940 0.748133 0.189720 0.759307 0.222520 0.802027 0.233960 0.791867 0.204200 0.760320 0.199620 0.677920 0.216420 0.678960 0.225560 0.698267 0.250740 0.698267 0.253040 0.768480 0.235480 0.757280 0.233200 0.768480 0.289660 0.805093 0.271340 0.778640 0.268300 0.698267 0.274400 0.694213 0.277440 0.757280 0.308740 0.773547 0.313300 0.762373 0.288140 0.737947 0.285080 0.693200 0.307960 0.678960 0.305680 0.662667 0.282780 0.654533 0.288140 0.641307 0.288140 0.634187 0.203440 0.643333 0.204960 0.600613 0.202680 0.579253 0.276680 0.576213 0.275920 0.587387
63 1 0 0.827520 0.822480 0.918540 0.784267 0.940440 0.847200 0.933700 0.869653 0.942140 0.910107 0.947200 0.921360 0.969100 0.946080 0.997760 0.955067 0.996060 0.988773 0.862920 0.986507 0.862920 0.961787 0.825840 0.824720 0.834260 0.820213
