29 1 2 0.737156 0.401194 0.733344 0.409180 0.733344 0.417190 0.739437 0.428033 0.748203 0.429742 0.759625 0.426323 0.768000 0.408618 0.771812 0.386932 0.771047 0.376066 0.764578 0.361241 0.754672 0.360656 0.747813 0.361241 0.739047 0.374941 0.733719 0.390913 0.733719 0.396628 0.737906 0.396628
0 1 1 0.514078 0.491382 0.505313 0.475808 0.507156 0.468478 0.506141 0.441616 0.505922 0.427564 0.505516 0.414145 0.505719 0.408033 0.506344 0.399485 0.502062 0.401311 0.498797 0.401920 0.497781 0.395831 0.498797 0.390023 0.502469 0.374754 0.505109 0.366206 0.505109 0.358595 0.505719 0.352787 0.506547 0.346674 0.510203 0.344239 0.513266 0.344543 0.515906 0.345761 0.517750 0.351265 0.518766 0.358595 0.518562 0.362553 0.516719 0.366206 0.516516 0.368665 0.521000 0.371405 0.525688 0.378431 0.528734 0.393700 0.529766 0.398267 0.527516 0.400094 0.523859 0.398571 0.521000 0.393372 0.523031 0.411405 0.526094 0.426651 0.528531 0.443138 0.526906 0.456885 0.522016 0.465738 0.517953 0.472131 0.513672 0.476417 0.513672 0.477026 0.514484 0.485269 0.514891 0.487705
25 1 1 0.772297 0.275831 0.788156 0.285808 0.792766 0.292717 0.784578 0.295012 0.771781 0.294637 0.769984 0.287728 0.769984 0.272389 0.772547 0.274684
29 1 2 0.730234 0.345152 0.725578 0.339742 0.715578 0.338923 0.714953 0.340890 0.715234 0.344215 0.718781 0.347869 0.722734 0.349625 0.729047 0.349625 0.729953 0.348595
0 1 1 0.896672 0.377728 0.896359 0.398946 0.896984 0.405410 0.898828 0.415574 0.897906 0.444192 0.898203 0.447424 0.900062 0.447424 0.906828 0.446979 0.909297 0.445574 0.910531 0.444660 0.913000 0.440515 0.914219 0.438197 0.917000 0.397119 0.917313 0.386487 0.917922 0.384192 0.919156 0.379578 0.916375 0.368478 0.915453 0.363864 0.911766 0.359719 0.910844 0.356955 0.910844 0.352318 0.910219 0.349555 0.908062 0.345878 0.905609 0.344028 0.901594 0.343560 0.896672 0.344473 0.895750 0.350023 0.894828 0.355105 0.895125 0.356487 0.895125 0.359719 0.887422 0.387869 0.887422 0.392482 0.889578 0.398946 0.892047 0.401265 0.893281 0.396183 0.893281 0.387869 0.893594 0.382810 0.894516 0.380960
0 1 0 0.832250 0.396159 0.823859 0.385597 0.818828 0.374543 0.823859 0.374543 0.829234 0.377564 0.834937 0.363489 0.832578 0.359953 0.832922 0.350913 0.835938 0.343372 0.840641 0.342857 0.845000 0.343864 0.849687 0.349906 0.851375 0.359953 0.846672 0.368009 0.846000 0.405222 0.840969 0.419789 0.843312 0.448970 0.839297 0.455995 0.830234 0.462037 0.829234 0.452482 0.830906 0.443934 0.829562 0.418806 0.832578 0.396159
0 1 1 0.294734 0.359532 0.295406 0.392740 0.289578 0.409180 0.287344 0.437681 0.290250 0.445059 0.293156 0.470562 0.298312 0.462506 0.298984 0.460492 0.298531 0.452787 0.294953 0.443372 0.303906 0.441030 0.306141 0.457143 0.314422 0.460492 0.311297 0.441382 0.316438 0.439368 0.314875 0.431897 0.318000 0.418478 0.316891 0.404731 0.315984 0.403068 0.311516 0.395667 0.310172 0.384941 0.314422 0.376885 0.316891 0.370515 0.317109 0.365480 0.318234 0.353677 0.315547 0.350656 0.309500 0.341265 0.309500 0.328525 0.309500 0.324169 0.306594 0.321803 0.304125 0.321148 0.302563 0.321475 0.301000 0.323817 0.299422 0.325176 0.298094 0.326838 0.297188 0.329180 0.296516 0.331874 0.296516 0.335902 0.297188 0.339930 0.297422 0.341593 0.297859 0.344965 0.297859 0.346628 0.298094 0.347963
0 1 0 0.731797 0.756768 0.725797 0.736487 0.686719 0.686932 0.670188 0.668923 0.652156 0.662155 0.646156 0.662155 0.650656 0.709461 0.658172 0.743232 0.658172 0.759016 0.640141 0.765761 0.620609 0.763513 0.616094 0.754497 0.626609 0.743232 0.629625 0.725223 0.616094 0.657658 0.613094 0.635129 0.616094 0.619368 0.626609 0.551803 0.614594 0.533794 0.617594 0.459461 0.601062 0.472974 0.590547 0.490984 0.581531 0.500000 0.571016 0.502248 0.571016 0.479719 0.590547 0.445948 0.619109 0.425667 0.626609 0.403162 0.632625 0.385129 0.641641 0.382881 0.643141 0.369368 0.646156 0.349110 0.652156 0.328829 0.668687 0.328829 0.679203 0.337845 0.688219 0.346838 0.695734 0.360351 0.691234 0.385129 0.698750 0.400890 0.706250 0.414403 0.706250 0.421171 0.718281 0.407658 0.727297 0.400890 0.734812 0.405410 0.728797 0.427939 0.719781 0.463958 0.703250 0.486487 0.694234 0.518009 0.694234 0.549555 0.686719 0.592342 0.688219 0.617119 0.689734 0.630632 0.713766 0.668923 0.733312 0.707213 0.749828 0.725223 0.742328 0.750000 0.736313 0.761265
0 1 1 0.319109 0.473794 0.321500 0.440492 0.317906 0.427002 0.319109 0.403607 0.317297 0.393700 0.313094 0.400000 0.308297 0.384707 0.319109 0.365785 0.322109 0.360398 0.323906 0.341499 0.327516 0.339696 0.337719 0.349602 0.337719 0.356792 0.347328 0.375691 0.352141 0.410796 0.349125 0.423396 0.342531 0.385597 0.340719 0.438712 0.338922 0.454895 0.335922 0.486393 0.329906 0.486393 0.319703 0.485503
0 1 1 0.387266 0.429813 0.379078 0.398431 0.386359 0.367049 0.407281 0.367049 0.418203 0.383419 0.426406 0.394333 0.420937 0.397073 0.417297 0.395714 0.418203 0.405246 0.419125 0.422998 0.419125 0.431171 0.427313 0.442084 0.425484 0.462553 0.421844 0.510304 0.434594 0.563513 0.450063 0.585340 0.453703 0.600351 0.450984 0.611265 0.446422 0.611265 0.443703 0.601710 0.440969 0.601710 0.442781 0.618080 0.456437 0.649461 0.481016 0.751780 0.501047 0.762693 0.511047 0.764051 0.507406 0.774965 0.477375 0.781803 0.469187 0.779063 0.457344 0.731311 0.451891 0.723138 0.441875 0.675386 0.401828 0.642646 0.394547 0.644005 0.381797 0.686300 0.377250 0.690398 0.361781 0.734052 0.359047 0.759977 0.361781 0.768150 0.350859 0.772248 0.340844 0.769508 0.337203 0.765433 0.360859 0.667190 0.364500 0.656276 0.359047 0.609906 0.350859 0.642646 0.342656 0.641265 0.351766 0.612623 0.347219 0.562155 0.345391 0.548501 0.353578 0.517119 0.356312 0.483021 0.376344 0.438009 0.385437 0.427096
0 1 1 0.245000 0.357681 0.266328 0.377916 0.265625 0.409883 0.264906 0.422670 0.258516 0.464215 0.257094 0.495105 0.248562 0.518548 0.251406 0.562225 0.249266 0.583536 0.238609 0.584590 0.241453 0.562225 0.234344 0.516417 0.225109 0.513208 0.227234 0.437588 0.212313 0.463138 0.206625 0.451429 0.220125 0.424801 0.217281 0.405621 0.222266 0.368337 0.232922 0.359813 0.227234 0.339555 0.221547 0.328899 0.233625 0.318244 0.244297 0.321452 0.246422 0.333162
