0 1 0 1.000000 0.284313 0.986896 0.274734 0.971271 0.266203 0.955646 0.263016 0.951375 0.252359 0.969854 0.243828 0.975521 0.236375 0.976958 0.225719 0.964167 0.212938 0.958479 0.203344 0.955646 0.182047 0.949958 0.170328 0.945708 0.157531 0.937167 0.146891 0.928646 0.139422 0.917292 0.130906 0.908771 0.123453 0.893146 0.121312 0.881771 0.117047 0.851937 0.111734 0.829208 0.115984 0.806479 0.117047 0.786604 0.133031 0.769563 0.145812 0.758187 0.157531 0.749667 0.171391 0.745417 0.188437 0.735458 0.220391 0.734042 0.232109 0.688583 0.241703 0.674375 0.247031 0.671542 0.256625 0.680062 0.268344 0.680062 0.278984 0.677229 0.288578 0.675792 0.302437 0.674375 0.312016 0.668708 0.318406 0.655917 0.348234 0.664437 0.358891 0.675792 0.365281 0.684333 0.361031 0.678646 0.348234 0.675792 0.338656 0.694271 0.332266 0.704208 0.331188 0.708479 0.328000 0.705625 0.313078 0.708479 0.304563 0.722688 0.299234 0.738313 0.299234 0.752500 0.300297 0.762458 0.304563 0.779500 0.314156 0.783750 0.312016 0.789437 0.300297 0.792292 0.289641 0.797958 0.284313 0.802229 0.278984 0.813583 0.269406 0.820687 0.264078 0.836312 0.274734 0.847688 0.274734 0.851937 0.274734 0.860458 0.286453 0.860458 0.293906 0.860458 0.299234 0.861896 0.302437 0.883187 0.292844 0.881771 0.306688 0.871833 0.339719 0.870417 0.352500 0.870417 0.355703 0.878938 0.352500 0.888875 0.348234 0.897396 0.348234 0.897396 0.355703 0.910188 0.348234 0.917292 0.347172 0.922979 0.351438 0.928646 0.353563 0.945708 0.349312 0.954229 0.345047 0.961333 0.342922 0.967000 0.340781 0.969854 0.348234 0.976958 0.356766 0.998250 0.362094 0.998250 0.363156
0 1 1 0.241604 0.296891 0.254104 0.288812 0.276792 0.285406 0.280771 0.280297 0.280208 0.269641 0.268292 0.268797 0.263750 0.260281 0.260917 0.253891 0.260333 0.234734 0.270000 0.224938 0.296104 0.216000 0.313125 0.220688 0.315396 0.224516 0.325062 0.233453 0.327333 0.256453 0.319375 0.261125 0.311438 0.272203 0.291562 0.279016 0.276229 0.290516 0.278500 0.300734 0.264313 0.313922 0.245583 0.300734 0.242167 0.298594
75 1 1 0.348479 0.354547 0.439021 0.357859 0.430188 0.376078 0.431292 0.424109 0.445646 0.448141 0.452271 0.458078 0.452271 0.474641 0.436812 0.491203 0.384917 0.499484 0.331917 0.490375 0.313146 0.470500 0.316458 0.448969 0.336333 0.414172 0.346271 0.383531 0.347375 0.365313
54 1 1 0.112937 0.449531 0.088396 0.445375 0.078896 0.435281 0.073354 0.422813 0.068604 0.412719 0.073354 0.402016 0.080479 0.391328 0.109771 0.383016 0.130354 0.383609 0.148562 0.387766 0.185771 0.413312 0.188938 0.426375 0.191313 0.437656 0.188938 0.445969 0.177854 0.448344 0.162813 0.447156 0.127188 0.451906 0.112937 0.450719
54 1 1 0.291562 0.543047 0.292812 0.530813 0.301604 0.514797 0.326708 0.495031 0.336750 0.495031 0.317917 0.473375 0.277750 0.458313 0.248896 0.452672 0.212479 0.450781 0.189896 0.454547 0.161021 0.474328 0.161021 0.510094 0.189896 0.534578 0.215000 0.543984 0.266458 0.548688
54 1 1 0.474667 0.527125 0.478437 0.511578 0.421896 0.497437 0.371000 0.494609 0.329542 0.496016 0.303146 0.508750 0.291833 0.531359 0.306917 0.561047 0.329542 0.569531 0.376646 0.578016 0.420000 0.575188 0.461479 0.566703 0.476542 0.542672 0.482208 0.532781 0.480312 0.515813
54 1 1 0.061333 0.407969 0.011375 0.411547 0.009000 0.422250 0.047063 0.445453 0.070854 0.445453 0.087500 0.438312 0.070854 0.418687 0.063708 0.406187
54 1 1 0.301771 0.393438 0.290125 0.403281 0.284292 0.425141 0.285750 0.433328 0.306875 0.437703 0.322917 0.432234 0.339667 0.416938 0.346958 0.407109 0.344771 0.401094 0.307604 0.392891
0 1 0 0.352000 0.222438 0.358667 0.223641 0.362792 0.227922 0.362792 0.231250 0.358021 0.234812 0.356438 0.241953 0.354854 0.248125 0.354229 0.251703 0.360563 0.253125 0.358354 0.255984 0.344083 0.256219 0.343750 0.254078 0.344708 0.246469 0.340271 0.241703 0.338375 0.239812 0.333292 0.237906 0.331083 0.234094 0.332667 0.230766 0.339958 0.231719 0.349146 0.232203 0.351062 0.229109 0.352000 0.223391
0 1 0 0.641208 0.415734 0.647187 0.346062 0.647187 0.319094 0.656187 0.283141 0.665167 0.262922 0.662167 0.238203 0.677146 0.206734 0.692125 0.170781 0.728083 0.107859 0.737083 0.053938 0.728083 0.026969 0.689146 0.006734 0.536333 0.002250 0.533333 0.022469 0.503375 0.031453 0.497375 0.004500 0.437458 0.002250 0.449437 0.033703 0.467417 0.053938 0.419479 0.107859 0.398500 0.143813 0.407500 0.195500 0.437458 0.238203 0.410479 0.274156 0.449437 0.274156 0.494375 0.301125 0.503375 0.337078 0.464417 0.343812 0.440458 0.341578 0.440458 0.361797 0.476396 0.373031 0.512354 0.386516 0.560292 0.384266 0.599250 0.391016
60 1 2 0.122937 0.370562 0.176521 0.370562 0.245854 0.354016 0.302604 0.354016 0.308896 0.365844 0.340417 0.365844 0.346729 0.372938 0.318354 0.443859 0.324667 0.479313 0.340417 0.495859 0.409771 0.498234 0.444438 0.486406 0.444438 0.453312 0.441292 0.408391 0.438146 0.380031 0.498021 0.370562 0.624104 0.391844 0.721833 0.427313 0.737583 0.448578 0.737583 0.465125 0.706062 0.474594 0.674542 0.474594 0.665083 0.479313 0.674542 0.502953 0.658792 0.526594 0.702917 0.514781 0.702917 0.536047 0.740750 0.566781 0.800625 0.597516 0.806937 0.618797 0.816396 0.680266 0.781708 0.746453 0.728125 0.803187 0.724979 0.831563 0.709229 0.890656 0.734438 0.963953 0.756500 0.985219 0.009458 0.985219 0.000000 0.372938 0.078813 0.370562 0.097708 0.370562 0.126083 0.370562 0.151292 0.370562 0.176521 0.370562
54 1 1 0.040313 0.443531 0.069917 0.454922 0.071438 0.469156 0.069917 0.486828 0.053208 0.497078 0.000812 0.498219 0.000812 0.431563 0.010688 0.430422 0.033479 0.435547 0.044854 0.441250
