2 1 1 0.172516 0.917917 0.181578 0.861972 0.189656 0.841917 0.200141 0.815389 0.206391 0.809278 0.231797 0.800667 0.243500 0.800305 0.259625 0.796722 0.281812 0.799611 0.311453 0.796722 0.326172 0.803917 0.333234 0.832583 0.336266 0.855167 0.336453 0.867722 0.334641 0.922222 0.335656 0.927583 0.330609 0.948389 0.327187 0.953389 0.322750 0.954472 0.325969 0.967389 0.327391 0.973472 0.326984 0.987472 0.320531 0.991417 0.315891 0.991417 0.313062 0.975278 0.314281 0.963444 0.302172 0.982083 0.301375 0.995333 0.301375 0.999639 0.172109 0.999639 0.165859 0.969889 0.167062 0.944444 0.169484 0.924722
0 1 0 0.055359 0.847806 0.062281 0.834694 0.071828 0.837000 0.073125 0.861667 0.067484 0.875528 0.074859 0.884000 0.078328 0.897111 0.072250 0.963389 0.066625 0.972639 0.066188 0.998833 0.056219 1.000000 0.060547 0.896333 0.052750 0.884000
0 1 0 0.933391 1.000000 0.928297 0.966611 0.929578 0.951917 0.920672 0.937222 0.927031 0.904417 0.935938 0.895389 0.935938 0.879556 0.940391 0.865972 0.948656 0.871639 0.951828 0.882944 0.952469 0.899917 0.954375 0.931556 0.954375 0.963222 0.956922 1.000000
0 1 0 0.172531 0.881583 0.173406 0.867444 0.172531 0.857639 0.173406 0.847417 0.173625 0.839972 0.171203 0.829750 0.167000 0.830139 0.161703 0.848611 0.161047 0.857639 0.164141 0.873333 0.162359 0.892194 0.168547 0.893750 0.170984 0.890611
25 1 1 0.078375 0.822111 0.000000 0.810861 0.000000 0.716472 0.036656 0.689500 0.089750 0.696250 0.135250 0.723222 0.154219 0.795139 0.128937 0.815361
26 1 0 0.667875 0.888778 0.654688 0.932750 0.652219 0.962056 0.646453 0.970111 0.636969 0.967917 0.643156 0.931278 0.652625 0.921750 0.665406 0.882167
0 1 1 0.476828 0.849528 0.472484 0.846306 0.463047 0.845667 0.461594 0.852778 0.461219 0.859222 0.462672 0.865028 0.464125 0.868250 0.465938 0.873417 0.467031 0.877944 0.467031 0.879861 0.465938 0.883083 0.463406 0.887611 0.461953 0.896639 0.461219 0.906333 0.460859 0.911500 0.456875 0.914722 0.453969 0.916667 0.454328 0.919889 0.456141 0.921806 0.456500 0.921806 0.459047 0.923750 0.463406 0.925056 0.466312 0.926333 0.469578 0.930861 0.472844 0.938583 0.473938 0.951500 0.473203 0.955361 0.470656 0.958611 0.467391 0.960528 0.462672 0.959889 0.461219 0.958611 0.460141 0.959250 0.460500 0.973444 0.459766 0.985694 0.458687 0.992167 0.458687 0.996028 0.461594 0.998611 0.464125 0.999889 0.465938 0.995389 0.466312 0.988917 0.468125 0.983111 0.469219 0.996667 0.469578 0.998611 0.474297 0.999250 0.478656 0.999250 0.476828 0.986361 0.478281 0.974722 0.480469 0.958611 0.480469 0.948278 0.481547 0.945056 0.485187 0.934722 0.487000 0.928278 0.490266 0.918583 0.493531 0.909556 0.490984 0.900528 0.487359 0.894722 0.482281 0.882444 0.480828 0.876000 0.479375 0.862444 0.478281 0.854056 0.477203 0.851472 0.476828 0.849528
0 1 0 0.161750 0.968056 0.162297 0.952472 0.161750 0.939833 0.159016 0.926194 0.160656 0.906722 0.162844 0.899889 0.165031 0.896972 0.169969 0.892111 0.171062 0.872639 0.171609 0.852194 0.175453 0.844389 0.180375 0.841472 0.184203 0.847306 0.184750 0.854139 0.182563 0.867778 0.180375 0.883333 0.177641 0.902833 0.169969 0.927167 0.165594 0.952472 0.165031 0.963194
0 1 0 0.140344 0.865000 0.143609 0.861028 0.144984 0.859500 0.146703 0.856444 0.146187 0.847861 0.148250 0.836250 0.150141 0.833806 0.151688 0.832889 0.154625 0.831944 0.158578 0.831639 0.160469 0.833500 0.161500 0.841750 0.161500 0.846944 0.161500 0.854306 0.161844 0.859500 0.162531 0.861639 0.164609 0.863472 0.165297 0.870500 0.166328 0.877861 0.165469 0.888556 0.164609 0.895278 0.163391 0.903250 0.162188 0.907528 0.158234 0.927111 0.160984 0.932611 0.160984 0.939639 0.160812 0.946389 0.160812 0.953417 0.160297 0.960139 0.159781 0.965972 0.159094 0.996556 0.158922 0.998694 0.153078 1.000000 0.145844 0.999611 0.142750 1.000000 0.142578 0.996556 0.144984 0.981250 0.145328 0.971778 0.146016 0.967806 0.147391 0.964750 0.147734 0.961361 0.147734 0.951889 0.146359 0.949750 0.145672 0.946083 0.144641 0.915472 0.145500 0.902028 0.145844 0.889167 0.145328 0.882750 0.144297 0.879389 0.143609 0.877250 0.142750 0.874472 0.142234 0.872639 0.141547 0.871417
26 1 1 0.950578 0.753306 0.950578 0.755444 0.952984 0.760750 0.954766 0.768194 0.955375 0.772444 0.955375 0.778833 0.955375 0.785194 0.954766 0.788389 0.954766 0.791583 0.954766 0.794778 0.954172 0.795833 0.953578 0.799028 0.953578 0.800083 0.952375 0.803278 0.946406 0.802194 0.941016 0.801139 0.937438 0.801139 0.936234 0.801139 0.934437 0.801139 0.933250 0.801139 0.932641 0.801139 0.932047 0.802194 0.933844 0.805389 0.933844 0.805389 0.936234 0.806472 0.939828 0.806472 0.942813 0.806472 0.948797 0.806472 0.952984 0.806472 0.958359 0.809639 0.964344 0.810722 0.972109 0.808583 0.976891 0.807528 0.977500 0.806472 0.984062 0.797944 0.981672 0.791583 0.980484 0.786250 0.978094 0.778833 0.975703 0.770306 0.974500 0.767139 0.973906 0.760750 0.972109 0.757556 0.970922 0.753306 0.968516 0.741611 0.965531 0.728861 0.960156 0.716111 0.957766 0.711861 0.954172 0.700167 0.953578 0.700167 0.955375 0.705472 0.957156 0.713972 0.960750 0.722472 0.961344 0.726722 0.963141 0.733111 0.963734 0.738417 0.965531 0.750111 0.965531 0.752250 0.965531 0.755444 0.957156 0.748000 0.957156 0.748000 0.954172 0.746944 0.954172 0.739500 0.954766 0.734167 0.954766 0.725667 0.953578 0.722472 0.952984 0.718222 0.952984 0.712917 0.953578 0.706528 0.954172 0.702278 0.953578 0.702278 0.952984 0.710778 0.951187 0.718222 0.951187 0.723556 0.951187 0.731000 0.951187 0.733111 0.951187 0.739500 0.949391 0.745861 0.949984 0.750111
0 1 1 0.451875 0.908278 0.451875 0.902250 0.451875 0.893694 0.451594 0.890194 0.451594 0.887667 0.448766 0.888667 0.447641 0.896222 0.446219 0.905278 0.444812 0.915833 0.443391 0.920861 0.441125 0.925389 0.437734 0.928889 0.436328 0.923361 0.437734 0.919361 0.440844 0.905778 0.442266 0.897722 0.442828 0.892194 0.443672 0.883139 0.445375 0.872583 0.446500 0.867556 0.450188 0.860528 0.451875 0.858500 0.454141 0.853472 0.454703 0.846944 0.453297 0.840417 0.453859 0.830861 0.455266 0.827333 0.458391 0.825333 0.461500 0.825833 0.464047 0.832361 0.464609 0.837389 0.463469 0.846444 0.460359 0.855500 0.460922 0.861028 0.462906 0.866556 0.464328 0.876611 0.462906 0.891194 0.462625 0.898722 0.461219 0.904778 0.459797 0.910306 0.456125 0.913806 0.453578 0.915333 0.452719 0.915333
26 1 1 0.470391 0.958444 0.460563 0.955472 0.449797 0.944833 0.452672 0.933750 0.458172 0.927806 0.460328 0.922695 0.461281 0.909917 0.462719 0.909056 0.464641 0.911611 0.465125 0.923528 0.471578 0.934194 0.473266 0.949944 0.470625 0.958028
26 1 1 0.916156 0.808556 0.897984 0.804361 0.887266 0.800472 0.880000 0.794000 0.877266 0.790472 0.877266 0.785278 0.875813 0.743944 0.876734 0.738444 0.878359 0.736528 0.888906 0.732639 0.890906 0.699694 0.891266 0.689361 0.892891 0.682889 0.895625 0.680306 0.898531 0.681278 0.903250 0.698083 0.914875 0.742000 0.924688 0.745889 0.925781 0.749750 0.927234 0.795306 0.923063 0.799833
0 1 1 0.640437 0.934528 0.640437 0.897583 0.645406 0.883806 0.652219 0.873333 0.650359 0.860667 0.652844 0.852389 0.658422 0.851306 0.663391 0.855167 0.665250 0.875000 0.663688 0.881056 0.671750 0.898139 0.674234 0.929556 0.674859 0.949944 0.668656 0.951611 0.668031 0.958778 0.670203 0.969250 0.670516 1.000000 0.659359 0.999000 0.657797 0.974194 0.657188 0.983028 0.657188 1.000000 0.642922 1.000000 0.646016 0.967028 0.654391 0.945556 0.651609 0.935083 0.651906 0.924611 0.646328 0.927361 0.643547 0.929000
0 1 0 0.071219 0.878639 0.076312 0.867083 0.072906 0.863056 0.071219 0.862556 0.069516 0.850472 0.069516 0.837417 0.070937 0.835889 0.072625 0.834389 0.074609 0.834389 0.078859 0.837417 0.079703 0.845444 0.083656 0.847472 0.088750 0.848472 0.096391 0.853000 0.100922 0.875611 0.101203 0.902778 0.101203 0.906806 0.098937 0.935472 0.097516 0.952556 0.097234 0.956583 0.090453 0.994806 0.090453 1.000000 0.070937 0.997806 0.069516 0.994806 0.071500 0.969639 0.072625 0.956583 0.073203 0.946528 0.073484 0.933444 0.076312 0.907306 0.077156 0.894222 0.075453 0.883667 0.072906 0.880639
26 1 1 0.919734 0.687889 0.924641 0.687889 0.942172 0.743083 0.949844 0.752361 0.954469 0.768750 0.955391 0.799917 0.949234 0.803722 0.924953 0.799917 0.924641 0.755639 0.916656 0.743083 0.918187 0.740889 0.924641 0.740889 0.924031 0.734333 0.921266 0.701556
0 1 1 0.390594 0.986528 0.389328 0.966306 0.395641 0.937083 0.401969 0.865167 0.401969 0.840444 0.410813 0.842694 0.415875 0.860667 0.423453 0.865167 0.429781 0.885389 0.434828 0.977528 0.429781 0.977528 0.424719 0.921361 0.425984 0.988778 0.396906 0.986528
