59 1 0 0.831594 0.539836 0.774547 0.570986 0.758984 0.615141 0.774547 0.760610 0.774547 0.763192 0.771094 0.846315 0.771094 0.861901 0.835063 0.877488 0.945703 0.932042 0.943984 0.906056 0.933609 0.799577 0.918047 0.763192 0.918047 0.716455 0.919766 0.706056 0.911125 0.706056 0.893844 0.706056 0.852344 0.607371
73 1 0 0.378078 0.441033 0.394516 0.480188 0.399047 0.478920 0.399906 0.476361 0.380906 0.433779 0.367875 0.429108 0.364188 0.431244 0.379219 0.440610
73 1 0 0.279750 0.333286 0.279750 0.333286 0.322672 0.330376 0.323641 0.266620 0.278281 0.266620
74 1 0 0.529156 0.224507 0.533078 0.244108 0.541672 0.255070 0.546641 0.259366 0.560969 0.259765 0.565938 0.253897 0.570109 0.244883 0.571672 0.231948 0.570359 0.209624 0.559406 0.191995 0.552375 0.184554 0.541937 0.186103 0.534109 0.192770 0.529938 0.201784 0.528641 0.212746
73 1 0 0.352391 0.410235 0.346406 0.410939 0.344563 0.347981 0.352156 0.347300 0.352609 0.409554
73 1 0 0.327312 0.428005 0.326094 0.428005 0.322047 0.429202 0.328734 0.498192 0.332172 0.498192 0.332375 0.498192 0.328125 0.428310 0.332172 0.427700 0.334188 0.498192
73 1 0 0.326422 0.345775 0.331375 0.346831 0.333500 0.410610 0.329969 0.409554
73 1 0 0.348172 0.477606 0.348734 0.472934 0.368531 0.470798 0.380688 0.473357 0.379281 0.484413 0.353828 0.492042 0.348172 0.491197
73 1 0 0.400219 0.476972 0.383219 0.438239 0.374156 0.432700 0.370469 0.429718 0.373297 0.425892 0.383500 0.426315 0.385484 0.428028 0.402484 0.474014 0.402484 0.475282 0.401359 0.478263
73 1 0 0.465187 0.391103 0.465187 0.345962 0.471125 0.344789 0.470719 0.393474 0.462031 0.393474
73 1 0 0.421469 0.366667 0.432297 0.363498 0.441328 0.365869 0.441922 0.367465 0.441625 0.373779 0.420859 0.376502 0.420641 0.366549
73 1 0 0.457406 0.342653 0.464031 0.344296 0.462922 0.394812 0.455203 0.395657
73 1 0 0.442688 0.375305 0.421297 0.377277 0.420781 0.388638 0.442688 0.385493
73 1 0 0.340828 0.411643 0.334875 0.412488 0.331766 0.347770 0.337719 0.346080
73 1 0 0.420844 0.388920 0.443609 0.386972 0.443188 0.396009 0.420422 0.398592 0.420422 0.394718
73 1 0 0.455234 0.347981 0.454891 0.394507 0.451094 0.389836 0.451453 0.348239
73 1 0 0.338422 0.353075 0.339203 0.413944 0.346984 0.411033 0.344656 0.348099 0.342906 0.343404 0.342906 0.343404 0.338422 0.343404 0.338219 0.343685
73 1 0 0.470453 0.344859 0.470453 0.391972 0.473891 0.391972 0.475172 0.342277 0.471734 0.342277 0.470875 0.342277
