39 1 1 0.452047 0.328792 0.450375 0.287771 0.450375 0.282729 0.457328 0.282167 0.459219 0.287208 0.461109 0.282167 0.466797 0.281604 0.472703 0.282438 0.476500 0.287771 0.476500 0.295354 0.477125 0.330750 0.453312 0.332438 0.452266 0.327938
58 1 1 0.198875 0.466750 0.197172 0.462208 0.196594 0.459917 0.197172 0.453104 0.197172 0.447021 0.196031 0.445521 0.194891 0.442479 0.193188 0.439437 0.191484 0.436417 0.190344 0.433375 0.186922 0.427292 0.189766 0.421229 0.194328 0.417437 0.198875 0.415917 0.200578 0.412896 0.207406 0.417437 0.207984 0.417437 0.210250 0.418958 0.212531 0.423500 0.213672 0.426542 0.213109 0.431854 0.213672 0.436417 0.213109 0.439437 0.212531 0.446271 0.210828 0.454625 0.209125 0.456896 0.207984 0.458417 0.206281 0.460688 0.205703 0.463729 0.204000 0.465229 0.202297 0.466000
73 1 1 0.330516 0.589188 0.338891 0.493208 0.393016 0.491729 0.394125 0.505104 0.387438 0.593646 0.382406 0.598854 0.336656 0.595875
69 1 0 0.599656 0.484229 0.587844 0.673417 0.646953 0.704958 0.646953 0.500000
39 1 1 0.483516 0.330396 0.482766 0.283521 0.482766 0.277479 0.486172 0.271437 0.492219 0.269917 0.491844 0.277479 0.496375 0.271937 0.511875 0.272937 0.515656 0.281000 0.515266 0.290083 0.515266 0.332917
58 1 1 0.269547 0.444938 0.270688 0.439604 0.271266 0.439604 0.273547 0.438063 0.275266 0.435792 0.275844 0.431979 0.271266 0.428167 0.263828 0.427396 0.258125 0.428167 0.253547 0.417500 0.255266 0.413688 0.258687 0.411396 0.260984 0.407583 0.263828 0.404542 0.270125 0.397687 0.272406 0.396146 0.283266 0.393875 0.288422 0.393875 0.292422 0.393875 0.294703 0.393875 0.296422 0.396146 0.298125 0.400729 0.299844 0.412167 0.299844 0.422833 0.298703 0.425875 0.294703 0.426646 0.292984 0.426646 0.289563 0.426646 0.287844 0.434250 0.287844 0.436542 0.271266 0.446458
41 1 1 0.398828 0.304812 0.397156 0.337021 0.377172 0.337021 0.373844 0.297042 0.380500 0.297042 0.393828 0.298167 0.398000 0.303708
49 1 1 0.290078 0.563500 0.292109 0.561083 0.292219 0.560333 0.294266 0.561687 0.296984 0.561687 0.298797 0.561542 0.301078 0.561229 0.302437 0.560625 0.303906 0.558667 0.304812 0.556104 0.304703 0.549583 0.302891 0.545667 0.301750 0.543688 0.300047 0.541875 0.298234 0.541729 0.296078 0.541729 0.294047 0.542646 0.293250 0.542792 0.292797 0.541438 0.291656 0.540375 0.290406 0.540063 0.289844 0.562604
39 1 1 0.425594 0.328021 0.425594 0.298292 0.430172 0.292583 0.431391 0.285646 0.438734 0.287687 0.442703 0.295437 0.445453 0.319063 0.444844 0.330479 0.432312 0.332500 0.426500 0.329667
39 1 1 0.408031 0.331583 0.418344 0.331875 0.420250 0.331313 0.421500 0.309104 0.418766 0.304062 0.418344 0.299854 0.416875 0.296479 0.415812 0.291979 0.415609 0.288042 0.411187 0.288042 0.411391 0.296750 0.410125 0.298438 0.409922 0.305458 0.407188 0.309104 0.406125 0.317250 0.406969 0.328208
56 1 0 0.504281 0.657687 0.489828 0.724083 0.380625 0.736917 0.379016 0.925354 0.419172 0.978896 0.544438 0.959625 0.557281 0.644854 0.550859 0.627708 0.499469 0.578458 0.513922 0.516375 0.560500 0.527063
73 1 1 0.205781 0.442813 0.190234 0.596521 0.212313 0.601979 0.284266 0.601979 0.296531 0.455896 0.296531 0.450438
56 1 0 0.003219 0.591625 0.024094 0.724375 0.102781 0.730812 0.109203 0.992042 0.080297 0.917104 0.006422 0.923521
