0 1 0 0.839094 0.163854 0.833047 0.127146 0.833813 0.118604 0.833813 0.103521 0.833813 0.100000 0.837203 0.093958 0.836828 0.091458 0.836078 0.086417 0.839844 0.084917 0.845500 0.084917 0.848141 0.099500 0.852672 0.115583 0.848141 0.127646 0.846250 0.128667 0.846625 0.164354
17 1 0 0.641000 0.318875 0.613344 0.394792 0.619844 0.468542 0.624734 0.490229 0.614969 0.498917 0.618219 0.553146 0.641000 0.676792 0.639375 0.700646 0.634484 0.700646 0.632859 0.698479 0.631234 0.715833 0.613344 0.720167 0.595437 0.726687 0.582422 0.733187 0.566156 0.674625 0.527109 0.631229 0.504344 0.624729 0.476687 0.750542 0.481563 0.824292 0.489703 0.876354 0.449031 0.969625 0.439266 1.000000 0.248922 0.997833 0.000000 0.993500 0.000000 0.559646 0.066703 0.564000 0.146422 0.568333 0.177328 0.564000 0.214750 0.542292 0.260297 0.494583 0.287969 0.494583 0.324391 0.441583 0.352391 0.443125 0.371062 0.376250 0.408375 0.394917 0.441047 0.380917 0.488859 0.356042 0.521531 0.332708 0.506359 0.326500 0.520359 0.298500 0.541359 0.292271 0.546016 0.256500 0.582188 0.286063 0.611344 0.273604 0.610172 0.343604 0.634672 0.312500 0.639344 0.314042
0 1 1 0.483672 0.152313 0.463875 0.130792 0.461672 0.094604 0.455797 0.073083 0.429391 0.071125 0.412516 0.091667 0.413250 0.117104 0.425719 0.147437 0.405906 0.171875 0.393438 0.189500 0.372906 0.244271 0.369969 0.295125 0.384641 0.316646 0.400047 0.341104 0.402250 0.378271 0.454328 0.355771 0.455797 0.341104 0.491750 0.335229 0.492484 0.307854 0.485141 0.240354 0.493219 0.194375 0.501281 0.170896 0.481469 0.149396
0 0 1 0.758422 0.604500 0.756734 0.568542 0.768547 0.543813 0.770219 0.519104 0.758422 0.489896 0.761797 0.406750 0.761797 0.323604 0.756734 0.314604 0.748313 0.352812 0.760109 0.393250 0.743266 0.404500 0.736516 0.384271 0.746625 0.352812 0.736516 0.321354 0.739891 0.283146 0.750000 0.256187 0.746625 0.233708 0.748313 0.213479 0.775281 0.179771 0.785391 0.152812 0.783703 0.123604 0.792141 0.096625 0.802250 0.092125 0.820781 0.103375 0.824156 0.121354 0.827531 0.125833 0.827531 0.143812 0.827531 0.161792 0.829219 0.173042 0.857859 0.200000 0.857859 0.217979 0.859547 0.283146 0.867984 0.289896 0.869656 0.341583 0.876406 0.395500 0.861234 0.395500 0.859547 0.377521 0.856188 0.388771 0.851125 0.386521 0.859547 0.352812 0.849438 0.294375 0.842703 0.341583 0.849438 0.375271 0.852812 0.460667 0.859547 0.608979 0.832578 0.611229 0.832578 0.555062 0.820781 0.469667 0.802859 0.383208 0.791062 0.457375 0.791062 0.531521 0.782641 0.616917 0.755672 0.610188
0 1 1 0.710250 0.158375 0.712953 0.129417 0.713859 0.099250 0.719297 0.094417 0.721109 0.081146 0.730156 0.095625 0.733781 0.118562 0.731969 0.164417 0.721109 0.162000 0.712953 0.163208
0 1 1 0.002734 0.104479 0.015047 0.118646 0.025109 0.138042 0.032375 0.176083 0.034062 0.199958 0.033500 0.217854 0.025109 0.245458 0.015047 0.255146 0.022312 0.286479 0.022312 0.305125 0.015047 0.319292 0.000000 0.352125 0.000000 0.220833 0.000000 0.189521 0.001609 0.105979
17 1 0 0.004844 0.326875 0.017734 0.318271 0.029031 0.303229 0.035484 0.292479 0.045156 0.270958 0.046781 0.251604 0.059672 0.238708 0.064516 0.227958 0.070969 0.255917 0.104844 0.243021 0.117734 0.240854 0.130641 0.225812 0.150000 0.215063 0.156453 0.204292 0.161297 0.184937 0.172578 0.176354 0.187094 0.189250 0.177422 0.210750 0.191937 0.210750 0.209672 0.208604 0.219359 0.208604 0.220969 0.206458 0.227422 0.204292 0.235484 0.197854 0.243547 0.182792 0.243547 0.210750 0.259672 0.225812 0.264516 0.227958 0.262906 0.260208 0.259672 0.294625 0.266125 0.316125 0.280641 0.337625 0.285484 0.356979 0.290328 0.376354 0.298391 0.391396 0.308062 0.406458 0.317734 0.423646 0.330641 0.438708 0.304844 0.440854 0.304844 0.449458 0.300000 0.455917 0.293547 0.473125 0.280641 0.486021 0.262906 0.486021 0.246781 0.486021 0.235484 0.488167 0.232266 0.501083 0.180641 0.479562 0.175812 0.486021 0.170969 0.490313 0.166125 0.501083 0.161297 0.531187 0.148391 0.554833 0.148391 0.565583 0.133875 0.567750 0.114516 0.565583 0.091937 0.565583 0.087094 0.565583 0.077422 0.565583 0.061297 0.565583 0.051609 0.565583 0.038703 0.563438 0.022578 0.563438 0.006453 0.563438 0.004844 0.559146 0.004844 0.554833 0.004844 0.533333 0.004844 0.511833 0.004844 0.494625 0.004844 0.470958 0.003219 0.447313 0.003219 0.425813 0.004844 0.404292 0.004844 0.382792 0.006453 0.354833 0.006453 0.346229
0 1 0 0.291203 0.048167 0.291203 0.076812 0.289156 0.100000 0.293250 0.115000 0.294281 0.123188 0.308609 0.136833 0.297344 0.149104 0.296328 0.160021 0.293250 0.168208 0.284047 0.185937 0.266656 0.194125 0.246187 0.210500 0.253359 0.236417 0.257437 0.248708 0.260516 0.255521 0.265625 0.255521 0.266656 0.255521 0.266656 0.258250 0.273813 0.282813 0.291203 0.254167 0.291203 0.295083 0.293250 0.322375 0.294281 0.336021 0.304516 0.402708 0.348516 0.450458 0.360781 0.457292 0.363859 0.428625 0.355672 0.387708 0.356687 0.364521 0.367953 0.324958 0.370000 0.307208 0.367953 0.199438 0.362828 0.173521 0.354641 0.118937 0.336234 0.103937 0.336234 0.093021 0.340328 0.086208 0.346469 0.078021 0.346469 0.064375 0.333156 0.043917 0.331109 0.043917 0.317813 0.031625 0.312703 0.031625 0.304516 0.033000 0.295297 0.033000 0.289156 0.037083
0 1 1 0.494391 0.314167 0.517938 0.305188 0.524656 0.285021 0.531391 0.278292 0.544844 0.264833 0.554937 0.264833 0.573438 0.264833 0.583516 0.255875 0.586891 0.246896 0.593609 0.240167 0.600344 0.231208 0.591922 0.188604 0.591922 0.175146 0.590250 0.159458 0.580156 0.143750 0.580156 0.137042 0.576797 0.130313 0.565016 0.123583 0.559984 0.121333 0.549891 0.114604 0.549891 0.098917 0.549891 0.058563 0.533078 0.047354 0.526344 0.047354 0.517938 0.047354 0.506172 0.060792 0.499438 0.074250 0.497766 0.083229 0.499438 0.096667 0.501125 0.123583 0.489344 0.141521 0.480937 0.150479 0.494391 0.152729 0.499438 0.172917 0.494391 0.197563 0.485984 0.222229 0.487672 0.233438 0.485984 0.264833 0.489344 0.287250 0.489344 0.305188 0.491031 0.311917
0 1 0 0.613797 0.167438 0.606687 0.168313 0.607813 0.163792 0.607437 0.146771 0.604813 0.143271 0.604062 0.134771 0.601438 0.132771 0.602188 0.114750 0.602188 0.107729 0.607062 0.096229 0.604062 0.091708 0.604062 0.085208 0.606313 0.083208 0.610828 0.084208 0.613453 0.090208 0.612703 0.093708 0.616453 0.098729 0.616828 0.126250 0.615328 0.130771 0.614203 0.161292
