8 1 0 0.001859 0.525917 0.072219 0.533333 0.083328 0.565437 0.137031 0.570375 0.164813 0.562958 0.175922 0.562958 0.146297 0.767896 0.003703 0.785188 0.000000 0.530854
2 1 1 0.103875 0.500625 0.109219 0.498042 0.114063 0.495438 0.116500 0.495438 0.122797 0.495438 0.127656 0.496083 0.131531 0.501917 0.136375 0.503208 0.137844 0.509021 0.141719 0.512271 0.145109 0.512271 0.147047 0.516792 0.149000 0.526500 0.149000 0.529729 0.150453 0.534896 0.149484 0.538125 0.145594 0.539437 0.143172 0.539437 0.141719 0.539437 0.136859 0.539437 0.128141 0.542021 0.121828 0.542667 0.113094 0.541375 0.109219 0.541375 0.102422 0.538771 0.099031 0.531021 0.099516 0.521958 0.099516 0.515500 0.100969 0.507083 0.104359 0.501271
8 1 0 0.642266 0.552292 0.648313 0.574917 0.653969 0.584479 0.732781 0.592021 0.759937 0.584479 0.757672 0.540229 0.754281 0.525646 0.722969 0.509042 0.690547 0.513063 0.677719 0.524625 0.653969 0.533688 0.643031 0.553792
2 1 1 0.001797 0.493750 0.010000 0.495396 0.017781 0.503583 0.023516 0.518896 0.021891 0.524896 0.013281 0.518896 0.002219 0.519437 0.001391 0.494833
2 1 1 0.189516 0.526146 0.175516 0.526792 0.173578 0.526146 0.175516 0.511979 0.178891 0.502958 0.181313 0.500396 0.194344 0.498458 0.206422 0.498458 0.209797 0.513271 0.215594 0.518417 0.219453 0.525500 0.219937 0.533229 0.218016 0.543542 0.201594 0.538375 0.189031 0.537729 0.186625 0.541604 0.171641 0.541604 0.171172 0.535812 0.207859 0.532583 0.218484 0.533229
2 1 1 0.047891 0.529167 0.047406 0.517521 0.047406 0.509104 0.047891 0.503937 0.049344 0.500063 0.050313 0.496188 0.051766 0.493583 0.054688 0.491646 0.060984 0.491646 0.074094 0.491646 0.077484 0.493583 0.080391 0.499417 0.082813 0.507812 0.082328 0.516229 0.081844 0.523979 0.082328 0.534333 0.082328 0.538875 0.078453 0.539521 0.074578 0.534979 0.070203 0.532396 0.059531 0.532396 0.055172 0.532396 0.048859 0.530458 0.045469 0.525937
14 1 0 0.806297 0.658229 0.801250 0.657625 0.799875 0.654250 0.797125 0.653646 0.793453 0.652729 0.791391 0.652417 0.787484 0.650875 0.787031 0.648438 0.788625 0.647521 0.795516 0.646604 0.802172 0.648125 0.802625 0.648125 0.805156 0.645063 0.807453 0.642021 0.809969 0.641708 0.812953 0.642625 0.812953 0.643854 0.812719 0.647833 0.809734 0.657313
14 1 0 0.810078 0.643729 0.811266 0.643500 0.812203 0.637167 0.813813 0.636687 0.814109 0.635188 0.814109 0.632646 0.814875 0.631146 0.815063 0.627979 0.814234 0.627104 0.812453 0.627104 0.811969 0.628458 0.811500 0.630437 0.810422 0.631063 0.808109 0.631625 0.804734 0.631063 0.802656 0.630917 0.801766 0.631312 0.803125 0.633521 0.804016 0.634708 0.804969 0.635188 0.806156 0.637563 0.806453 0.637708 0.808000 0.637792 0.809234 0.638271 0.809297 0.638271 0.809828 0.638438 0.810250 0.638667
14 1 0 0.661188 0.631896 0.678656 0.628167 0.680766 0.626292 0.679359 0.634687 0.675172 0.637479 0.675859 0.642146 0.673766 0.643063 0.669578 0.637479 0.661188 0.637479
14 1 0 0.297594 0.663208 0.296375 0.669292 0.295469 0.667667 0.295469 0.661167 0.290594 0.659146 0.288766 0.653875 0.287250 0.648604 0.287250 0.645354 0.290594 0.643729 0.293031 0.645354 0.297906 0.648604 0.300328 0.651042 0.309469 0.654688 0.309156 0.657125 0.302469 0.660354
14 1 0 0.339031 0.618417 0.340391 0.617375 0.342141 0.617646 0.342516 0.619187 0.342719 0.620750 0.344844 0.621000 0.347172 0.623062 0.348922 0.624104 0.350469 0.625146 0.352984 0.627458 0.351438 0.627729 0.349688 0.627729 0.347562 0.628500 0.346984 0.629021 0.346594 0.630313 0.346594 0.631083 0.346203 0.632625 0.346016 0.633146 0.345234 0.633667 0.344453 0.633667 0.344453 0.632625 0.343875 0.632104 0.342906 0.630042 0.342328 0.630042 0.342328 0.628500 0.340203 0.628500 0.339609 0.628229 0.339031 0.626938 0.338266 0.625396 0.338266 0.623583 0.338062 0.621250 0.338641 0.618667 0.339031 0.617375
14 1 1 0.401422 0.653396 0.403094 0.650437 0.405094 0.648354 0.405531 0.645979 0.407312 0.642417 0.408875 0.642271 0.411656 0.647021 0.414094 0.654583 0.412547 0.659333 0.411656 0.662000 0.411547 0.664208 0.410203 0.666000 0.409094 0.669417 0.408094 0.667042 0.406422 0.663771 0.405641 0.666438 0.405422 0.669250 0.403984 0.669417 0.402094 0.667771 0.401203 0.663625 0.400859 0.660208 0.400203 0.655021
14 1 1 0.712062 0.632812 0.715187 0.633292 0.715828 0.630979 0.716922 0.630604 0.717469 0.632438 0.716828 0.633167 0.717750 0.634521 0.718672 0.637333 0.718297 0.638313 0.717203 0.639417 0.716375 0.642104 0.716656 0.645646 0.715828 0.640375 0.713250 0.640875 0.713531 0.646750 0.712516 0.640021 0.711703 0.638187 0.710688 0.635625 0.710875 0.632313 0.711969 0.632812
14 1 1 0.342594 0.660333 0.342000 0.656937 0.342984 0.650917 0.348094 0.647250 0.351813 0.651167 0.352203 0.657979 0.349859 0.661125 0.346719 0.661917 0.346516 0.664792 0.348875 0.668458 0.344938 0.665833 0.344156 0.661646
14 1 1 0.198672 0.630625 0.196078 0.627354 0.193141 0.621083 0.193969 0.613729 0.195969 0.615125 0.196078 0.618104 0.200078 0.617479 0.202922 0.623000 0.201938 0.631396 0.198594 0.630688
14 1 0 0.786109 0.634500 0.788844 0.636333 0.792047 0.637229 0.795469 0.635417 0.798219 0.633583 0.800266 0.629937 0.798437 0.627792 0.796156 0.627792 0.792953 0.627187 0.790219 0.628104 0.788625 0.629937 0.786563 0.632063 0.784281 0.633271 0.784281 0.633583
14 1 1 0.705984 0.634792 0.705234 0.631292 0.706484 0.627292 0.708734 0.626292 0.710734 0.627625 0.712594 0.630625 0.712094 0.632458 0.710734 0.634292 0.710484 0.635792 0.708609 0.635792 0.708359 0.635792 0.707359 0.635125
14 1 0 0.487094 0.586792 0.487094 0.584208 0.484188 0.584208 0.484672 0.581000 0.487094 0.580354 0.491453 0.585500 0.493391 0.586792 0.494844 0.587438 0.490000 0.588083 0.488547 0.588083 0.488547 0.591312 0.487094 0.591312 0.487094 0.588729 0.485641 0.584854
