56 1 0 0.506560 0.728853 0.528200 0.722533 0.523680 0.703307 0.514400 0.701920 0.510880 0.693680 0.512960 0.688453 0.515020 0.679093 0.515020 0.676640 0.495420 0.679920 0.482640 0.707147 0.461200 0.708240 0.463680 0.717600 0.459960 0.718693 0.461820 0.729680
25 1 1 0.604220 0.627013 0.629500 0.609040 0.666580 0.609040 0.656480 0.622533 0.637940 0.624773 0.639620 0.658480 0.636240 0.658480 0.631200 0.629280 0.607600 0.633760
0 1 0 0.071660 0.672960 0.070260 0.674933 0.070600 0.687627 0.065160 0.688000 0.064960 0.674213 0.066300 0.672240 0.069520 0.670720 0.072200 0.670800 0.072140 0.673307
56 1 0 0.050740 0.829760 0.049740 0.808747 0.039900 0.806773 0.039400 0.800213 0.057620 0.792347 0.080280 0.784453 0.128560 0.783147 0.152680 0.749653 0.160080 0.746373 0.179280 0.743733 0.181740 0.745040 0.170420 0.773280 0.173380 0.775920 0.199480 0.779200 0.198500 0.812693 0.190120 0.814000 0.189140 0.795627 0.176320 0.800880 0.173380 0.826480 0.167960 0.826480 0.165500 0.804160 0.129040 0.802187 0.086680 0.804160 0.086680 0.817280 0.076340 0.818613 0.076340 0.806773 0.055660 0.806773 0.058120 0.829120 0.055160 0.830427
25 1 1 0.063480 0.659920 0.049040 0.677440 0.039840 0.652933 0.101560 0.609147 0.123880 0.591627 0.142280 0.591627 0.164600 0.605653 0.218440 0.623147 0.228940 0.626667 0.218440 0.633653 0.158040 0.659920 0.142280 0.666933 0.142280 0.691440 0.146220 0.710693 0.146220 0.728213 0.146220 0.745733 0.139640 0.747467 0.134400 0.747467 0.131760 0.703707 0.131760 0.686187 0.130460 0.675680 0.126520 0.665173
0 1 0 0.310820 0.692320 0.314480 0.691333 0.317420 0.705040 0.314480 0.710907 0.317420 0.712853 0.315220 0.730453 0.325480 0.737307 0.328420 0.742213 0.321820 0.759813 0.327680 0.766667 0.318880 0.765680 0.308620 0.767627 0.311540 0.763733 0.313760 0.748080 0.306420 0.745147 0.297620 0.739280 0.299080 0.716773 0.306420 0.704053 0.304940 0.696240 0.310820 0.691333
0 1 0 0.693160 0.661867 0.693480 0.671547 0.693160 0.675760 0.692380 0.677013 0.689380 0.675333 0.688260 0.675333 0.689380 0.670507 0.689540 0.668187 0.688900 0.663760 0.687960 0.662907 0.687160 0.660187 0.688100 0.653867 0.687800 0.648400 0.687640 0.644613 0.686220 0.638507 0.685580 0.633680 0.686840 0.626507 0.687480 0.625253 0.687160 0.621680 0.687160 0.615573 0.688260 0.612213 0.690480 0.611147 0.693940 0.614533 0.694420 0.616213 0.696000 0.619573 0.698680 0.623787 0.701360 0.636613 0.702320 0.646507 0.702160 0.653867 0.703900 0.669653 0.704360 0.670693 0.700100 0.671760 0.698520 0.672187 0.698520 0.669653 0.698840 0.668613 0.699000 0.665013 0.698520 0.661867 0.696940 0.660400 0.694260 0.661227 0.693320 0.661867
25 1 1 0.291680 0.696720 0.291680 0.690880 0.289060 0.681573 0.286440 0.674560 0.286440 0.668747 0.286440 0.662907 0.286440 0.658240 0.289060 0.655920 0.296060 0.653600 0.334520 0.641920 0.338900 0.641920 0.344140 0.640773 0.348500 0.636107 0.349380 0.634933 0.352000 0.627947 0.345880 0.622107 0.342380 0.622107 0.334520 0.620960 0.331900 0.618613 0.331020 0.618613 0.324900 0.616293 0.317040 0.613947 0.316160 0.613947 0.310040 0.613947 0.307420 0.613947 0.303040 0.612800 0.293440 0.606960 0.291680 0.606960 0.277700 0.606960 0.275080 0.606960 0.271580 0.609307 0.265460 0.612800 0.251460 0.620960 0.239220 0.622107 0.219120 0.636107 0.219120 0.637280 0.219120 0.644267 0.221740 0.654747 0.225240 0.653600 0.230480 0.651253 0.236600 0.651253 0.242720 0.651253 0.251460 0.651253 0.260220 0.653600 0.265460 0.653600 0.268080 0.654747 0.271580 0.654747 0.275940 0.651253 0.278560 0.653600 0.278560 0.659413 0.278560 0.681573 0.278560 0.690880 0.278560 0.701387 0.281200 0.711867 0.281200 0.711867 0.288180 0.700213 0.289940 0.692053
0 1 0 0.700340 0.628187 0.700640 0.637200 0.702400 0.647787 0.702400 0.652880 0.703280 0.657573 0.705920 0.658747 0.710320 0.661893 0.714740 0.661493 0.715020 0.668160 0.717080 0.669333 0.721500 0.660720 0.718260 0.655627 0.714740 0.652480 0.713260 0.652480 0.714140 0.647387 0.718260 0.642693 0.715920 0.635253 0.704160 0.628987
0 1 0 0.071780 0.740160 0.065400 0.749947 0.058700 0.754213 0.058700 0.761867 0.053900 0.761013 0.054860 0.749947 0.065080 0.742720 0.065720 0.726960 0.065720 0.710773 0.069240 0.707387 0.069240 0.698427 0.074340 0.696720 0.077540 0.698427 0.076260 0.705680 0.074980 0.710347 0.078180 0.714613 0.078500 0.725680 0.076260 0.727387 0.076260 0.727387 0.080080 0.735467 0.081680 0.754640 0.081680 0.754640 0.085200 0.757200 0.082640 0.763147 0.075300 0.761440 0.073700 0.739733
56 1 0 0.385100 0.748560 0.385100 0.731173 0.423240 0.729893 0.422760 0.747280 0.426620 0.744693 0.428080 0.730533 0.439660 0.729893 0.441600 0.745360 0.444020 0.738907 0.444020 0.729253 0.452220 0.726027 0.455600 0.743413 0.457540 0.736987 0.456080 0.720240 0.463340 0.716373 0.462360 0.711227 0.441600 0.711227 0.439660 0.709280 0.449800 0.689333 0.417940 0.688693 0.397180 0.722800 0.342120 0.729253 0.341640 0.737627 0.348880 0.740187 0.351300 0.754373 0.355160 0.746640 0.366740 0.746640 0.370620 0.751147 0.371580 0.741493 0.381240 0.741493
0 1 0 0.958980 0.613493 0.957300 0.597760 0.974160 0.591013 0.979220 0.586507 0.982580 0.591013 0.991020 0.608987 0.982580 0.615733 0.972480 0.617973 0.955620 0.617973
56 1 0 0.212500 0.803253 0.212500 0.787707 0.202340 0.787200 0.203480 0.775653 0.183540 0.773147 0.179780 0.750080 0.198200 0.744560 0.212500 0.767147 0.225680 0.768133 0.226420 0.777173 0.224540 0.781173 0.226800 0.801253 0.221540 0.800240 0.221540 0.786693 0.215520 0.786693 0.217780 0.801253
56 1 0 0.214320 0.751573 0.251760 0.743947 0.270480 0.713467 0.303480 0.712427 0.294380 0.743600 0.302960 0.745333 0.300620 0.766827 0.294380 0.767520 0.294900 0.761280 0.281380 0.761280 0.281900 0.769600 0.276440 0.769947 0.277220 0.760240 0.215360 0.760240 0.210680 0.755387
16 1 0 0.185620 0.919707 0.227860 0.923733 0.242960 0.949893 0.220320 0.968000 0.162980 0.972027 0.153920 0.945867 0.182600 0.937813
0 1 0 0.625140 0.648720 0.625140 0.643627 0.625140 0.641067 0.625140 0.638160 0.625140 0.635253 0.625140 0.633040 0.625140 0.631333 0.625280 0.629467 0.626420 0.628107 0.628340 0.626747 0.628980 0.625200 0.630140 0.624693 0.630640 0.632373 0.631160 0.634053 0.631800 0.635440 0.632180 0.636293 0.632180 0.641387 0.632060 0.648213 0.630640 0.647040 0.630520 0.641733 0.630140 0.639867 0.628720 0.640373 0.627960 0.643947 0.627060 0.649067
0 1 0 0.809320 0.582347 0.812600 0.577200 0.815300 0.577200 0.817040 0.578240 0.816860 0.583893 0.816080 0.587787 0.815500 0.593707 0.815700 0.599120 0.816860 0.601173 0.814540 0.608400 0.814540 0.613040 0.813760 0.616400 0.806800 0.616667 0.807180 0.599120 0.804660 0.592427 0.805440 0.585707 0.809700 0.582613
0 1 0 0.421720 0.686080 0.427160 0.669467 0.425240 0.661387 0.429700 0.652853 0.437060 0.661813 0.440240 0.672880 0.439920 0.684800 0.437060 0.689920 0.431940 0.689920
56 1 0 0.679680 0.645067 0.671380 0.659253 0.668000 0.672747 0.662040 0.673093 0.660480 0.665120 0.654520 0.663760 0.646980 0.664080 0.644660 0.671013 0.643100 0.672747 0.640240 0.670667 0.639200 0.665813 0.636880 0.663067 0.634540 0.657173 0.637660 0.657867 0.660740 0.655787 0.666440 0.650960 0.672400 0.644027 0.676040 0.637467 0.678120 0.636080 0.683300 0.639547 0.683560 0.641973
25 1 1 0.856720 0.578507 0.876440 0.560293 0.887080 0.564347 0.887080 0.572453 0.871900 0.576507 0.862780 0.578507
25 1 1 0.350340 0.624720 0.367120 0.615707 0.384420 0.615333 0.403080 0.621120 0.421460 0.634080 0.395780 0.640587 0.379000 0.648880 0.373340 0.647440 0.362240 0.639867 0.348460 0.642747 0.347920 0.635173 0.351980 0.628320
25 1 1 0.420960 0.630827 0.431960 0.625040 0.435980 0.621920 0.440300 0.619707 0.446320 0.619253 0.448320 0.617493 0.452320 0.617040 0.455660 0.619253 0.480020 0.624587 0.487680 0.627280 0.495360 0.628613 0.500040 0.629947 0.501040 0.633947 0.500040 0.635280 0.494020 0.637067 0.485020 0.638400 0.477340 0.639733 0.474680 0.641947 0.468340 0.644613 0.455320 0.644613 0.444640 0.645520 0.439980 0.645947 0.431300 0.645947 0.422620 0.646853 0.411620 0.646853 0.405620 0.646400 0.401280 0.641493 0.404940 0.639733 0.411620 0.638400 0.420960 0.632160
25 1 1 0.002680 0.656853 0.015720 0.665973 0.023800 0.672587 0.026900 0.677547 0.000200 0.685013 0.000200 0.657680
25 1 1 0.551460 0.630640 0.565980 0.631920 0.574220 0.630640 0.577120 0.627413 0.587760 0.626107 0.599380 0.629333 0.609060 0.628053 0.614860 0.626107 0.617780 0.624827 0.614860 0.612560 0.605180 0.611280 0.588240 0.606747 0.585820 0.606107 0.574700 0.605467 0.558240 0.610640 0.553400 0.613867 0.549520 0.617093 0.548080 0.617733 0.538400 0.619653 0.537420 0.627413 0.550500 0.632560 0.553400 0.632560
37 1 2 0.376760 0.681867 0.371700 0.682213 0.365540 0.682373 0.362080 0.682373 0.361480 0.680560 0.361960 0.678427 0.364180 0.676453 0.369720 0.674800 0.375640 0.672187 0.375880 0.672027 0.381060 0.669893 0.381320 0.669547 0.390060 0.669547 0.391780 0.671040 0.391780 0.674160 0.389440 0.677920 0.384020 0.679413 0.381440 0.678107
0 1 0 0.567420 0.682373 0.568840 0.673467 0.571060 0.672213 0.573400 0.673467 0.575280 0.676293 0.575740 0.679093 0.570120 0.683627 0.568720 0.682080
0 1 0 0.541340 0.688240 0.541640 0.682373 0.542760 0.682373 0.543340 0.680853 0.543340 0.676480 0.543340 0.673653 0.540920 0.673067 0.539360 0.673840 0.537800 0.676107 0.537080 0.678587 0.537660 0.681227 0.537660 0.682373 0.534100 0.684080 0.533820 0.690133 0.533820 0.691093 0.534660 0.690720 0.539500 0.694507 0.541780 0.690133 0.542340 0.687680
56 1 0 0.821240 0.619867 0.829340 0.619867 0.831900 0.619867 0.842220 0.610053 0.843320 0.614000 0.847000 0.615467 0.847000 0.621360 0.845900 0.621360 0.845900 0.619387 0.841120 0.621360 0.841120 0.624773 0.838160 0.624773 0.838160 0.621360 0.832280 0.621840 0.832280 0.624293 0.831180 0.624293 0.831180 0.627253 0.828600 0.627253 0.827860 0.623813 0.821600 0.623813 0.820860 0.623307 0.813140 0.625760 0.807980 0.627253 0.807620 0.631173 0.806140 0.631173 0.805400 0.630187 0.805780 0.626747 0.802820 0.625760 0.806500 0.621840 0.812040 0.623813
25 1 1 0.667000 0.606533 0.682660 0.606533 0.695420 0.611200 0.681700 0.617173 0.664140 0.621013 0.658380 0.621013 0.669560 0.608240
25 1 1 0.716720 0.601600 0.722380 0.592293 0.741360 0.595387 0.742360 0.598053 0.742360 0.602053 0.734360 0.602053 0.729040 0.602053 0.721720 0.602933
25 1 1 0.759200 0.592693 0.770080 0.585093 0.774240 0.583707 0.780460 0.585093 0.783580 0.588907 0.788240 0.592693 0.782800 0.593040 0.776060 0.594080 0.772160 0.594080 0.766460 0.592693 0.762040 0.592693
25 1 1 0.893960 0.571947 0.901600 0.565280 0.909240 0.563333 0.921300 0.567253 0.929520 0.568827 0.931000 0.573520 0.927460 0.572347 0.905720 0.571173
25 1 1 0.741680 0.602587 0.763300 0.602160 0.768200 0.600693 0.766780 0.597733 0.762040 0.595627 0.758100 0.594587 0.748780 0.594587 0.741200 0.595013
