7 0 0 0.548906 0.399719 0.558234 0.396300 0.562547 0.387447 0.563453 0.378923 0.566406 0.365316 0.567312 0.361897 0.590500 0.356464 0.640500 0.349977 0.646625 0.350656 0.650953 0.369742 0.651172 0.394941 0.655719 0.386768 0.660484 0.381312 0.678672 0.380632 0.692766 0.383700 0.692766 0.390515 0.702078 0.395972 0.703438 0.424567 0.705719 0.453513 0.707078 0.472248 0.701625 0.472248 0.689125 0.469180 0.680266 0.470562 0.675484 0.479415 0.667531 0.491663 0.639359 0.489297 0.637766 0.474637 0.636406 0.470211 0.603672 0.474988 0.560281 0.476347 0.556859 0.473279 0.556859 0.487237 0.556859 0.488595 0.553234 0.481124 0.551188 0.473630 0.547328 0.479063 0.547328 0.489625 0.541187 0.493044 0.516422 0.495410 0.511875 0.489297 0.508234 0.468852 0.501422 0.469883 0.499609 0.466815 0.497328 0.454543 0.499609 0.448759 0.501875 0.446042 0.503234 0.415714 0.513922 0.408220
17 0 0 0.319406 0.537166 0.326609 0.550679 0.332016 0.552459 0.342828 0.538080 0.353641 0.526370 0.360234 0.525457 0.367453 0.572272 0.370453 0.577681 0.378250 0.613677 0.383063 0.624473 0.363844 0.641569 0.357844 0.652389 0.366250 0.678478 0.375859 0.698290 0.379453 0.705480 0.392062 0.714473 0.392062 0.714473 0.390875 0.689274 0.380063 0.687471 0.366844 0.656885 0.390875 0.639789 0.401078 0.635269 0.398078 0.688384 0.431109 0.709977 0.450313 0.708173 0.438906 0.686581 0.431703 0.693794 0.410078 0.684777 0.416094 0.638876 0.441906 0.628080 0.470734 0.609180 0.480953 0.645176 0.482750 0.666792 0.467734 0.682084 0.488156 0.692881 0.488156 0.681171 0.524781 0.641569 0.506766 0.612787 0.527187 0.580375 0.525391 0.554262 0.530797 0.554262 0.537391 0.563279 0.543406 0.583068 0.546406 0.613677 0.543406 0.655972 0.542797 0.669485 0.566219 0.660468 0.567422 0.638876 0.568625 0.615480 0.556609 0.581265 0.542203 0.547073 0.521187 0.534473 0.485156 0.523677 0.453922 0.529977 0.443719 0.534473 0.434109 0.551569 0.435906 0.557869 0.443109 0.599274 0.445516 0.612787 0.433500 0.617283 0.419688 0.612787 0.416094 0.609180 0.424500 0.582178 0.412484 0.551569 0.423891 0.517377 0.427500 0.506557 0.405281 0.514660 0.390266 0.502974 0.378250 0.478665 0.354844 0.465152 0.345234 0.464262 0.344625 0.475059 0.318812 0.532670
8 1 0 0.723812 0.709625 0.810859 0.705386 0.836328 0.707518 0.854734 0.685246 0.854734 0.650234 0.819344 0.649180 0.789625 0.658712 0.747172 0.659789 0.721687 0.654473 0.700469 0.651288 0.696219 0.662974 0.699047 0.696909 0.713203 0.706440 0.724531 0.708571
2 1 0 0.630734 0.307049 0.630734 0.299321 0.646172 0.293981 0.667172 0.292201 0.677875 0.299930 0.680250 0.310023 0.669547 0.308829 0.658859 0.308244 0.644203 0.310609 0.640625 0.311194 0.637859 0.311194 0.635875 0.311194 0.633891 0.310609
0 1 0 0.205094 0.454941 0.209281 0.455480 0.212781 0.451288 0.216281 0.439227 0.219078 0.431897 0.213484 0.416698 0.215234 0.383677 0.212781 0.377400 0.210687 0.371639 0.217672 0.365340 0.222922 0.370586 0.227469 0.378970 0.231656 0.389461 0.233766 0.404637 0.233406 0.418267 0.230969 0.422459 0.233766 0.444473 0.234453 0.458103 0.232719 0.463864 0.227469 0.463326 0.227812 0.455480 0.228859 0.453911 0.226422 0.432412 0.219422 0.443419 0.217672 0.452342 0.215234 0.460726 0.205094 0.460187 0.204391 0.453911
0 0 1 0.702484 0.079180 0.703406 0.069977 0.703094 0.067213 0.717844 0.049227 0.720000 0.045082 0.719688 0.042787 0.714781 0.035878 0.712313 0.032646 0.710781 0.028970 0.710172 0.024356 0.709250 0.022061 0.707094 0.020211 0.704938 0.020679 0.702484 0.022529 0.700641 0.029438 0.696641 0.036347 0.693266 0.042787 0.692656 0.046464 0.699719 0.057986 0.697563 0.066276 0.697875 0.076417 0.699406 0.080094 0.698484 0.086089 0.698484 0.092084 0.699406 0.098056 0.701875 0.097611 0.704938 0.086089 0.708328 0.086089 0.708328 0.090703 0.709547 0.097143 0.711094 0.088384 0.712313 0.078712 0.713547 0.074567 0.713547 0.068126 0.712313 0.062600 0.710172 0.058899 0.707406 0.067658 0.708938 0.076417 0.709250 0.085176
0 1 1 0.180594 0.066651 0.177594 0.060234 0.182172 0.049953 0.182313 0.042459 0.184875 0.037939 0.190734 0.037728 0.194312 0.045222 0.193891 0.052084 0.197594 0.055504 0.198172 0.065808 0.195172 0.079087 0.188453 0.078852 0.189031 0.095152 0.191734 0.099859 0.189172 0.105644 0.189031 0.108852 0.190891 0.117424 0.193312 0.112717
0 0 1 0.729641 0.079087 0.731047 0.098220 0.734594 0.096089 0.734594 0.079087 0.735313 0.070585 0.717578 0.048244 0.714734 0.040820 0.726094 0.032319 0.723969 0.021686 0.728922 0.016370 0.733891 0.019555 0.735313 0.030187 0.735313 0.030187 0.740984 0.036557 0.741687 0.045059 0.742406 0.051452 0.733891 0.056768 0.732469 0.056768 0.729641 0.070585 0.725375 0.074824 0.723969 0.061007 0.723250 0.061007 0.720422 0.057822 0.719703 0.059953 0.719703 0.075902 0.719703 0.085457 0.721828 0.093958 0.725375 0.088642
0 1 1 0.687266 0.065480 0.687484 0.065152 0.678625 0.050890 0.679516 0.042927 0.679828 0.043419 0.681969 0.038244 0.680688 0.025995 0.687578 0.021475 0.689719 0.032436 0.689234 0.038759 0.689234 0.038759 0.692719 0.040422 0.692719 0.047775 0.687266 0.048571 0.688812 0.058525 0.692797 0.059859 0.693906 0.074778 0.693234 0.097658 0.689031 0.097658 0.688812 0.097658 0.683281 0.098993 0.676641 0.098009 0.676422 0.098665 0.676422 0.086066 0.679297 0.083396 0.677531 0.060515 0.682609 0.059508 0.682609 0.080749
0 1 1 0.733938 0.033607 0.735547 0.030820 0.734797 0.024707 0.735047 0.014333 0.739625 0.014895 0.742719 0.017119 0.743703 0.020820 0.743203 0.025644 0.743328 0.028056 0.745562 0.029719 0.747031 0.038244 0.747781 0.041030 0.751359 0.045480 0.751734 0.048806 0.750125 0.049742 0.742469 0.048056 0.740484 0.044543
0 1 0 0.583266 0.056815 0.581703 0.059157 0.582219 0.068173 0.582219 0.074426 0.581953 0.080703 0.583000 0.095972 0.584312 0.098337 0.588500 0.095199 0.589797 0.091663 0.590844 0.090492 0.595281 0.090117 0.596328 0.056417 0.595547 0.054052 0.591375 0.054052 0.593453 0.045433 0.575688 0.049368 0.574906 0.048197 0.573859 0.042693 0.575953 0.038009 0.586406 0.032506 0.590062 0.033302 0.592156 0.036042 0.592938 0.039180
0 1 0 0.964031 0.057119 0.967906 0.052600 0.967906 0.049368 0.968766 0.042272 0.970922 0.037752 0.972641 0.035176 0.975656 0.031944 0.977375 0.033888 0.979953 0.039696 0.982547 0.047424 0.982547 0.050000 0.982547 0.053888 0.982547 0.055176 0.968766 0.055176
0 1 0 0.300062 0.057471 0.302297 0.048923 0.304344 0.047705 0.304344 0.045550 0.303328 0.040070 0.303125 0.036393 0.302906 0.033958 0.303125 0.030609 0.305562 0.029391 0.308000 0.029063 0.309844 0.030913 0.311672 0.034567 0.311672 0.038852 0.312281 0.043724 0.312891 0.047705 0.317781 0.051967 0.319406 0.055644 0.317984 0.060211
2 1 0 0.435625 0.306183 0.451500 0.300422 0.484453 0.300773 0.502734 0.302225 0.517406 0.318080 0.496719 0.317728 0.468094 0.314848 0.445484 0.313044
0 1 0 0.245625 0.061616 0.242125 0.056956 0.242859 0.050984 0.243094 0.046440 0.239266 0.044496 0.237469 0.046417 0.234250 0.051991 0.234000 0.057916 0.233016 0.060679 0.231656 0.061803 0.235984 0.075199 0.234828 0.078103 0.235016 0.080117 0.233578 0.081265 0.233578 0.086183 0.233859 0.091522 0.234828 0.094543 0.235016 0.098009 0.234547 0.100913 0.233672 0.102927 0.234828 0.106253 0.235219 0.110585 0.236562 0.111452 0.236859 0.107845 0.237234 0.103513 0.238109 0.101475 0.237234 0.099461 0.236562 0.095995 0.237141 0.091382 0.238687 0.088478 0.238687 0.084450 0.237625 0.079977 0.236656 0.077939 0.236859 0.075340
0 1 0 0.281750 0.057330 0.288391 0.047377 0.285969 0.041944 0.285375 0.032904 0.288984 0.029297 0.293219 0.035621 0.293219 0.040141 0.297437 0.048290 0.300453 0.057330 0.298641 0.058220 0.281750 0.057330
0 0 0 0.421594 0.610937 0.427453 0.590867 0.414891 0.551944 0.420750 0.533115 0.432469 0.513021 0.423266 0.501733 0.414891 0.516792 0.405672 0.505504 0.414047 0.494192 0.421594 0.474098 0.422422 0.441475 0.414891 0.421382 0.419078 0.407564 0.435828 0.407564 0.441687 0.432670 0.451734 0.451522 0.464297 0.511780 0.460109 0.521803 0.445047 0.544403 0.431641 0.558220 0.443359 0.590867 0.447547 0.613466 0.424094 0.607190
