0 1 0 0.271797 0.538314 0.299500 0.477518 0.328172 0.416745 0.342031 0.467143 0.358844 0.609485 0.368734 0.603536 0.369719 0.538314 0.366750 0.444895 0.350938 0.379672 0.332141 0.335199 0.300250 0.315246 0.288469 0.308735 0.285578 0.292529 0.289672 0.282436 0.292547 0.273770 0.290391 0.260445 0.287500 0.257916 0.282203 0.231967 0.276187 0.222225 0.265609 0.214660 0.250938 0.221874 0.242516 0.233396 0.242281 0.248899 0.244438 0.287471 0.246125 0.299742 0.250453 0.314520 0.256719 0.320281 0.256234 0.329297 0.237234 0.340117 0.224719 0.354895 0.218703 0.370398 0.207891 0.425550 0.203078 0.442506 0.191047 0.480351 0.186953 0.498384 0.187922 0.513513 0.180703 0.554614 0.176375 0.569391 0.178547 0.588150 0.188875 0.605082 0.191281 0.604731 0.194422 0.594988 0.191531 0.579859 0.193687 0.567237 0.195859 0.580937 0.199703 0.587424 0.199953 0.586347 0.202109 0.582365 0.203562 0.562178 0.197781 0.533700 0.211016 0.505948 0.219438 0.467728 0.234578 0.434215 0.239391 0.417611 0.245172 0.436370 0.249734 0.456557 0.252625 0.477822 0.251422 0.514239 0.246375 0.551382 0.245172 0.584895 0.254781 0.638618 0.258875 0.657002 0.263203 0.676862 0.272875 0.734871 0.271797 0.897611 0.296516 0.870211 0.297594 0.810609 0.315875 0.854098 0.335219 0.855714 0.309422 0.705878
37 1 2 0.358922 0.618806 0.299578 0.714520 0.272594 0.729344 0.268094 0.715855 0.261813 0.632295 0.273500 0.531218 0.303172 0.454379 0.331953 0.419344 0.350828 0.467869 0.366109 0.551429 0.378703 0.547377 0.376906 0.532553 0.373313 0.471897 0.367016 0.426089 0.353516 0.388337 0.354422 0.382951 0.376000 0.373513 0.400297 0.374871 0.407484 0.407213 0.406578 0.446300
0 1 0 0.566891 0.548126 0.568672 0.536323 0.572734 0.527190 0.573766 0.515386 0.571219 0.505480 0.569438 0.494801 0.566391 0.489485 0.562328 0.477658 0.563344 0.468525 0.563344 0.460140 0.560547 0.458993 0.555719 0.460140 0.553172 0.467752 0.553172 0.475386 0.554438 0.479953 0.554953 0.480703 0.555453 0.498993 0.551906 0.507002 0.547328 0.516909 0.546562 0.522623 0.546562 0.530609 0.549875 0.527564 0.550625 0.521101 0.551906 0.517283 0.552672 0.528712 0.557500 0.525667 0.558000 0.518431 0.557234 0.511194 0.558766 0.511569 0.559531 0.527190 0.558516 0.542412 0.558000 0.547002
0 1 1 0.922203 0.526838 0.931109 0.545972 0.945063 0.543302 0.936156 0.513934 0.940313 0.505480 0.940313 0.493489 0.941203 0.479251 0.940906 0.468126 0.939422 0.460117 0.936156 0.454778 0.933187 0.451663 0.931109 0.439649 0.925766 0.436979 0.920125 0.442763 0.918047 0.448993 0.910047 0.456112 0.905297 0.466347 0.899953 0.490820 0.907672 0.490820 0.906781 0.503724 0.905000 0.520164 0.910047 0.545972 0.923687 0.541077
0 1 0 0.696594 0.538408 0.694797 0.527635 0.691203 0.515972 0.687609 0.512365 0.684609 0.493513 0.685813 0.475550 0.689406 0.462974 0.693000 0.452201 0.692391 0.438735 0.701391 0.436042 0.701984 0.446815 0.699594 0.454005 0.706781 0.468361 0.707375 0.489930 0.709766 0.506089 0.710969 0.518665 0.707969 0.529438 0.699594 0.536628
0 1 0 0.385797 0.526253 0.388516 0.550211 0.404156 0.547143 0.402125 0.509930 0.410969 0.509438 0.406547 0.485480 0.400078 0.480375 0.398047 0.479883 0.393625 0.499742 0.395328 0.505855
0 1 0 0.495437 0.471546 0.488828 0.483911 0.480578 0.476487 0.470672 0.493817 0.480578 0.525995 0.480578 0.548267 0.493781 0.548267 0.493781 0.523513 0.497094 0.506183 0.488828 0.498759 0.487172 0.488852
0 1 0 0.567453 0.482904 0.570266 0.477026 0.570641 0.473653 0.568578 0.466932 0.568578 0.464965 0.571953 0.464965 0.574188 0.464965 0.577375 0.468056 0.576625 0.473372 0.577000 0.477026 0.579797 0.480375 0.584109 0.497471 0.584469 0.507845 0.581859 0.509813 0.579609 0.495527 0.577375 0.492436 0.578859 0.508689 0.573625 0.512061 0.569141 0.506440 0.569141 0.497752 0.568391 0.489906
0 1 1 0.646516 0.485902 0.645422 0.481475 0.645312 0.478361 0.646734 0.476230 0.648922 0.476230 0.651547 0.478525 0.651547 0.481312 0.651219 0.485902 0.652531 0.487541 0.653625 0.488852 0.654281 0.492295 0.654828 0.494918 0.655156 0.495246 0.660516 0.490492 0.663359 0.489836 0.659531 0.493115 0.658109 0.495574 0.656359 0.497377 0.654828 0.505574 0.656687 0.516721 0.656578 0.521827 0.656141 0.523302 0.654828 0.525105 0.649359 0.525269 0.648703 0.524614 0.647828 0.519696 0.648047 0.501967 0.644766 0.500328 0.644766 0.505574 0.644547 0.513934 0.644547 0.516885 0.643562 0.519344 0.642578 0.522482 0.642359 0.522810 0.641156 0.521991 0.641266 0.518361 0.641703 0.513443 0.643344 0.505902 0.642250 0.498525 0.643234 0.494426
0 1 1 0.535672 0.483981 0.537672 0.493536 0.538656 0.500117 0.538469 0.507588 0.532688 0.514754 0.526297 0.515059 0.523313 0.509368 0.521313 0.492342 0.522906 0.480094 0.525703 0.477400 0.528094 0.475012 0.526500 0.470843 0.525906 0.467260 0.528500 0.462763 0.530688 0.463372 0.533672 0.467541 0.533078 0.472623 0.532281 0.475925 0.534672 0.477400 0.535672 0.479508
0 1 1 0.849328 0.491639 0.835984 0.493583 0.829953 0.485199 0.829094 0.457447 0.831688 0.450984 0.834266 0.448408 0.834266 0.433560 0.842875 0.433560 0.844172 0.447775 0.850203 0.456792 0.850625 0.481312 0.849766 0.489063
0 1 1 0.495797 0.472248 0.497641 0.469204 0.496812 0.464005 0.496609 0.458220 0.497641 0.455152 0.499062 0.452717 0.500891 0.452412 0.503125 0.454239 0.504562 0.456370 0.504969 0.458525 0.504969 0.460960 0.504562 0.464309 0.502922 0.469204 0.502516 0.470726 0.505578 0.475012 0.508016 0.478665 0.509453 0.482623 0.510063 0.487213 0.510063 0.491780 0.510063 0.498197 0.507812 0.505222 0.508219 0.513466 0.509234 0.526581 0.508016 0.529649 0.505172 0.529344 0.503547 0.527213 0.501297 0.520492 0.500078 0.520187 0.499266 0.524754 0.498859 0.526885 0.496406 0.526885 0.494984 0.526885 0.494781 0.521101 0.496812 0.513771 0.498047 0.512248 0.498250 0.509180 0.497641 0.505527 0.495594 0.502482 0.493359 0.496674 0.493359 0.489649 0.493156 0.489040 0.496609 0.485386 0.497016 0.483864 0.497219 0.481710 0.497422 0.477447
37 1 2 0.660469 0.514169 0.662187 0.517588 0.664813 0.519813 0.667562 0.519134 0.668016 0.515363 0.666078 0.497705 0.665047 0.494450 0.662297 0.491194 0.660594 0.491194 0.658641 0.491194 0.657500 0.494122 0.659328 0.503888 0.659562 0.512623
