1 1 0 0.056844 0.557300 0.016453 0.566291 0.025422 0.537089 0.073297 0.534836 0.116672 0.521338 0.104703 0.570798 0.115172 0.689883 0.128641 0.757300 0.137609 0.755047 0.140609 0.725845 0.146594 0.676408 0.145094 0.638192 0.194453 0.651690 0.210906 0.701127 0.221375 0.721338 0.282703 0.759554 0.333562 0.835962 0.348516 0.950563 0.339547 0.973028 0.189969 0.957300 0.163047 0.894390 0.160047 0.914601 0.109187 0.862911 0.092734 0.860681 0.040391 0.851690 0.028422 0.759554 0.034406 0.701127 0.050859 0.658427 0.076281 0.622465 0.062828 0.568545 0.017953 0.577535
1 1 0 0.448969 0.465164 0.462219 0.455211 0.473578 0.462300 0.480203 0.492160 0.486828 0.520610 0.491563 0.529131 0.505750 0.499272 0.513328 0.462300 0.521844 0.455211 0.528469 0.462300 0.535094 0.472254 0.522781 0.476526 0.515219 0.477958 0.501969 0.531972 0.501969 0.536244 0.501969 0.553310 0.495344 0.586009 0.497234 0.600235 0.572937 0.682676 0.589031 0.620117 0.575781 0.600235 0.576734 0.584577 0.594719 0.576056 0.607016 0.576056 0.618375 0.584577 0.625938 0.607324 0.623109 0.625822 0.608906 0.631502 0.604172 0.637183 0.605125 0.647136 0.653391 0.624390 0.711109 0.651408 0.737609 0.705446 0.745188 0.726761 0.737609 0.733873 0.731938 0.785047 0.706375 0.817746 0.655281 0.830540 0.614578 0.802113 0.589984 0.753779 0.578625 0.709695 0.589031 0.669883 0.599438 0.641455 0.597547 0.628662 0.586187 0.661361 0.574844 0.715399 0.559703 0.696901 0.485875 0.600235 0.483984 0.594531 0.489672 0.563263 0.483984 0.534812 0.480203 0.514906 0.467891 0.483638 0.463172 0.472254 0.455594 0.466573
1 1 0 0.355938 0.615986 0.354062 0.630117 0.350297 0.623052 0.358766 0.534061 0.350297 0.541127 0.342781 0.501549 0.366281 0.511455 0.368172 0.490258 0.379453 0.481784 0.416125 0.487441 0.417063 0.494507 0.379453 0.493075 0.372859 0.508615 0.371922 0.525587 0.363469 0.586315 0.372859 0.615986 0.390734 0.649906 0.407656 0.672512 0.427406 0.680986 0.440578 0.603286 0.433047 0.589155 0.421766 0.582089 0.421766 0.573615 0.427406 0.567958 0.448094 0.573615 0.469719 0.573615 0.477250 0.583498 0.455625 0.597629 0.451859 0.615986 0.456563 0.640000 0.473484 0.625892 0.500750 0.624460 0.521438 0.634366 0.542125 0.651315 0.552469 0.666854 0.561875 0.688052 0.572219 0.729014 0.571281 0.771385 0.567516 0.806714 0.556234 0.832136 0.531781 0.850516 0.505453 0.850516 0.478188 0.832136 0.460313 0.810962 0.449031 0.785516 0.435875 0.745962 0.422703 0.747371 0.382266 0.692277 0.367219 0.705000 0.371922 0.729014 0.379453 0.734671 0.373812 0.747371 0.368172 0.761502 0.335250 0.747371 0.326781 0.736080 0.338078 0.680986 0.346531 0.680986 0.356875 0.686620
1 1 0 0.186297 0.641150 0.197375 0.645610 0.195906 0.654484 0.216594 0.710000 0.220297 0.720000 0.280906 0.756643 0.308984 0.796620 0.317125 0.813263 0.334859 0.837699 0.342984 0.887676 0.353328 0.867676 0.349641 0.852136 0.336328 0.816596 0.321547 0.723333 0.294203 0.693357 0.266125 0.605634 0.198125 0.630047 0.196641 0.637817 0.187031 0.606737 0.190734 0.574531 0.194422 0.533451 0.188516 0.520117 0.130859 0.496808 0.122734 0.515681 0.136781 0.546784 0.141953 0.578967 0.174469 0.591197 0.164859 0.631174 0.144734 0.642653 0.144734 0.663662 0.114641 0.671714 0.113563 0.653967
1 1 0 0.499469 0.589577 0.518672 0.615117 0.532719 0.602887 0.563031 0.585117 0.568203 0.580681 0.557109 0.564038 0.538641 0.556268 0.517203 0.561808 0.508328 0.567371 0.503891 0.572911 0.464719 0.545164 0.455859 0.540704 0.446250 0.517394 0.444031 0.527394 0.436641 0.519624 0.436641 0.510728 0.427031 0.495188 0.418906 0.492958 0.412984 0.469648 0.414469 0.464085 0.442547 0.480751 0.446250 0.501854 0.452891 0.502958 0.459547 0.495188 0.464719 0.504061 0.475812 0.522934 0.470641 0.530728 0.463250 0.528498
2 1 0 0.481297 0.408545 0.483844 0.407042 0.500078 0.400164 0.520359 0.386455 0.534063 0.401690 0.538125 0.412371 0.535578 0.431408 0.491953 0.431408
1 1 0 0.692312 0.474742 0.706719 0.475258 0.714406 0.475751 0.710391 0.483286 0.707047 0.488826 0.706047 0.494859 0.706375 0.498897 0.719766 0.496361 0.737500 0.496361 0.744203 0.502911 0.757578 0.518991 0.765281 0.547160 0.762609 0.569272 0.756922 0.582864 0.749219 0.594413 0.741859 0.598944 0.735500 0.599953 0.734828 0.593920 0.734156 0.577817 0.734156 0.565751 0.736500 0.547160 0.731812 0.536596 0.723453 0.526033 0.714406 0.520000 0.708719 0.514484 0.705703 0.513474 0.700359 0.513474 0.693328 0.515986 0.686969 0.516479 0.681609 0.514977 0.679937 0.513967 0.678937 0.510962 0.680609 0.509437 0.687641 0.508427 0.690313 0.502394 0.692656 0.495376 0.693328 0.488333 0.691984 0.483286 0.689313 0.478263 0.681938 0.468216 0.681938 0.466714 0.679594 0.463685 0.675578 0.457653 0.669219 0.453638 0.665547 0.455141 0.661859 0.457653 0.657516 0.456150 0.654828 0.451620 0.648812 0.443075 0.644797 0.439554 0.640109 0.437535 0.639109 0.443075 0.641453 0.447089 0.643125 0.452629 0.643125 0.456643 0.643125 0.463192 0.644453 0.471737 0.650484 0.486808 0.651156 0.488826 0.655500 0.493850 0.652484 0.485305 0.653500 0.470728 0.656172 0.466714 0.659859 0.462183 0.667547 0.461667 0.673906 0.464695 0.678594 0.469225
1 1 0 0.532156 0.442582 0.552453 0.460869 0.561078 0.467723 0.584922 0.449437 0.599625 0.453239 0.578328 0.482958 0.576297 0.486784 0.589484 0.505822 0.602672 0.514202 0.629562 0.529460 0.651375 0.560704 0.661016 0.587371 0.643766 0.593474 0.601156 0.576714 0.564125 0.559930 0.552453 0.529460 0.551937 0.511174 0.548891 0.491338 0.541281 0.476103 0.527594 0.454014
1 1 0 0.675016 0.533404 0.692250 0.528709 0.698516 0.528709 0.706344 0.535775 0.715750 0.549883 0.718875 0.554577 0.723578 0.559296 0.729844 0.575775 0.731406 0.594577 0.731406 0.608709 0.726703 0.622817 0.720437 0.634577 0.717312 0.639296 0.706344 0.641643 0.695375 0.641643 0.681281 0.627535 0.668750 0.622817 0.662500 0.613404 0.657797 0.601643 0.662500 0.587535 0.664062 0.580469 0.662500 0.573404 0.654656 0.563991 0.654656 0.561643 0.642125 0.540469 0.626469 0.531056 0.615500 0.519296 0.602984 0.512230 0.598281 0.495775 0.599844 0.474577 0.602984 0.462817 0.607672 0.458122 0.628031 0.469883 0.639000 0.476948 0.651531 0.493404 0.659359 0.498122 0.659359 0.500470 0.671891 0.500470 0.679719 0.507535 0.682859 0.519296 0.685984 0.528709
1 1 0 0.376062 0.583545 0.385688 0.599202 0.387281 0.617254 0.397703 0.655798 0.416938 0.676268 0.431375 0.659413 0.436188 0.624484 0.435375 0.611244 0.426562 0.595587 0.423359 0.572700 0.430578 0.559460 0.448203 0.569084 0.460234 0.571502 0.468250 0.565470 0.469844 0.565470 0.461031 0.548615 0.446609 0.535376 0.436984 0.523333 0.415344 0.507676 0.406531 0.506479 0.393703 0.517300 0.373656 0.534178 0.373656 0.535376 0.369656 0.557042 0.376062 0.583545
0 1 1 0.967406 0.357418 0.958031 0.366526 0.957484 0.378967 0.960781 0.393873 0.951969 0.398005 0.942594 0.404624 0.931563 0.438592 0.930469 0.454319 0.934328 0.459296 0.947000 0.429484 0.949766 0.431127 0.953063 0.447700 0.949766 0.479178 0.947563 0.495751 0.939844 0.489108 0.940938 0.544601 0.942594 0.591807 0.953625 0.591807 0.958031 0.518099 0.963000 0.528052 0.960781 0.566150 0.963547 0.600094 0.975125 0.594296 0.977875 0.584366 0.975672 0.565305 0.976781 0.524507 0.985594 0.478967 0.987250 0.436714 0.999375 0.460728 1.000000 0.416831 0.993859 0.406901 0.988906 0.402746 0.981734 0.399437 0.983391 0.371056 0.978984 0.363615 0.973469 0.359460
1 1 0 0.731203 0.437981 0.734734 0.449671 0.738281 0.452864 0.733328 0.462418 0.733328 0.474131 0.741109 0.485822 0.750313 0.508146 0.765875 0.538967 0.767281 0.547465 0.775063 0.528333 0.779312 0.541080 0.785688 0.559155 0.816109 0.576174 0.844406 0.547465 0.840875 0.506009 0.819641 0.488991 0.804078 0.483685 0.794875 0.485822 0.791344 0.483685 0.792047 0.475188 0.782859 0.468803 0.769406 0.469859 0.777906 0.479437 0.760922 0.465610 0.745359 0.452864
0 1 1 0.924984 0.384202 0.924266 0.389953 0.924031 0.391033 0.919969 0.396056 0.919250 0.397488 0.917344 0.401432 0.915906 0.408263 0.914703 0.413991 0.912562 0.420094 0.912078 0.426925 0.914703 0.435516 0.914703 0.440563 0.914703 0.448451 0.914703 0.457066 0.914469 0.473216 0.911609 0.478592 0.917094 0.476080 0.917578 0.475376 0.919484 0.470352 0.922359 0.452042 0.924750 0.440563 0.924750 0.454906 0.924750 0.459930 0.922828 0.472864 0.926891 0.476432 0.927125 0.476432 0.929281 0.465681 0.929516 0.461361 0.930484 0.455634 0.931437 0.453122 0.933109 0.447723 0.936203 0.440563 0.937875 0.433732 0.940750 0.410399 0.939797 0.400704 0.938844 0.395329 0.934531 0.394977 0.932391 0.391385 0.934297 0.386361 0.931906 0.380986 0.927125 0.381338
2 1 0 0.732531 0.407770 0.732922 0.393052 0.734688 0.389812 0.748391 0.390117 0.751719 0.390399 0.756219 0.401291 0.755437 0.409225 0.745266 0.409225 0.733703 0.409225
26 1 0 0.950250 0.435164 0.950250 0.461807 0.951609 0.477887 0.949078 0.487277 0.936406 0.488427 0.931938 0.484930 0.931344 0.476737 0.930375 0.465892 0.935047 0.455657 0.935828 0.454178 0.939141 0.450681 0.944797 0.433685 0.946344 0.413193 0.947906 0.400915 0.951031 0.398568 0.951031 0.405587 0.952000 0.420822 0.950250 0.430775
1 1 0 0.190609 0.516385 0.222203 0.503052 0.248844 0.506009 0.259703 0.486737 0.269563 0.470446 0.280422 0.452653 0.293250 0.461549 0.313969 0.464507 0.314953 0.474883 0.297203 0.479343 0.309031 0.483779 0.276469 0.489718 0.270547 0.507512 0.270547 0.537160 0.275484 0.603873 0.286344 0.621667 0.298187 0.600915 0.316938 0.593498 0.342594 0.603873 0.347531 0.636479 0.358375 0.660211 0.390953 0.703192 0.410688 0.796596 0.416609 0.854437 0.397859 0.946338 0.380094 0.934484 0.354438 0.900399 0.349500 0.851455 0.335687 0.815892 0.328781 0.778826 0.316938 0.723967 0.293250 0.692817 0.274500 0.632042 0.258703 0.593498 0.257719 0.560869 0.257719 0.537160 0.244891 0.538639 0.222203 0.583122 0.228109 0.551972 0.242922 0.523803 0.217266 0.510469 0.190609 0.522324
7 1 0 0.848766 0.355704 0.843906 0.432324 0.842469 0.438779 0.839594 0.442653 0.838734 0.455986 0.838172 0.456854 0.833875 0.456432 0.831578 0.453404 0.831297 0.450822 0.797188 0.450822 0.797484 0.454695 0.795766 0.457277 0.788891 0.455563 0.788031 0.455141 0.786312 0.452113 0.786016 0.446103 0.782578 0.443521 0.784594 0.421127 0.789172 0.392277 0.793187 0.379812 0.798344 0.372911 0.795469 0.372911 0.796328 0.348803 0.799203 0.342347 0.807797 0.339765 0.818688 0.342770 0.822406 0.339765 0.827859 0.343639 0.849922 0.347089 0.849063 0.356549
