0 1 0 0.982891 0.591876 0.963875 0.597753 0.950250 0.597753 0.958766 0.586515 0.941734 0.512350 0.931516 0.449443 0.919594 0.395505 0.934922 0.341567 0.929813 0.307856 0.933219 0.285402 0.953656 0.287649 0.960469 0.292144 0.960469 0.319093 0.977500 0.395505 0.980906 0.440454 0.974094 0.480907 0.982609 0.548309 0.984313 0.584268
0 1 1 0.843437 0.318577 0.850766 0.312701 0.855984 0.308907 0.861219 0.305794 0.864359 0.299938 0.866703 0.297856 0.865141 0.292000 0.864609 0.285443 0.866703 0.274742 0.868797 0.266804 0.871422 0.258866 0.876906 0.255423 0.886312 0.263010 0.890500 0.274062 0.890500 0.284062 0.887359 0.296495 0.887359 0.300969 0.889984 0.307526 0.900969 0.319959 0.912469 0.331340 0.916906 0.343402 0.917953 0.351691 0.915875 0.353773 0.919000 0.359979 0.921875 0.369979 0.920313 0.385155 0.915875 0.391031 0.903844 0.397588 0.899922 0.405876 0.896781 0.412763 0.900438 0.423814 0.900969 0.433134 0.893375 0.474536 0.892328 0.503175 0.887625 0.553546 0.885531 0.565629 0.884750 0.571155 0.888156 0.590804 0.889453 0.595650 0.885281 0.596680 0.868281 0.592536 0.868281 0.588742 0.868797 0.574948 0.865922 0.569773 0.866453 0.560804 0.867750 0.553196 0.868797 0.543546 0.868281 0.534907 0.869328 0.528351 0.872203 0.519381 0.871937 0.510763 0.870891 0.504557 0.870109 0.494206 0.871156 0.478330 0.868797 0.475918 0.868797 0.486948 0.869063 0.500763 0.865141 0.513175 0.863578 0.525938 0.861219 0.540082 0.861734 0.549753 0.860438 0.563897 0.859391 0.571835 0.861734 0.594268 0.861484 0.598412 0.862000 0.604268 0.859641 0.607031 0.855719 0.607381 0.848406 0.601856 0.845531 0.599443 0.844484 0.589443 0.842906 0.544227 0.843703 0.521113 0.845531 0.502144 0.845797 0.496969 0.844750 0.441402 0.844750 0.427959 0.847094 0.406907 0.844484 0.401381 0.843703 0.396206 0.842391 0.388619 0.840563 0.386206 0.836109 0.384825 0.832719 0.380680 0.831672 0.369299 0.829313 0.359278 0.831406 0.349278 0.834547 0.335485 0.836906 0.325464
0 0 1 0.738766 0.434763 0.730594 0.406330 0.731344 0.389670 0.733563 0.371052 0.715734 0.360268 0.720203 0.352412 0.712766 0.343588 0.709797 0.326928 0.701625 0.318103 0.691969 0.320062 0.683047 0.332804 0.686766 0.341629 0.686766 0.354371 0.675625 0.370062 0.683047 0.411237 0.672656 0.435753 0.678594 0.445546 0.679344 0.480845 0.687516 0.516144 0.691969 0.578887 0.693453 0.606330 0.709047 0.606330 0.709047 0.552412 0.718719 0.612206 0.731344 0.601423 0.733563 0.527897 0.731344 0.438680 0.741000 0.434763
0 0 1 0.323766 0.625959 0.330422 0.615423 0.327750 0.585588 0.331750 0.559278 0.333078 0.534701 0.323766 0.485567 0.323766 0.462742 0.317109 0.446948 0.315781 0.439938 0.329078 0.422392 0.330422 0.371505 0.326422 0.353959 0.326422 0.336392 0.331750 0.310082 0.345047 0.310082 0.354359 0.315340 0.357016 0.334639 0.358344 0.366227 0.372969 0.373258 0.372969 0.383773 0.372969 0.413608 0.368984 0.460990 0.368984 0.482062 0.366328 0.531196 0.380953 0.576825 0.379625 0.592619 0.379625 0.615423 0.368984 0.620701 0.363656 0.606660 0.358344 0.566289 0.358344 0.541711 0.350359 0.511897 0.347703 0.543485 0.349031 0.580330 0.349031 0.606660 0.349031 0.627711
0 0 1 0.197063 0.402495 0.197063 0.371856 0.203594 0.352701 0.220281 0.331649 0.220281 0.329732 0.219547 0.319196 0.213750 0.311546 0.212297 0.301010 0.222453 0.287608 0.236953 0.279959 0.246391 0.288557 0.252187 0.296227 0.252187 0.318247 0.246391 0.330680 0.258719 0.341217 0.268875 0.352701 0.279031 0.380474 0.280484 0.413010 0.267438 0.438866 0.267438 0.443649 0.266703 0.458021 0.265250 0.506825 0.263797 0.533629 0.263078 0.558536 0.264531 0.588206 0.260906 0.622660 0.260906 0.641814 0.263078 0.646598 0.259453 0.651381 0.253641 0.651381 0.249297 0.640866 0.247844 0.635113 0.241313 0.618845 0.236953 0.635113 0.234063 0.639897 0.227531 0.638949 0.224625 0.632247 0.224625 0.613093 0.218828 0.589155 0.217375 0.554701 0.212297 0.518330 0.208672 0.486722 0.215922 0.443649 0.196328 0.402495
0 0 1 0.328219 0.369546 0.329828 0.412082 0.313719 0.438639 0.315328 0.477979 0.312109 0.521567 0.312109 0.552392 0.311297 0.598103 0.311297 0.624680 0.306469 0.634247 0.296000 0.632103 0.291969 0.627856 0.285516 0.632103 0.284719 0.631052 0.279891 0.625732 0.277469 0.597031 0.275859 0.571526 0.275859 0.531134 0.269406 0.494990 0.263781 0.443959 0.275859 0.420577 0.281500 0.396124 0.273438 0.356804 0.262156 0.341918 0.272641 0.322783 0.266187 0.303649 0.267797 0.291959 0.276656 0.280268 0.288750 0.283443 0.298406 0.300454 0.295188 0.313217 0.294391 0.323856 0.304047 0.336598 0.314516 0.348289 0.327406 0.369546
0 0 1 0.443578 0.606289 0.437656 0.541732 0.434688 0.513361 0.431719 0.485979 0.438391 0.444887 0.439141 0.439010 0.448031 0.421423 0.447297 0.408701 0.439141 0.400866 0.442109 0.364680 0.430984 0.350990 0.418391 0.346103 0.417641 0.322619 0.416156 0.302082 0.401094 0.300619 0.390625 0.310186 0.390625 0.329320 0.393047 0.343134 0.386594 0.356969 0.380156 0.362268 0.375328 0.370784 0.372906 0.393093 0.376750 0.434289 0.382203 0.449588 0.386984 0.463979 0.388344 0.472990 0.395844 0.506289 0.398578 0.527897 0.400625 0.546804 0.402672 0.570206 0.404719 0.579196 0.403313 0.608701 0.412937 0.617505 0.416641 0.617505 0.422578 0.615546 0.431469 0.614557
0 0 1 0.752531 0.600990 0.751562 0.569381 0.746672 0.548722 0.746188 0.514515 0.746672 0.499031 0.746672 0.484825 0.745203 0.471938 0.745203 0.462247 0.745203 0.453856 0.743250 0.446763 0.740312 0.439670 0.738844 0.435794 0.735422 0.427402 0.733469 0.419649 0.730531 0.406103 0.730531 0.388680 0.734438 0.371897 0.750094 0.349134 0.748625 0.336866 0.748141 0.327835 0.749109 0.320082 0.758891 0.315567 0.768188 0.315567 0.772094 0.319443 0.773078 0.325258 0.776016 0.332351 0.777969 0.343959 0.784813 0.354289 0.788234 0.358165 0.791656 0.367196 0.795078 0.378804 0.797047 0.392371 0.797047 0.407216 0.795578 0.425918 0.794109 0.433670 0.794109 0.442062 0.792641 0.451732 0.789703 0.468515 0.789219 0.494330 0.790688 0.562680 0.788734 0.576247 0.789703 0.598825 0.788234 0.609155 0.783344 0.611732 0.778953 0.609155 0.771125 0.596887 0.773562 0.579464 0.771609 0.555588 0.768672 0.522041 0.767703 0.561402 0.768188 0.591093 0.765750 0.607856 0.758406 0.608516 0.752531 0.607216 0.751078 0.605278
0 0 1 0.522078 0.345031 0.519109 0.328598 0.519406 0.311794 0.525047 0.305938 0.531563 0.303979 0.537781 0.309072 0.541328 0.321175 0.543406 0.333691 0.542812 0.339155 0.540141 0.343072 0.539563 0.344639 0.544594 0.350495 0.549625 0.356763 0.553484 0.359876 0.558219 0.364969 0.566516 0.385299 0.568297 0.396619 0.568594 0.407567 0.566516 0.420474 0.560891 0.427505 0.556734 0.438454 0.554359 0.460742 0.555547 0.475979 0.554359 0.515072 0.555250 0.522887 0.557328 0.535402 0.554953 0.560412 0.554953 0.581526 0.552297 0.605753 0.550219 0.615134 0.549328 0.625299 0.542812 0.630783 0.537781 0.626474 0.538375 0.620227 0.538969 0.616309 0.536891 0.609278 0.537781 0.590907 0.538672 0.565113 0.538078 0.550639 0.538375 0.535794 0.537187 0.527196 0.536000 0.477155 0.534516 0.474412 0.534516 0.513897 0.533922 0.526804 0.532453 0.535010 0.532156 0.539691 0.532453 0.544000 0.532734 0.556887 0.532734 0.572536 0.534516 0.586206 0.533625 0.603794 0.529781 0.616701 0.525344 0.624124 0.522672 0.623732 0.520594 0.617093 0.519703 0.610454 0.517047 0.588948 0.517641 0.569010 0.517047 0.561588 0.516750 0.536186 0.515859 0.520928 0.514969 0.502165 0.514672 0.496701 0.512594 0.466598 0.514078 0.456433 0.511406 0.434536 0.512594 0.428289 0.504297 0.416948 0.495719 0.394680 0.501938 0.372784 0.505781 0.363402 0.513484 0.356371 0.519703 0.348536
0 1 1 0.779188 0.355278 0.783641 0.340619 0.794016 0.330825 0.790312 0.317134 0.794766 0.301485 0.808109 0.289753 0.827375 0.291711 0.824406 0.320082 0.823672 0.336701 0.831828 0.349423 0.829594 0.369959 0.848125 0.398330 0.842937 0.421794 0.837016 0.448206 0.837750 0.492227 0.830344 0.553856 0.831828 0.592000 0.831828 0.609608 0.804391 0.603732 0.794016 0.576351 0.795500 0.548969 0.798469 0.508845 0.792531 0.478536 0.792531 0.446247 0.799953 0.431588 0.800687 0.404186 0.796984 0.385608 0.796234 0.377794 0.795500 0.367031
0 0 1 0.197750 0.648619 0.200609 0.617217 0.201562 0.607175 0.206312 0.593381 0.202516 0.553196 0.198703 0.526845 0.203469 0.474103 0.204422 0.462804 0.201562 0.445237 0.197750 0.426412 0.193953 0.400041 0.196797 0.383732 0.198703 0.371175 0.201562 0.363649 0.202516 0.358619 0.199656 0.344804 0.187297 0.332247 0.182531 0.327237 0.178734 0.307155 0.166359 0.299608 0.159703 0.305897 0.157797 0.309649 0.156844 0.328495 0.155891 0.343546 0.149234 0.353588 0.140672 0.371175 0.139719 0.386227 0.140672 0.422639 0.144484 0.441464 0.148281 0.464062 0.148281 0.486660 0.150188 0.505505 0.152094 0.514289 0.154000 0.549443 0.154000 0.567010 0.153047 0.589608 0.156844 0.624763 0.158750 0.643588 0.171125 0.642330 0.173969 0.598392 0.174922 0.548186 0.176828 0.540639 0.180625 0.578309 0.182531 0.594639 0.185391 0.626021 0.186344 0.651113 0.198703 0.649856
0 1 1 0.629406 0.534763 0.626172 0.475093 0.623750 0.428227 0.613250 0.414371 0.608406 0.393052 0.610016 0.372825 0.634250 0.332330 0.633438 0.318474 0.639094 0.300371 0.648781 0.300371 0.655234 0.329134 0.656047 0.360041 0.668156 0.377072 0.677031 0.393052 0.681063 0.419691 0.667344 0.430351 0.664922 0.445258 0.667344 0.474021 0.668953 0.519835 0.666531 0.562454 0.673797 0.596557 0.665734 0.616784 0.652812 0.604000 0.650391 0.590165 0.646359 0.599753 0.638281 0.609340 0.627781 0.608268 0.626984 0.577381
0 0 1 0.491813 0.329464 0.511797 0.338247 0.512750 0.350804 0.502281 0.363361 0.497531 0.383443 0.498484 0.401010 0.507047 0.422350 0.508937 0.431155 0.510844 0.455010 0.508937 0.485134 0.502281 0.511485 0.506094 0.539113 0.501328 0.576763 0.502281 0.604392 0.497531 0.621959 0.481359 0.620701 0.484203 0.535340 0.473750 0.629505 0.468031 0.630763 0.459469 0.584309 0.449953 0.449979 0.456625 0.431155 0.444250 0.401010 0.438547 0.397258 0.441391 0.364619 0.449016 0.339505 0.468031 0.318165 0.466125 0.295567 0.472797 0.281753 0.476594 0.278000 0.486109 0.285526 0.492766 0.309381 0.487859 0.315546 0.488156 0.323773
30 1 1 0.183781 0.622680 0.175500 0.628144 0.175500 0.633608 0.170844 0.638392 0.160500 0.641113 0.158937 0.641113 0.150672 0.646577 0.149625 0.647258 0.146531 0.642474 0.143422 0.645897 0.140313 0.652722 0.142391 0.659546 0.152734 0.656144 0.162563 0.650680 0.184297 0.629505 0.185328 0.629505 0.190516 0.637691 0.192062 0.636330 0.194125 0.637010 0.197234 0.641794 0.198266 0.649299 0.191547 0.650680 0.187406 0.649299 0.187406 0.641113
30 1 1 0.113000 0.645402 0.116953 0.648165 0.124641 0.648784 0.116953 0.660144 0.112531 0.664144 0.105313 0.662598 0.102984 0.658000 0.099031 0.652454 0.094844 0.662598 0.084141 0.665670 0.079016 0.665670 0.076453 0.659526 0.076922 0.653072 0.081109 0.649691 0.087391 0.650000 0.089250 0.647237 0.098797 0.647237 0.101125 0.649691 0.103922 0.647237 0.105781 0.642948 0.105078 0.642330 0.103922 0.636186 0.103922 0.630969 0.106938 0.630041 0.112297 0.634660 0.107406 0.641402
30 1 1 0.775156 0.607505 0.772047 0.603959 0.768734 0.605052 0.767687 0.606144 0.767484 0.606144 0.767063 0.606144 0.766234 0.607794 0.759406 0.607505 0.758359 0.607237 0.762719 0.616268 0.767063 0.618722 0.768516 0.619278 0.777219 0.619546 0.777016 0.615443 0.782406 0.612701 0.787797 0.619546 0.792562 0.620907 0.797531 0.620639 0.800641 0.618990 0.799609 0.612990 0.797531 0.608330 0.795875 0.607237 0.793594 0.608598 0.792359 0.609979 0.790281 0.610247 0.789250 0.609423 0.788625 0.610515 0.787375 0.611340 0.785313 0.611340 0.783859 0.612433
30 1 1 0.702766 0.622742 0.692312 0.622247 0.696047 0.604536 0.700141 0.610433 0.705734 0.610433 0.706484 0.610433 0.721406 0.609938 0.721781 0.610928 0.724391 0.619794 0.734078 0.620289 0.732969 0.611917
30 1 1 0.594625 0.613711 0.579766 0.618165 0.571656 0.613711 0.574016 0.608371 0.572672 0.602577 0.567594 0.606144 0.591922 0.630660 0.625703 0.627979 0.639891 0.627093 0.638547 0.622186 0.636187 0.616392 0.631109 0.615052 0.608813 0.619505 0.603750 0.625753 0.600375 0.616392 0.602391 0.616392 0.605094 0.613258 0.597000 0.607031 0.593953 0.607464
30 1 1 0.037031 0.635814 0.036688 0.634021 0.043109 0.636701 0.016422 0.667010 0.001891 0.667010 0.000547 0.658103 0.005953 0.662103 0.019125 0.652309 0.028922 0.649175 0.032969 0.642495 0.041422 0.653629 0.047500 0.654082 0.054938 0.647835 0.067094 0.646495 0.053578 0.662103 0.040750 0.664330
30 1 1 0.527953 0.625979 0.524609 0.629155 0.523125 0.631113 0.515703 0.630392 0.513484 0.630144 0.512547 0.627691 0.512406 0.628186 0.512406 0.620557 0.513734 0.615278 0.517734 0.617052 0.521281 0.625835 0.522016 0.626969 0.524984 0.626227 0.526094 0.623773 0.529063 0.620598 0.529984 0.621567 0.538141 0.621814 0.540563 0.620598 0.544641 0.620598 0.546672 0.622062 0.548344 0.625979 0.548719 0.629155 0.546484 0.630392 0.540922 0.630144 0.537781 0.630144 0.537781 0.626722 0.537594 0.627938
30 1 1 0.414297 0.617031 0.421422 0.619217 0.429109 0.630433 0.424172 0.635876 0.420062 0.635505 0.413469 0.628268 0.410719 0.630082 0.405234 0.620289 0.400031 0.627175 0.400297 0.635134 0.404687 0.637320 0.407703 0.636598
30 1 1 0.296984 0.624309 0.306906 0.624639 0.312969 0.625588 0.317078 0.632619 0.317078 0.639340 0.316359 0.642206 0.314422 0.642536 0.306422 0.642845 0.302312 0.639979 0.300125 0.634536 0.298187 0.631340 0.297219 0.628144 0.296984 0.627505 0.296016 0.633897 0.295766 0.644124 0.293109 0.644454 0.282203 0.643175 0.282203 0.638371 0.281719 0.635175 0.280016 0.629113 0.279781 0.627196 0.286313 0.626557 0.291891 0.625918
30 1 1 0.502359 0.628186 0.511922 0.628350 0.510797 0.618680 0.506078 0.613443 0.502484 0.622619 0.494906 0.617052 0.488203 0.619505 0.477641 0.621299 0.465719 0.621134 0.467078 0.632454 0.477641 0.632454
30 1 1 0.360078 0.630948 0.357906 0.621113 0.353875 0.621938 0.352953 0.624804 0.351391 0.626845 0.347984 0.620701 0.344266 0.622763 0.341156 0.623567 0.348609 0.637072 0.354187 0.639526 0.359766 0.636660 0.362250 0.637485 0.362562 0.637485 0.372797 0.636660 0.372797 0.627258 0.371859 0.619897 0.368766 0.621938 0.365359 0.620289 0.362562 0.630124
30 1 1 0.235453 0.647113 0.220703 0.651217 0.222250 0.640969 0.230016 0.640969 0.234672 0.638928 0.237000 0.637897 0.253297 0.639938 0.260281 0.639938 0.264172 0.646082 0.251750 0.651217
