31 1 2 0.524312 0.663020 0.543234 0.644989 0.560656 0.643939 0.584891 0.656652 0.590187 0.680000 0.584891 0.689540 0.537938 0.733020 0.454625 0.816805 0.420547 0.849694 0.397828 0.848621 0.375875 0.840153 0.352391 0.827418 0.343297 0.824245 0.341781 0.821050 0.377391 0.789234 0.401625 0.766958 0.437969 0.795602 0.455391 0.793479 0.470531 0.789234 0.480375 0.781816 0.482656 0.769081 0.486437 0.759540 0.487953 0.746805 0.459172 0.724551 0.475844 0.705449 0.490219 0.719234 0.503859 0.724551 0.519766 0.724551 0.533391 0.721357 0.542484 0.719234 0.543234 0.694836 0.537938 0.665142
0 1 0 0.019797 0.139409 0.011250 0.137221 0.016297 0.126893 0.013578 0.105142 0.010469 0.093720 0.011641 0.082823 0.011641 0.070328 0.015125 0.054004 0.025625 0.050744 0.035328 0.060525 0.033781 0.072495 0.044656 0.089365 0.047766 0.108950 0.047766 0.127440 0.047375 0.136149 0.043875 0.137768 0.043484 0.152998 0.055141 0.170963 0.059797 0.194902 0.058250 0.200328 0.050094 0.200328 0.032609 0.200328 0.034172 0.191094 0.035719 0.186740 0.032609 0.169869 0.031453 0.154639 0.030672 0.143217 0.027172 0.133961 0.025234 0.136674
0 1 0 0.690672 0.170109 0.690672 0.162341 0.690547 0.158993 0.690406 0.156586 0.689219 0.154551 0.688563 0.153260 0.688688 0.151203 0.689344 0.148249 0.691203 0.141575 0.692656 0.138249 0.693984 0.133042 0.694516 0.129716 0.695703 0.127681 0.697031 0.127681 0.698078 0.128600 0.699547 0.130460 0.700203 0.134902 0.700203 0.136761 0.700203 0.139168 0.700203 0.140460 0.700203 0.142123 0.700203 0.145098 0.701125 0.146214 0.704172 0.145274 0.705359 0.145274 0.707078 0.146018 0.708266 0.147133 0.708406 0.148993 0.708016 0.151400 0.706031 0.152319 0.703641 0.151947 0.702719 0.151772 0.701000 0.152144 0.700063 0.153807 0.699281 0.156958 0.698219 0.158818 0.697812 0.161225 0.698484 0.163632 0.700328 0.168074 0.700469 0.174748 0.701000 0.177155 0.701656 0.179387 0.701922 0.180131 0.701656 0.181597 0.700734 0.181794 0.699406 0.181597 0.697812 0.181050 0.697422 0.180875 0.697031 0.180503 0.696891 0.177724 0.696625 0.176411 0.696500 0.174004 0.696500 0.172144 0.696359 0.171422 0.695969 0.171050 0.694906 0.171422 0.693578 0.173260 0.692656 0.174748 0.691734 0.176783 0.691328 0.178643 0.690547 0.181597 0.688031 0.185317 0.688031 0.185317 0.689609 0.185492 0.690406 0.185864 0.691328 0.186980 0.690812 0.187899 0.689875 0.188271 0.687094 0.188096 0.685641 0.187724 0.685250 0.187527 0.684844 0.183654 0.684844 0.182341 0.685516 0.180306 0.687094 0.177352 0.688563 0.174748 0.689484 0.172341
0 1 0 0.430156 0.142691 0.429547 0.133348 0.424703 0.124420 0.419234 0.123567 0.421359 0.135033 0.418938 0.164770 0.425906 0.164354 0.432891 0.160525
0 1 0 0.769562 0.082123 0.769203 0.087046 0.768859 0.096915 0.767797 0.099891 0.768156 0.110241 0.764984 0.112210 0.763578 0.109256 0.766047 0.107768 0.765328 0.102845 0.763578 0.108775 0.763219 0.112713 0.761453 0.113217 0.761109 0.110241 0.761453 0.105799 0.762875 0.099387 0.762516 0.095449 0.763219 0.090503 0.763219 0.085077 0.762172 0.080635 0.764281 0.077681 0.766750 0.076193 0.768156 0.077681
0 1 0 0.910625 0.183764 0.913328 0.181028 0.904312 0.161882 0.909875 0.156193 0.911531 0.155777 0.910172 0.160832 0.917984 0.178293 0.923391 0.178293 0.922500 0.170941 0.926094 0.173457 0.927297 0.179147 0.930750 0.183567 0.928953 0.189869 0.924141 0.192188 0.913781 0.190284 0.910922 0.191335 0.910922 0.188184
0 1 0 0.929031 0.193085 0.932063 0.187287 0.932609 0.181094 0.937312 0.178009 0.941438 0.178009 0.945719 0.181291 0.946406 0.184004 0.946406 0.189212 0.944484 0.199453 0.944484 0.201772 0.944484 0.201772 0.947094 0.203129 0.947516 0.205252 0.942688 0.206018 0.939781 0.205624 0.930000 0.208534 0.918828 0.206018 0.914406 0.203895 0.913031 0.200416 0.915516 0.198884 0.918406 0.199453 0.922000 0.199650 0.924625 0.197724
0 1 0 0.431672 0.140722 0.432688 0.138928 0.433719 0.132801 0.436547 0.129562 0.438859 0.136761 0.437828 0.140722 0.442719 0.142144 0.444250 0.162298 0.442969 0.165886 0.443734 0.174530 0.445016 0.180284 0.445016 0.184595 0.440906 0.184967 0.438344 0.180284 0.440906 0.175974 0.440406 0.166258 0.438859 0.163020 0.433203 0.163742 0.429875 0.160853
0 1 0 0.661531 0.153129 0.659938 0.151444 0.659141 0.146696 0.655953 0.143063 0.652156 0.144726 0.651359 0.147243 0.650750 0.146980 0.651156 0.142495 0.652359 0.140547 0.652359 0.136915 0.652359 0.132429 0.652547 0.127396 0.653547 0.122648 0.653547 0.122079 0.654953 0.121247 0.658141 0.124595 0.659141 0.131313 0.662141 0.139694 0.662938 0.146696 0.663141 0.155361
0 1 0 0.483297 0.191707 0.481234 0.180175 0.483031 0.178359 0.483813 0.174748 0.481750 0.161422 0.480719 0.158906 0.478656 0.154923 0.479688 0.151335 0.480203 0.147002 0.478922 0.144836 0.474281 0.144836 0.471703 0.145908 0.471969 0.151685 0.472734 0.154201 0.470672 0.158534 0.470672 0.161772 0.469906 0.167549 0.469641 0.171160 0.469641 0.176193 0.470422 0.178359 0.471188 0.183414 0.470937 0.188818 0.473516 0.189540 0.474531 0.188468 0.475313 0.182691 0.478141 0.183042 0.477891 0.188096 0.478922 0.190613 0.482781 0.190613
0 1 0 0.628266 0.156871 0.628531 0.148578 0.628531 0.137746 0.628266 0.133063 0.626203 0.128381 0.627500 0.124048 0.625687 0.121182 0.623125 0.122976 0.622859 0.127309 0.620281 0.130547 0.620281 0.139190 0.620281 0.144245 0.621578 0.149650 0.621828 0.152888 0.622094 0.157221 0.625953 0.157593
31 1 1 0.705219 0.195842 0.700875 0.195842 0.697453 0.194902 0.695172 0.191685 0.691969 0.186258 0.692656 0.180503 0.693578 0.180503 0.694938 0.179869 0.698828 0.179869 0.703609 0.179869 0.703609 0.179869 0.704297 0.179869 0.706125 0.182101 0.707500 0.183392 0.707953 0.184333 0.711141 0.189147 0.712969 0.192976 0.712750 0.193611 0.712281 0.197133 0.708406 0.198096
31 1 2 0.758953 0.097768 0.760547 0.094245 0.761922 0.095208 0.762609 0.098709 0.761688 0.104464 0.763969 0.106718 0.764891 0.101269 0.765797 0.106389 0.765344 0.109584
0 1 0 0.411266 0.337637 0.434062 0.322516 0.446047 0.307396 0.449641 0.292276 0.474828 0.260372 0.502422 0.260372 0.520406 0.263720 0.519203 0.270438 0.525203 0.267090 0.527609 0.243567 0.536000 0.235164 0.544391 0.225098 0.556391 0.218381 0.568391 0.218381 0.587578 0.248600 0.598359 0.282188 0.594766 0.314114 0.569578 0.347702 0.553984 0.352735 0.543203 0.376258 0.543203 0.382976 0.526406 0.416565 0.518016 0.426652 0.527609 0.466958 0.532406 0.490460 0.534797 0.503917 0.555188 0.524070 0.569578 0.532451 0.569578 0.537505 0.557594 0.547571 0.546797 0.544223 0.539594 0.527418 0.540797 0.550941 0.518016 0.505580 0.531203 0.555974 0.513219 0.653392 0.512016 0.676915 0.527609 0.686980 0.502422 0.718906 0.480828 0.695383 0.473641 0.695383 0.447250 0.723939 0.484422 0.750810 0.464047 0.772648 0.446047 0.775996 0.387281 0.757527 0.412469 0.681947 0.450844 0.602998 0.411266 0.569409 0.400469 0.529103 0.386078 0.513982 0.372891 0.495514 0.370484 0.482079 0.365687 0.465274 0.370484 0.426652 0.384891 0.388009 0.394484 0.356105
