73 1 0 0.729781 0.155062 0.797188 0.121354 0.797188 0.060667 0.797188 0.058417 0.731453 0.103375 0.731453 0.103375 0.682578 0.316854 0.680906 0.312354 0.675844 0.379771 0.709547 0.386521 0.920219 0.494375 0.997750 0.539333 0.974156 0.831458 0.905062 0.737083 0.918547 0.496625 0.741578 0.384271 0.741578 0.339333 0.711234 0.312354 0.734828 0.276396 0.787078 0.271917 0.793813 0.226958 0.797188 0.224729 0.731453 0.240458
56 1 0 0.584828 0.586979 0.623281 0.568188 0.624563 0.398979 0.586109 0.388708 0.551500 0.395542 0.542516 0.450250 0.509188 0.465625 0.506625 0.487854 0.507906 0.569896 0.577125 0.573313
56 1 0 0.275594 0.573521 0.270859 0.477271 0.265469 0.417917 0.283016 0.414312 0.301219 0.405313 0.314719 0.406229 0.326859 0.410729 0.337641 0.408917 0.342375 0.451188 0.358562 0.465583 0.381500 0.468292 0.381500 0.484479 0.388922 0.496167 0.386891 0.512354 0.367328 0.510563 0.365313 0.509646 0.349797 0.546542 0.340344 0.542937 0.336297 0.546542 0.326859 0.545625 0.318766 0.542937 0.312016 0.546542 0.314031 0.592396 0.305937 0.590604 0.305937 0.577104 0.279641 0.560021 0.280312 0.574417
62 1 1 0.702234 0.422396 0.697828 0.440062 0.697828 0.488313 0.698703 0.522458 0.700469 0.528938 0.718125 0.536583 0.740203 0.546000 0.745500 0.547167 0.749906 0.544813 0.748141 0.541292 0.750359 0.537750 0.753891 0.539521 0.755656 0.544229 0.757422 0.433000 0.709297 0.420646 0.702688 0.422396
56 1 1 0.085484 0.840854 0.083875 0.739792 0.085484 0.694625 0.101609 0.703229 0.275813 0.729042 0.283875 0.713979 0.304844 0.711833 0.304844 0.832250
73 1 0 0.986297 0.706625 0.949547 0.665083 0.942344 0.693854 0.929562 0.785479 0.975906 0.832354
58 1 1 0.975281 0.433062 0.981297 0.472438 0.984578 0.489229 0.999359 0.488500 0.999906 0.445458 1.000000 0.411167 0.998812 0.363750 0.998812 0.336042 0.984031 0.338958 0.975828 0.348437 0.985672 0.360833 0.993344 0.367396 0.999359 0.392938 0.998266 0.401688 0.990047 0.405333 0.983484 0.417000 0.969813 0.414083 0.952859 0.411167 0.946281 0.415542 0.949016 0.419917 0.957781 0.433062 0.968719 0.439625
73 1 0 0.944219 0.522521 0.940047 0.558521 0.936969 0.628500 0.936312 0.632292 0.923359 0.622646 0.919406 0.617083 0.928406 0.528958 0.930375 0.519583 0.933453 0.515208 0.940266 0.512271 0.945969 0.510521 0.950578 0.514917 0.954969 0.520167 0.955625 0.523396
65 1 1 0.369141 0.618146 0.359984 0.603188 0.361125 0.598312 0.373953 0.598917 0.379453 0.614479
73 1 0 0.921906 0.516958 0.916484 0.614042 0.920000 0.617437 0.925750 0.515271 0.921594 0.516542
65 1 1 0.396875 0.600938 0.390687 0.612229 0.391141 0.619875 0.402359 0.618646 0.406719 0.605833 0.406250 0.600646 0.397094 0.601250
57 1 0 0.189313 0.662750 0.158844 0.710625 0.112047 0.710625 0.103344 0.693208 0.088109 0.684500 0.048922 0.700458 0.018453 0.706271 0.000000 0.706271 0.000000 0.516187 0.060891 0.468312 0.097891 0.466854 0.109875 0.452333 0.120750 0.436375 0.146875 0.437833 0.165375 0.468312 0.224141 0.462500 0.243719 0.466854 0.250250 0.501667 0.266578 0.548104 0.273109 0.588729 0.258953 0.627917 0.221953 0.661292 0.196922 0.668542
57 1 1 0.292203 0.719479 0.245453 0.719479 0.140266 0.711687 0.093500 0.693500 0.074031 0.732458 0.091562 0.831167 0.046750 0.833771 0.007797 0.836354 0.005844 0.706500 0.029219 0.683125 0.093500 0.690917 0.114937 0.693500 0.159734 0.709083 0.225969 0.696104 0.356500 0.698708 0.475328 0.675333 0.557141 0.659750 0.638969 0.649354 0.699344 0.636354 0.720781 0.654542 0.792859 0.737667 0.818188 0.771438 0.802594 0.974021 0.800656 0.984417 0.734422 0.987021 0.736359 0.929875 0.422734 0.984417 0.401297 0.851958 0.307797 0.838958 0.300000 0.740250 0.280516 0.750646 0.101297 0.729875 0.107141 0.787021 0.218187 0.787021 0.282469 0.802604
