54 1 2 0.617020 0.407067 0.619260 0.392187 0.614780 0.372107 0.622040 0.360187 0.634880 0.346053 0.648260 0.337867 0.670020 0.337120 0.698480 0.350533 0.715780 0.375067 0.715220 0.397387 0.704060 0.427147 0.687320 0.440533 0.661100 0.445760 0.640460 0.438320 0.622600 0.422693
54 1 2 0.093600 0.626480 0.075260 0.604000 0.065000 0.561920 0.083340 0.523787 0.103140 0.517920 0.139820 0.520853 0.158900 0.531600 0.164760 0.548240 0.155960 0.601067 0.150100 0.615733 0.130280 0.626480
54 1 2 0.165220 0.589467 0.162740 0.568720 0.162740 0.555440 0.172700 0.540507 0.187020 0.528880 0.196980 0.522240 0.220640 0.527227 0.236200 0.533867 0.258000 0.555440 0.261720 0.573707 0.261720 0.579520 0.258620 0.600267 0.241800 0.626000 0.226860 0.629333 0.204440 0.630160 0.197600 0.630160 0.186400 0.628480 0.169580 0.618533
49 1 1 0.564600 0.109733 0.564600 0.071547 0.579780 0.069280 0.598320 0.073787 0.606740 0.085013 0.600000 0.109733 0.593260 0.118720 0.583140 0.118720 0.569660 0.107493
45 1 1 0.569280 0.113200 0.575000 0.162747 0.616740 0.175707 0.664180 0.165013 0.707620 0.134533 0.718480 0.113200 0.725340 0.103280 0.736760 0.094133 0.737340 0.072053 0.732200 0.055280 0.724200 0.044613 0.712180 0.036213 0.705900 0.038507 0.701900 0.042320 0.715040 0.050693 0.727060 0.059840 0.729340 0.074320 0.728760 0.088800 0.714480 0.104827 0.686460 0.113200 0.656740 0.120827 0.617300 0.120827 0.577300 0.116240
54 1 2 0.770080 0.359707 0.763120 0.346213 0.755540 0.315040 0.756180 0.295653 0.771340 0.279627 0.799800 0.283840 0.821920 0.321787 0.828240 0.352960 0.825720 0.368133 0.821280 0.377413 0.807380 0.370667 0.789680 0.361387
54 1 2 0.119980 0.418827 0.120880 0.408133 0.139140 0.377253 0.145820 0.368347 0.144040 0.355893 0.130220 0.338667 0.114200 0.330933 0.099500 0.327973 0.077240 0.332133 0.066540 0.346373 0.059860 0.357653 0.057640 0.377253 0.062980 0.396267 0.078120 0.415867 0.084360 0.421787
54 1 2 0.327560 0.357867 0.323160 0.337333 0.320220 0.324613 0.320220 0.305067 0.331220 0.292347 0.340020 0.283547 0.350300 0.280613 0.358360 0.281573 0.372300 0.283547 0.384780 0.286480 0.406060 0.310933 0.406780 0.317760 0.407520 0.320720 0.403860 0.333413 0.402380 0.341253 0.397240 0.351040 0.392840 0.358853 0.386980 0.365707 0.378900 0.367653 0.366440 0.369627 0.356900 0.369627 0.346620 0.364720 0.334160 0.361787
54 1 2 0.846180 0.440693 0.836840 0.420347 0.830060 0.396587 0.820740 0.380773 0.823280 0.364933 0.836840 0.360427 0.863140 0.361547 0.874160 0.361547 0.880080 0.362667 0.886880 0.370587 0.892800 0.383013 0.896200 0.399973 0.894500 0.418080 0.890260 0.430507 0.872460 0.437307 0.851260 0.441813
45 1 1 0.729040 0.051413 0.741640 0.104453 0.765900 0.131600 0.801800 0.151013 0.857580 0.155547 0.890560 0.146480 0.916760 0.119973 0.927440 0.107680 0.941020 0.086347 0.941980 0.068880 0.935680 0.052053 0.916760 0.041067 0.872620 0.022960 0.817800 0.016480 0.772700 0.016480 0.744080 0.027493 0.732420 0.040427
54 1 2 0.610080 0.561627 0.605240 0.542907 0.603780 0.514507 0.617820 0.490000 0.634760 0.476453 0.661380 0.472560 0.674920 0.479680 0.683640 0.486133 0.688960 0.492587 0.691860 0.497733 0.696220 0.505493 0.699620 0.513227 0.706380 0.529360 0.708800 0.537760 0.708320 0.545493 0.705420 0.559680 0.698640 0.573893 0.694280 0.580347 0.689940 0.589387 0.683160 0.597120 0.678320 0.601627 0.673480 0.602933 0.660400 0.604853 0.652660 0.604213 0.645400 0.602293 0.635240 0.596480 0.627020 0.588080 0.619760 0.580347
54 1 2 0.698400 0.459280 0.699660 0.455093 0.704680 0.449227 0.713460 0.440880 0.717860 0.436693 0.722880 0.436693 0.728520 0.435840 0.737940 0.437520 0.746100 0.437520 0.753640 0.440027 0.761780 0.443387 0.771200 0.454267 0.776220 0.460960 0.781240 0.480213 0.783760 0.496933 0.783760 0.517040 0.778740 0.532933 0.755360 0.557013 0.732220 0.557013 0.726880 0.557013 0.712560 0.545093 0.709580 0.540320 0.706600 0.529973 0.703620 0.518027 0.698240 0.506907 0.694060 0.498133 0.693480 0.494160 0.691680 0.482240 0.692280 0.469493 0.696460 0.461547 0.697060 0.458373
49 1 1 0.678480 0.066800 0.683400 0.058773 0.700920 0.045653 0.717880 0.047120 0.729360 0.057333 0.731540 0.081387 0.727180 0.094533 0.704740 0.106187 0.699820 0.087227 0.686680 0.075547 0.679020 0.068987
49 1 1 0.571800 0.111653 0.605420 0.116107 0.636380 0.116987 0.663680 0.116107 0.695640 0.109893 0.705960 0.105893 0.702300 0.091253 0.696640 0.082373 0.683320 0.073493 0.679000 0.068613 0.682000 0.059733 0.682000 0.059280 0.673000 0.053947 0.658680 0.038853 0.656020 0.027760 0.655020 0.010027 0.662360 0.001573 0.596780 0.000240 0.595780 0.004240 0.587780 0.006907 0.575460 0.011360 0.568820 0.009120 0.563820 0.016240 0.567140 0.101440 0.569480 0.110320 0.570800 0.113440
54 1 2 0.757420 0.442240 0.749300 0.422293 0.747580 0.398373 0.751860 0.380720 0.757840 0.368187 0.775780 0.359627 0.794160 0.363040 0.817660 0.377280 0.829180 0.391520 0.837300 0.414880 0.838580 0.435387 0.836880 0.451920 0.827060 0.465013 0.804420 0.475280 0.786040 0.471280 0.776640 0.460453 0.763820 0.443947
54 1 2 0.263120 0.576533 0.272980 0.553147 0.285040 0.538533 0.297660 0.533413 0.305340 0.535600 0.325080 0.548027 0.342620 0.552427 0.352480 0.552427 0.354680 0.559733 0.356320 0.575813 0.353580 0.599200 0.340980 0.616027 0.323420 0.624800 0.297660 0.629920 0.280100 0.625520 0.264760 0.604320 0.262560 0.585307
54 1 2 0.670360 0.337067 0.693100 0.323573 0.723440 0.329467 0.732940 0.342133 0.726620 0.363200 0.727240 0.384267 0.732300 0.405333 0.729140 0.413760 0.712080 0.415440 0.711440 0.409547 0.713960 0.391013 0.713340 0.376667 0.706380 0.367413 0.691220 0.349707 0.675400 0.343813
54 1 2 0.560100 0.403653 0.544700 0.391920 0.540300 0.384080 0.537360 0.364533 0.540300 0.352800 0.543240 0.345947 0.549840 0.338107 0.564500 0.327360 0.576980 0.322480 0.587980 0.321493 0.601920 0.321493 0.614400 0.323440 0.620260 0.330293 0.628340 0.338107 0.631260 0.348880 0.629060 0.353760 0.621720 0.360613 0.615120 0.367467 0.612920 0.375280 0.616600 0.386053 0.618800 0.392907 0.618800 0.398773 0.608520 0.402667 0.596780 0.402667 0.579180 0.403653 0.565240 0.404640
49 1 1 0.657940 0.038400 0.672160 0.055200 0.684200 0.058107 0.698960 0.049360 0.706620 0.036960 0.706620 0.020187 0.697880 0.000480 0.662860 0.000000 0.654100 0.011413 0.655740 0.033307
49 1 1 0.609320 0.112720 0.626020 0.084507 0.643260 0.077093 0.652180 0.085253 0.654960 0.099360 0.656620 0.114187 0.639940 0.118640 0.619900 0.117147 0.610440 0.116427
60 1 2 0.001940 0.651173 0.029220 0.687520 0.101300 0.968053 0.124680 0.965467 0.074020 0.718693 0.202600 0.778453 0.393500 0.820000 0.728580 0.783627 0.689620 0.973253 0.746100 0.973253 0.746100 0.973253 0.775320 0.770640 0.991560 0.661547 0.995460 0.131680 0.903900 0.027787 0.835720 0.009600 0.835720 0.009600 0.796760 0.012213 0.751940 0.009600 0.255200 0.004427 0.177280 0.038187 0.163640 0.014800 0.037020 0.082347 0.037020 0.082347 0.046760 0.204427 0.007800 0.220000 0.011680 0.664160
