0 1 0 0.826844 0.814375 0.794719 0.812437 0.796906 0.804646 0.804937 0.796854 0.812969 0.791000 0.810781 0.751083 0.810781 0.743292 0.810781 0.729667 0.810781 0.717979 0.808594 0.697521 0.809328 0.679021 0.813703 0.639104 0.814438 0.612812 0.802750 0.598208 0.798359 0.592354 0.804203 0.565083 0.814438 0.543667 0.819547 0.534896 0.821734 0.526146 0.816625 0.500812 0.823203 0.488167 0.832687 0.486208 0.838531 0.487188 0.846563 0.498875 0.847297 0.515437 0.844375 0.521271 0.867750 0.544646 0.877969 0.572875 0.877969 0.605979 0.869203 0.632271 0.862641 0.648833 0.866281 0.700437 0.864094 0.716021 0.868484 0.772500 0.865563 0.819250 0.862641 0.824104 0.853141 0.828000 0.843641 0.824104 0.848766 0.810479 0.849484 0.804646 0.848031 0.793917 0.845844 0.770562 0.847297 0.749125 0.847297 0.738417 0.844375 0.719917 0.840719 0.704333 0.834891 0.699479 0.834156 0.717979 0.827578 0.726729 0.831969 0.743292 0.833422 0.789062 0.829766 0.811458
3 1 0 0.024875 0.554688 0.032797 0.553750 0.038156 0.548479 0.048172 0.540396 0.057734 0.536354 0.063328 0.535750 0.069375 0.529521 0.071016 0.534500 0.075906 0.535750 0.082187 0.529833 0.084750 0.534187 0.086391 0.537917 0.086625 0.541021 0.073109 0.545375 0.068219 0.548792 0.067516 0.554688 0.066359 0.563708 0.064719 0.569604 0.067047 0.576438 0.054234 0.577375 0.054938 0.584812 0.050734 0.587625 0.049578 0.599729 0.048641 0.606875 0.029781 0.607500 0.028844 0.566813 0.023953 0.564000 0.022781 0.562458 0.019063 0.563083 0.019063 0.559042 0.018594 0.552521 0.015797 0.547229 0.015797 0.538229 0.015328 0.531083 0.009969 0.531708 0.000656 0.544750 0.000188 0.606562 0.000656 0.614021 0.003219 0.621479 0.007641 0.620854 0.006938 0.580792 0.009969 0.579229 0.010437 0.565875 0.018125 0.563396
13 1 0 0.072047 0.642729 0.072938 0.623729 0.064484 0.617792 0.062250 0.591062 0.056469 0.586312 0.054688 0.578604 0.104125 0.573854 0.108125 0.588688 0.111688 0.594042 0.121047 0.601167 0.122375 0.607104 0.124156 0.616604 0.115703 0.619563 0.113922 0.600562 0.105016 0.597000 0.105016 0.613625 0.076500 0.616000 0.076500 0.626104
0 1 1 0.469438 0.573063 0.469438 0.559771 0.475750 0.580146 0.485047 0.574833 0.485719 0.588563 0.479406 0.590771 0.466359 0.555479 0.467438 0.555000 0.461906 0.556896 0.459250 0.550021 0.459422 0.545271 0.464219 0.541229 0.467609 0.537917 0.469562 0.536250 0.470641 0.535771 0.471172 0.529125 0.472766 0.525333 0.474016 0.524396 0.475969 0.524396 0.477391 0.528188 0.479000 0.529125 0.478828 0.537208 0.478828 0.537687 0.481313 0.537687 0.483266 0.539583 0.485578 0.543146 0.487016 0.545500 0.483453 0.547417 0.478828 0.550250 0.472234 0.553333 0.475078 0.556229 0.481063 0.554917 0.484047 0.565979 0.477734 0.569521 0.474750 0.569521 0.467781 0.556896 0.466453 0.559771 0.465125 0.559771 0.465453 0.573500 0.466453 0.581042 0.468109 0.583688 0.469438 0.593000 0.467438 0.592542 0.466453 0.585021
0 1 1 0.696344 0.592667 0.694703 0.546875 0.686516 0.545771 0.696750 0.497792 0.701250 0.492896 0.700422 0.483625 0.702875 0.477083 0.706969 0.477625 0.712687 0.481979 0.714734 0.485792 0.715562 0.498896 0.722500 0.503250 0.722922 0.552854 0.719234 0.544688 0.715141 0.601396
24 1 0 0.339375 0.776896 0.349688 0.803062 0.344703 0.828354 0.337375 0.839021 0.340406 0.839625 0.349187 0.855729 0.349187 0.865083 0.341500 0.867146 0.309891 0.870937 0.293203 0.873292 0.278938 0.868604 0.274984 0.859229 0.271031 0.848104 0.269937 0.831125 0.280469 0.785458 0.285078 0.776688 0.303969 0.766146 0.314719 0.760583 0.326578 0.764979 0.337547 0.772292
0 1 1 0.159266 0.595708 0.158797 0.592042 0.157656 0.592042 0.157203 0.599063 0.152391 0.603938 0.151891 0.603979 0.152766 0.589479 0.150422 0.586750 0.149531 0.570292 0.149531 0.560875 0.149234 0.555000 0.146297 0.553833 0.145422 0.549917 0.144828 0.548729 0.150000 0.532750 0.155062 0.530542 0.155422 0.527562 0.153172 0.522708 0.154359 0.517687 0.158469 0.515167 0.161531 0.515167 0.161094 0.593250 0.169797 0.584396 0.170016 0.537396 0.175516 0.551750 0.172078 0.555396 0.171625 0.560896 0.170938 0.560896
0 1 0 0.317219 0.601542 0.316703 0.595229 0.314594 0.576292 0.307234 0.565771 0.310906 0.539833 0.318797 0.532104 0.325641 0.530000 0.321953 0.515292 0.331953 0.508271 0.337734 0.515292 0.336156 0.534208 0.343531 0.542625 0.344578 0.570687 0.341953 0.581917 0.343000 0.602250
24 1 0 0.835469 0.560521 0.839578 0.546062 0.847203 0.535125 0.850422 0.532000 0.850719 0.525354 0.851891 0.526917 0.857750 0.533562 0.868594 0.544500 0.873578 0.550750 0.879734 0.573812 0.879453 0.590625 0.877984 0.601188 0.870953 0.608604 0.867422 0.607833 0.869766 0.598833 0.869484 0.573812 0.865672 0.556229 0.862156 0.539417 0.860391 0.536292 0.856281 0.536292 0.850422 0.540208 0.844563 0.548417 0.840750 0.557396 0.838406 0.559750
0 1 0 0.289547 0.493771 0.288328 0.476833 0.289141 0.468083 0.292828 0.465354 0.291594 0.454958 0.295703 0.452771 0.299391 0.457708 0.299797 0.461521 0.300203 0.462062 0.303078 0.461521 0.305937 0.460437 0.308000 0.466979 0.311687 0.476833 0.303891 0.478458 0.304312 0.482292 0.305531 0.486667 0.305937 0.492125
0 1 0 0.270500 0.493229 0.272922 0.486125 0.272922 0.486125 0.265656 0.482250 0.267594 0.464188 0.276313 0.457729 0.276313 0.457729 0.275828 0.441604 0.287437 0.443542 0.286469 0.457083 0.288406 0.474500 0.290344 0.479667 0.292281 0.494521 0.290828 0.497104 0.269531 0.493875
0 1 0 0.667516 0.523979 0.664062 0.523063 0.660953 0.528125 0.660953 0.531812 0.664750 0.534104 0.664750 0.538250 0.664406 0.540104 0.664406 0.545625 0.664406 0.553000 0.663719 0.565437 0.668563 0.590313 0.667516 0.593083 0.664750 0.597208 0.667172 0.599521 0.672359 0.596292 0.674422 0.589396 0.674422 0.586167 0.675469 0.580646 0.675125 0.553458 0.675469 0.548854 0.677891 0.545625 0.677891 0.542875 0.676156 0.540563 0.675469 0.536417 0.674078 0.532271 0.674078 0.527208 0.672703 0.523521 0.667859 0.521667 0.664062 0.521667
0 1 0 0.393906 0.542979 0.400094 0.549396 0.397344 0.557021 0.398719 0.562521 0.397578 0.569229 0.400313 0.575646 0.397578 0.593042 0.400547 0.607396 0.400547 0.610146 0.395734 0.607396 0.392078 0.608000 0.387047 0.607083 0.387266 0.604958 0.387500 0.596708 0.387047 0.582354 0.391625 0.579313 0.393219 0.574729 0.388406 0.573812 0.384516 0.569854 0.387953 0.555813 0.391391 0.549688 0.391391 0.545125 0.393906 0.543292
2 1 1 0.447266 0.546313 0.442500 0.538708 0.429406 0.538062 0.421547 0.538062 0.417750 0.552042 0.415594 0.560917 0.414406 0.574250 0.420125 0.573625 0.422750 0.570125 0.434406 0.571083 0.436547 0.567583 0.436078 0.556479 0.444641 0.558062 0.443453 0.566312 0.443703 0.572354 0.444406 0.575833 0.448938 0.576167 0.449641 0.552979
0 1 0 0.725781 0.513063 0.729437 0.511542 0.734688 0.513354 0.735609 0.518542 0.734234 0.524625 0.735375 0.530729 0.735156 0.534687 0.736750 0.544125 0.734688 0.554792 0.736750 0.566354 0.735844 0.577021 0.736984 0.590729 0.738813 0.597125 0.736984 0.599250 0.725328 0.597729 0.728063 0.595292 0.729672 0.593458 0.729219 0.587979 0.727844 0.578542 0.726016 0.575792 0.723953 0.573375 0.722125 0.555396 0.723266 0.544729 0.726016 0.534375 0.726016 0.527979 0.725562 0.527375 0.724641 0.524625 0.725328 0.521583 0.724187 0.517937 0.724641 0.513667
