8 1 0 0.231203 0.668925 0.213672 0.682593 0.208344 0.708785 0.209859 0.721332 0.410250 0.721893 0.430438 0.720748 0.436156 0.700818 0.446047 0.675748 0.465484 0.665491 0.484141 0.660374 0.490250 0.660374 0.509297 0.651822 0.571000 0.629603 0.577859 0.607967 0.577859 0.580631 0.573297 0.574930 0.569859 0.578925 0.564531 0.573785 0.566437 0.568668 0.551188 0.569790 0.535953 0.584603 0.525297 0.599416 0.507391 0.607967 0.498625 0.611379 0.491391 0.613668 0.490250 0.602266 0.466625 0.607967 0.430047 0.623925 0.410250 0.632453 0.411391 0.641005 0.400344 0.650678 0.388531 0.652407 0.369109 0.648972 0.362250 0.645000 0.349297 0.635888 0.335953 0.642710 0.318812 0.645561 0.305484 0.650117 0.262438 0.654112 0.255953 0.668925 0.250250 0.672336 0.238438 0.674603
8 1 0 0.118625 0.686893 0.131313 0.689650 0.137188 0.689650 0.159781 0.682710 0.166891 0.681799 0.175563 0.679953 0.212687 0.674860 0.219500 0.672547 0.225375 0.668364 0.229703 0.666986 0.221359 0.676706 0.216094 0.679019 0.212078 0.683645 0.208984 0.692897 0.208984 0.699836 0.189797 0.700771 0.148016 0.701238 0.132547 0.701682 0.123578 0.701238 0.114297 0.697056 0.111812 0.693832
0 1 0 0.577516 0.579299 0.582094 0.587126 0.585344 0.596869 0.588609 0.615421 0.591219 0.619322 0.591875 0.610537 0.589922 0.600771 0.593188 0.594930 0.598406 0.599813 0.606234 0.611519 0.603625 0.601752 0.598406 0.591986 0.595141 0.583201 0.591875 0.566612 0.590578 0.554907 0.595141 0.549042 0.595797 0.540280 0.586000 0.539299 0.577516 0.529533 0.572297 0.529533 0.570984 0.541238 0.573609 0.549042 0.572953 0.560771 0.565125 0.572477 0.577516 0.580280
0 1 0 0.733734 0.684930 0.733203 0.680210 0.735578 0.671519 0.736375 0.664813 0.722656 0.662453 0.723453 0.658902 0.724234 0.657336 0.726078 0.655350 0.727406 0.655350 0.728188 0.655350 0.729250 0.656542 0.729781 0.657734 0.732156 0.659696 0.736891 0.657734 0.740859 0.642336 0.741641 0.642336 0.739531 0.638388 0.739266 0.631285 0.737687 0.627757 0.744016 0.621822 0.748766 0.626565 0.750609 0.630514 0.750609 0.635234 0.750344 0.637617 0.749031 0.641939 0.749031 0.644696 0.749031 0.645491 0.750609 0.650234 0.751141 0.668364 0.747453 0.673107 0.749031 0.684556 0.746656 0.686122 0.744281 0.688107 0.742703 0.689276 0.740859 0.690865 0.739531 0.692827 0.738750 0.693224 0.737953 0.694416 0.737156 0.695187 0.736891 0.696776 0.736109 0.697570 0.735313 0.722804 0.734781 0.727150 0.733734 0.731098 0.731359 0.732266 0.730047 0.733458 0.732422 0.733458 0.734000 0.733458 0.735578 0.734252 0.736891 0.734252 0.739531 0.734252 0.740063 0.734650 0.740859 0.734252 0.741641 0.734252
0 1 1 0.177047 0.653061 0.178406 0.662220 0.177125 0.667079 0.176531 0.669369 0.175172 0.671916 0.176531 0.674836 0.178313 0.672804 0.179250 0.670888 0.179938 0.676378 0.180703 0.681589 0.173469 0.681986 0.170734 0.681589 0.168516 0.678925 0.166906 0.676122 0.164438 0.668855 0.164344 0.663762 0.162641 0.653575 0.162984 0.649486 0.166219 0.643107 0.166984 0.639556 0.169547 0.638154 0.173203 0.638528 0.173625 0.640561 0.173891 0.641589 0.176531 0.645280
0 1 0 0.828625 0.680023 0.816687 0.679065 0.816047 0.664019 0.801594 0.676262 0.797188 0.672500 0.815422 0.654626 0.817937 0.642407 0.811656 0.624533 0.831781 0.621706 0.830516 0.635818 0.831781 0.658388 0.824859 0.676262
0 1 1 0.976109 0.657664 0.976469 0.660093 0.980062 0.660888 0.983469 0.659813 0.983656 0.656332 0.986359 0.652827 0.986172 0.660631 0.985453 0.664650 0.999844 0.676495 0.999844 0.620304 0.995344 0.623248 0.994266 0.628902 0.995344 0.634556 0.989234 0.635093 0.983469 0.641799 0.980422 0.649883 0.978078 0.654720
0 1 0 0.164937 0.675561 0.156547 0.677056 0.153156 0.680935 0.150562 0.674346 0.152750 0.671963 0.151562 0.662710 0.157156 0.653154 0.162141 0.652243 0.165344 0.670467 0.166547 0.675561
0 1 1 0.232688 0.655210 0.232281 0.665584 0.231063 0.670491 0.229828 0.669860 0.229422 0.664673 0.230234 0.655818 0.230656 0.651238 0.228000 0.646051 0.229219 0.638435 0.229625 0.632617 0.229828 0.627734 0.231672 0.625607 0.231469 0.621635 0.232078 0.618575 0.233922 0.617360 0.235750 0.619509 0.235344 0.623458 0.237797 0.625911 0.239625 0.630794 0.239422 0.636892 0.239219 0.641776 0.238000 0.646051 0.238000 0.654603 0.236781 0.662547 0.237797 0.672313 0.235953 0.672009 0.233922 0.665584 0.235547 0.658271 0.235344 0.654907
8 1 0 0.443328 0.723598 0.435813 0.701121 0.456859 0.701121 0.464375 0.667406 0.485406 0.683154 0.578578 0.678645 0.610141 0.651682 0.634188 0.692126 0.661234 0.701121 0.676266 0.732593 0.649219 0.730327 0.614656 0.730327 0.584594 0.743832 0.559047 0.750561 0.521469 0.737079 0.449344 0.721355
8 1 0 0.997078 0.712103 0.887844 0.732360 0.745594 0.737430 0.735438 0.707033 0.744750 0.690584 0.748141 0.677921 0.803500 0.659533 0.800969 0.673458 0.817906 0.678528 0.831453 0.678528 0.833984 0.664579 0.947453 0.648131 0.999953 0.673458
