0 1 1 0.837844 0.735246 0.839734 0.729578 0.839734 0.723911 0.842156 0.716628 0.842437 0.709742 0.842969 0.702459 0.842703 0.700843 0.841078 0.700843 0.840266 0.704075 0.838922 0.708923 0.837297 0.713794 0.836500 0.718642 0.834875 0.725129 0.834609 0.725925 0.834609 0.728759 0.837031 0.730796 0.834062 0.731593 0.832172 0.729977 0.831906 0.726745 0.831094 0.722693 0.831359 0.719859 0.834875 0.705691 0.836766 0.696370 0.837578 0.682623 0.841625 0.671686 0.845938 0.668852 0.848375 0.665621 0.847297 0.658337 0.847297 0.652248 0.848375 0.648220 0.851078 0.647400 0.857828 0.649414 0.860266 0.657518 0.858906 0.665621 0.861875 0.672904 0.866203 0.679391 0.868625 0.684637 0.870250 0.697190 0.871328 0.704473 0.871062 0.718244 0.871328 0.728759 0.871328 0.734824 0.869703 0.740094 0.866734 0.743326 0.865391 0.737658 0.866734 0.728361 0.868625 0.721874 0.867547 0.717822 0.865922 0.716628 0.864578 0.720656 0.863234 0.726745 0.862953 0.734426 0.862141 0.741311 0.861344 0.753864 0.861063 0.762365 0.860266 0.773700 0.859719 0.778548 0.859453 0.782201 0.852156 0.782201 0.850266 0.782998 0.846484 0.782998 0.843781 0.776112 0.842703 0.764379 0.842156 0.756698 0.839734 0.747377 0.839734 0.738876 0.837297 0.736464 0.838109 0.736042
2 1 0 0.296937 0.749438 0.296937 0.731382 0.299516 0.730094 0.299953 0.707494 0.303391 0.698478 0.315453 0.681054 0.315016 0.676534 0.322344 0.673302 0.358500 0.669438 0.374438 0.669438 0.401125 0.677822 0.423516 0.697822 0.442031 0.708150 0.458391 0.712670 0.466578 0.719766 0.467438 0.760422 0.454516 0.756557 0.440734 0.727518 0.429984 0.722342 0.433859 0.710094 0.423516 0.705574 0.420078 0.715246 0.406734 0.713958 0.408453 0.704286 0.408453 0.700398 0.401125 0.701054 0.392094 0.706862 0.381328 0.714590 0.369266 0.712670 0.365828 0.703630 0.358500 0.703630 0.357219 0.711382 0.351609 0.725574 0.343000 0.730726 0.337406 0.732670 0.328797 0.726862 0.317594 0.728806 0.313297 0.735246 0.310719 0.745574 0.310281 0.746230 0.297359 0.747518
1 1 0 0.469078 0.717471 0.477328 0.718220 0.477828 0.718595 0.475828 0.723466 0.477828 0.730585 0.484828 0.742201 0.488328 0.752693 0.489344 0.771077 0.486578 0.775574 0.478828 0.777447 0.471078 0.760585 0.470828 0.748571 0.469828 0.744450 0.465828 0.739953 0.459062 0.750070 0.456563 0.756464 0.454563 0.757588 0.448313 0.739953 0.442063 0.733208 0.437313 0.731710 0.441063 0.729461 0.443813 0.726464 0.445062 0.718970 0.442063 0.715222 0.440312 0.707330 0.451063 0.708454 0.447062 0.714473 0.450063 0.728712 0.452812 0.738454 0.465078 0.725714 0.465578 0.734707
7 1 0 0.443594 0.707283 0.430422 0.699766 0.411594 0.680023 0.343203 0.667799 0.346344 0.644286 0.461172 0.652740 0.466813 0.680960 0.465562 0.721405 0.470578 0.727049 0.471203 0.699766 0.473094 0.667799 0.493172 0.692248 0.493172 0.733630 0.485016 0.734567 0.479359 0.734567
1 1 0 0.363328 0.743934 0.369469 0.745386 0.365578 0.752974 0.336484 0.752974 0.335109 0.748876 0.340391 0.744778 0.342531 0.740679 0.338828 0.736276 0.329063 0.736276 0.326719 0.736862 0.328281 0.743021 0.332375 0.747119 0.329844 0.757073 0.326125 0.759696 0.321250 0.761171 0.316359 0.765269 0.309719 0.770234 0.304250 0.776979 0.300344 0.788970 0.300156 0.807119 0.304063 0.819415 0.312266 0.826440 0.325344 0.826159 0.334922 0.810937 0.336875 0.795714 0.338828 0.785457 0.333547 0.771405 0.331984 0.766440 0.331406 0.764098 0.333937 0.767026 0.345469 0.786628 0.354250 0.797752 0.361281 0.792201 0.364406 0.786042 0.365391 0.782248 0.366750 0.783700 0.363438 0.797166 0.367344 0.813864 0.373000 0.823232 0.378469 0.827026 0.390188 0.828782 0.397219 0.822927 0.404453 0.808009 0.406219 0.795410 0.403875 0.782248 0.398203 0.773747 0.393313 0.768782 0.387844 0.765269 0.382188 0.764965 0.376516 0.765550 0.369297 0.772576 0.367531 0.771991 0.367344 0.757939 0.371437 0.746230 0.371641 0.743770 0.364219 0.742600
1 1 0 0.414125 0.763045 0.391797 0.759087 0.388016 0.752834 0.390672 0.727892 0.403906 0.723911 0.406187 0.739227 0.419797 0.744895 0.433797 0.753396 0.442500 0.761920 0.454609 0.786300 0.451578 0.803864 0.445156 0.814075 0.431531 0.809555 0.427375 0.798197 0.425469 0.777213 0.412234 0.759649 0.403156 0.753981
0 1 1 0.795750 0.663208 0.796234 0.658103 0.797203 0.649321 0.798187 0.648595 0.805984 0.652974 0.805500 0.658103 0.810375 0.669063 0.811359 0.680773 0.809406 0.691007 0.807938 0.699040 0.807938 0.713653 0.807938 0.727564 0.804031 0.738525 0.800625 0.737049 0.803063 0.720234 0.803063 0.706347 0.802078 0.704169 0.800625 0.726089 0.800141 0.734871 0.796719 0.734871 0.795750 0.723888 0.794281 0.714403 0.794281 0.706347 0.793297 0.700492 0.789891 0.694660 0.790859 0.686604 0.787453 0.675644 0.785984 0.673443 0.789891 0.665410 0.796234 0.656628
1 1 0 0.342953 0.732084 0.351703 0.722600 0.355109 0.716042 0.360469 0.708735 0.367766 0.705831 0.377016 0.713841 0.389672 0.722600 0.390641 0.728431 0.384797 0.751054 0.386266 0.763443 0.372156 0.751780 0.374094 0.740843 0.367281 0.740117 0.356578 0.745948 0.355609 0.752506 0.346359 0.754707 0.344406 0.737190 0.341969 0.734262
1 1 0 0.424969 0.740960 0.441094 0.748314 0.454406 0.763021 0.452313 0.743583 0.441797 0.734660 0.429875 0.727307 0.426375 0.723115 0.419375 0.726253 0.409203 0.725738 0.405344 0.714169 0.403594 0.719438 0.408156 0.742014 0.420062 0.746206
1 1 0 0.395312 0.758642 0.402953 0.756557 0.409203 0.758126 0.417547 0.765925 0.423453 0.777377 0.424141 0.788314 0.423453 0.798220 0.420312 0.807073 0.416500 0.814871 0.410250 0.819555 0.403297 0.821639 0.399828 0.820609 0.402953 0.812272 0.405031 0.807588 0.407125 0.797166 0.404687 0.781030 0.398078 0.772178 0.391484 0.766979 0.394953 0.760211
5 1 1 0.501484 0.441101 0.640953 0.430703 0.691406 0.515222 0.694375 0.758361 0.652828 0.816183 0.493359 0.816112 0.494516 0.683044 0.493359 0.586745 0.496859 0.441405
