28 1 0 0.620547 0.575437 0.494406 0.535792 0.465703 0.535792 0.438016 0.556292 0.428781 0.610979 0.423656 0.686188 0.416469 0.773708 0.418531 0.851646 0.435953 0.843437 0.467750 0.828396 0.470828 0.803771 0.481078 0.687563 0.507750 0.662937 0.568250 0.653375 0.597984 0.660208 0.605172 0.662937 0.611313 0.653375 0.633875 0.642438
28 1 2 0.305141 0.263687 0.284094 0.316292 0.276203 0.321208 0.223609 0.291042 0.216766 0.271396 0.219922 0.256687 0.226766 0.239146 0.242547 0.216000 0.259375 0.217396 0.273578 0.224417 0.301453 0.251063
0 1 1 0.431984 0.164167 0.442109 0.113417 0.447406 0.114063 0.445000 0.100562 0.447891 0.087083 0.454641 0.084500 0.458484 0.085792 0.458016 0.096708 0.457531 0.108271 0.454156 0.111500 0.459937 0.118562 0.467641 0.123062 0.469578 0.133333 0.475359 0.189229 0.477766 0.220708 0.449813 0.223917 0.437297 0.225854 0.445000 0.199500
28 1 0 0.412453 0.490812 0.374172 0.458937 0.362219 0.404708 0.459484 0.289917 0.513687 0.330313 0.528844 0.374958 0.524063 0.382396 0.433969 0.396208 0.418828 0.420667
28 1 1 0.731453 0.649438 0.726406 0.575271 0.896625 0.561792 0.938766 0.588771 0.952250 0.725833 0.918547 0.710104 0.883141 0.705625 0.876406 0.669667 0.876406 0.669667
28 1 0 0.627641 0.478854 0.650906 0.518146 0.658656 0.646354 0.635391 0.648417 0.624531 0.571896 0.579563 0.559500 0.629187 0.545021 0.627641 0.526417 0.567156 0.534687 0.554125 0.535937 0.557891 0.503292 0.573891 0.503292 0.621906 0.493250 0.608734 0.479438 0.624734 0.476937
28 1 2 0.742578 0.584042 0.722687 0.624375 0.712313 0.611687 0.714047 0.507958 0.719234 0.487208 0.986344 0.478000 0.992391 0.503354 0.999313 0.510271 1.000000 0.520646 0.990672 0.532167 0.995859 0.586333 0.990672 0.609396 0.966469 0.623229 0.943984 0.615146 0.925828 0.584042 0.886078 0.570208 0.854094 0.565583 0.796172 0.570208 0.744297 0.582875
28 1 2 0.343281 0.361396 0.281891 0.321833 0.308484 0.263167 0.339188 0.272708 0.360672 0.293167 0.365781 0.315000
0 1 1 0.901344 0.428250 0.889578 0.349771 0.882844 0.325104 0.872766 0.300458 0.869391 0.233187 0.887891 0.174896 0.911438 0.150229 0.908078 0.114354 0.926562 0.096417 0.940016 0.112104 0.941703 0.139021 0.960203 0.174896 0.961891 0.221979 0.951797 0.273542 0.926562 0.302687 0.926562 0.336312 0.931609 0.426000 0.904703 0.455167
28 1 0 0.416109 0.478583 0.417703 0.412521 0.432094 0.393354 0.566328 0.379500 0.586297 0.401875 0.591891 0.418917 0.595094 0.458333 0.572719 0.464729 0.565531 0.425312 0.551937 0.422125 0.552750 0.463667 0.502406 0.457271 0.491219 0.475396 0.466453 0.474312 0.456062 0.476458 0.433688 0.477521
0 1 1 0.361641 0.230271 0.374109 0.238583 0.391469 0.245708 0.401719 0.233250 0.407062 0.224333 0.403062 0.207708 0.401281 0.183958 0.407953 0.168521 0.404844 0.137625 0.398156 0.130500 0.386125 0.112687 0.384797 0.102000 0.382562 0.098438 0.378563 0.096063 0.373656 0.103792 0.375000 0.118625 0.374547 0.125167 0.353172 0.140604 0.348719 0.156042 0.351844 0.167917 0.358516 0.173271 0.361188 0.186917 0.358078 0.214833
28 1 0 0.609328 0.461854 0.622344 0.468354 0.732922 0.469438 0.750812 0.468354 0.768703 0.466188 0.791469 0.465104 0.802844 0.461854 0.806906 0.460771 0.810984 0.460771 0.811797 0.460771 0.806906 0.403313 0.797969 0.378375 0.784141 0.383792 0.780891 0.370792 0.763812 0.366458 0.736172 0.356688 0.705281 0.358875 0.681703 0.366458 0.670313 0.375125 0.668687 0.382708 0.647547 0.390313 0.630469 0.394646 0.619094 0.410896 0.610141 0.422833 0.610141 0.433667 0.610953 0.442333
0 1 1 0.141125 0.149458 0.141859 0.125104 0.125797 0.114396 0.124578 0.106917 0.123594 0.104000 0.123359 0.090687 0.117266 0.084833 0.109969 0.087125 0.108750 0.097500 0.109469 0.107563 0.109719 0.111458 0.104125 0.115354 0.109969 0.122833 0.113609 0.141333 0.109969 0.148479 0.109969 0.148479
28 1 2 0.447922 0.268729 0.503141 0.260292 0.533922 0.260292 0.558359 0.269938 0.560172 0.274771 0.562891 0.319417 0.544781 0.329083 0.509484 0.329083 0.494094 0.318229 0.461500 0.289250 0.446109 0.307354 0.441594 0.297708 0.443406 0.273562
0 1 1 0.477313 0.132000 0.478547 0.116292 0.480406 0.105562 0.491563 0.105562 0.495281 0.113812 0.495281 0.122083 0.493422 0.141083 0.499625 0.151000 0.494047 0.162583 0.487844 0.171667 0.477922 0.170833 0.475453 0.155146 0.477922 0.128688
0 1 1 0.503734 0.141562 0.511766 0.121125 0.519063 0.112354 0.527828 0.127937 0.530016 0.147417 0.531484 0.160063 0.537328 0.177583 0.541703 0.201937 0.543172 0.221417 0.543172 0.234062 0.513953 0.229208 0.490578 0.223354 0.479625 0.193167 0.491313 0.170771
0 1 1 0.723516 0.119333 0.726812 0.146500 0.737906 0.163687 0.737312 0.177687 0.722328 0.163292 0.718125 0.156896 0.711828 0.140104 0.707937 0.116938 0.715125 0.117333 0.719922 0.120917
0 1 1 0.528266 0.147167 0.535969 0.132333 0.540688 0.130042 0.540250 0.123188 0.544109 0.120917 0.546687 0.122625 0.546250 0.129479 0.547969 0.135187 0.553953 0.140896 0.558672 0.160312 0.559094 0.168875 0.556531 0.166021 0.553531 0.160875 0.548828 0.177437 0.547531 0.192854 0.548828 0.200833 0.548391 0.208833 0.545391 0.213979 0.542391 0.213979 0.541969 0.195708 0.538109 0.174000 0.534688 0.160312 0.531266 0.154604
0 1 0 0.149656 0.142729 0.151172 0.129146 0.156453 0.119583 0.156453 0.113063 0.152672 0.107021 0.151547 0.099979 0.153437 0.090938 0.162109 0.085396 0.168141 0.092437 0.168141 0.099479 0.171156 0.106521 0.177188 0.122104 0.177188 0.142729 0.179453 0.159812 0.171531 0.162333 0.161734 0.159313 0.155313 0.149750 0.151547 0.151771
28 1 1 0.257859 0.986521 0.271344 0.939333 0.306734 0.901125 0.488766 0.822479 0.620219 0.860667 0.621906 0.885396 0.625281 0.988771 0.261234 0.988771
0 1 1 0.558516 0.243646 0.554516 0.196958 0.587531 0.119562 0.588531 0.098208 0.589531 0.080875 0.597547 0.072875 0.606547 0.071542 0.630562 0.095542 0.639578 0.128896 0.644578 0.152917 0.641578 0.183604 0.641578 0.183604 0.641578 0.315479 0.591531 0.296792 0.562516 0.256771
28 1 2 0.143578 0.433562 0.184125 0.325458 0.204391 0.314187 0.351344 0.420042 0.349656 0.449333 0.341219 0.485354 0.322641 0.566438 0.146953 0.451583
