2 1 1 0.548813 0.603075 0.601891 0.599153 0.649922 0.603075 0.661703 0.608305 0.675187 0.629201 0.688672 0.657918 0.697094 0.694479 0.697094 0.699685 0.703000 0.708838 0.707203 0.719274 0.713109 0.736247 0.713109 0.746683 0.714781 0.757143 0.711422 0.759758 0.712266 0.771501 0.707203 0.789782 0.707203 0.793705 0.713109 0.855061 0.692891 0.921647 0.676875 0.908596 0.639813 0.908596 0.640641 0.916416 0.615375 0.926876 0.619578 0.887700 0.597687 0.878547 0.590937 0.862881 0.597687 0.806755 0.633906 0.804140 0.648234 0.772809 0.626328 0.733632 0.606953 0.738862 0.590937 0.729734 0.579141 0.710145 0.574094 0.664431
0 1 1 0.497141 0.620508 0.500531 0.607433 0.502219 0.591743 0.502219 0.581259 0.501375 0.566877 0.498828 0.549855 0.496297 0.535472 0.492078 0.527627 0.485328 0.521090 0.478578 0.514528 0.471812 0.510605 0.463375 0.510605 0.447328 0.513220 0.442266 0.519782 0.434672 0.531550 0.432141 0.542010 0.431297 0.565569 0.430438 0.587821 0.433828 0.624455 0.437203 0.633608 0.404266 0.651913 0.396672 0.661090 0.394141 0.670242 0.394984 0.679395 0.397516 0.684625 0.499672 0.689855 0.507281 0.699032 0.511500 0.719952 0.514031 0.738281 0.514031 0.751356 0.525016 0.756586 0.532609 0.756586 0.533453 0.746126 0.533453 0.736973 0.536828 0.740896 0.541891 0.757894 0.544422 0.761816 0.549500 0.765763 0.558781 0.763124 0.567219 0.760508 0.575672 0.760508 0.583266 0.759201 0.584953 0.759201 0.592562 0.755278 0.593406 0.739588 0.593406 0.727797 0.590016 0.717337 0.580734 0.708184 0.572297 0.697724 0.568062 0.693801 0.561312 0.685932 0.556250 0.678087 0.550344 0.670242 0.542734 0.666320 0.545266 0.654528 0.545266 0.646683 0.535141 0.638838 0.524172 0.633608
9 1 1 0.569781 0.169080 0.571266 0.246901 0.568672 0.252034 0.546156 0.252615 0.541719 0.166780 0.566828 0.166223
2 1 1 0.708953 0.683729 0.696813 0.686538 0.687703 0.656441 0.680422 0.643269 0.683453 0.638571 0.688312 0.633874 0.712594 0.636707 0.716844 0.648910 0.719875 0.657385 0.721094 0.665860 0.718047 0.679007
2 1 1 0.700422 0.632615 0.700422 0.627627 0.723766 0.627312 0.727563 0.636150 0.729094 0.658789 0.728328 0.664673 0.729094 0.671138 0.724906 0.674673 0.722641 0.671453 0.722062 0.664673 0.721109 0.665254 0.717312 0.650847 0.712578 0.636150 0.700625 0.635254 0.700625 0.633196
0 1 1 0.923063 0.710920 0.921906 0.682131 0.918203 0.671937 0.915047 0.657337 0.915906 0.645375 0.919344 0.627216 0.922766 0.621913 0.923625 0.618354 0.922766 0.610387 0.923625 0.607288 0.927625 0.603753 0.932203 0.606416 0.933344 0.612155 0.932484 0.621017 0.935625 0.623680 0.937922 0.628983 0.940484 0.657337 0.938484 0.674165 0.937625 0.691429 0.938781 0.704722 0.937344 0.712252 0.933625 0.714019 0.932203 0.714891 0.929062 0.714019 0.925344 0.712252 0.923906 0.710920
9 1 0 0.188516 0.314600 0.188516 0.247191 0.214625 0.247191 0.217516 0.321356
10 1 1 0.888094 0.730823 0.888094 0.713898 0.888094 0.706344 0.886672 0.702349 0.885516 0.697894 0.884375 0.690339 0.887234 0.682760 0.888094 0.673874 0.892406 0.664528 0.895562 0.664528 0.898719 0.667651 0.898719 0.668983 0.900438 0.678329 0.900156 0.684552 0.899297 0.700557 0.899297 0.703245 0.899016 0.718814 0.899875 0.730823
9 1 1 0.284516 0.226271 0.281922 0.290436 0.286797 0.295472 0.296578 0.293462 0.298219 0.229806 0.297891 0.226271 0.290391 0.225763
9 1 1 0.078672 0.548717 0.061219 0.549903 0.060469 0.524818 0.079172 0.524044 0.079172 0.547942
3 1 1 0.379078 0.685206 0.510750 0.691937 0.512203 0.761429 0.538250 0.756949 0.555609 0.795061 0.577313 0.781622 0.590328 0.739007 0.632297 0.736780 0.636625 0.774891 0.635188 0.788329 0.594672 0.813002 0.583094 0.799540 0.549812 0.821961 0.606250 0.891477 0.609141 0.972203 0.639531 0.981162 0.646766 0.913898 0.697406 0.904939 0.695953 0.983414 0.296609 0.985642 0.303844 0.902688 0.332781 0.882518 0.348703 0.824213 0.335672 0.792833 0.335672 0.761429 0.355938 0.743487
