2 1 1 0.000000 0.754750 0.070562 0.790594 0.127042 0.828063 0.205229 0.841094 0.224792 0.849234 0.242167 0.917656 0.237813 0.948609 0.222625 1.000000 0.000000 1.000000
2 1 0 0.930042 0.587844 0.902646 0.599578 0.887000 0.604469 0.859604 0.609359 0.829604 0.614250 0.799625 0.621094 0.782667 0.631859 0.789187 0.639687 0.812667 0.641641 0.829604 0.649469 0.850479 0.660219 0.870042 0.664141 0.892208 0.663156 0.903958 0.659250 0.927438 0.652391 0.950896 0.647500 0.962646 0.639687 0.979604 0.627937 0.991333 0.624031 0.995250 0.622078 0.997854 0.605453 1.000000 0.589797 0.993937 0.589797
2 1 1 0.411875 0.682141 0.359625 0.679406 0.359104 0.682141 0.342396 0.681750 0.341354 0.680188 0.328813 0.676656 0.314708 0.680188 0.313146 0.689984 0.297458 0.690766 0.289625 0.686844 0.291729 0.661375 0.292771 0.645312 0.309312 0.619984 0.308625 0.612750 0.315854 0.611969 0.335500 0.592844 0.373417 0.593359 0.402708 0.593359 0.414083 0.594656
2 1 0 0.718979 0.640188 0.698917 0.634406 0.707021 0.625437 0.706167 0.623516 0.708729 0.617437 0.703188 0.614234 0.696771 0.615828 0.692500 0.617109 0.690375 0.632172 0.673271 0.624797 0.673708 0.607188 0.680542 0.597250 0.697208 0.590844 0.726250 0.586359 0.753583 0.574828 0.806979 0.572906 0.835604 0.572578 0.839458 0.575781 0.810833 0.577703 0.790333 0.582828 0.769396 0.589234 0.725813 0.589875 0.722396 0.590844 0.723250 0.627359 0.723250 0.639859
2 1 1 0.256896 0.588625 0.259896 0.578625 0.259354 0.578219 0.257979 0.577391 0.258792 0.575766 0.265333 0.575562 0.271313 0.568000 0.298271 0.566375 0.304521 0.567187 0.309708 0.572094 0.314271 0.577891 0.310875 0.578578 0.306875 0.578812 0.280667 0.577891 0.270792 0.578125 0.265854 0.583672
2 1 1 0.131250 0.657625 0.130125 0.662734 0.127854 0.668266 0.123312 0.669547 0.118771 0.669547 0.111396 0.667406 0.109125 0.665703 0.105708 0.662734 0.063708 0.667844 0.064833 0.675922 0.060292 0.678484 0.052354 0.681031 0.045542 0.679328 0.033604 0.671250 0.000125 0.671250 0.000125 0.583969 0.037021 0.583969 0.067104 0.583969 0.086417 0.593750 0.097771 0.603125 0.102875 0.611219 0.120479 0.618031 0.129562 0.620578 0.137500 0.638031 0.137500 0.644844 0.132958 0.653797
2 1 1 0.357604 0.591594 0.412437 0.593906 0.408458 0.558078 0.390333 0.559734 0.377062 0.577984 0.364229 0.582625
2 1 0 0.954667 0.668437 0.957042 0.627859 0.992125 0.618953 0.995083 0.618062 1.000000 0.602906 0.999854 0.692062 0.986771 0.691609 0.979625 0.681812 0.958229 0.673781
2 1 0 0.711917 0.575688 0.694396 0.584453 0.658104 0.586328 0.642250 0.596031 0.648917 0.602297 0.671875 0.606984 0.690229 0.595094 0.702333 0.588828 0.731125 0.585391 0.755729 0.572875
2 1 1 0.312833 0.611500 0.272396 0.612781 0.259479 0.615359 0.253458 0.608266 0.252604 0.596656 0.260333 0.588906 0.264646 0.581156 0.297333 0.577297 0.317125 0.582453 0.322292 0.598594
