6 1 1 0.000000 0.127344 0.077307 0.125266 0.179578 0.158359 0.204379 0.218328 0.204379 0.425109 0.099016 0.454063 0.000000 0.458187
39 1 1 0.576909 0.461172 0.582272 0.426500 0.558080 0.408563 0.558970 0.399000 0.543747 0.397797 0.541944 0.407359 0.517752 0.422906 0.507892 0.438453 0.495363 0.541875 0.511475 0.533516 0.536581 0.509000 0.542857 0.485687 0.557190 0.482688 0.575105 0.460578
7 1 0 0.841429 0.317937 0.825948 0.317281 0.820164 0.325672 0.799836 0.323734 0.781475 0.319219 0.773724 0.290828 0.823068 0.263719 0.911077 0.259844 0.916885 0.259844 0.923653 0.259844 0.916885 0.292109 0.901405 0.288250 0.891733 0.298578 0.890773 0.301156 0.880117 0.289531 0.864637 0.288891 0.861756 0.297281 0.858853 0.301797 0.839508 0.308250 0.839508 0.313406
2 1 0 0.235808 0.375047 0.203091 0.378406 0.205597 0.314594 0.268525 0.314594 0.276089 0.338109 0.298735 0.346500 0.296206 0.363297 0.291171 0.376719 0.258454 0.388484 0.228267 0.376719
0 1 0 0.851944 0.344922 0.851944 0.328281 0.851944 0.321359 0.849860 0.317547 0.847260 0.313734 0.852459 0.305406 0.857143 0.304031 0.856089 0.297094 0.859204 0.290156 0.869087 0.289469 0.872717 0.289469 0.877916 0.291203 0.877916 0.296750 0.880000 0.300563 0.881546 0.301953 0.886745 0.304375 0.888829 0.310266 0.892974 0.318937 0.896628 0.325859 0.896628 0.336953 0.895574 0.342156 0.895574 0.343188 0.895574 0.346312 0.895574 0.360875 0.896628 0.370234 0.898173 0.379234 0.900258 0.383406 0.900258 0.390672 0.899204 0.393797 0.891944 0.396922 0.879461 0.398656 0.870117 0.400031 0.859742 0.400031 0.856604 0.394484 0.860258 0.387219 0.862318 0.384094 0.860773 0.375422 0.860773 0.368500 0.855058 0.353938
2 1 0 0.639134 0.282125 0.639134 0.272891 0.580703 0.272891 0.512272 0.279047 0.512272 0.289828 0.523794 0.295469 0.530726 0.310859 0.513021 0.313937 0.512272 0.320094 0.578384 0.319578 0.579930 0.300094
7 1 0 0.945691 0.242844 1.000000 0.245063 0.997869 0.370469 0.921686 0.359984 0.917541 0.298656 0.929133 0.255000 0.944871 0.244500 0.944871 0.244500
2 1 0 0.772014 0.290969 0.807002 0.300516 0.803817 0.321734 0.738642 0.321734 0.708431 0.283547 0.649625 0.280375 0.578080 0.299453 0.578080 0.313250 0.582857 0.318547 0.608290 0.315375
0 1 1 0.329461 0.366141 0.320468 0.383078 0.318009 0.386359 0.317190 0.363953 0.312272 0.338813 0.304895 0.347562 0.298337 0.361219 0.294239 0.359578 0.299157 0.348109 0.301616 0.323516 0.303255 0.317500 0.312272 0.310406 0.310632 0.299469 0.322084 0.296187 0.329461 0.300016 0.326183 0.310406 0.338478 0.313672 0.348314 0.319141 0.346674 0.330078 0.341756 0.354109 0.349133 0.367234 0.338478 0.372688
0 1 0 0.886183 0.300672 0.889906 0.289078 0.912248 0.289906 0.919696 0.302328 0.930867 0.337109 0.930867 0.368578 0.930867 0.392609 0.908525 0.396750 0.899836 0.376047 0.897354 0.345391 0.898595 0.326344
67 1 2 0.691780 0.343406 0.695550 0.344234 0.691780 0.355141 0.690117 0.357109 0.691358 0.352625 0.692201 0.343969
0 1 1 0.533138 0.386281 0.583443 0.350484 0.603560 0.278891 0.694098 0.272188 0.761148 0.350484 0.744379 0.422078 0.670609 0.766594 0.596838 0.739750 0.650492 0.565250 0.573372 0.478000 0.546557 0.406406
0 1 1 0.234169 0.593922 0.228220 0.562187 0.231194 0.514578 0.293630 0.425313 0.338220 0.373750 0.362014 0.361844 0.344169 0.336062 0.373911 0.290438 0.424450 0.284484 0.457143 0.298375 0.483911 0.312250 0.495808 0.318203 0.486885 0.371766 0.504731 0.383656 0.540398 0.383656 0.535621 0.404094 0.513115 0.423187 0.504941 0.450484 0.504941 0.494141 0.504941 0.543250 0.455855 0.562344 0.427237 0.592359 0.406792 0.614187 0.378173 0.627828 0.400656 0.641469 0.408829 0.660578 0.510351 0.683859 0.565948 0.700859 0.558993 0.730234 0.554356 0.792047 0.547424 0.832234 0.535831 0.864688 0.512670 0.912609 0.480234 0.929609 0.443185 0.926516 0.429274 0.909516 0.424637 0.894063 0.431592 0.813688 0.445480 0.748781 0.443185 0.728687 0.429274 0.730234 0.415386 0.778141 0.426955 0.793594 0.426955 0.821422 0.413068 0.858516 0.394520 0.904875 0.371358 0.895609 0.355152 0.881688 0.362084 0.864688 0.329672 0.847688 0.334309 0.819875 0.320398 0.778141 0.343560 0.745687 0.329672 0.665312 0.338923 0.615859 0.329672 0.589578 0.318080 0.603500 0.327354 0.575672 0.313443 0.541672 0.281007 0.564859 0.274075 0.617406 0.264801 0.635953 0.241639 0.628219 0.232365 0.591125
