54 1 1 0.313232 0.485391 0.363770 0.469656 0.532178 0.465172 0.572576 0.489891 0.549016 0.591016 0.282927 0.602250 0.272810 0.573031 0.299766 0.489891 0.330070 0.485391
54 1 1 0.720211 0.861094 0.714988 0.824531 0.692810 0.803641 0.651054 0.783609 0.576674 0.781000 0.504918 0.783609 0.452717 0.800156 0.427916 0.823656 0.425316 0.867188 0.438361 0.898531 0.482717 0.913328 0.520562 0.920297 0.613208 0.921172 0.654965 0.921172 0.690211 0.908109 0.691522 0.908109 0.691522 0.908109
54 1 1 0.817330 0.361828 0.683349 0.363687 0.596815 0.376719 0.582857 0.345062 0.602389 0.283609 0.672178 0.281750 0.775457 0.279875 0.825691 0.296641 0.839649 0.363687 0.828478 0.369266
0 1 1 0.375808 0.411094 0.362482 0.347344 0.344707 0.320656 0.309133 0.304359 0.322482 0.282109 0.344707 0.262844 0.353583 0.222813 0.342482 0.181297 0.324707 0.141266 0.291358 0.116062 0.251358 0.119031 0.215808 0.132375 0.180258 0.156094 0.166932 0.194641 0.166932 0.207984 0.164707 0.231703 0.186932 0.248016 0.200258 0.261359 0.224707 0.277672 0.251358 0.289531 0.253583 0.304359 0.235808 0.313250 0.215808 0.323625 0.202482 0.338453 0.202482 0.372547 0.211358 0.391828 0.313583 0.379969 0.333583 0.391828 0.344707 0.422953
54 1 1 0.612295 0.465422 0.591077 0.457328 0.575925 0.441156 0.570867 0.426984 0.575925 0.413500 0.571874 0.389906 0.589063 0.377766 0.620375 0.371031 0.656768 0.365641 0.703255 0.361594 0.743677 0.362266 0.784098 0.363609 0.814426 0.367656 0.837658 0.371703 0.870000 0.383844 0.879087 0.394625 0.890211 0.406094 0.891218 0.412828 0.884145 0.420250 0.889204 0.422266 0.895269 0.433062 0.893255 0.441828 0.889204 0.450594 0.872014 0.455312 0.843724 0.468797 0.826534 0.474859 0.799251 0.476219 0.774005 0.476219 0.755808 0.472844 0.717400 0.468125 0.695176 0.468125 0.652717 0.466094 0.623419 0.465422
54 1 1 0.236792 0.491719 0.179672 0.502375 0.117986 0.503141 0.076885 0.485609 0.057447 0.451312 0.058595 0.430734 0.071171 0.413969 0.086019 0.409406 0.130562 0.400250 0.219672 0.391109 0.273349 0.386531 0.292763 0.382719 0.312201 0.384250 0.335035 0.404063 0.340749 0.426172 0.347611 0.435313 0.351030 0.444453 0.351030 0.456656 0.351030 0.462750 0.351030 0.469609 0.339602 0.473422 0.298478 0.484859 0.274496 0.485609
54 1 1 0.561241 0.563547 0.620234 0.569344 0.689883 0.570641 0.747916 0.567406 0.777916 0.560953 0.801124 0.529344 0.798220 0.494484 0.783700 0.478359 0.755668 0.473188 0.709227 0.467391 0.645386 0.465453 0.610562 0.464156 0.590258 0.458359 0.545761 0.457703 0.529321 0.462219 0.558337 0.474484 0.565105 0.488688 0.566089 0.515781 0.569953 0.521594 0.566089 0.542891
54 1 1 0.828923 0.888031 0.920866 0.871797 0.935293 0.839328 0.933490 0.811063 0.914567 0.776781 0.892927 0.764750 0.840656 0.754531 0.789274 0.753922 0.702740 0.762953 0.653162 0.771359 0.636042 0.779781 0.682014 0.796625 0.707237 0.808047 0.724379 0.831500 0.721663 0.857359 0.710843 0.882625 0.709040 0.895859 0.763138 0.889234 0.804590 0.885031
54 1 1 0.010094 0.413484 0.047143 0.406734 0.111148 0.404500 0.138103 0.397750 0.185246 0.379781 0.202084 0.352812 0.171780 0.312359 0.124614 0.301125 0.057260 0.303375 0.033677 0.310109 0.013466 0.312359 0.006745 0.415734
54 1 1 0.151967 0.813516 0.151967 0.813516 0.221546 0.792891 0.275621 0.789016 0.349063 0.785141 0.378033 0.792891 0.410890 0.814797 0.426347 0.841875 0.424426 0.884422 0.368384 0.921797 0.352927 0.933406 0.277564 0.937281 0.167424 0.926953 0.126838 0.916656 0.111382 0.884422 0.155831 0.813516
