37 1 2 0.622094 0.643854 0.617453 0.646396 0.612188 0.650042 0.606281 0.652292 0.600812 0.652000 0.594906 0.652562 0.586062 0.652562 0.584375 0.652000 0.586688 0.633750 0.582484 0.623625 0.587328 0.617167 0.594484 0.607063 0.587109 0.606500 0.584375 0.606208 0.588172 0.602563 0.592172 0.602000 0.596391 0.602563 0.598063 0.602563 0.601234 0.597500 0.607344 0.591604 0.620188 0.581208 0.621672 0.584021 0.620406 0.587958 0.619563 0.593021 0.619984 0.598917 0.621031 0.604250 0.621031 0.607625 0.622500 0.614917 0.622500 0.622229 0.623562 0.627563 0.625875 0.635708 0.628406 0.641333 0.646953 0.627563 0.645266 0.621667 0.646953 0.614354 0.647578 0.603125 0.647781 0.594146 0.647781 0.587958 0.649469 0.583458 0.650313 0.575604 0.649266 0.568292 0.657484 0.568021 0.671594 0.570833 0.678344 0.574187 0.683609 0.578125 0.684859 0.580104 0.680859 0.585708 0.676016 0.594417 0.672016 0.600042 0.666109 0.607333 0.659594 0.615208 0.653891 0.621396
13 1 0 0.753969 0.667792 0.759609 0.667167 0.759141 0.694104 0.761016 0.694104 0.761016 0.681562 0.769469 0.676562 0.774172 0.679063 0.774641 0.698479 0.777453 0.698479 0.778875 0.666521 0.790609 0.657125 0.790141 0.672167 0.795781 0.672167 0.795781 0.654625 0.803297 0.648354 0.804719 0.674042 0.807531 0.674042 0.807531 0.646479 0.817406 0.633958 0.795313 0.629562 0.750672 0.659646 0.754906 0.664646
0 1 0 0.649359 0.560292 0.647609 0.588688 0.646719 0.627333 0.649141 0.650750 0.644750 0.673000 0.644969 0.698458 0.639703 0.701979 0.633766 0.699042 0.618844 0.698750 0.614016 0.696125 0.618406 0.691729 0.628719 0.683521 0.629156 0.672104 0.628719 0.646646 0.624547 0.634937 0.620594 0.599813 0.620156 0.584875 0.619719 0.553271 0.617969 0.552083 0.610937 0.548000 0.607422 0.540375 0.610500 0.521937 0.615109 0.505250 0.617297 0.499104 0.618844 0.493833 0.619281 0.484458 0.621688 0.473646 0.630703 0.469250 0.633547 0.471000 0.637937 0.475396 0.642109 0.491500 0.642109 0.497063 0.657484 0.508771 0.656391 0.531604 0.654625 0.544479 0.650891 0.554729
0 1 0 0.339859 0.638708 0.344344 0.624542 0.348031 0.612542 0.352125 0.603271 0.357437 0.597271 0.359078 0.595104 0.357031 0.583646 0.360703 0.576021 0.366844 0.574375 0.371344 0.579833 0.370937 0.591271 0.373391 0.597271 0.396281 0.614187 0.409359 0.624542 0.421641 0.628354 0.423672 0.637625 0.415094 0.637083 0.406500 0.630000 0.387281 0.615812 0.379109 0.610354 0.370109 0.619083 0.363156 0.631625 0.362344 0.637083 0.367250 0.639250 0.379922 0.643083 0.386469 0.645792 0.385234 0.656167 0.373391 0.656167 0.357031 0.653437 0.347219 0.653437 0.339031 0.649062 0.339031 0.639250
0 1 1 0.095609 0.447187 0.095609 0.438938 0.096297 0.434042 0.096531 0.429146 0.097453 0.423937 0.097906 0.415083 0.098828 0.409875 0.098828 0.403146 0.095609 0.395792 0.095156 0.385708 0.095156 0.372250 0.097219 0.364583 0.098141 0.367646 0.100203 0.372250 0.101578 0.374083 0.107078 0.376521 0.115344 0.376833 0.116953 0.378979 0.115797 0.389062 0.114422 0.393667 0.114203 0.399167 0.116031 0.414771 0.116484 0.421187 0.116484 0.438333 0.116484 0.442917 0.117188 0.449042 0.117188 0.449646 0.116031 0.451792 0.113734 0.453938 0.112125 0.453312 0.112125 0.451167 0.111219 0.446271 0.110531 0.440458 0.110750 0.431896 0.110297 0.426396 0.108234 0.415375 0.106859 0.410479 0.105484 0.419042 0.104328 0.428542 0.104094 0.433729 0.104094 0.436792 0.104094 0.444146 0.104094 0.444750 0.103406 0.450875 0.101813 0.453021 0.101578 0.453625 0.099969 0.454854 0.099047 0.454229 0.097672 0.453312 0.096297 0.450875 0.095156 0.448417
0 1 1 0.038844 0.465062 0.048391 0.467021 0.055719 0.468979 0.055719 0.460167 0.055719 0.459188 0.057187 0.424958 0.048391 0.406375 0.053531 0.389750 0.055719 0.380938 0.055719 0.378000 0.051328 0.363333 0.045453 0.362354 0.043250 0.359417 0.035922 0.372146 0.035922 0.374104 0.037391 0.377021 0.033719 0.384854 0.030047 0.392687 0.030047 0.392687 0.034453 0.407354 0.035188 0.415187 0.035188 0.426917 0.035188 0.444521 0.035188 0.457229 0.035188 0.457229
0 1 0 0.854234 0.614021 0.850813 0.632292 0.842672 0.636292 0.843969 0.617437 0.835406 0.599187 0.835828 0.584896 0.840969 0.562646 0.844813 0.527250 0.834969 0.524396 0.831969 0.519250 0.836687 0.510688 0.846953 0.504979 0.859375 0.503271 0.864094 0.518104 0.870078 0.532375 0.866234 0.558646 0.857234 0.598042 0.852953 0.622583
37 1 2 0.749219 0.695125 0.755953 0.704104 0.758844 0.718896 0.753547 0.735583 0.742953 0.741375 0.726562 0.744583 0.712594 0.745229 0.701031 0.741375 0.702000 0.731729 0.708250 0.719542 0.717891 0.711813 0.731859 0.702833 0.739094 0.698979 0.747766 0.693833
0 1 0 0.967328 0.327292 0.969266 0.311854 0.973109 0.302229 0.973594 0.299667 0.975516 0.286167 0.984203 0.284229 0.990453 0.291313 0.994312 0.302875 0.996234 0.306083 0.993344 0.314437 0.992391 0.324062 0.982266 0.329208 0.969266 0.329208
0 1 0 0.599937 0.337604 0.599563 0.333562 0.600313 0.320458 0.602953 0.316938 0.601828 0.306354 0.602953 0.300813 0.605984 0.297792 0.608250 0.298292 0.613547 0.303833 0.614672 0.315937 0.619219 0.317437 0.620344 0.330542 0.622234 0.338604 0.622234 0.347167 0.619219 0.352208 0.609391 0.350708 0.607500 0.353229 0.606734 0.374396 0.605234 0.382458 0.601453 0.382458 0.601453 0.375396 0.601828 0.372375 0.601078 0.360792 0.595781 0.369354 0.588969 0.362792 0.594266 0.357250 0.598422 0.345667 0.600313 0.339104 0.601078 0.337104
0 1 0 0.943859 0.295792 0.943859 0.288042 0.948703 0.287396 0.954984 0.295146 0.956437 0.299021 0.963703 0.308062 0.965156 0.327417 0.945312 0.330646 0.942891 0.320958 0.943859 0.311292 0.940953 0.302896 0.943859 0.292562
0 1 0 0.528797 0.351125 0.526125 0.331521 0.533703 0.327958 0.529688 0.317854 0.531031 0.308354 0.539937 0.305396 0.548844 0.315479 0.551516 0.327958 0.547953 0.336854
0 1 1 0.509594 0.354271 0.509594 0.348375 0.510188 0.345646 0.512531 0.339771 0.513125 0.335063 0.513422 0.332312 0.514297 0.329979 0.519297 0.328021 0.521937 0.330750 0.523406 0.337417 0.524875 0.344083 0.525469 0.350333 0.524000 0.353083 0.518703 0.354271
0 1 0 0.719016 0.308083 0.715891 0.306417 0.712141 0.308500 0.710266 0.314333 0.710266 0.318917 0.707766 0.326417 0.705266 0.333500 0.704641 0.335583 0.704016 0.341000 0.707766 0.343917 0.717766 0.345167 0.722766 0.343917 0.725266 0.337667 0.727453 0.328083 0.727453 0.321417 0.723078 0.318500 0.721203 0.316833 0.719641 0.311417 0.719016 0.307667
