52 1 1 0.550547 0.863917 0.542437 0.858521 0.546484 0.851750 0.592094 0.854458 0.671156 0.861208 0.687375 0.865271 0.685344 0.871354 0.683828 0.875396 0.674203 0.876750
52 1 1 0.612766 0.926687 0.601719 0.910208 0.504156 0.891125 0.484641 0.892854 0.471625 0.896333 0.463172 0.900667 0.459266 0.910208 0.459266 0.921479 0.461875 0.929292 0.581547 0.937958 0.593250 0.944021 0.603016 0.946625 0.610172 0.946625
52 1 1 0.549375 0.848417 0.415859 0.833583 0.414375 0.824667 0.426234 0.814792 0.570141 0.827646 0.570141 0.841479 0.547891 0.847417
52 1 1 0.383844 0.847167 0.500562 0.855667 0.524438 0.864854 0.530266 0.871208 0.535578 0.865562 0.535578 0.858479 0.534516 0.850708 0.519656 0.845042 0.408250 0.831604 0.393922 0.831604 0.384906 0.836562 0.383313 0.838688
52 1 1 0.820906 0.928562 0.902766 0.939083 0.961641 0.948646 0.968094 0.959188 0.968812 0.964938 0.977437 0.963979 0.984609 0.953438 0.975281 0.930458 0.871891 0.920896 0.835984 0.918979 0.826656 0.919937 0.821625 0.927604
52 1 1 0.982344 0.946854 0.972812 0.930229 0.835625 0.918500 0.841484 0.905792 0.851031 0.896000 0.997750 0.913604 1.000000 0.922417 1.000000 0.955667 0.984547 0.953708 0.981609 0.945896
52 1 1 0.998453 0.914458 0.877469 0.897625 0.873266 0.888500 0.883250 0.882896 0.961625 0.886396 1.000000 0.892000 1.000000 0.914458
0 1 0 0.070125 0.135063 0.081813 0.114292 0.083766 0.041563 0.081813 0.002604 0.305844 0.005187 0.299031 0.028021 0.300031 0.058729 0.289016 0.100125 0.308047 0.132167 0.290016 0.160208 0.266984 0.170896 0.272984 0.205604 0.260969 0.216292 0.248953 0.238979 0.235938 0.263021 0.231937 0.273708 0.217906 0.288396 0.211906 0.288396 0.240953 0.309750 0.258969 0.337792 0.299031 0.439271 0.312047 0.494021 0.323062 0.590146 0.366125 0.592812 0.398172 0.600833 0.426203 0.588813 0.487297 0.592812 0.500313 0.619521 0.523344 0.660917 0.502313 0.688958 0.481281 0.717000 0.444234 0.745042 0.421203 0.739688 0.410187 0.766396 0.337078 0.830479 0.320062 0.845167 0.326063 0.905250 0.325062 0.927958 0.315047 0.939979 0.304031 0.957333 0.301031 0.989375 0.297391 1.000000 0.040875 1.000000 0.000000 0.994187 0.000000 0.419417 0.002937 0.330375 0.001422 0.229188 0.025703 0.196812
52 1 1 0.800125 0.957458 0.863359 0.966271 0.904531 0.969208 0.925109 0.971188 0.944234 0.976083 0.961875 0.984896 0.965563 0.969208 0.960406 0.948625 0.909672 0.939812 0.874375 0.935875 0.820703 0.930000 0.793500 0.931958 0.786891 0.953542 0.800859 0.956479
52 1 1 0.770547 0.949542 0.717547 0.936229 0.665312 0.937250 0.646109 0.928042 0.645344 0.913708 0.676828 0.904479 0.727531 0.913708 0.769000 0.914729 0.784375 0.934188 0.783609 0.946479 0.772078 0.957750
