60 1 2 0.026750 0.145888 0.157359 0.040000 0.212422 0.000000 0.287953 0.007056 0.505109 0.002360 0.555453 0.007056 0.843406 0.002360 0.974016 0.009416 0.999187 0.002360 1.000000 0.651776 0.999187 1.000000 0.665609 1.000000 0.555453 0.995304 0.259625 0.997640 0.007875 1.000000 0.000000 0.002360
43 1 0 0.856156 0.564346 0.826812 0.474650 0.807828 0.408832 0.807828 0.403014 0.830703 0.410771 0.849250 0.433995 0.872125 0.484322 0.884219 0.524346 0.907094 0.607780 0.917875 0.657243 0.934703 0.717266 0.971828 0.833364 1.000000 0.914229 0.999734 1.000000 0.965391 0.998925 0.921078 0.795187 0.888391 0.657430
45 1 2 0.581453 0.102383 0.623578 0.063832 0.702828 0.053481 0.800937 0.079813 0.857531 0.131542 0.871375 0.178551 0.865719 0.224650 0.792125 0.268832 0.741813 0.276355 0.705969 0.276355 0.671375 0.263201 0.653141 0.247220 0.591516 0.201121 0.572641 0.155047 0.577047 0.121192 0.593391 0.092056
43 1 2 0.327563 0.112617 0.335750 0.102921 0.387109 0.079696 0.434578 0.062921 0.444938 0.056472 0.523063 0.023551 0.566641 0.001612 0.592547 0.000327 0.569234 0.017734 0.542047 0.030000 0.503203 0.043551 0.448828 0.064860 0.420344 0.078411
42 1 0 0.698516 0.016939 0.691687 0.000000 0.680703 0.000514 0.687234 0.028481 0.702969 0.064416 0.703266 0.082173 0.698516 0.103481 0.699703 0.120794 0.713953 0.119463 0.726703 0.118575 0.710688 0.092383 0.710984 0.072850 0.708313 0.053762 0.699109 0.026706 0.695547 0.018271
67 1 1 0.235687 0.063528 0.226125 0.054463 0.225891 0.032500 0.234281 0.022734 0.254813 0.017500 0.275562 0.017500 0.281172 0.020981 0.280703 0.035981 0.283500 0.035981 0.283031 0.037383 0.284906 0.103294 0.280469 0.111659 0.264844 0.117243 0.258547 0.117944 0.254578 0.111308 0.246641 0.104696 0.237078 0.102593 0.229625 0.100841 0.224953 0.100841 0.223563 0.100164 0.223563 0.083061 0.235453 0.071215 0.231250 0.070514 0.228453 0.064229 0.226594 0.062477 0.224953 0.062477 0.224953 0.064229 0.225187 0.076776
43 1 0 1.000000 0.354953 0.979344 0.301589 0.979344 0.264533 0.973406 0.200771 0.961500 0.151846 0.953563 0.120724 0.951594 0.099953 0.946625 0.071799 0.952578 0.062897 0.962500 0.062897 0.974391 0.088107 0.989266 0.182991 1.000000 0.240794
41 1 1 0.049375 0.231729 0.000000 0.058762 0.000000 0.284836 0.032750 0.266449 0.047219 0.237243
42 1 2 0.999766 0.611916 0.999766 0.620000 1.000000 0.659509 1.000000 0.704369 0.972469 0.572243 0.977219 0.573107 0.983750 0.596005 0.993750 0.640280 0.999281 0.643318 0.992766 0.613808 0.983531 0.568388 0.988625 0.567664 0.988469 0.567921 0.995156 0.594790 0.999766 0.594065 0.995625 0.576472 0.994516 0.564813 0.998328 0.564813 1.000000 0.574346
45 1 1 0.152734 0.146659 0.165813 0.123178 0.194594 0.102640 0.235141 0.099696 0.258047 0.119276 0.260656 0.132967 0.255422 0.154486 0.253469 0.196542 0.209641 0.217079 0.184125 0.213178 0.160578 0.171098 0.151422 0.162313
53 1 2 0.559047 0.768528 0.641703 0.640444 0.662734 0.602243 0.683781 0.514603 0.683781 0.503365 0.674766 0.494393 0.677766 0.429206 0.653719 0.350561 0.610141 0.265164 0.578578 0.247196 0.477891 0.197757 0.425297 0.188762 0.401250 0.182033 0.360672 0.182033 0.323109 0.186519 0.278016 0.231472 0.223922 0.262921 0.186344 0.319112 0.144266 0.404486 0.111203 0.489883 0.109703 0.566285 0.114219 0.626963 0.141266 0.694393 0.186344 0.766285 0.247969 0.824720 0.296047 0.838201 0.327609 0.842687 0.366687 0.842687 0.414781 0.844953 0.443328 0.847196 0.503438 0.811238
