73 1 0 0.969922 0.789386 0.993453 0.695064 1.000000 0.705233 0.998812 0.815508 0.985969 0.812606
73 1 0 0.941734 0.761525 0.921359 0.741335 0.911953 0.745572 0.936250 0.640339 0.966047 0.671165 0.944875 0.757267
73 1 0 0.971359 0.787161 0.991734 0.701801 0.970438 0.676674 0.943594 0.759534 0.966734 0.785911
73 1 0 0.887375 0.000763 0.880000 0.032987 0.927547 0.057055 0.939266 0.000000
73 1 0 0.934766 0.008411 0.927469 0.056864 0.949906 0.066419 0.961375 0.011229 0.962422 0.000000 0.937109 0.000000
73 1 0 0.987969 0.008729 0.978187 0.070614 0.961891 0.063686 0.974000 0.000508 0.990297 0.000508
73 1 0 0.857000 0.016377 0.859781 0.000212 0.867781 0.000975 0.863500 0.028220 0.856438 0.027225 0.855875 0.026716 0.857000 0.015360
73 1 0 0.861812 0.026674 0.867719 0.000000 0.869797 0.000000 0.874516 0.000000 0.869500 0.031483
73 1 0 0.869672 0.031653 0.875781 0.000000 0.887766 0.000487 0.880453 0.031102
73 1 0 0.976875 0.068284 0.989500 0.000000 1.000000 0.000000 1.000000 0.059280 0.996125 0.079979
73 1 0 0.826906 0.008475 0.838344 0.014131 0.840531 0.001038 0.827344 0.000742 0.827125 0.008475
73 1 0 0.841922 0.001419 0.840641 0.011864 0.844500 0.015932 0.849641 0.001419
73 1 0 0.857250 0.014004 0.854984 0.026271 0.849328 0.023962 0.851594 0.000191 0.859797 0.000572
57 1 0 0.083453 0.000000 0.083891 0.037839 0.116453 0.106419 0.126312 0.125021 0.159750 0.187203 0.155469 0.166271 0.153328 0.146525 0.163609 0.135466 0.170031 0.124428 0.175187 0.106419 0.184188 0.095381 0.195750 0.080847 0.203891 0.063411 0.215469 0.054110 0.228328 0.036081 0.243328 0.026801 0.288344 0.019237 0.303344 0.025636 0.312766 0.031441 0.330766 0.042479 0.345344 0.052373 0.353922 0.063411 0.363344 0.076780 0.366344 0.087246 0.377922 0.086653 0.381781 0.093051 0.383063 0.093051 0.384344 0.041907 0.381781 0.032013 0.390781 0.010508 0.416063 0.016335 0.421641 0.018665 0.419063 0.049449 0.429359 0.049449 0.427641 0.030869 0.430219 0.027373 0.449500 0.020975 0.449922 0.002373 0.449500 0.000064
26 1 1 0.651094 0.894258 0.662562 0.880508 0.681203 0.879174 0.714578 0.888941 0.737813 0.900021 0.781672 0.921335 0.814719 0.946186 0.830422 0.960381 0.834688 1.000000 0.663203 1.000000 0.614125 0.998983 0.610844 0.989216 0.618047 0.971907 0.632781 0.943962 0.637688 0.916441 0.642594 0.903136
0 1 0 0.324828 0.040593 0.281734 0.027119 0.265172 0.013623 0.202187 0.018136 0.190594 0.058581 0.164078 0.139470 0.159094 0.173178 0.167391 0.227119 0.097781 0.314767 0.064641 0.404640 0.049719 0.561949 0.048062 0.595657 0.019891 0.627119 0.029828 0.654089 0.051375 0.663072 0.051375 0.685551 0.031484 0.757458 0.036453 0.809131 0.058000 0.809131 0.056344 0.849597 0.076234 0.883305 0.097781 0.890042 0.104406 0.910254 0.096125 0.984428 0.394437 0.982182 0.407703 0.966441 0.404375 0.932733 0.401062 0.912500 0.392781 0.894534 0.427578 0.854089 0.427578 0.854089 0.411016 0.782182 0.331453 0.658581 0.357984 0.658581 0.382844 0.676547 0.407703 0.669809 0.424266 0.654089 0.424266 0.631610 0.425922 0.620381 0.417641 0.611377 0.412672 0.609131 0.404375 0.595657 0.394437 0.582182 0.369578 0.575424 0.304938 0.600148 0.293344 0.604640 0.280078 0.595657 0.256875 0.586674 0.246937 0.577670 0.241969 0.539470 0.240313 0.519258 0.286719 0.543962 0.319859 0.548475 0.364609 0.570932 0.389469 0.570932 0.406047 0.577670 0.424266 0.588920 0.442500 0.588920 0.472328 0.631610 0.470672 0.575424 0.449125 0.557458 0.406047 0.528242 0.353000 0.510254 0.336438 0.478792 0.301625 0.458580 0.280078 0.440593 0.280078 0.402394 0.278422 0.373178 0.280078 0.290042 0.303281 0.317013 0.314891 0.305763 0.331453 0.274301 0.344719 0.269809 0.353000 0.269809 0.357984 0.206886 0.367922 0.166441 0.374547 0.123750 0.359641 0.078792 0.338094 0.056335
