2 1 0 0.009013 0.648640 0.237227 0.691440 0.255253 0.709460 0.267280 0.729720 0.273280 0.752260 0.297307 0.765760 0.312320 0.779280 0.312320 0.804060 0.312320 0.835580 0.303307 0.858100 0.294293 0.876120 0.261253 0.889640 0.225227 0.889640 0.222213 0.894140 0.216213 0.907660 0.201200 0.918920 0.153147 0.927920 0.147147 0.936940 0.135147 0.963960 0.126133 0.988740 0.081093 0.993240 0.000000 0.991000
0 1 1 0.611840 0.585280 0.626240 0.605540 0.649280 0.612300 0.647493 0.588260 0.654320 0.587720 0.657200 0.572860 0.643520 0.560440 0.644960 0.557740 0.646773 0.552340 0.643520 0.545860 0.632720 0.545580 0.624427 0.553700 0.624080 0.558020 0.613280 0.561800 0.604987 0.572320 0.604640 0.582860
2 1 0 0.006080 0.546420 0.047947 0.544000 0.068187 0.552280 0.077387 0.557460 0.085200 0.559880 0.088880 0.569880 0.035520 0.569540 0.000560 0.570920 0.001013 0.548140
2 1 0 0.205653 0.557340 0.219440 0.549820 0.235733 0.558280 0.238240 0.569560 0.226960 0.576160 0.214427 0.570500 0.204400 0.562040
2 1 0 0.985973 0.593360 0.940720 0.610320 0.892987 0.627300 0.889200 0.629180 0.870347 0.627300 0.822613 0.622580 0.761013 0.630120 0.700693 0.640480 0.675573 0.644260 0.651680 0.653680 0.634107 0.682900 0.635360 0.699860 0.651680 0.714000 0.698187 0.729080 0.729600 0.732860 0.745947 0.729080 0.752213 0.720600 0.771067 0.734740 0.786160 0.748880 0.805013 0.754540 0.857787 0.757360 0.872880 0.749820 0.880400 0.737560 0.965867 0.738500 0.991013 0.737560 0.998533 0.600900
2 1 0 0.168187 0.640840 0.175067 0.631160 0.240480 0.620840 0.302427 0.616320 0.336827 0.601480 0.388453 0.581460 0.463333 0.575660 0.568293 0.582760 0.644880 0.613740 0.698240 0.617600 0.700800 0.637600 0.700800 0.642120 0.674987 0.645360 0.656933 0.652460 0.634560 0.683420 0.625947 0.684720 0.622507 0.680840 0.618213 0.691180 0.600133 0.709240 0.570880 0.712460 0.551093 0.706020 0.540773 0.693100 0.533013 0.689240 0.286080 0.687940 0.275760 0.704720 0.249947 0.706020 0.246480 0.700860 0.221547 0.695040 0.212933 0.685360 0.209493 0.682780 0.161307 0.682140 0.157867 0.674400 0.156133 0.660200 0.160453 0.652460
2 1 0 0.115867 0.552300 0.131520 0.548380 0.155547 0.550340 0.164427 0.560920 0.179600 0.565620 0.168107 0.576600 0.159227 0.577760 0.155040 0.578160 0.149813 0.578160 0.136240 0.570320 0.117413 0.568360
2 1 0 0.159147 0.550200 0.173920 0.548820 0.191147 0.549280 0.194240 0.555740 0.199147 0.558520 0.205307 0.559440 0.210240 0.571440 0.208400 0.574680 0.170213 0.577440 0.177600 0.566360 0.173920 0.562660 0.162853 0.559440 0.156693 0.551580 0.161600 0.551580
0 1 1 0.478347 0.575220 0.489867 0.564700 0.499387 0.561320 0.492853 0.553060 0.500373 0.547060 0.511893 0.550060 0.516907 0.560580 0.515920 0.566220 0.527920 0.572600 0.527440 0.578620 0.478827 0.577860
0 1 1 0.560507 0.579440 0.564347 0.575680 0.566853 0.574380 0.568987 0.569900 0.571307 0.566860 0.573040 0.563100 0.576907 0.561060 0.580187 0.560200 0.582693 0.560200 0.585973 0.561500 0.588480 0.562080 0.590213 0.565560 0.590800 0.567140 0.591760 0.571640 0.592133 0.574820 0.593493 0.577120 0.597547 0.581040 0.599680 0.583940 0.603333 0.594060 0.603520 0.594940 0.592133 0.590580 0.583653 0.586980 0.578453 0.584220 0.564933 0.581040 0.564347 0.580740
9 1 1 0.406587 0.481760 0.408587 0.506740 0.416853 0.508620 0.426107 0.508620 0.432880 0.505980 0.432880 0.503540 0.443387 0.504100 0.448400 0.503920 0.448667 0.480820 0.444640 0.478180 0.437387 0.477240 0.433120 0.478180 0.432133 0.475000 0.420853 0.475360 0.411093 0.475560 0.410853 0.479500 0.407093 0.481760
2 1 0 0.267147 0.546720 0.291893 0.547200 0.305200 0.558860 0.305200 0.570740 0.297600 0.568840 0.297600 0.568840 0.295680 0.571220 0.286800 0.569800 0.282053 0.569320 0.276667 0.570980 0.277307 0.559100 0.269680 0.556240 0.265573 0.552660 0.263653 0.548380
0 1 1 0.561067 0.580120 0.528800 0.578820 0.529387 0.573040 0.532240 0.566200 0.542507 0.562760 0.536507 0.554840 0.540240 0.547340 0.552213 0.547340 0.556213 0.552260 0.555947 0.561700 0.566213 0.563400 0.568507 0.570480
2 1 0 0.242240 0.546500 0.248320 0.560140 0.251333 0.568260 0.252640 0.574100 0.257387 0.573140 0.260427 0.569880 0.275573 0.569880 0.279467 0.557880 0.265627 0.554300 0.263013 0.545540 0.247440 0.545860
0 1 1 0.736667 0.637740 0.736267 0.616440 0.740373 0.611500 0.743253 0.605940 0.742427 0.600700 0.742427 0.593300 0.742853 0.585880 0.742027 0.578480 0.740373 0.574780 0.736267 0.573220 0.735040 0.567980 0.733387 0.564580 0.731733 0.561800 0.728453 0.560260 0.725147 0.560260 0.722267 0.560260 0.721440 0.561200 0.718560 0.563660 0.718560 0.566440 0.718560 0.571060 0.718160 0.573840 0.715280 0.574460 0.712800 0.577560 0.712800 0.579720 0.712400 0.582180 0.711173 0.583420 0.710747 0.585260 0.710347 0.586800 0.708693 0.588660 0.706640 0.590820 0.707040 0.592680 0.711173 0.591740 0.714053 0.590200 0.715680 0.589580 0.717333 0.589580 0.715280 0.593600 0.713227 0.596680 0.711573 0.598840 0.709920 0.601320 0.708693 0.603780 0.708693 0.608100 0.707867 0.612420 0.707467 0.617980 0.709093 0.623540 0.709093 0.628160 0.708693 0.633100 0.708293 0.634640 0.707867 0.637420 0.707040 0.639900 0.720213 0.639280 0.721040 0.626620 0.722267 0.622000 0.723920 0.621380 0.724320 0.634640 0.724747 0.638660
0 1 1 0.416080 0.578240 0.410240 0.569480 0.411947 0.561220 0.415040 0.555040 0.421573 0.549880 0.424000 0.547040 0.428800 0.544460 0.433280 0.543680 0.435333 0.546780 0.436373 0.552200 0.440480 0.554000 0.443253 0.558640 0.443253 0.565340 0.439467 0.569220 0.439813 0.571540 0.444613 0.575400 0.428107 0.577220 0.417120 0.579020
0 1 1 0.697387 0.619020 0.702560 0.619360 0.705867 0.599600 0.711973 0.595020 0.709627 0.591840 0.709627 0.588660 0.714320 0.573860 0.718560 0.571380 0.710080 0.560100 0.706320 0.553740 0.699280 0.549860 0.697867 0.556200 0.693627 0.562920 0.688907 0.572800 0.691280 0.583380 0.693147 0.588320 0.694560 0.594320 0.695040 0.602440 0.695973 0.607020 0.695973 0.614080 0.696453 0.616200
0 1 0 0.259947 0.580500 0.263520 0.578800 0.264827 0.574840 0.268800 0.578800 0.269547 0.573000 0.268027 0.569060 0.268987 0.563120 0.268800 0.553780 0.267093 0.549980 0.265200 0.547280 0.261627 0.545880 0.258987 0.549840 0.256907 0.551960 0.256160 0.555760 0.254853 0.559160 0.259173 0.561700 0.258800 0.571180 0.258427 0.572860 0.259547 0.575120 0.258053 0.578660 0.258240 0.579940
0 1 0 0.243733 0.620540 0.236533 0.617660 0.237973 0.612260 0.237973 0.605400 0.236053 0.600360 0.234133 0.591700 0.234133 0.585580 0.235093 0.579440 0.236053 0.575480 0.236533 0.571160 0.238453 0.566820 0.244693 0.562500 0.251920 0.564300 0.251413 0.569700 0.250453 0.577280 0.257200 0.584140 0.263440 0.585580 0.251920 0.590620 0.252400 0.595660 0.257200 0.605400 0.261040 0.615500 0.251413 0.620180
0 1 0 0.608827 0.538380 0.605733 0.543560 0.605387 0.550020 0.611573 0.555700 0.618480 0.555440 0.619173 0.546140 0.616053 0.540960 0.613307 0.539160 0.613307 0.537600 0.609867 0.537600
0 1 0 0.514427 0.550500 0.516267 0.547040 0.526853 0.550140 0.526400 0.558440 0.531920 0.568100 0.530533 0.573260 0.525467 0.570500 0.516267 0.566720 0.516747 0.560840
