0 1 1 0.886656 0.362084 0.898391 0.348173 0.902297 0.343044 0.907672 0.339368 0.916969 0.336440 0.923312 0.331311 0.926250 0.325457 0.930156 0.310070 0.930156 0.310070 0.927234 0.299087 0.925766 0.289555 0.922344 0.274895 0.922828 0.254379 0.926250 0.241920 0.940922 0.226534 0.953141 0.228735 0.954109 0.228009 0.961453 0.228735 0.965844 0.230937 0.967813 0.234590 0.969766 0.238993 0.974156 0.249977 0.975141 0.267564 0.974656 0.288080 0.969266 0.316674 0.978563 0.323981 0.990297 0.323981 0.998609 0.326932 1.000000 0.386276 1.000000 0.510843 1.000000 0.513045 1.000000 0.524028 0.992250 0.537518 0.992734 0.544848 0.989312 0.555105 0.989797 0.567564 0.992250 0.570492 0.993719 0.574169 0.993219 0.588829 0.993219 0.600539 0.997141 0.614473 0.997141 0.625457 0.995187 0.637190 0.995187 0.637916 0.993219 0.673091 0.988344 0.730960 0.976609 0.799860 0.969766 0.820375 0.958516 0.844543 0.957047 0.863607 0.950688 0.877518 0.946781 0.881171 0.937984 0.889251 0.930656 0.889251 0.924297 0.889251 0.919406 0.884848 0.919406 0.879719 0.921844 0.866534 0.928203 0.857728 0.933578 0.849672 0.937500 0.840890 0.950203 0.764684 0.959500 0.714848 0.953625 0.651101 0.950203 0.651827 0.944828 0.695808 0.937000 0.718525 0.926734 0.785199 0.919891 0.808642 0.917453 0.820375 0.916969 0.869461 0.917453 0.881920 0.917453 0.889251 0.912078 0.889251 0.897406 0.888501 0.886656 0.888501 0.888125 0.877518 0.888125 0.859930 0.892516 0.846745 0.894969 0.830632 0.897891 0.823302 0.896422 0.778595 0.898391 0.745621 0.907187 0.704590 0.910609 0.696534 0.912562 0.690679 0.914031 0.681148 0.913547 0.658431 0.910609 0.656955 0.906703 0.662084 0.902781 0.652576 0.902781 0.629860 0.901812 0.615199 0.901812 0.602740 0.901812 0.580749 0.898391 0.560984 0.893500 0.549251 0.891047 0.534590 0.874922 0.510422 0.867594 0.499415 0.866125 0.486230 0.866125 0.484028 0.866125 0.470117 0.863672 0.462061 0.865625 0.450328
0 1 0 0.452109 0.726838 0.448562 0.758712 0.441469 0.839040 0.442891 0.859227 0.447844 0.880492 0.444297 0.887939 0.423734 0.882623 0.413094 0.879438 0.407422 0.865621 0.412391 0.823091 0.413094 0.786955 0.413094 0.742319 0.426578 0.685972 0.420891 0.636019 0.413812 0.614754 0.409547 0.589251 0.406000 0.571171 0.395359 0.543536 0.380469 0.513630 0.380469 0.482810 0.382594 0.461546 0.379063 0.443489 0.371969 0.424356 0.370547 0.399906 0.368422 0.380773 0.368422 0.364824 0.374094 0.306534 0.384734 0.281007 0.391828 0.269321 0.388281 0.244871 0.387562 0.228923 0.388281 0.208735 0.392531 0.197026 0.404594 0.187471 0.418063 0.187471 0.430125 0.187471 0.432953 0.193841 0.432250 0.202342 0.435078 0.216159 0.435078 0.228923 0.435078 0.235293 0.435078 0.235738 0.434375 0.253794 0.434375 0.270820 0.430125 0.281452 0.425859 0.284637 0.425859 0.295269 0.433672 0.310140 0.440750 0.333536 0.470547 0.342037 0.501750 0.347354 0.514516 0.342037 0.514516 0.357986 0.509547 0.368595 0.501047 0.370726 0.493953 0.370726 0.489688 0.367541 0.477641 0.367541 0.469125 0.369672 0.454938 0.372857 0.454938 0.372857 0.454234 0.393045 0.459203 0.410070 0.459203 0.418571 0.469125 0.408993 0.474797 0.410070 0.471250 0.420703 0.459203 0.435574 0.448562 0.450445 0.438625 0.462155 0.433672 0.468525 0.432953 0.492974 0.454234 0.573770 0.457062 0.587588 0.464156 0.605644 0.467703 0.616276 0.457062 0.602459 0.454938 0.591827 0.452812 0.608829 0.460609 0.640726 0.461328 0.671546 0.481891 0.686440 0.476219 0.699204 0.479766 0.708759 0.480469 0.718337 0.490406 0.717260 0.502453 0.722576 0.508844 0.726838 0.514516 0.719391 0.515938 0.709813 0.514516 0.698126 0.505297 0.684309 0.500328 0.671546 0.493953 0.667307 0.489688 0.669438 0.489688 0.668361
56 1 1 0.013797 0.426440 0.000000 0.420211 0.000469 0.408689 0.002250 0.407799 0.017047 0.412670 0.022078 0.407799 0.023563 0.394028 0.028000 0.363864 0.055531 0.371405 0.093422 0.372295 0.092828 0.384731 0.092234 0.426885 0.089875 0.497869 0.088094 0.539578 0.078031 0.539133 0.076844 0.520492 0.063234 0.517400 0.060859 0.533817 0.059375 0.538689 0.048125 0.538689 0.049609 0.507635 0.041906 0.503185 0.025047 0.516955 0.023563 0.533817 0.016453 0.537799 0.012609 0.524941 0.000172 0.528033 0.000000 0.503185 0.000000 0.495199 0.010531 0.483232 0.010828 0.465035 0.000000 0.460585 0.000000 0.453045 0.003422 0.449953 0.010234 0.448173 0.013797 0.444614
0 1 0 0.075031 0.371874 0.088969 0.344262 0.091453 0.320398 0.091453 0.304731 0.091453 0.286089 0.111859 0.232389 0.119828 0.224918 0.126797 0.227166 0.129781 0.236112 0.125797 0.246557 0.116844 0.252529 0.120328 0.268923 0.128781 0.260726 0.131266 0.246557 0.134750 0.242084 0.137734 0.247307 0.139234 0.250281 0.136250 0.265948 0.132766 0.276393 0.126797 0.283841 0.112359 0.291311 0.112859 0.301756 0.131766 0.321148 0.132266 0.374098 0.121813 0.377096 0.119328 0.336815 0.107875 0.324122 0.104391 0.344262 0.085984 0.371124
0 1 1 0.367469 0.395925 0.355875 0.413302 0.350469 0.434145 0.352797 0.461920 0.353563 0.471194 0.354328 0.490867 0.345062 0.527916 0.335797 0.556862 0.353563 0.570749 0.363609 0.570749 0.368234 0.570749 0.383687 0.552225 0.389094 0.546440 0.389875 0.536019 0.384453 0.523279 0.382922 0.510539 0.382922 0.478126 0.382922 0.453817 0.379828 0.437611 0.371328 0.409813 0.369781 0.394778
0 1 1 0.849703 0.490562 0.842906 0.477002 0.847438 0.469087 0.854984 0.446487 0.850453 0.391077 0.854219 0.363934 0.856484 0.349251 0.866297 0.315340 0.881375 0.305152 0.907031 0.288197 0.908531 0.278009 0.904766 0.254286 0.909281 0.231663 0.917578 0.227143 0.925891 0.222623 0.937203 0.227143 0.922859 0.249742 0.922109 0.268970 0.924375 0.293841 0.928906 0.314192 0.919094 0.333419 0.892687 0.346979 0.879875 0.376370 0.875344 0.398993 0.869312 0.379766 0.868563 0.405785 0.867047 0.421593 0.859500 0.484918 0.867047 0.510913 0.875344 0.518829 0.868563 0.534660 0.869312 0.543700 0.885156 0.555012 0.885156 0.575363 0.882891 0.590070 0.877609 0.609274 0.869312 0.623981 0.857234 0.640937 0.851203 0.680515 0.848938 0.688431 0.851203 0.697471 0.864781 0.698595 0.876859 0.662412 0.885906 0.645457 0.888922 0.701991 0.894203 0.711030 0.899484 0.708782 0.907031 0.706511 0.910047 0.682763 0.909281 0.664684 0.902500 0.649977 0.902500 0.629625 0.900984 0.612670 0.897969 0.596838 0.895703 0.553888 0.891938 0.545972 0.891938 0.534660 0.878359 0.513185
0 1 1 0.468172 0.342014 0.446187 0.336487 0.459844 0.287705 0.469453 0.281405 0.483266 0.271499 0.478453 0.248103 0.477859 0.233700 0.486266 0.226487 0.499469 0.225597 0.507875 0.248993 0.504281 0.272389 0.519297 0.280492 0.524703 0.300304 0.518687 0.312904 0.513281 0.343513 0.498875 0.348009 0.489859 0.366909 0.496469 0.373208 0.472453 0.408314 0.461047 0.417307 0.459234 0.405621 0.453828 0.393021 0.453344 0.376464 0.452719 0.372600
32 1 1 0.610359 0.790375 0.599344 0.781405 0.593109 0.768829 0.588562 0.753044 0.589766 0.734731 0.596469 0.720375 0.604125 0.711780 0.612984 0.706745 0.620406 0.706019 0.633109 0.712131 0.640766 0.722904 0.646031 0.738689 0.646031 0.758431 0.640766 0.773864 0.634781 0.783560 0.624484 0.790726 0.616344 0.792155 0.610594 0.790000
0 1 1 0.695422 0.537143 0.705328 0.543068 0.708109 0.556745 0.708109 0.570398 0.705328 0.585246 0.704547 0.591780 0.709297 0.597705 0.714047 0.597705 0.716422 0.588220 0.719984 0.570398 0.725141 0.549016 0.735047 0.534754 0.744563 0.525269 0.752078 0.512201 0.752875 0.491405 0.760797 0.499133 0.768719 0.490820 0.765547 0.480141 0.757625 0.467073 0.742969 0.449836 0.736625 0.438571 0.737813 0.419555 0.734656 0.404122 0.716828 0.398782 0.716422 0.418970 0.714047 0.430258 0.709297 0.456370 0.702563 0.481312 0.700188 0.497939 0.696219 0.513396 0.695828 0.524075
0 1 1 0.650656 0.199321 0.656672 0.185808 0.665688 0.183560 0.683719 0.197073 0.688219 0.217354 0.677703 0.244379 0.688219 0.251124 0.707766 0.266885 0.719781 0.302927 0.719781 0.341218 0.718281 0.377260 0.716781 0.422295 0.712266 0.453817 0.709266 0.474098 0.707766 0.489859 0.700250 0.496628 0.694234 0.528150 0.691234 0.561944 0.683719 0.588970 0.676203 0.620492 0.661172 0.643021 0.649156 0.661030 0.646156 0.672295 0.646156 0.688056 0.644641 0.706089 0.644641 0.726347 0.628125 0.715082 0.613094 0.712834 0.611594 0.708337 0.611594 0.670047 0.611594 0.611475 0.616094 0.579953 0.622109 0.564192 0.626609 0.552927 0.640141 0.543911 0.646156 0.539415 0.664187 0.539415 0.668687 0.521405 0.668687 0.507892 0.659672 0.503372 0.646156 0.512389 0.635625 0.516885 0.617594 0.512389 0.613094 0.478595 0.614594 0.451569 0.616094 0.426792 0.614594 0.347963 0.613094 0.404286 0.611594 0.440304 0.599563 0.471850 0.586047 0.501124 0.577031 0.483115 0.581531 0.465082 0.586047 0.451569 0.586047 0.429063 0.590547 0.399766 0.602578 0.370492 0.596563 0.354731 0.610078 0.318689 0.622109 0.287166 0.637141 0.266885 0.650656 0.264637 0.664187 0.264637 0.652156 0.201569
0 1 0 0.534047 0.894871 0.493656 0.883677 0.498141 0.836581 0.502641 0.767073 0.510109 0.744660 0.513109 0.720000 0.516094 0.697564 0.511609 0.693091 0.499641 0.686370 0.486172 0.654965 0.466734 0.610117 0.454766 0.580984 0.442797 0.533888 0.430828 0.482318 0.459250 0.430749 0.484688 0.388150 0.508625 0.354520 0.520578 0.314169 0.543031 0.282763 0.568453 0.271569 0.587906 0.332108 0.578922 0.365738 0.571453 0.381429 0.557984 0.399368 0.563969 0.439719 0.578922 0.495785 0.590672 0.502857 0.608719 0.508665 0.641359 0.508665 0.650813 0.501569 0.657250 0.497073 0.662844 0.500281 0.661125 0.504801 0.659828 0.509953 0.661984 0.508665 0.665844 0.510585 0.666281 0.520258 0.666703 0.527986 0.666703 0.533771 0.664984 0.538923 0.659828 0.539555 0.651250 0.533771 0.648234 0.531827 0.605703 0.539555 0.600125 0.539555 0.600125 0.547283 0.591953 0.551803 0.588094 0.551803 0.584219 0.551803 0.582516 0.547283 0.578641 0.535691 0.564891 0.526698 0.559312 0.524754 0.553719 0.517681 0.540844 0.555012 0.538688 0.571756 0.561891 0.615550 0.568328 0.637447 0.572203 0.641944 0.576500 0.675433 0.573063 0.691522 0.565328 0.710187 0.563172 0.730164 0.558453 0.766862 0.556734 0.777166 0.552859 0.785527 0.550719 0.814497 0.549859 0.819649 0.558453 0.817728 0.558453 0.826089 0.555016 0.830609 0.554156 0.831897 0.561453 0.845410 0.568328 0.854426 0.574781 0.865363 0.576063 0.874379 0.564469 0.878244 0.555438 0.876323 0.546000 0.873091 0.536547 0.869227 0.534828 0.875667 0.536547 0.882108 0.536547 0.886628 0.530953 0.891780
