0 1 1 0.342180 0.809578 0.339840 0.800964 0.340620 0.790813 0.344760 0.786506 0.351780 0.793163 0.352040 0.801355 0.352560 0.802530 0.363200 0.804880 0.368380 0.813102 0.369940 0.820904 0.366040 0.823645 0.363720 0.827169 0.369160 0.842410 0.372280 0.856084 0.376700 0.875241 0.375920 0.885422 0.379540 0.894398 0.381880 0.904578 0.382400 0.908855 0.379020 0.911596 0.376440 0.910030 0.374360 0.905753 0.372280 0.904578 0.372020 0.901837 0.370460 0.893614 0.369680 0.887771 0.369160 0.878765 0.368380 0.873675 0.363720 0.870542 0.365280 0.881506 0.368120 0.889307 0.372020 0.904970 0.374880 0.907681 0.375140 0.910422 0.373840 0.915904 0.369680 0.917861 0.368380 0.910422 0.365540 0.902229 0.360600 0.892831 0.356180 0.888916 0.353600 0.876416 0.352040 0.875241 0.350480 0.877590 0.348140 0.874458 0.344760 0.863133 0.342420 0.858434 0.337240 0.837711 0.334120 0.837711 0.332820 0.823253 0.336200 0.816235 0.340360 0.810753
0 1 1 0.437220 0.871446 0.437740 0.870663 0.439300 0.863614 0.434080 0.849910 0.433820 0.846777 0.433560 0.843614 0.433300 0.841265 0.431740 0.834608 0.435380 0.837349 0.436440 0.842048 0.442420 0.859307 0.442680 0.867139 0.447620 0.860482 0.445800 0.849127 0.438780 0.829126 0.433560 0.816596 0.433820 0.808765 0.434600 0.799759 0.434080 0.791145 0.432000 0.784458 0.428880 0.781717 0.422380 0.778584 0.421080 0.769187 0.416920 0.766054 0.411980 0.768795 0.409900 0.777018 0.408860 0.787199 0.415620 0.807199 0.417700 0.813072 0.419780 0.826385 0.420820 0.833434 0.424460 0.840874 0.426540 0.843614 0.427060 0.850301 0.434860 0.863223
41 1 1 0.612620 0.242169 0.678860 0.248223 0.681880 0.210934 0.641400 0.192801 0.638380 0.213946 0.619980 0.212952
0 1 0 0.974520 0.424669 0.979660 0.428554 0.983940 0.441024 0.985660 0.465572 0.989660 0.477199 0.992800 0.493554 0.987100 0.496988 0.979080 0.473313 0.974220 0.463404 0.970800 0.447470 0.965660 0.434127 0.964220 0.428554 0.963940 0.425964 0.962500 0.420361 0.963940 0.416928 0.966220 0.416054 0.969360 0.415633
0 1 1 0.190300 0.956717 0.198080 0.942289 0.199280 0.932410 0.199280 0.919789 0.199280 0.910813 0.199280 0.905392 0.197480 0.902711 0.193300 0.895512 0.191500 0.884699 0.197480 0.881084 0.205840 0.886506 0.213620 0.881084 0.235720 0.903584 0.234540 0.912590 0.233940 0.919789 0.236920 0.935090 0.241700 0.947711 0.243500 0.957590 0.247080 0.968404 0.247680 0.980090 0.243500 0.994518 0.242300 0.997199 0.233340 0.996295 0.228560 0.985512 0.220180 0.965693 0.219000 0.957590 0.214220 0.936898 0.214220 0.930602 0.210620 0.933313 0.205840 0.947711 0.197480 0.956717 0.195080 0.961205 0.193900 0.964789 0.192700 0.966596 0.189120 0.961205 0.187920 0.958494
25 1 1 0.397300 0.770994 0.402060 0.758795 0.406360 0.751626 0.408740 0.746958 0.425420 0.747319 0.430180 0.749127 0.426140 0.757741 0.422560 0.762380 0.409700 0.765994 0.399440 0.770301
13 1 1 0.881740 0.497982 0.924100 0.469819 0.926840 0.483916 0.883940 0.511235
26 1 0 0.414940 0.810512 0.411680 0.809277 0.414540 0.834548 0.420260 0.837018 0.420660 0.816687 0.419440 0.814217 0.418620 0.807440 0.416780 0.807440 0.415140 0.810211
25 1 1 0.597060 0.641747 0.597540 0.638855 0.605940 0.628735 0.611940 0.618614 0.623920 0.618614 0.634480 0.622590 0.635200 0.627651 0.630160 0.630904 0.616740 0.638133 0.617460 0.641747 0.622000 0.663765 0.620080 0.661596 0.614340 0.642470 0.604260 0.643193 0.598740 0.645361
13 1 1 0.939160 0.464940 0.970860 0.443133 0.976300 0.469036 0.946400 0.489518
26 1 0 0.285100 0.904337 0.290740 0.927711 0.280160 0.927711 0.273800 0.910693 0.275920 0.896898 0.283680 0.896898
0 1 0 0.186480 0.996687 0.183600 0.999277 0.173840 0.999277 0.157760 0.997560 0.149140 1.000000 0.146260 1.000000 0.141660 0.998434 0.141660 0.987169 0.144540 0.978524 0.150280 0.962078 0.154300 0.953434 0.157760 0.942199 0.163500 0.935271 0.166380 0.939578 0.167520 0.956024 0.167520 0.969006 0.172680 0.979398 0.178440 0.987169 0.187060 0.993223 0.188780 0.998434
25 1 1 0.709060 0.561205 0.699240 0.573133 0.693380 0.582651 0.697020 0.593373 0.697820 0.594819 0.703360 0.590994 0.716020 0.580030 0.725520 0.570271 0.725520 0.570271 0.722040 0.560241 0.722040 0.560241 0.713800 0.559548 0.711280 0.562620 0.710960 0.562861
25 1 1 0.736260 0.546355 0.725520 0.553163 0.740220 0.601687 0.736260 0.601687 0.721280 0.556988 0.709980 0.562530 0.709120 0.560813 0.711100 0.553163 0.714780 0.547620 0.717900 0.543795 0.719300 0.542078 0.726100 0.542530 0.735980 0.542078 0.736840 0.544217
26 1 0 0.208800 0.894157 0.219760 0.902410 0.229540 0.914970 0.235020 0.919639 0.247400 0.942952 0.251700 0.935783 0.251700 0.931476 0.241220 0.909217 0.240500 0.909940 0.240020 0.918554 0.237640 0.919277 0.234060 0.911024 0.228340 0.907801 0.224520 0.902048 0.216420 0.897018 0.211420 0.891265 0.209760 0.894880
25 1 1 0.514860 0.675572 0.511180 0.660633 0.503200 0.666145 0.491560 0.672651 0.486400 0.672952 0.498900 0.661265 0.509020 0.646355 0.513560 0.637590 0.532740 0.638223 0.534680 0.646355 0.527140 0.651205 0.530800 0.665813 0.514860 0.675241
25 1 1 0.303760 0.835452 0.317580 0.826837 0.319240 0.819910 0.317760 0.818524 0.300260 0.816566 0.292160 0.820181 0.286460 0.832380 0.283520 0.845693 0.284440 0.849578 0.287940 0.850693 0.303760 0.836265
36 1 2 0.496200 0.830241 0.547220 0.757078 0.617660 0.665602 0.646820 0.632681 0.668680 0.601596 0.674740 0.594277 0.686900 0.590602 0.696600 0.588795 0.699040 0.597922 0.700260 0.612560 0.700260 0.629036 0.694180 0.656476 0.683240 0.676596 0.684460 0.702199 0.684460 0.713163 0.678400 0.713163 0.658960 0.716837 0.634660 0.731446 0.622520 0.746084 0.600660 0.775361 0.593380 0.786325 0.570300 0.810120 0.578800 0.843133 0.570300 0.846777 0.559360 0.837651 0.555720 0.837651 0.548440 0.846777 0.536280 0.854096 0.508360 0.855934 0.498640 0.850452
0 1 1 0.284920 0.848675 0.284500 0.840331 0.280240 0.835211 0.272980 0.839066 0.272980 0.848675 0.273400 0.854458 0.269140 0.867319 0.267440 0.875663 0.267440 0.880181 0.271700 0.886596 0.275120 0.895572 0.278520 0.911657 0.281940 0.921295 0.285780 0.930271 0.290480 0.939910 0.293040 0.947620 0.293040 0.953404 0.302000 0.957259 0.308380 0.957892 0.309240 0.950843 0.309660 0.936717 0.308380 0.923855 0.307100 0.916145 0.304560 0.896868 0.304120 0.890452 0.302000 0.871807 0.300280 0.865392 0.297720 0.858976
0 1 1 0.450900 0.861536 0.446600 0.845813 0.440460 0.830994 0.438620 0.824518 0.439240 0.810181 0.439240 0.803705 0.438320 0.796295 0.436160 0.785211 0.433400 0.791687 0.433080 0.790753 0.429400 0.777801 0.429100 0.769006 0.429700 0.768072 0.429100 0.763916 0.426020 0.756506 0.427860 0.750964 0.430940 0.748193 0.434000 0.750482 0.434620 0.755572 0.436780 0.759277 0.440460 0.761145 0.447520 0.765753 0.448140 0.774548 0.448440 0.785211 0.450600 0.791205 0.455200 0.797229 0.456120 0.801867 0.460120 0.821747 0.462580 0.837018 0.464740 0.857831 0.463820 0.859217 0.460120 0.859217 0.458280 0.842560 0.453060 0.826837 0.452140 0.825452 0.448440 0.828675 0.449680 0.836084 0.454600 0.850904 0.455820 0.858313 0.456440 0.860151
0 1 0 0.511460 0.193705 0.550340 0.207199 0.596700 0.259006 0.605680 0.290542 0.608660 0.319819 0.605680 0.360361 0.581740 0.391898 0.575760 0.418916 0.583240 0.430181 0.605680 0.439187 0.628100 0.454970 0.641560 0.459458 0.662500 0.452711 0.672980 0.468464 0.684940 0.522530 0.693900 0.558554 0.690920 0.578825 0.681940 0.581084 0.674460 0.590090 0.665500 0.592349 0.659520 0.592349 0.658020 0.590090 0.653540 0.563072 0.643060 0.545030 0.628100 0.524789 0.622120 0.506747 0.611660 0.500000 0.565300 0.477470 0.518940 0.470723 0.527900 0.497741 0.527900 0.515753 0.533900 0.536024 0.565300 0.641898 0.574280 0.668916 0.583240 0.680181 0.586240 0.691446 0.586240 0.702711 0.574280 0.711717 0.551840 0.722982 0.539880 0.725211 0.527900 0.731988 0.526420 0.725211 0.539880 0.704970 0.541360 0.686928 0.541360 0.671175 0.532400 0.644157 0.520440 0.617108 0.505480 0.592349 0.487540 0.563072 0.466600 0.558554 0.465100 0.538283 0.493520 0.425663 0.515940 0.349096 0.509960 0.360361 0.502480 0.353614 0.483040 0.342349 0.475560 0.324337 0.471080 0.315301 0.414260 0.295030 0.406780 0.288283 0.406780 0.306295 0.402280 0.317560 0.393320 0.319819 0.373880 0.319819 0.363400 0.315301 0.348460 0.315301 0.335000 0.313072 0.324520 0.277018 0.321540 0.256747 0.327520 0.229729 0.335000 0.220723 0.343960 0.218464 0.360420 0.211717 0.372380 0.213976 0.381360 0.220723 0.397800 0.209458 0.417240 0.186928 0.457620 0.168916 0.484540 0.150904 0.499500 0.141898 0.526420 0.141898 0.548840 0.141898 0.568280 0.159910 0.584740 0.175663 0.599700 0.180181 0.617640 0.173434 0.635580 0.180181 0.637080 0.204970 0.622120 0.218464 0.613160 0.225211 0.614640 0.240994 0.610160 0.245482 0.593720 0.225211 0.577260 0.211717 0.550340 0.189187 0.526420 0.182440 0.502480 0.173434
