2 1 0 0.681000 0.601235 0.713797 0.610047 0.715750 0.617855 0.718375 0.625688 0.718375 0.640373 0.716406 0.652098 0.721656 0.656993 0.721656 0.661888 0.718375 0.671655 0.715750 0.677529 0.704609 0.677529 0.698047 0.679487 0.697391 0.684382 0.660031 0.588531 0.663953 0.567972 0.654125 0.549394 0.643641 0.545478 0.602984 0.539604 0.574141 0.538648 0.538734 0.537669 0.533484 0.541562 0.503984 0.574825 0.497422 0.572867 0.494141 0.587552 0.450219 0.592424 0.446281 0.604173 0.448250 0.618834 0.443656 0.619814 0.441687 0.626667 0.443000 0.638415 0.446281 0.641352 0.452172 0.649161 0.456766 0.653077 0.459391 0.665804 0.462016 0.678508 0.470531 0.682424 0.480375 0.681445 0.484969 0.669697 0.485625 0.665804 0.555781 0.681445 0.558391 0.692214 0.561672 0.703939 0.570859 0.708834 0.581344 0.707856 0.586594 0.703939 0.591187 0.694172 0.593141 0.684382 0.646906 0.686340 0.666578 0.592424 0.671172 0.602214 0.657406 0.689277 0.656750 0.697086 0.663953 0.708834 0.675766 0.709814 0.684937 0.701981 0.687563 0.694172
7 1 0 0.184766 0.436107 0.250453 0.436107 0.281344 0.438252 0.282781 0.509068 0.281766 0.538368 0.270906 0.538998 0.269891 0.552424 0.258437 0.553636 0.254750 0.550886 0.253516 0.538368 0.244719 0.539907 0.239203 0.542354 0.234281 0.555175 0.225078 0.555781 0.212594 0.543869 0.198484 0.543263 0.193359 0.542960 0.190906 0.522191 0.178828 0.509068 0.177813 0.472448 0.181078 0.439464
5 1 1 0.594000 0.430303 0.666125 0.436177 0.685141 0.446946 0.683172 0.541818 0.681203 0.564312 0.677922 0.561375 0.675969 0.531049 0.671375 0.529091 0.668094 0.549650 0.668750 0.560396 0.662187 0.560396 0.659562 0.548671 0.645797 0.545734 0.641859 0.535944 0.633344 0.533986 0.626781 0.513450 0.587453 0.508555 0.590719 0.432261
2 1 1 0.444141 0.614475 0.438484 0.612587 0.448547 0.531888 0.457984 0.495291 0.514594 0.502797 0.520250 0.506550 0.529063 0.531888 0.536609 0.547855 0.500750 0.578811 0.494469 0.573170 0.493203 0.592890 0.450437 0.592890 0.446656 0.613520
2 1 0 0.029891 0.532214 0.039984 0.520000 0.046922 0.514336 0.051953 0.514336 0.070234 0.489907 0.125719 0.493660 0.142734 0.505874 0.144625 0.516224 0.157859 0.528462 0.159125 0.537856 0.152813 0.579231 0.140844 0.584872 0.135172 0.576410 0.116891 0.576410 0.112469 0.585828 0.104281 0.583939 0.099234 0.581119 0.089156 0.580186 0.084734 0.585828 0.081594 0.583007 0.076547 0.579231 0.048172 0.580186 0.043141 0.588648 0.029266 0.587692 0.024859 0.553846
9 1 1 0.827422 0.359068 0.829031 0.233263 0.873906 0.235688 0.873359 0.362308
2 1 1 0.712313 0.581142 0.712609 0.576107 0.714516 0.576340 0.714375 0.578089 0.716422 0.578089 0.716125 0.575455 0.725375 0.575245 0.726109 0.577855 0.735062 0.577855 0.735781 0.580699 0.745469 0.579394 0.745766 0.577203 0.747078 0.576993 0.747234 0.585967 0.753547 0.586410 0.756625 0.579837 0.757937 0.575455 0.757797 0.561888 0.757500 0.543730 0.753828 0.542401 0.753172 0.521142 0.740266 0.518275 0.730719 0.516527 0.715031 0.516760 0.711656 0.517203 0.706813 0.533823 0.705641 0.537762 0.704609 0.537762 0.702703 0.545641 0.703578 0.547832 0.702406 0.557459 0.700656 0.557459 0.701234 0.564242 0.702828 0.567319 0.703344 0.567319 0.702719 0.581119 0.710922 0.581282
2 1 0 0.156125 0.557296 0.167938 0.551422 0.165750 0.563170 0.184984 0.557296 0.191984 0.554685 0.192422 0.534452 0.174938 0.501189 0.141250 0.504452 0.145625 0.516853 0.158312 0.531189
2 1 0 0.331437 0.538718 0.331109 0.531818 0.328406 0.525408 0.333656 0.510886 0.337641 0.508998 0.342266 0.499464 0.362672 0.499464 0.370656 0.499953 0.377984 0.513753 0.379891 0.521352 0.378938 0.533730 0.370969 0.535385 0.359484 0.533007 0.337016 0.536573
9 1 1 0.839328 0.395524 0.846953 0.395524 0.847609 0.390000 0.853047 0.390979 0.853703 0.394219 0.853703 0.395524 0.862188 0.395524 0.865891 0.397786 0.866750 0.400070 0.868281 0.440979 0.864578 0.440979 0.856094 0.444219 0.853047 0.450070 0.849344 0.452331 0.845422 0.451375 0.844781 0.443240 0.831719 0.443240 0.831062 0.438695 0.831719 0.400070 0.834766 0.395524 0.839984 0.394545 0.839984 0.394545
2 1 1 0.703578 0.508555 0.700688 0.501235 0.697344 0.497273 0.688000 0.497273 0.682219 0.503240 0.682672 0.511538 0.687781 0.512191 0.690672 0.514522 0.694906 0.515851 0.695562 0.520163 0.698016 0.526457 0.698016 0.529441 0.700453 0.537739 0.700016 0.548345 0.700234 0.550676 0.706688 0.536084 0.707797 0.526131 0.707797 0.519814 0.705125 0.513846 0.703797 0.510536
0 1 0 0.540031 0.574709 0.546500 0.575874 0.541969 0.592098 0.516344 0.590373 0.517625 0.586876 0.521391 0.583613 0.526438 0.579744 0.527469 0.576853 0.526047 0.556946 0.530187 0.551725 0.533422 0.550769 0.538859 0.552517 0.540812 0.557133 0.541062 0.565058
9 1 0 0.807422 0.241888 0.821703 0.245571 0.824156 0.335175 0.824156 0.349860 0.807922 0.343986 0.803984 0.318275 0.804969 0.243357
2 1 1 0.583187 0.511096 0.578734 0.504848 0.573766 0.503683 0.557781 0.502121 0.550187 0.502121 0.543625 0.513450 0.542578 0.526737 0.539703 0.534545 0.543625 0.538065 0.572188 0.539254 0.573766 0.531026
2 1 1 0.380250 0.519790 0.389375 0.504895 0.409922 0.503613 0.417625 0.513403 0.420203 0.513403 0.419906 0.526620 0.419063 0.527879 0.416781 0.537669 0.414484 0.535128 0.413922 0.532564 0.411062 0.533846 0.406500 0.537669 0.404781 0.534266 0.394516 0.534266 0.391375 0.536830 0.390797 0.534266 0.385953 0.534709 0.384531 0.538112 0.381953 0.537249 0.379953 0.536410 0.379109 0.535128 0.379672 0.533427
2 1 1 0.682344 0.536876 0.683594 0.512494 0.690688 0.514196 0.693094 0.524429 0.695266 0.528695 0.698109 0.532960 0.699031 0.538065 0.698578 0.545921 0.697766 0.552727 0.698453 0.560233 0.696969 0.564149 0.694797 0.563636 0.694797 0.559207 0.692516 0.563986 0.688969 0.565175 0.688172 0.559207 0.683594 0.558182 0.680969 0.558182
2 1 1 0.452984 0.502517 0.439344 0.502308 0.434703 0.509021 0.432297 0.516387 0.431313 0.523730 0.431875 0.529184 0.437094 0.530023 0.449047 0.526876 0.450734 0.526876 0.453547 0.514709 0.455109 0.506084 0.455813 0.503147
2 1 1 0.572797 0.536387 0.583547 0.509650 0.622953 0.513217 0.636078 0.535198 0.636875 0.547063
