0 1 1 0.189903 0.221469 0.192315 0.213078 0.195525 0.211141 0.195525 0.210500 0.202763 0.206625 0.212393 0.206625 0.226868 0.210500 0.233288 0.217594 0.233288 0.228563 0.234903 0.237594 0.229280 0.242125 0.223638 0.244703 0.224455 0.251156 0.226051 0.259547 0.235700 0.262766 0.245350 0.266000 0.257393 0.267937 0.257393 0.279547 0.252568 0.293750 0.245350 0.310531 0.238911 0.320844 0.232490 0.327953 0.241323 0.333109 0.238911 0.344078 0.242938 0.355047 0.245350 0.363438 0.245350 0.375062 0.245350 0.380859 0.232490 0.380859 0.206770 0.380859 0.195525 0.380219 0.181868 0.378281 0.182665 0.380219 0.168210 0.384094 0.158560 0.380859 0.159358 0.360859 0.153735 0.354406 0.148911 0.344078 0.148911 0.330531 0.144105 0.311172 0.144105 0.301484 0.144105 0.287937 0.144903 0.275031 0.158560 0.267281 0.163385 0.261484 0.164981 0.260188 0.178658 0.258250 0.188288 0.252438 0.191498 0.251156 0.191498 0.242125 0.191498 0.236313 0.187490 0.232437 0.188288 0.226625 0.189903 0.215656
0 1 1 0.426712 0.382062 0.526751 0.377094 0.514377 0.361359 0.538093 0.329063 0.564903 0.323266 0.544280 0.277703 0.522626 0.259484 0.495798 0.252031 0.495798 0.242094 0.505078 0.234641 0.507140 0.227187 0.500953 0.213937 0.481362 0.210625 0.470019 0.210625 0.450428 0.217250 0.447335 0.224703 0.453521 0.246234 0.453521 0.257000 0.413307 0.271906 0.408152 0.324922 0.435992 0.365500
0 1 1 0.331381 0.360656 0.331381 0.343547 0.327004 0.338531 0.300700 0.329984 0.295078 0.324453 0.296946 0.315906 0.307588 0.303828 0.318872 0.280703 0.327004 0.274672 0.323249 0.267625 0.325759 0.262094 0.331381 0.258078 0.342023 0.260078 0.342665 0.255063 0.337646 0.247016 0.331381 0.241484 0.338910 0.226391 0.350798 0.216344 0.367082 0.215844 0.384611 0.222875 0.387743 0.237969 0.380856 0.255063 0.379591 0.266125 0.393366 0.268125 0.400875 0.266125 0.405895 0.267625 0.412782 0.277187 0.410895 0.300312 0.410895 0.326969 0.405272 0.340031 0.409650 0.365672 0.407140 0.378750 0.320117 0.381266 0.330136 0.369203
0 1 1 0.107860 0.229813 0.103521 0.230453 0.104066 0.238375 0.107529 0.240516 0.109669 0.244812 0.111537 0.247813 0.116070 0.251016 0.115525 0.253594 0.107802 0.255094 0.100058 0.259797 0.097393 0.264078 0.094319 0.279359 0.076089 0.273750 0.080350 0.265656 0.080739 0.249766 0.084611 0.240125 0.081128 0.225797 0.078794 0.207422 0.072218 0.200563 0.079572 0.196203 0.086167 0.193094 0.092763 0.192469 0.102840 0.195891 0.109047 0.199625 0.110214 0.205859 0.111381 0.214891 0.111381 0.220813 0.109047 0.227031 0.108268 0.228281
0 1 1 0.648988 0.293297 0.643619 0.257641 0.648988 0.258031 0.663132 0.259594 0.678249 0.273703 0.678735 0.290547 0.673852 0.304266 0.673852 0.308172 0.701673 0.317578 0.707510 0.326594 0.707023 0.347750 0.702646 0.359500 0.695817 0.369297 0.687023 0.372047 0.677276 0.371250 0.659708 0.344609 0.628988 0.360672 0.628988 0.373219 0.619708 0.375172 0.613852 0.354016 0.609961 0.376344 0.592393 0.376344 0.592879 0.363422 0.601654 0.331688 0.609961 0.316797 0.622140 0.314453 0.630934 0.320328
0 1 0 0.371829 0.098281 0.417743 0.094187 0.411362 0.165875 0.376926 0.220156 0.373113 0.102375
0 1 1 0.000000 0.191516 0.011926 0.172187 0.009922 0.157688 0.027977 0.148016 0.052062 0.154469 0.052062 0.183469 0.058074 0.191516 0.084163 0.207625 0.082140 0.249516 0.080136 0.265641 0.090175 0.281750 0.088171 0.349422 0.062082 0.352641 0.062082 0.349422 0.060078 0.302687 0.046031 0.297859 0.003911 0.299469 0.000000 0.257578
0 1 1 0.140389 0.225750 0.141070 0.209391 0.151926 0.202297 0.162121 0.200125 0.171615 0.200672 0.177724 0.206672 0.181128 0.212656 0.185875 0.221391 0.185195 0.229562 0.183152 0.232297 0.181790 0.236656 0.177724 0.245375 0.175019 0.250281 0.181128 0.248641 0.187899 0.250281 0.185195 0.255734 0.173658 0.258453 0.164144 0.261187 0.155992 0.267734 0.151926 0.272094 0.147860 0.276453 0.145136 0.285172 0.141751 0.298266 0.141751 0.308625 0.149883 0.326609 0.148541 0.335875 0.155992 0.352234 0.155992 0.366406 0.154650 0.370766 0.149222 0.379500 0.141751 0.381672 0.122743 0.380594 0.113911 0.381672 0.113230 0.366406 0.111206 0.358234 0.100331 0.351141 0.092860 0.350062 0.086070 0.342969 0.091518 0.324969 0.092860 0.302078 0.095584 0.285172 0.095584 0.272641 0.096946 0.264453 0.103054 0.257922 0.113230 0.253000 0.122743 0.251922 0.126128 0.248641 0.136984 0.246469 0.140389 0.240469 0.141751 0.228469
0 1 1 0.267704 0.242828 0.273307 0.241328 0.288774 0.242188 0.296770 0.246250 0.298366 0.255672 0.297315 0.262750 0.295175 0.263812 0.292237 0.272813 0.291440 0.279453 0.301576 0.279875 0.307179 0.281594 0.315175 0.287813 0.302646 0.305797 0.301576 0.310719 0.299981 0.311578 0.291167 0.291453 0.287432 0.289516 0.277296 0.289953 0.271440 0.286094 0.267704 0.277094 0.267704 0.273453 0.270370 0.259531 0.269300 0.248391 0.268502 0.243672
0 1 1 0.672879 0.266078 0.672432 0.263187 0.672432 0.261391 0.672432 0.259594 0.672432 0.256344 0.669728 0.252375 0.665253 0.250578 0.665253 0.245172 0.668833 0.240484 0.672432 0.239031 0.676012 0.237953 0.678268 0.236516 0.684552 0.234344 0.695331 0.234344 0.701167 0.235437 0.702957 0.238313 0.704300 0.241922 0.706089 0.246250 0.707004 0.248047 0.710136 0.252375 0.710584 0.254547 0.713288 0.258141 0.714630 0.261750 0.714630 0.264641 0.714630 0.269688 0.710136 0.271484 0.712374 0.273641 0.715078 0.277609 0.716420 0.280859 0.718658 0.283375 0.726751 0.288781 0.730778 0.292750 0.733930 0.294563 0.736167 0.296719 0.737062 0.297797 0.733930 0.300687 0.733035 0.303937 0.735720 0.307531 0.737510 0.312578 0.737977 0.314391 0.733930 0.314750 0.729436 0.312219 0.724942 0.310422 0.717763 0.311500 0.715973 0.317984 0.712821 0.321594 0.713288 0.323766 0.713288 0.326281 0.707899 0.326281 0.704300 0.317984 0.700720 0.316188 0.675564 0.307172 0.677821 0.293109 0.681401 0.285906 0.680058 0.275094 0.679163 0.273641
0 1 1 0.511012 0.255828 0.512588 0.247313 0.511537 0.241781 0.517374 0.235828 0.525311 0.229859 0.542821 0.224328 0.562957 0.230281 0.564008 0.238797 0.573560 0.253703 0.570370 0.259234 0.558191 0.266906 0.564552 0.275844 0.571440 0.276703 0.571965 0.285219 0.571965 0.290328 0.551829 0.293297 0.538035 0.271156
0 1 1 0.401556 0.266266 0.406187 0.254359 0.417315 0.246922 0.428424 0.248406 0.433054 0.246922 0.442315 0.261797 0.421012 0.272953 0.415447 0.285609 0.410817 0.273703 0.407121 0.267750 0.401556 0.267750
32 1 1 0.629767 0.113672 0.640214 0.113672 0.646128 0.117031 0.647179 0.122906 0.647529 0.127109 0.645428 0.131297 0.643696 0.133813 0.639514 0.134656 0.631848 0.135219 0.627685 0.135484 0.623152 0.133531 0.620720 0.130453 0.619319 0.126266 0.621070 0.115922
27 1 1 0.460545 0.332141 0.468619 0.275703 0.465720 0.273391 0.472062 0.270609 0.475525 0.273844 0.476673 0.276156 0.476673 0.278469 0.474942 0.279859 0.478988 0.314094 0.478405 0.328906 0.480136 0.333062 0.470331 0.339547 0.463424 0.336313
0 1 0 0.628852 0.320109 0.601673 0.290094 0.584689 0.255984 0.599981 0.236891 0.637354 0.242344 0.659436 0.339203 0.705311 0.418328 0.735875 0.448344 0.780039 0.483813 0.795331 0.522016 0.834397 0.564313 0.856479 0.629797 0.832704 0.692547 0.832704 0.734844 0.844591 0.819422 0.812315 0.864437 0.785136 0.891734 0.763054 0.893094 0.746070 0.874000 0.754572 0.819422 0.742665 0.767578 0.708696 0.696641 0.701907 0.602500 0.708696 0.575219 0.652646 0.598406 0.598288 0.606594 0.552412 0.616156 0.543930 0.616156 0.547315 0.592953 0.555817 0.583406 0.613580 0.577953 0.642451 0.571125 0.647549 0.568406 0.652646 0.547938 0.627159 0.513828 0.627159 0.497453 0.598288 0.475625 0.591498 0.460625 0.608482 0.448344 0.645856 0.431969 0.630564 0.367859
