0 1 0 0.069781 0.045729 0.055094 0.030583 0.064562 0.011625 0.059359 0.003417 0.034250 0.002167 0.034719 0.018583 0.005828 0.033729 0.002047 0.058375 0.000625 0.088063 0.002047 0.089958 0.010250 0.143125 0.020406 0.205542 0.021969 0.220104 0.021734 0.236729 0.012234 0.267312 0.002719 0.279250 0.000484 0.288188 0.025094 0.312062 0.030125 0.315042 0.020625 0.277750 0.031813 0.261333 0.034609 0.294167 0.035172 0.305354 0.058094 0.297146 0.059219 0.293417 0.049703 0.285958 0.042438 0.269542 0.047469 0.247917 0.059219 0.203167 0.060344 0.171083 0.061453 0.134542 0.060891 0.088292 0.058656 0.082312 0.070406 0.095000 0.081031 0.147208 0.082719 0.152437 0.079359 0.167354 0.080484 0.174813 0.082156 0.162875 0.088875 0.169583 0.083828 0.179292 0.088312 0.180042 0.093344 0.171833 0.097266 0.164375 0.088875 0.136771 0.084953 0.095750 0.080484 0.077854 0.068172 0.050250
25 1 1 0.209609 0.041937 0.222422 0.033625 0.238344 0.032708 0.254266 0.041479 0.261547 0.050708 0.259813 0.055792 0.245266 0.053937 0.227953 0.048875 0.210297 0.042875
60 1 0 0.170516 0.095479 0.185641 0.094021 0.185641 0.105333 0.191188 0.105333 0.185641 0.089083 0.154266 0.091542 0.160547 0.099417 0.163500 0.121562 0.173828 0.121562
25 1 1 0.190344 0.057021 0.158016 0.053896 0.155672 0.044104 0.151266 0.035479 0.168891 0.032333 0.183594 0.039792 0.193875 0.048792 0.192687 0.057021
25 1 1 0.464125 0.054938 0.452953 0.043958 0.437375 0.045521 0.419453 0.051417 0.412703 0.054146 0.413578 0.055708 0.429734 0.061583 0.447078 0.064729 0.462938 0.066292 0.467344 0.065125 0.467641 0.068646 0.472344 0.067479 0.467063 0.059625
25 1 1 0.292094 0.052500 0.302391 0.044062 0.300547 0.049333 0.300813 0.054625 0.290516 0.053208
74 1 0 0.451188 0.608396 0.451188 0.608750 0.451438 0.616708 0.453266 0.625687 0.461562 0.628812 0.463641 0.622583 0.465187 0.616354 0.464406 0.607021
0 1 0 0.555391 0.670292 0.519078 0.775187 0.492281 0.806292 0.468078 0.814375 0.411031 0.789021 0.334953 0.727917 0.248516 0.776333 0.205297 0.782104 0.154297 0.772875 0.135266 0.753292 0.130953 0.737146 0.139594 0.715250 0.219984 0.731375 0.210484 0.708333 0.183687 0.680667 0.182812 0.640333 0.195781 0.633417 0.212203 0.661083 0.222578 0.669146 0.247656 0.666833 0.281359 0.641479 0.359156 0.564250 0.385969 0.581542 0.420547 0.587313 0.474141 0.602292 0.481047 0.551583 0.476734 0.519313 0.486375 0.505979 0.485500 0.497083 0.474391 0.487000 0.465500 0.474562 0.455719 0.451458 0.444609 0.424792 0.444172 0.401688 0.455281 0.375021 0.467719 0.368500 0.487719 0.366146 0.503719 0.368500 0.524594 0.392813 0.525047 0.431313 0.525484 0.455021 0.527266 0.460938 0.532594 0.472187 0.541484 0.479896 0.564141 0.513667 0.572141 0.552188 0.571703 0.584771 0.580594 0.630979 0.564141 0.641062 0.563703 0.654104 0.577031 0.658250 0.579703 0.705042 0.582812 0.703271 0.586359 0.710375 0.581484 0.726979 0.575250 0.733479 0.555703 0.732896 0.548594 0.728750 0.545484 0.722229 0.545484 0.710375 0.553922 0.709188 0.556156 0.678979
0 1 0 0.382469 0.000396 0.412797 0.032063 0.411484 0.081292 0.399609 0.142854 0.393016 0.176271 0.379828 0.218500 0.377187 0.280042 0.375875 0.322271 0.377187 0.383812 0.385094 0.413729 0.393016 0.433062 0.395656 0.471771 0.395656 0.485833 0.364000 0.478792 0.329703 0.471771 0.312547 0.461208 0.309906 0.455938 0.319141 0.419000 0.328375 0.362708 0.325734 0.325771 0.307266 0.271250 0.295406 0.192104 0.290125 0.139333 0.290125 0.100646 0.302000 0.053167 0.307266 0.032063 0.315188 0.007437
26 1 2 0.360984 0.884792 0.391172 0.872146 0.425672 0.861792 0.431719 0.860646 0.446375 0.873292 0.468797 0.945750 0.476562 1.000000 0.298891 0.999792 0.292859 0.960688 0.293719 0.930792 0.313547 0.907792
29 1 1 0.983766 0.612979 0.917531 0.592208 0.711031 0.602604 0.559094 0.636354 0.566891 0.662333 0.650656 0.667542 0.802594 0.651958 0.940906 0.633771
