29 1 2 0.743750 0.717518 0.743453 0.703302 0.746109 0.685995 0.764766 0.661148 0.783422 0.644731 0.808594 0.633630 0.836734 0.628735 0.860422 0.634965 0.878187 0.646511 0.890031 0.666019 0.893578 0.693536 0.886469 0.718408 0.874328 0.742810 0.867828 0.745925 0.856562 0.744590 0.852719 0.744590 0.850344 0.745480 0.849453 0.748595 0.848875 0.750351 0.848578 0.750351 0.845312 0.748595 0.841172 0.746815 0.839094 0.749016 0.837016 0.752576 0.837016 0.752576 0.836734 0.754801 0.835844 0.756136 0.831094 0.754356 0.826656 0.755691 0.826656 0.755691 0.825766 0.761897 0.827250 0.765902 0.827250 0.770328 0.803563 0.772553 0.792313 0.772553 0.783719 0.768993 0.776312 0.764122 0.785500 0.757916 0.785500 0.757916 0.784906 0.756581 0.787281 0.754801 0.788156 0.754356 0.790531 0.750351 0.790531 0.744145 0.790531 0.744145 0.790531 0.740586 0.788156 0.736159 0.788156 0.736159 0.785500 0.735714 0.781641 0.728618 0.781641 0.728618 0.780766 0.727283 0.777500 0.723724
0 1 0 0.418297 0.721358 0.418297 0.588759 0.418297 0.530328 0.439297 0.521358 0.463281 0.498876 0.469281 0.469672 0.448297 0.451686 0.437797 0.379766 0.458781 0.303372 0.484266 0.294379 0.508266 0.298876 0.524750 0.314614 0.545750 0.337073 0.557734 0.375269 0.560734 0.406745 0.524750 0.395504 0.497766 0.404496 0.479781 0.471920 0.475281 0.519110 0.518750 0.579766 0.439297 0.631452 0.431797 0.728080 0.425797 0.728080
29 1 1 0.424297 0.851686 0.457281 0.849438 0.518750 0.853934 0.566734 0.849438 0.584719 0.820234 0.583234 0.782014 0.583234 0.782014 0.547250 0.766300 0.472281 0.741569 0.430297 0.741569 0.403313 0.746066 0.410813 0.791007 0.419797 0.824731 0.425797 0.838197
0 1 0 0.401047 0.463794 0.387578 0.465925 0.379781 0.462740 0.386875 0.451030 0.389000 0.434028 0.389000 0.415972 0.388281 0.390445 0.388281 0.376628 0.388281 0.368126 0.387578 0.355363 0.389000 0.343677 0.398219 0.329859 0.397500 0.324543 0.392547 0.316042 0.392547 0.304356 0.391125 0.294778 0.397500 0.278829 0.408859 0.292646 0.413109 0.300094 0.418078 0.311780 0.418078 0.329859 0.417359 0.358571 0.420906 0.400023 0.420906 0.449977 0.421625 0.465925 0.414531 0.468056 0.407438 0.463794 0.406734 0.456347 0.408859 0.437213 0.408141 0.422342 0.402469 0.422342 0.401766 0.458478
0 1 0 0.788625 0.492248 0.789922 0.472834 0.789484 0.457963 0.789484 0.457963 0.784312 0.452787 0.786469 0.445667 0.789922 0.434684 0.789922 0.424333 0.791641 0.408150 0.789484 0.399110 0.789922 0.378408 0.794656 0.363536 0.801141 0.355761 0.802000 0.355129 0.805453 0.349297 0.806750 0.346721 0.806750 0.342834 0.802437 0.337658 0.801141 0.327963 0.801141 0.316323 0.805453 0.302740 0.811484 0.293677 0.814078 0.293021 0.819266 0.293021 0.821422 0.293021 0.828750 0.299508 0.830906 0.305972 0.833062 0.315012 0.834359 0.327307 0.827031 0.346066 0.827031 0.351897 0.827453 0.352529 0.827453 0.353817 0.834359 0.362248 0.836094 0.368712 0.835219 0.388759 0.830906 0.407518 0.836094 0.412693 0.840406 0.415269 0.840406 0.426276 0.845578 0.452108 0.843859 0.456628 0.841703 0.457916 0.838672 0.459859 0.839547 0.468923 0.842125 0.473443 0.844719 0.475386 0.841703 0.488314 0.840406 0.490913 0.839547 0.497377 0.847313 0.532295 0.845578 0.565925 0.861125 0.629930 0.861547 0.634450 0.831344 0.629274 0.820984 0.528384 0.813219 0.507026 0.813656 0.543255 0.805875 0.582061 0.803719 0.578173 0.799844 0.546487 0.801562 0.533560 0.802859 0.527728 0.797250 0.508314
2 1 1 0.853281 0.307260 0.851453 0.315504 0.851703 0.330000 0.852500 0.343302 0.852500 0.350749 0.854578 0.357799 0.854578 0.369953 0.854578 0.373864 0.826094 0.377799 0.830281 0.355059 0.831578 0.330000 0.832359 0.305691 0.849625 0.297471 0.859031 0.297471 0.876016 0.300211 0.884375 0.323326 0.883859 0.346440 0.885688 0.373091 0.885688 0.374262 0.895891 0.383653 0.898500 0.382482 0.901641 0.362506 0.904516 0.339391 0.895094 0.314707 0.882547 0.301007
0 1 1 0.310578 0.322506 0.310156 0.310890 0.310578 0.296674 0.311438 0.287002 0.314031 0.279906 0.315750 0.274098 0.315313 0.265714 0.320922 0.257330 0.329531 0.256019 0.335547 0.272810 0.335547 0.274754 0.342875 0.282482 0.347609 0.290234 0.351922 0.296674 0.352781 0.301850 0.352781 0.310890 0.348469 0.319906 0.347172 0.323794 0.347609 0.339930 0.348047 0.350258 0.347172 0.356066 0.346750 0.363794 0.344594 0.368970 0.343297 0.377986 0.340297 0.387681 0.338562 0.388970 0.334688 0.372178 0.331672 0.366370 0.324359 0.362506 0.319187 0.350890 0.317469 0.337986 0.314453 0.328314 0.312297 0.322506
2 1 1 0.433688 0.281569 0.436281 0.270843 0.444078 0.264028 0.446672 0.258197 0.448625 0.256253 0.491500 0.254286 0.498000 0.257213 0.514891 0.260141 0.527234 0.271827 0.533734 0.298126 0.536328 0.296159 0.541531 0.300070 0.540234 0.306885 0.537625 0.307845 0.537625 0.317588 0.529188 0.314660 0.520734 0.307845 0.507094 0.305902 0.499953 0.307845 0.498656 0.307845 0.492156 0.297143 0.489547 0.293255 0.486953 0.286440 0.485000 0.274754 0.477859 0.274754 0.474609 0.282529 0.476562 0.293255 0.472016 0.300070 0.470062 0.302014 0.462266 0.300070 0.459016 0.290328 0.454469 0.285457 0.448625 0.290328 0.447328 0.292272 0.441484 0.281569
0 1 0 0.858500 0.385902 0.856094 0.371475 0.853687 0.355855 0.853687 0.337845 0.858500 0.324614 0.870531 0.318618 0.884156 0.328220 0.889766 0.337845 0.889766 0.352248 0.888969 0.365480 0.884156 0.376276 0.895375 0.395504 0.895375 0.415925 0.894578 0.444778 0.888969 0.460398 0.883359 0.476019 0.868125 0.504848 0.864922 0.531288 0.864109 0.557728 0.864109 0.585363 0.863313 0.632225 0.854500 0.604567 0.849687 0.574543 0.849687 0.538501 0.844875 0.510867 0.849687 0.485621 0.854500 0.477213 0.848078 0.459180 0.848078 0.439977 0.848078 0.425550 0.837656 0.407518 0.849687 0.383489
0 1 1 0.067625 0.305222 0.067625 0.301780 0.066156 0.298337 0.065953 0.293630 0.068047 0.287049 0.072016 0.285480 0.078281 0.288314 0.078500 0.294262 0.077453 0.302412 0.079328 0.307119 0.085812 0.310867 0.088953 0.315574 0.091047 0.326557 0.092297 0.335644 0.093766 0.347541 0.093766 0.358829 0.093547 0.363208 0.089797 0.361639 0.087484 0.333747 0.085812 0.345972 0.087078 0.356955 0.087906 0.365714 0.086234 0.370422 0.083312 0.380141 0.078078 0.383911 0.070969 0.390164 0.068047 0.385785 0.063437 0.367916 0.061344 0.352248 0.061141 0.343466 0.059047 0.335316 0.059891 0.325925 0.061984 0.319953 0.062812 0.314941 0.066156 0.310258 0.068250 0.307752
0 1 0 0.057187 0.324684 0.067578 0.309087 0.064125 0.283115 0.057187 0.285714 0.057187 0.303888 0.050250 0.316885
26 1 1 0.603438 0.388618 0.592703 0.378571 0.592375 0.368009 0.592031 0.357963 0.588344 0.348899 0.584656 0.338337 0.585656 0.336323 0.590359 0.342857 0.593047 0.355948 0.596734 0.356440 0.602766 0.357963 0.607469 0.362482 0.610828 0.370515 0.610828 0.382600 0.606125 0.387611
2 1 1 0.778094 0.371499 0.768953 0.376370 0.759812 0.310843 0.768953 0.304965 0.783953 0.349977 0.780703 0.371499
0 1 1 0.881703 0.327939 0.878422 0.308267 0.875859 0.299532 0.874047 0.296792 0.867844 0.296792 0.866016 0.286956 0.863469 0.282600 0.860547 0.280398 0.856172 0.284239 0.856906 0.289157 0.858000 0.295714 0.851078 0.308829 0.850703 0.320843 0.850703 0.333419 0.849250 0.347073 0.851437 0.352529 0.852891 0.352529 0.855453 0.336136 0.859828 0.330141 0.866016 0.326300 0.872953 0.325222 0.878781 0.325761
0 1 1 0.432813 0.435012 0.435156 0.419578 0.434219 0.404145 0.432813 0.384496 0.432344 0.366979 0.432344 0.359953 0.432344 0.350141 0.432344 0.341030 0.433281 0.337518 0.428609 0.337518 0.427203 0.335410 0.427203 0.327705 0.429063 0.323489 0.431406 0.317892 0.431875 0.315082 0.433281 0.311569 0.429063 0.312974 0.428141 0.308759 0.427672 0.304567 0.428141 0.301756 0.428609 0.298244 0.430469 0.290539 0.432813 0.284215 0.434688 0.280703 0.438422 0.280703 0.438891 0.280703 0.442641 0.286323 0.442172 0.291241 0.442172 0.297541 0.444984 0.301054 0.448719 0.305269 0.452000 0.317892 0.452000 0.322084 0.452469 0.329110 0.452469 0.335410 0.445453 0.345246 0.444516 0.353653 0.442641 0.364871 0.439359 0.371874 0.438422 0.383817 0.439828 0.394333 0.441234 0.404145 0.441703 0.413958 0.442641 0.423068 0.443109 0.429391 0.443578 0.438501 0.438891 0.444824 0.432344 0.443817 0.429063 0.443817 0.425328 0.441007 0.433281 0.438197 0.434219 0.437518
0 1 0 0.005984 0.982061 0.014953 0.952904 0.005984 0.923771 0.029922 0.825105 0.020937 0.742155 0.023937 0.632295 0.020937 0.578478 0.025438 0.495527 0.041891 0.439461 0.059844 0.412553 0.100234 0.352014 0.131641 0.309415 0.125656 0.262342 0.113688 0.181616 0.115188 0.103138 0.133141 0.069508 0.158563 0.049321 0.195969 0.049321 0.230375 0.069508 0.246828 0.098665 0.257297 0.132295 0.275250 0.168150 0.303672 0.201803 0.285719 0.204028 0.261781 0.201803 0.261781 0.219742 0.276750 0.237658 0.273750 0.264567 0.257297 0.271311 0.245328 0.316136 0.239344 0.336323 0.228875 0.372201 0.215422 0.381171 0.206437 0.381171 0.215422 0.390141 0.255812 0.434988 0.261781 0.452904 0.267766 0.488782 0.270766 0.508970 0.299187 0.565012 0.303672 0.623326 0.306672 0.679368 0.314141 0.695059 0.353047 0.699555 0.396422 0.712998 0.429328 0.724215 0.430828 0.739906 0.406891 0.742155 0.414375 0.780258 0.418859 0.811663 0.427844 0.834075 0.430828 0.847541 0.411375 0.847541 0.369500 0.860984 0.329109 0.822881 0.320125 0.818384 0.302172 0.847541 0.305172 0.852014 0.311156 0.890141 0.314141 0.919274 0.321625 0.952904 0.330609 0.988782 0.007484 0.984309
0 1 1 1.000000 0.304941 0.974547 0.264473 0.937062 0.264473 0.919062 0.304941 0.908578 0.356628 0.911578 0.385831 0.911578 0.408290 0.932563 0.444262 0.889078 0.466721 0.875594 0.491452 0.863594 0.520656 0.862094 0.585831 0.869594 0.610539 0.880094 0.610539 0.878594 0.646511 0.893578 0.698197 0.887578 0.722904 0.896578 0.736393 0.884578 0.790328 0.871094 0.976838 0.896578 0.983583 0.995531 0.983583
