0 1 1 0.935391 0.507875 0.950562 0.429208 0.958984 0.404500 0.964047 0.397750 0.962359 0.373042 0.955625 0.350563 0.943812 0.330333 0.943812 0.312354 0.943812 0.283146 0.921906 0.260667 0.896625 0.278646 0.900000 0.319104 0.905062 0.325833 0.893266 0.359542 0.901688 0.388771 0.910109 0.435958 0.925281 0.478646 0.928656 0.480896
0 1 1 0.625844 0.362625 0.637234 0.364646 0.640656 0.352000 0.637234 0.340875 0.639891 0.328729 0.641406 0.313562 0.644063 0.310021 0.648609 0.313562 0.647859 0.297375 0.644437 0.289271 0.642547 0.281188 0.642547 0.276125 0.643313 0.266000 0.636859 0.266000 0.631156 0.280167 0.628891 0.281188 0.622437 0.293333 0.619016 0.307479 0.615984 0.320146 0.622063 0.318104 0.626234 0.303438 0.626984 0.324688 0.627750 0.345938 0.628125 0.358583
0 1 0 0.111547 0.315354 0.111547 0.289500 0.130938 0.294938 0.131969 0.322167 0.144219 0.361646 0.147281 0.369812 0.153406 0.386146 0.146250 0.395667 0.132984 0.360292 0.126859 0.380708 0.125844 0.394313 0.110531 0.409292 0.117672 0.444687 0.125844 0.463729 0.079891 0.470542 0.080922 0.462375 0.089094 0.447396 0.089094 0.394313 0.101344 0.357563 0.083984 0.363000 0.075813 0.349396 0.097250 0.323521
0 1 0 0.213375 0.310125 0.214375 0.324771 0.218375 0.340313 0.214375 0.364729 0.210375 0.373604 0.221359 0.422875 0.201062 0.424646 0.197391 0.419750 0.205047 0.410000 0.198063 0.392250 0.195734 0.364271 0.193062 0.355396 0.189078 0.344313 0.184422 0.339417 0.187406 0.328771 0.193734 0.338542 0.195734 0.338083 0.200062 0.326562 0.198734 0.308354 0.205391 0.303021 0.212375 0.307458
0 1 1 0.562391 0.285688 0.564344 0.281500 0.565328 0.280188 0.566500 0.278375 0.567875 0.274708 0.569438 0.272625 0.570422 0.270271 0.571594 0.267917 0.573563 0.267396 0.574937 0.267396 0.577094 0.271042 0.579250 0.274188 0.579641 0.278104 0.580219 0.279937 0.581000 0.281250 0.583953 0.281250 0.585516 0.283854 0.585516 0.286729 0.586500 0.290646 0.586500 0.292208 0.588062 0.294833 0.591000 0.303458 0.591781 0.308688 0.592375 0.312083 0.592375 0.314688 0.592375 0.316250 0.592375 0.316521 0.590016 0.316521 0.589828 0.316521 0.587078 0.316521 0.583750 0.315208 0.580422 0.313125 0.576500 0.310500 0.572375 0.306333 0.569438 0.305292 0.568266 0.303979 0.567875 0.298750 0.567281 0.292479 0.565516 0.288562 0.563359 0.286208
0 1 1 0.036703 0.464188 0.073172 0.475771 0.103562 0.502396 0.112250 0.525563 0.145234 0.535979 0.212109 0.621646 0.241625 0.647125 0.253781 0.715438 0.215578 0.755958 0.212969 0.767521 0.246828 0.935417 0.249437 0.996771 0.000234 0.999083 0.000234 0.736271 0.000234 0.546396 0.001094 0.494292 0.000000 0.450292 0.020203 0.441042 0.030625 0.452604
0 1 0 0.403469 0.813167 0.397891 0.809979 0.394719 0.838625 0.389937 0.856188 0.381187 0.895437 0.369266 0.935729 0.360516 0.976625 0.318344 0.968146 0.314375 0.958604 0.346188 0.913000 0.357328 0.892854 0.346984 0.873750 0.345391 0.828146 0.333469 0.777250 0.337438 0.736938 0.335047 0.710417 0.336641 0.694521 0.324719 0.637250 0.321531 0.620271 0.314375 0.594813 0.298469 0.591625 0.280172 0.566188 0.275391 0.538604 0.282547 0.512083 0.284938 0.491938 0.284938 0.451646 0.286531 0.429354 0.284141 0.412396 0.282547 0.356187 0.291297 0.302083 0.293688 0.305188 0.315172 0.295625 0.318344 0.290333 0.325516 0.279729 0.319937 0.262750 0.319937 0.235188 0.320734 0.216083 0.334266 0.199125 0.360516 0.187458 0.386766 0.195937 0.401078 0.219271 0.413797 0.226687 0.417781 0.233063 0.420172 0.271250 0.405844 0.269125 0.405047 0.276542 0.414594 0.287146 0.420969 0.315792 0.431297 0.334875 0.444031 0.342292 0.457547 0.368813 0.469484 0.407000 0.480625 0.455792 0.490172 0.496083 0.483797 0.533208 0.490172 0.588187 0.479828 0.617896 0.468687 0.626375 0.461531 0.617896 0.456766 0.617896 0.452781 0.605167 0.445625 0.580771 0.448016 0.554250 0.448016 0.546833 0.454375 0.543646 0.450391 0.518187 0.448016 0.499104 0.431297 0.475771 0.438469 0.550021 0.429719 0.579708 0.424141 0.587125 0.416984 0.632729 0.410625 0.660313 0.413016 0.675167 0.410625 0.728312 0.422547 0.741042 0.428125 0.746271 0.432094 0.750521 0.459937 0.788708 0.470281 0.808854 0.476641 0.814167 0.476641 0.825833 0.480625 0.835375 0.467891 0.874604 0.455172 0.885208 0.430516 0.907500 0.404266 0.911729 0.412219 0.876729 0.423344 0.845979 0.421766 0.830063 0.410625 0.815208
0 1 0 0.885141 1.000000 0.864859 0.938062 0.868250 0.859229 0.876688 0.825458 0.888516 0.796167 0.908781 0.789417 0.922297 0.796167 0.940875 0.789417 0.957766 0.775896 0.957766 0.773646 0.945953 0.690313 0.952703 0.638521 0.956078 0.568687 0.944250 0.532667 0.932438 0.471854 0.925672 0.438063 0.907094 0.406542 0.896750 0.352146 0.883375 0.347688 0.882250 0.326896 0.878906 0.291229 0.878906 0.291229 0.867766 0.267458 0.855516 0.242188 0.843250 0.237729 0.802016 0.258542 0.798672 0.283792 0.794219 0.304604 0.794219 0.322437 0.798672 0.328375 0.802016 0.353646 0.796438 0.371458 0.804250 0.371458 0.812047 0.393750 0.807594 0.401188 0.828766 0.420500 0.799781 0.472500 0.788641 0.560188 0.788641 0.560188 0.787531 0.576521 0.785297 0.612188 0.800906 0.624083 0.793094 0.659729 0.778609 0.662708 0.775266 0.710250 0.775266 0.710250 0.777500 0.729583 0.784187 0.762104 0.779734 0.827479 0.780844 0.891375 0.787531 0.943375 0.803125 0.971604 0.803125 0.998354 0.830984 0.999854
30 1 0 0.694891 0.755750 0.689453 0.760875 0.685609 0.760875 0.677281 0.766000 0.671203 0.768125 0.663844 0.771542 0.658406 0.775375 0.658406 0.775375 0.653922 0.778792 0.650719 0.778792 0.648797 0.777083 0.648797 0.777083 0.630562 0.786896 0.615516 0.794583 0.583828 0.811229 0.565594 0.818917 0.553438 0.818917 0.534234 0.810792 0.530703 0.808667 0.529109 0.806542 0.530062 0.803542 0.530062 0.803542 0.547984 0.810375 0.554391 0.809083 0.555344 0.805250 0.562719 0.802271 0.562719 0.802271 0.573594 0.795438 0.583187 0.792458 0.583187 0.792458 0.591828 0.787750 0.591828 0.787750 0.596313 0.784771 0.604313 0.783500 0.608156 0.782208 0.615516 0.778375 0.626719 0.772813 0.638875 0.763438 0.637281 0.758312 0.629281 0.760438 0.627047 0.759604 0.624484 0.757458 0.621922 0.758312 0.620000 0.758750 0.614563 0.760875 0.610078 0.762583 0.606562 0.767708 0.593750 0.770687 0.577750 0.773667 0.571359 0.773667 0.564625 0.781792 0.559188 0.783500 0.559188 0.783500 0.551516 0.786042 0.540312 0.789458 0.532625 0.788187 0.517578 0.781354 0.512141 0.777521 0.507984 0.774958 0.508297 0.771125 0.508297 0.771125 0.516312 0.772396 0.526859 0.778792 0.526859 0.778792 0.548953 0.772396 0.561750 0.768979 0.561750 0.768979 0.585109 0.760438 0.624156 0.745937 0.626719 0.744667 0.628000 0.746792 0.633766 0.745937 0.641125 0.743375 0.646250 0.742958 0.641766 0.753625 0.638875 0.754479 0.647844 0.766000 0.653922 0.765562 0.665766 0.760875 0.677609 0.751917 0.697766 0.731000 0.700969 0.727167 0.700016 0.755333 0.704172 0.750625 0.704172 0.750625 0.733938 0.738688 0.748016 0.731000 0.758891 0.726729 0.756344 0.722896 0.754422 0.720771 0.753141 0.719479 0.752500 0.714792 0.749937 0.711375 0.749937 0.711375 0.745141 0.710938 0.742578 0.710104 0.738422 0.710104 0.738422 0.712229 0.736500 0.714792 0.730734 0.716062 0.720484 0.720333 0.716016 0.722042 0.713125 0.722042 0.711203 0.722042 0.707047 0.724167 0.706406 0.725875 0.706406 0.725875
0 1 1 0.497188 0.705625 0.505625 0.671917 0.508984 0.651688 0.483703 0.546062 0.488766 0.474167 0.468547 0.422479 0.473594 0.348312 0.493813 0.312354 0.508984 0.305625 0.502250 0.283146 0.510672 0.244937 0.539328 0.256187 0.551125 0.285396 0.559547 0.305625 0.593266 0.319104 0.616859 0.361792 0.610109 0.417979 0.593266 0.460667 0.581453 0.496625 0.576406 0.561792 0.586516 0.611229 0.584828 0.671917 0.583141 0.710104 0.539328 0.725833 0.529219 0.710104 0.502250 0.712354
0 1 1 0.613109 0.438375 0.624375 0.407187 0.642563 0.360979 0.654703 0.336729 0.644297 0.290521 0.648641 0.265104 0.666828 0.255854 0.681563 0.255854 0.696281 0.292833 0.713609 0.348271 0.727469 0.365604 0.734406 0.403729 0.730937 0.558521 0.715344 0.551583 0.707547 0.529646 0.689359 0.583938 0.697156 0.704083 0.693687 0.749125 0.663359 0.771083 0.633906 0.771083 0.627844 0.757208 0.623516 0.730646 0.639109 0.695979 0.632172 0.603583 0.601844 0.469563
0 1 0 0.293812 0.309625 0.292719 0.299500 0.295969 0.283625 0.295969 0.277854 0.288391 0.263417 0.277562 0.261958 0.268891 0.267750 0.262406 0.276417 0.260234 0.289396 0.260234 0.298063 0.260234 0.309625 0.264563 0.318292 0.266734 0.322604 0.266734 0.334167 0.260234 0.348604 0.248328 0.357271 0.238578 0.345708 0.229906 0.345708 0.227750 0.357271 0.238578 0.374604 0.251563 0.380375 0.255906 0.381813 0.260234 0.387583 0.260234 0.393375 0.262406 0.442458 0.266734 0.443917 0.265656 0.458354 0.260234 0.471354 0.256984 0.501667 0.251563 0.529104 0.264563 0.556542 0.272141 0.592646 0.261313 0.604188 0.251563 0.617188 0.273234 0.621521 0.289469 0.621521 0.301391 0.618625 0.324125 0.617188 0.318719 0.588313 0.298141 0.581083 0.286219 0.570979 0.275391 0.539208 0.281891 0.516104 0.286219 0.500229 0.286219 0.472792 0.286219 0.445354 0.286219 0.430000 0.281891 0.349146 0.288391 0.314500 0.291641 0.305833
30 1 0 0.721531 0.549333 0.747813 0.544813 0.763078 0.544813 0.769016 0.549333 0.741875 0.554979 0.701187 0.562896 0.697797 0.562896 0.693547 0.559521 0.629109 0.541417 0.601969 0.544813 0.583313 0.540292 0.582469 0.533500 0.601969 0.539167 0.615547 0.541417 0.627406 0.538021 0.697797 0.558375 0.698641 0.551604 0.701187 0.552729 0.708813 0.548208 0.701187 0.543688
31 1 0 0.295844 0.988250 0.271422 0.997833 0.283625 1.000000 0.326703 1.000000 0.341078 0.993042 0.464563 0.910708 0.533484 0.868604 0.545703 0.858063 0.545703 0.849458 0.533484 0.842750 0.510516 0.837958 0.482516 0.847542 0.458828 0.865729 0.435125 0.888708 0.415734 0.910708 0.406406 0.915500 0.403531 0.915500 0.390609 0.936562 0.362609 0.965292 0.305891 0.987312 0.305172 0.986354
