60 1 2 0.371844 0.678719 0.427422 0.678719 0.477453 0.678719 0.571938 0.710219 0.546000 0.743563 0.540438 0.780609 0.546000 0.812109 0.553406 0.845453 0.571938 0.875094 0.597875 0.912156 0.631219 0.938094 0.647891 0.949203 0.660859 0.952906 0.657156 0.997375 0.523766 0.986250 0.549703 0.939937 0.546000 0.886219 0.521906 0.838047 0.486719 0.782469 0.431125 0.721328 0.351469 0.671313 0.010578 0.847313 0.027250 0.895484 0.055047 0.941797 0.090250 0.975141 0.101359 0.995516 0.003172 0.989969 0.008734 0.849156
60 1 2 0.502469 0.335391 0.502469 0.657172 0.992578 0.662125 0.990094 0.340344
60 1 2 0.672734 0.674859 0.992609 0.671031 0.991656 0.934578 0.991656 0.990906 0.671781 0.989953
45 1 2 0.037422 0.095672 0.014328 0.118766 0.015484 0.148797 0.025875 0.174219 0.036266 0.204250 0.067453 0.228516 0.099813 0.227359 0.124063 0.216953 0.134453 0.210031 0.143703 0.200781 0.149484 0.192703 0.154094 0.176531 0.157562 0.161516 0.162188 0.144187 0.164500 0.134937 0.164500 0.122234 0.139078 0.099125 0.100953 0.082953 0.076703 0.081797 0.060531 0.084109
41 1 1 0.198437 0.084516 0.157937 0.157422 0.147141 0.205125 0.150734 0.220437 0.148047 0.233031 0.152547 0.260938 0.180438 0.283437 0.229047 0.287937 0.268656 0.260938 0.268656 0.249234 0.286656 0.221328 0.303750 0.145734 0.303750 0.139422 0.264156 0.166422 0.207437 0.150234 0.184047 0.127719
50 1 2 0.413656 0.209406 0.433797 0.198047 0.445672 0.194937 0.456516 0.198563 0.465297 0.211469 0.475609 0.226953 0.468906 0.239344 0.458578 0.243469 0.437922 0.242438 0.423984 0.239859 0.407469 0.221781 0.407469 0.216625
45 1 2 0.667422 0.705625 0.631453 0.719094 0.615734 0.748313 0.611234 0.773031 0.611234 0.804500 0.662922 0.849438
50 1 2 0.518219 0.268484 0.524922 0.248359 0.540406 0.240609 0.557453 0.241641 0.579656 0.249391 0.587391 0.255063 0.579125 0.271594 0.570875 0.285531 0.570875 0.299469 0.546609 0.303594 0.534219 0.306688 0.517703 0.309266 0.512531 0.294813
51 1 1 0.243437 0.804094 0.255594 0.796797 0.286406 0.839766 0.271000 0.861641 0.256406 0.838953 0.239391 0.817062 0.239391 0.804906
51 1 1 0.277000 0.855109 0.283391 0.844078 0.281656 0.839422 0.290953 0.830125 0.295594 0.828375 0.308969 0.835359 0.304906 0.851047 0.295016 0.861516 0.284562 0.862094
53 1 2 0.067969 0.349219 0.100000 0.336719 0.275781 0.336719 0.292969 0.346875 0.303125 0.353125 0.316406 0.354688 0.350781 0.384375 0.397656 0.496094 0.383594 0.502344 0.383594 0.502344 0.382031 0.546094 0.364062 0.607031 0.315625 0.664844 0.315625 0.663281 0.016406 0.664062 0.010156 0.375781 0.017188 0.367188 0.033594 0.357031 0.046875 0.350000 0.069531 0.348437
53 1 2 0.849438 0.175281 0.831453 0.260672 0.782016 0.305625 0.761797 0.316859 0.604500 0.332578 0.435953 0.330344 0.368547 0.307859 0.334828 0.269656 0.332578 0.211234 0.330344 0.101125 0.411234 0.024719 0.622469 0.008984 0.773031 0.008984 0.829219 0.092141 0.856188 0.159547
