0 1 0 0.080031 0.550571 0.051063 0.542123 0.048891 0.535776 0.057578 0.519886 0.047438 0.486027 0.047438 0.463813 0.052516 0.439475 0.044547 0.406667 0.044547 0.390799 0.048172 0.357991 0.047438 0.332580 0.048891 0.307192 0.035859 0.291324 0.030781 0.253219 0.030781 0.234178 0.043813 0.231005 0.048891 0.227831 0.048891 0.224635 0.048891 0.211941 0.053234 0.209840 0.058297 0.213014 0.045984 0.188676 0.043813 0.175959 0.061203 0.171735 0.067000 0.169612 0.075687 0.182306 0.074969 0.204543 0.075687 0.219361 0.077859 0.223584 0.080031 0.223584 0.094516 0.242626 0.099578 0.259566 0.109000 0.297671 0.109719 0.322009 0.105375 0.361164 0.100312 0.383379 0.111891 0.419361 0.112625 0.453219 0.112625 0.483904 0.111891 0.508242 0.133625 0.533653 0.132172 0.550571 0.104656 0.542123 0.092344 0.540000 0.095969 0.527306 0.096688 0.523059 0.088000 0.451096 0.075687 0.418310 0.074234 0.419361 0.074234 0.447922 0.072062 0.455342 0.068438 0.494498 0.071344 0.516712 0.077859 0.529406 0.080750 0.545297
7 1 0 0.568984 0.160411 0.600578 0.159977 0.626687 0.156872 0.652797 0.164406 0.661906 0.187489 0.662828 0.229201 0.656750 0.238516 0.651594 0.256256 0.646734 0.280662 0.623047 0.298425 0.620922 0.317945 0.611500 0.320160 0.590547 0.315274 0.583562 0.319269 0.579313 0.309521 0.567781 0.302420 0.566266 0.315731 0.555031 0.317945 0.551078 0.306849 0.550172 0.276233 0.551078 0.250046 0.551687 0.239406 0.552297 0.218539 0.553813 0.203014 0.562016 0.167511 0.563828 0.161758
0 1 0 0.674609 0.492329 0.677219 0.480913 0.665500 0.442854 0.666797 0.425731 0.652484 0.425731 0.661594 0.300160 0.643359 0.307763 0.621219 0.328699 0.625125 0.288744 0.648578 0.279224 0.657688 0.239269 0.665500 0.235457 0.660297 0.197397 0.669406 0.180274 0.681125 0.184087 0.687641 0.191689 0.685031 0.214521 0.708469 0.241164 0.711078 0.378174 0.704563 0.380069 0.699359 0.435251 0.695453 0.440959 0.691547 0.498037 0.673313 0.494247
2 1 1 0.431234 0.208607 0.390016 0.210753 0.376781 0.236553 0.370891 0.245160 0.373828 0.262374 0.375297 0.322580 0.459188 0.309680 0.465078 0.322580 0.470969 0.320434 0.469500 0.277420 0.457719 0.249452 0.435641 0.208607
1 1 1 0.604609 0.445388 0.607469 0.550913 0.624625 0.539429 0.633219 0.536279 0.644656 0.492397 0.644656 0.472557 0.630359 0.442260 0.620344 0.437032 0.606047 0.440183 0.581734 0.454795 0.565297 0.488242 0.565297 0.490320 0.576016 0.530023 0.598188 0.548813 0.596750 0.394224 0.588875 0.361826 0.608187 0.351370 0.606047 0.331530 0.571016 0.317945 0.566016 0.308539 0.568875 0.305411 0.596031 0.314817 0.612484 0.326301 0.622484 0.320046 0.631781 0.313767 0.621063 0.325251 0.635359 0.328379 0.636063 0.328379 0.632500 0.343014 0.627500 0.343014 0.626781 0.375388 0.642500 0.362877 0.638219 0.418242 0.626063 0.419292 0.613906 0.406735 0.596031 0.442260 0.596750 0.427626 0.594609 0.417192 0.592453 0.413014 0.566719 0.441233 0.561719 0.455845
2 1 1 0.373656 0.241301 0.368906 0.241963 0.366875 0.216187 0.364609 0.215205 0.364609 0.211895 0.369812 0.210913 0.375688 0.191758 0.404844 0.190114 0.410719 0.203973 0.410266 0.209909 0.389016 0.210913
26 1 0 0.059719 0.297420 0.055719 0.309132 0.049703 0.324749 0.043688 0.351096 0.039687 0.361826 0.030328 0.373539 0.011625 0.370616 0.004281 0.358904 0.000938 0.346210 0.002953 0.324749 0.010297 0.307169 0.014297 0.289612 0.016312 0.279840 0.021656 0.272032 0.024984 0.265206 0.029000 0.260320 0.029000 0.269110 0.029672 0.275936 0.029672 0.276918 0.043031 0.288630 0.048375 0.295457 0.048375 0.295457 0.056375 0.286667 0.059047 0.274954 0.064391 0.265206 0.067062 0.244703 0.070406 0.231050 0.074422 0.216416 0.075078 0.209566 0.076422 0.209566 0.080422 0.210548 0.082438 0.233973 0.077094 0.251553 0.069734 0.266187 0.061719 0.294475 0.061719 0.311073
2 1 1 0.496859 0.206553 0.501719 0.199452 0.503922 0.194932 0.508344 0.194292 0.519375 0.192991 0.522031 0.194292 0.528219 0.201393 0.528656 0.203333 0.529984 0.211073 0.529547 0.216872 0.526453 0.220114 0.521594 0.220114 0.508781 0.217534 0.507016 0.217534 0.506578 0.220114 0.503047 0.220753 0.499516 0.218813 0.498187 0.216233 0.496859 0.214292 0.496859 0.208493
2 1 1 0.489688 0.196644 0.493609 0.210776 0.498984 0.219132 0.499344 0.233767 0.498984 0.244224 0.495766 0.245274 0.493969 0.237968 0.466062 0.238995 0.467484 0.251553 0.457109 0.245274 0.454250 0.236393 0.448531 0.221758 0.448875 0.211279 0.453531 0.196119 0.459266 0.191941 0.489688 0.194566
1 1 0 0.711984 0.212603 0.715719 0.208333 0.718641 0.207534 0.720437 0.206918 0.725578 0.206712 0.731125 0.216233 0.730016 0.247443 0.725578 0.247854 0.721000 0.244817 0.719047 0.246644 0.712266 0.242374 0.710734 0.235890 0.710594 0.230434 0.710594 0.223539 0.709906 0.218676
2 1 1 0.374641 0.193219 0.363516 0.193219 0.356406 0.206712 0.360203 0.226073 0.367063 0.225388 0.365641 0.216050 0.363281 0.213288 0.363984 0.210160 0.369188 0.208448
2 1 1 0.496437 0.211187 0.497172 0.201438 0.496188 0.193881 0.495437 0.192420 0.487547 0.191347 0.484828 0.190982 0.483844 0.193151 0.489516 0.194224 0.490016 0.194954 0.492484 0.205776 0.494453 0.210822 0.496672 0.211530
2 1 1 0.445672 0.203562 0.446984 0.206849 0.449703 0.207877 0.453828 0.195274 0.458797 0.191484 0.462109 0.191119 0.461641 0.187671 0.450281 0.187511 0.448391 0.193379 0.446156 0.202694
2 1 1 0.355391 0.203813 0.355391 0.187032 0.364500 0.189018 0.365859 0.192466
2 1 1 0.445687 0.189726 0.434609 0.191279 0.434016 0.201279 0.434375 0.202808 0.438141 0.204201 0.442156 0.203516 0.445937 0.202991 0.447344 0.198676 0.448531 0.194201 0.447578 0.190753
67 1 2 0.057922 0.214932 0.059094 0.218379 0.059391 0.223699 0.058609 0.223836 0.056641 0.220114 0.056844 0.215502 0.057719 0.215365
1 1 0 0.272984 0.361005 0.278719 0.340068 0.290188 0.327489 0.300219 0.324703 0.297344 0.320525 0.295922 0.311438 0.301172 0.299566 0.311687 0.297489 0.320281 0.300274 0.319812 0.310753 0.326016 0.322603 0.336047 0.324703 0.337969 0.317717 0.336047 0.314224 0.334625 0.308653 0.339875 0.306553 0.352781 0.310046 0.353250 0.318425 0.347516 0.320525 0.346078 0.328904 0.357547 0.327489 0.364719 0.335183 0.358984 0.345662 0.360422 0.383356 0.345609 0.426644 0.337969 0.432922 0.326016 0.430137 0.324578 0.393813 0.318375 0.389635 0.313125 0.402192 0.311687 0.406393 0.303078 0.414772 0.285891 0.411963 0.280156 0.402192 0.280625 0.397306 0.282063 0.389635 0.277281 0.375662
2 1 0 0.781516 0.360936 0.784453 0.311461 0.791813 0.272763 0.797703 0.264155 0.827141 0.175982 0.835969 0.169543 0.891891 0.165228 0.997859 0.163082 0.994922 0.601781 0.972844 0.601781 0.946344 0.573836 0.938984 0.505023 0.853625 0.449110 0.844797 0.464155 0.837438 0.481370 0.827141 0.485662 0.815359 0.485662 0.806531 0.485662 0.796234 0.466301 0.796234 0.429749 0.787406 0.403950 0.781516 0.382443
