58 1 1 0.364578 0.215410 0.353703 0.210375 0.341969 0.190304 0.334437 0.197822 0.327734 0.205363 0.324375 0.186534 0.330250 0.176487 0.331078 0.163934 0.322703 0.170211 0.313500 0.171452 0.301766 0.171452 0.290875 0.157658 0.298422 0.142600 0.313500 0.141335 0.328562 0.137564 0.315172 0.117471 0.334437 0.096136 0.352016 0.106183 0.341141 0.098642 0.318516 0.087354 0.312656 0.069789 0.324375 0.063489 0.338625 0.068525 0.338625 0.055972 0.339453 0.045925 0.372969 0.054707 0.384687 0.063489 0.388875 0.068525 0.414000 0.052201 0.431594 0.053466 0.475984 0.074801 0.501953 0.033372 0.505297 0.044660 0.473469 0.081077 0.474312 0.099906 0.488547 0.128782 0.511156 0.136323 0.503625 0.148876 0.495250 0.161429 0.484359 0.161429 0.471797 0.162670 0.466766 0.201593 0.466766 0.217916 0.457563 0.231733 0.454203 0.248033 0.455875 0.266862 0.456719 0.289461 0.440812 0.265621 0.437453 0.270632 0.437453 0.315831 0.435781 0.334660 0.429922 0.348478 0.431594 0.393677 0.434937 0.450164 0.426562 0.455176 0.424047 0.485316 0.414844 0.472763 0.386359 0.432576 0.380500 0.416253 0.383844 0.406230 0.392219 0.399953 0.398094 0.391148 0.405625 0.374824 0.408984 0.359766 0.414000 0.348478 0.421547 0.334660 0.424891 0.317096 0.423219 0.303279 0.422375 0.297002 0.430750 0.260585 0.413172 0.235480 0.393063 0.219157 0.379656 0.215410 0.379656 0.215410
0 1 0 0.634438 0.595738 0.628578 0.599391 0.619797 0.596464 0.612969 0.596464 0.604187 0.592084 0.597859 0.592084 0.591031 0.592084 0.586141 0.593536 0.579313 0.593536 0.573469 0.581850 0.566141 0.566487 0.558828 0.557705 0.550047 0.553326 0.535906 0.554801 0.528594 0.556253 0.517375 0.556253 0.508594 0.559906 0.505656 0.562108 0.490547 0.543817 0.494938 0.532857 0.494938 0.524075 0.493953 0.515316 0.477859 0.489719 0.469078 0.478033 0.457859 0.465597 0.450547 0.459016 0.448109 0.440000 0.450547 0.409297 0.446641 0.391030 0.446641 0.355199 0.449078 0.334731 0.456391 0.309883 0.457375 0.298899 0.472000 0.275504 0.478344 0.263091 0.491031 0.249204 0.493953 0.244075 0.494438 0.230187 0.492000 0.216300 0.492000 0.207518 0.491031 0.194356 0.489078 0.187049 0.489078 0.170234 0.491516 0.158548 0.500297 0.146838 0.514938 0.138056 0.530047 0.136604 0.546156 0.140984 0.552000 0.148314 0.554922 0.157073 0.558344 0.172436 0.560781 0.181944 0.560781 0.192904 0.559312 0.197283 0.560297 0.208993 0.559312 0.218478 0.557375 0.222155 0.556875 0.244801 0.556875 0.249204 0.564203 0.257237 0.573469 0.268923 0.584688 0.275504 0.603703 0.293068 0.613469 0.305480 0.621750 0.315714 0.622734 0.327424 0.632484 0.335457 0.636875 0.339110 0.638344 0.344965 0.639797 0.351546 0.639797 0.354473 0.638828 0.358126 0.634922 0.357400 0.623219 0.346417 0.613953 0.343513 0.612484 0.343513 0.612000 0.338384 0.611016 0.336932 0.607609 0.336932 0.604187 0.352998 0.602250 0.364707 0.594437 0.370562 0.581266 0.385902 0.569562 0.398337 0.572969 0.396885 0.580781 0.396885 0.587125 0.396885 0.591516 0.399789 0.592484 0.404192 0.586641 0.412225 0.580781 0.425386 0.578828 0.430515 0.571516 0.431967 0.565172 0.435621 0.564687 0.440749 0.564687 0.447330 0.578344 0.440000 0.583703 0.440000 0.597859 0.440749 0.611016 0.440000 0.616875 0.440000 0.619312 0.444403 0.623703 0.448056 0.631016 0.450234 0.645656 0.456815 0.650531 0.465597 0.654922 0.471452 0.644188 0.479485 0.638344 0.478759 0.630531 0.481686 0.624188 0.487518 0.623703 0.497026 0.625656 0.508009 0.639313 0.508009 0.642734 0.500679 0.649562 0.514590 0.648578 0.521897 0.650531 0.526276 0.654922 0.559906 0.655406 0.574520 0.655406 0.587682 0.654922 0.591335 0.639797 0.590609 0.634922 0.590609
0 1 0 0.934813 0.136511 0.945312 0.100328 0.961219 0.087541 0.961219 0.087541 0.960938 0.070515 0.962078 0.044543 0.973719 0.025808 0.987641 0.024098 0.995031 0.027518 0.997016 0.061569 0.990484 0.073068 0.999297 0.090539 0.999859 0.197447 0.996734 0.197869 0.994172 0.235340 0.978266 0.236183 0.978266 0.235761 0.987641 0.136136 0.936516 0.136557
41 1 1 0.934172 0.768735 0.941000 0.761920 0.957797 0.761499 0.976875 0.766604 0.991109 0.779836 0.994234 0.786229 0.993672 0.796909 0.989109 0.821241 0.987687 0.838735 0.983984 0.847681 0.968328 0.858361 0.945547 0.856229 0.936156 0.843841 0.929328 0.832763 0.927328 0.810984 0.919922 0.797752 0.916516 0.781967 0.917937 0.774286 0.924766 0.768735 0.931031 0.770867
0 1 0 0.624812 0.139508 0.631312 0.137986 0.635578 0.130984 0.636391 0.123981 0.639234 0.116674 0.640859 0.107845 0.642891 0.101733 0.644719 0.095644 0.645531 0.091382 0.645531 0.084988 0.644719 0.078899 0.647766 0.073115 0.650203 0.067330 0.651625 0.059719 0.655297 0.049368 0.661188 0.049368 0.666266 0.058501 0.665250 0.076464 0.670937 0.088033 0.673172 0.094426 0.673375 0.108150 0.672359 0.124590 0.672359 0.150773 0.672562 0.170890 0.670531 0.194637 0.664234 0.215667 0.663016 0.231194 0.663422 0.268642 0.660984 0.278407 0.659359 0.286323 0.661188 0.291803 0.658750 0.300023 0.652250 0.303068 0.633141 0.301850 0.628875 0.293630 0.635984 0.290890 0.639031 0.286323 0.640453 0.283279 0.638016 0.274145 0.638016 0.262553 0.636391 0.253419 0.636391 0.238806 0.634969 0.226932 0.637609 0.174848 0.634969 0.166932 0.634562 0.161756 0.633750 0.154426 0.630500 0.149859 0.628266 0.145597 0.626641 0.148337 0.625219 0.146511
0 1 1 0.858937 0.097119 0.861953 0.088056 0.861953 0.065386 0.875562 0.050632 0.890687 0.056300 0.892203 0.078993 0.892203 0.105059 0.897500 0.117518 0.897500 0.154918 0.886156 0.176464 0.895984 0.235410 0.853641 0.242201 0.872547 0.208197
67 1 1 0.583266 0.696253 0.567422 0.712834 0.620656 0.740187 0.638281 0.724496 0.637688 0.717330 0.583875 0.695363
0 1 0 0.062969 0.988759 0.121438 0.982014 0.115453 0.860679 0.131938 0.773044 0.136438 0.748314 0.187406 0.728080 0.182922 0.662927 0.182922 0.606745 0.191906 0.534824 0.214406 0.476393 0.215906 0.433700 0.230891 0.404496 0.268375 0.388759 0.272875 0.350562 0.256375 0.314614 0.242891 0.274169 0.229391 0.231452 0.227891 0.173044 0.226391 0.132576 0.199406 0.119110 0.193406 0.051686 0.161922 0.000000 0.068969 0.002248 0.058469 0.047190 0.046484 0.110117 0.049484 0.132576 0.006000 0.123607 0.000000 0.631452 0.010500 0.694379 0.032984 0.752810 0.050969 0.892131 0.070469 0.959555 0.062969 0.986511
0 1 1 0.562234 0.955059 0.541250 0.912365 0.677688 0.831452 0.739156 0.764051 0.761641 0.752810 0.778141 0.734824 0.755641 0.705621 0.667188 0.741569 0.620703 0.770796 0.470781 0.734824 0.413812 0.723607 0.391313 0.716862 0.395813 0.660679 0.398813 0.602248 0.404812 0.561803 0.400313 0.525831 0.409312 0.474169 0.412313 0.453934 0.398813 0.429204 0.371828 0.393255 0.331344 0.384262 0.311859 0.382014 0.284859 0.393255 0.244391 0.395504 0.224891 0.424731 0.208406 0.451686 0.209906 0.478642 0.208406 0.514614 0.196406 0.528080 0.185906 0.537073 0.178422 0.606745 0.176922 0.635948 0.182922 0.669672 0.191906 0.696628 0.190406 0.723607 0.173922 0.741569 0.157422 0.752810 0.134937 0.766300 0.131938 0.768548 0.115453 0.919110 0.130438 0.973044 0.563734 0.973044
0 1 1 0.675172 0.097260 0.685078 0.081429 0.682438 0.059672 0.688375 0.057705 0.696281 0.061663 0.696281 0.080445 0.702234 0.099251 0.688375 0.125948 0.688375 0.125948 0.685734 0.149672 0.683750 0.165504 0.681109 0.181335 0.671219 0.187260 0.675172 0.092318 0.675172 0.092318
57 1 0 0.867625 0.518454 0.857609 0.424028 0.851875 0.391850 0.849016 0.383255 0.850453 0.355363 0.881953 0.351077 0.880516 0.329625 0.999344 0.333911 0.997922 0.503443 0.985031 0.501288 0.979313 0.436909 0.944938 0.436909 0.942078 0.492693 0.901984 0.494848
