55 1 1 0.245797 0.795515 0.244547 0.734819 0.249578 0.662925 0.254625 0.633705 0.289922 0.591003 0.341609 0.573036 0.355469 0.561811 0.366812 0.604485 0.366812 0.656184 0.376906 0.647187 0.375641 0.575292 0.392031 0.575292 0.388250 0.624708 0.392031 0.649443 0.400844 0.638189 0.409672 0.584262 0.443703 0.597744 0.467656 0.624708 0.473953 0.656184 0.480266 0.757298 0.482781 0.802256 0.444969 0.856184 0.380688 0.876407 0.306313 0.880891 0.265969 0.847187 0.249578 0.822479
0 1 0 0.574797 0.656184 0.544547 0.676407 0.523125 0.658440 0.511781 0.635961 0.505469 0.604485 0.513031 0.550557 0.544547 0.480891 0.555891 0.442702 0.550859 0.411226 0.558422 0.382033 0.567234 0.303370 0.567234 0.276407 0.578578 0.238189 0.588672 0.220223 0.617656 0.202256 0.636562 0.200000 0.655484 0.213482 0.678172 0.247187 0.681953 0.287632 0.685734 0.312368 0.684469 0.346072 0.670609 0.400000 0.668078 0.444930 0.670609 0.458440 0.690766 0.474150 0.703375 0.485404 0.710938 0.505627 0.707156 0.561811 0.697078 0.626964 0.681953 0.667409 0.647922 0.694373 0.622703 0.694373 0.602531 0.658440 0.587406 0.644930
0 1 0 0.746656 0.032646 0.763078 0.001114 0.851516 0.001114 0.867937 0.032646 0.875516 0.075460 0.860359 0.170056 0.846453 0.224095 0.842672 0.226351 0.843938 0.266880 0.864141 0.289415 0.878047 0.356992 0.875516 0.438050 0.857828 0.525905 0.870469 0.593482 0.866672 0.645265 0.856562 0.679053 0.864141 0.715097 0.860359 0.746630 0.858453 0.783036 0.854281 0.791560 0.856672 0.820334 0.846500 0.850139 0.840531 0.878914 0.828578 0.888496 0.824984 0.908746 0.824984 0.916212 0.819016 0.924735 0.820813 0.950306 0.817219 0.969471 0.816031 0.985460 0.819609 0.999304 0.814234 0.998245 0.812438 0.971616 0.811250 0.926852 0.802875 0.860808 0.781969 0.834178 0.764625 0.833092 0.739531 0.827772 0.728172 0.809666 0.752688 0.764930 0.762250 0.751059 0.765234 0.715905 0.761641 0.709526 0.752078 0.711643 0.741922 0.720167 0.721609 0.729777 0.706672 0.738273 0.698891 0.739359 0.696500 0.731894 0.695312 0.727632 0.684547 0.731894 0.677984 0.736156 0.675594 0.731894 0.668422 0.731894 0.663031 0.728691 0.662437 0.722312 0.657656 0.719109 0.657656 0.714847 0.663031 0.704206 0.668422 0.694596 0.672000 0.685014 0.679766 0.679694 0.683359 0.674373 0.696500 0.674373 0.707266 0.665850 0.705469 0.657326 0.706672 0.611504 0.699500 0.483649 0.696500 0.480474 0.686344 0.470863 0.684547 0.463426 0.685750 0.445320 0.689937 0.425070 0.691719 0.420808 0.686344 0.404819 0.685156 0.389916 0.687547 0.367521 0.689937 0.354763 0.700688 0.338774 0.707859 0.331309 0.713828 0.330251 0.716828 0.323844 0.718016 0.312145 0.726391 0.304680 0.733563 0.290836 0.750297 0.258858 0.753281 0.249276 0.751484 0.237549 0.746109 0.222646 0.740125 0.210919 0.738344 0.194930 0.738344 0.176825 0.740125 0.156602 0.738344 0.133148 0.737141 0.118245 0.737734 0.104373 0.740125 0.095850 0.740734 0.077744 0.741922 0.052173 0.745516 0.035125
0 1 0 0.457812 0.614345 0.423844 0.594178 0.417562 0.567270 0.412531 0.535877 0.407500 0.511198 0.415047 0.479833 0.423844 0.450669 0.427625 0.408078 0.438938 0.358746 0.440203 0.336323 0.432656 0.264568 0.441453 0.208524 0.445234 0.183844 0.457812 0.161448 0.474156 0.147994 0.493016 0.147994 0.523203 0.170390 0.533266 0.210752 0.543328 0.260084 0.550875 0.304930 0.554656 0.338552 0.553391 0.363231 0.538297 0.376685 0.552141 0.399109 0.555906 0.423760 0.560938 0.443955 0.550875 0.468607 0.515656 0.553816 0.508109 0.578468 0.508109 0.603148 0.506859 0.612117 0.487984 0.621086 0.472891 0.618830 0.459062 0.614345
0 1 0 0.155391 0.003370 0.184453 0.003370 0.210984 0.001114 0.227406 0.003370 0.222359 0.023649 0.219828 0.043928 0.236250 0.061950 0.252672 0.075460 0.262781 0.102479 0.270359 0.172284 0.271625 0.221838 0.272891 0.273649 0.285516 0.309694 0.280469 0.329944 0.271625 0.347967 0.265312 0.388524 0.260250 0.417799 0.242563 0.420056 0.237516 0.440306 0.197094 0.440306 0.195828 0.399777 0.189500 0.363733 0.183187 0.347967 0.173078 0.347967 0.152875 0.359248 0.150344 0.332201 0.149078 0.284903 0.146547 0.230863 0.114969 0.230863 0.097281 0.228607 0.088437 0.228607 0.094750 0.188050 0.103594 0.143008 0.108656 0.106992 0.117500 0.082201 0.123812 0.077716 0.135187 0.068691 0.151609 0.064178 0.165500 0.061950 0.166766 0.037159 0.164234 0.016880 0.154125 0.003370
62 1 1 0.882906 0.378384 0.985828 0.378384 0.977500 0.530028 0.910266 0.543816 0.909672 0.569276 0.901344 0.577772 0.902531 0.556546 0.867437 0.560808 0.859703 0.531114 0.873984 0.470641 0.879328 0.420808
0 1 0 0.332953 0.531393 0.321031 0.399582 0.318641 0.374067 0.318641 0.358106 0.343094 0.334735 0.343688 0.328357 0.306719 0.300724 0.312672 0.199721 0.347859 0.140195 0.362172 0.138078 0.381844 0.142340 0.403906 0.159331 0.420000 0.213538 0.429547 0.284763 0.414641 0.323036 0.404500 0.331532 0.403906 0.340056 0.427766 0.365543 0.430141 0.390000 0.422984 0.451643 0.406297 0.513315 0.412250 0.531393 0.412859 0.559025 0.411656 0.554763 0.404500 0.528189 0.388406 0.499499 0.394375 0.538830 0.373500 0.539889 0.367531 0.509053 0.362172 0.506936 0.355609 0.522869 0.356203 0.539889
0 1 0 0.289766 0.458134 0.292484 0.472618 0.297000 0.495181 0.296094 0.511309 0.307844 0.532256 0.326828 0.538691 0.329531 0.535460 0.326828 0.501643 0.323219 0.432340 0.322313 0.385627 0.321406 0.356630 0.334953 0.343733 0.342187 0.332451 0.332250 0.322785 0.319594 0.309889 0.308750 0.297019 0.309656 0.255125 0.310562 0.214847 0.315078 0.193900 0.317781 0.187437 0.317781 0.187437 0.314172 0.185850 0.303328 0.185850 0.286156 0.201950 0.280734 0.226128 0.279828 0.256741 0.279828 0.292173 0.281641 0.313120 0.285250 0.324401 0.272594 0.343733 0.269891 0.356630 0.269891 0.375961 0.268078 0.409805 0.265375 0.417855 0.287062 0.422674 0.280734 0.424290 0.266281 0.430752 0.255422 0.453287 0.258141 0.482284 0.266281 0.501643 0.269891 0.500028 0.269891 0.482284 0.277125 0.472618 0.278922 0.472618 0.281641 0.454902 0.280734 0.433955 0.280734 0.425905
49 0 1 0.087563 0.667744 0.111281 0.654680 0.134656 0.656546 0.154531 0.681421 0.162547 0.721226 0.158719 0.752312 0.148953 0.796880 0.128719 0.809944 0.103609 0.818022 0.079891 0.790028 0.065594 0.742173 0.068375 0.704847 0.077797 0.684345
39 1 1 0.085453 0.523565 0.082344 0.409443 0.069891 0.381699 0.066781 0.382479 0.076563 0.365042 0.073891 0.364262 0.073000 0.326212 0.101469 0.328579 0.102344 0.360279 0.100578 0.371393 0.120578 0.403872 0.127250 0.551309 0.113016 0.535460 0.099234 0.529916 0.099688 0.552117 0.090344 0.549721 0.089906 0.551309 0.089453 0.571114 0.103688 0.558440
39 1 1 0.036734 0.343816 0.065156 0.340084 0.065687 0.374791 0.065687 0.376657 0.079891 0.407632 0.080937 0.408579 0.086734 0.529610 0.080422 0.534290 0.081469 0.545571 0.086734 0.547437 0.089359 0.560585 0.082516 0.581226 0.074109 0.595293 0.067266 0.606546 0.051469 0.613120 0.033578 0.615933 0.026203 0.604680 0.018844 0.421699 0.034625 0.393565 0.038844 0.374791 0.038844 0.374791
39 1 1 0.001641 0.474011 0.018281 0.445292 0.018281 0.422312 0.025797 0.396462 0.025797 0.363928 0.012375 0.334234 0.011297 0.305515 0.000031 0.301699
0 1 0 0.497938 0.145487 0.499953 0.117604 0.495406 0.095989 0.483297 0.078886 0.480766 0.060891 0.475719 0.056407 0.456688 0.042730 0.432281 0.049164 0.427766 0.062061 0.417828 0.087827 0.416922 0.105571 0.416922 0.145850 0.424156 0.187744 0.434094 0.216741 0.451266 0.174847 0.470250 0.155515 0.483797 0.150669 0.495547 0.147437
45 1 1 0.038578 0.792953 0.046516 0.750446 0.048609 0.719861 0.044016 0.641532 0.032719 0.635571 0.000000 0.637799 0.000500 0.803398 0.003000 0.813844 0.023922 0.807131
40 1 1 0.255500 0.505265 0.238063 0.468635 0.243047 0.417549 0.271688 0.408663 0.287891 0.425320 0.285391 0.473064 0.284156 0.479721 0.276672 0.479721 0.269828 0.507493
56 1 0 0.184516 0.331086 0.185156 0.289499 0.161828 0.289499 0.148875 0.284875 0.145625 0.325320 0.147578 0.340334 0.152750 0.342646 0.167656 0.339192 0.178031 0.338022
39 1 1 0.987328 0.589109 0.991078 0.536128 0.989625 0.534568 0.990500 0.528412 0.991359 0.524290 0.987906 0.518635 0.983281 0.514513 0.978953 0.518635 0.977797 0.519666 0.978094 0.530975 0.975203 0.535098 0.972609 0.579331 0.973188 0.585515 0.983578 0.590139 0.981844 0.596825 0.987031 0.595265 0.988187 0.587549
0 1 0 0.573547 0.110111 0.573547 0.155070 0.578578 0.186518 0.592453 0.204485 0.572281 0.247187 0.552109 0.404485 0.542031 0.370780 0.549594 0.319109 0.540766 0.269666 0.529422 0.202256 0.511781 0.155070 0.513031 0.128078 0.520594 0.105627 0.540766 0.092145 0.555891 0.094373 0.576063 0.110111 0.576063 0.110111
60 1 2 0.762031 0.709916 0.767312 0.754708 0.583422 0.988217 0.526547 0.985850 0.006609 0.988217 0.002641 0.983482 0.003969 0.794819 0.050266 0.752368 0.066141 0.750000 0.086000 0.811309 0.138906 0.813677 0.165375 0.750000 0.154781 0.658022 0.171984 0.627354 0.198437 0.672173 0.223578 0.658022 0.250047 0.639164 0.246078 0.733482 0.202406 0.792451 0.201094 0.860836 0.227547 0.891504 0.326766 0.924540 0.400859 0.919805 0.473625 0.886797 0.519922 0.846685 0.531828 0.808969 0.525219 0.759443 0.504047 0.738217 0.474937 0.712256 0.469656 0.643872 0.467000 0.615571 0.489500 0.620279 0.514641 0.617911 0.531828 0.672173 0.554328 0.665098 0.588719 0.658022 0.605922 0.648579 0.615172 0.688691 0.631063 0.693398 0.662813 0.686323 0.652219 0.716992 0.683969 0.742925 0.731594 0.733482
