19 1 0 0.470200 0.354000 0.467860 0.341173 0.468860 0.333200 0.465540 0.320800 0.469200 0.310613 0.482820 0.306640 0.498080 0.308400 0.507380 0.320800 0.516360 0.331867 0.521340 0.334533 0.520000 0.353573 0.509880 0.352853 0.505840 0.345573 0.503840 0.345573 0.502820 0.351760 0.500600 0.356880 0.492140 0.353120 0.491540 0.345040 0.488300 0.341013 0.484480 0.345840 0.483880 0.351760 0.483260 0.354187 0.475600 0.354453
19 1 0 0.599640 0.582320 0.590360 0.581067 0.571800 0.597173 0.563440 0.621920 0.559260 0.654107 0.552300 0.676400 0.546260 0.688160 0.543020 0.691253 0.538840 0.680720 0.533260 0.675760 0.530480 0.684427 0.534660 0.696187 0.532800 0.704853 0.530020 0.714773 0.531400 0.717867 0.536520 0.730240 0.536980 0.738293 0.533260 0.760560 0.531880 0.766747 0.539760 0.768613 0.542560 0.770453 0.545800 0.768613 0.547660 0.768000 0.551840 0.764267 0.560660 0.743840 0.569480 0.725893 0.569940 0.725893 0.575980 0.731467 0.583400 0.729627 0.589440 0.729627 0.591280 0.738907 0.594540 0.752507 0.595000 0.758693 0.594080 0.766747 0.587120 0.778507 0.584800 0.785947 0.593140 0.796453 0.607080 0.800800 0.621000 0.798320 0.612640 0.782213 0.608460 0.768613 0.608000 0.750667 0.611240 0.735173 0.616820 0.718480 0.617740 0.711040 0.627040 0.712293 0.635380 0.716613 0.646060 0.719707 0.651640 0.713520 0.656740 0.710427 0.663700 0.714773 0.666960 0.725280 0.671600 0.743840 0.676700 0.758080 0.671600 0.789040 0.666480 0.804507 0.665100 0.808827 0.672520 0.808213 0.679020 0.793973 0.686440 0.774800 0.692020 0.770453 0.705480 0.757467 0.709200 0.732080 0.716160 0.759333 0.720340 0.774187 0.719860 0.803893 0.726840 0.807600 0.732400 0.804507 0.729620 0.782213 0.730080 0.750667 0.730080 0.737040 0.729160 0.728373 0.724040 0.705467 0.721720 0.683813 0.721720 0.666480 0.717080 0.651627 0.718480 0.628107 0.717080 0.611413 0.709660 0.598400 0.691560 0.584800 0.679940 0.576747 0.663700 0.576133 0.645140 0.576133 0.624240 0.571787 0.603820 0.579840
19 1 0 0.420900 0.479707 0.416800 0.481333 0.413120 0.492827 0.409020 0.502107 0.408600 0.522853 0.412700 0.546907 0.416800 0.553467 0.416380 0.573680 0.415160 0.599893 0.421300 0.619013 0.423760 0.623920 0.424580 0.606987 0.421720 0.587867 0.421720 0.579120 0.422940 0.575867 0.426640 0.591707 0.431140 0.615200 0.432780 0.616827 0.438520 0.615733 0.437700 0.609733 0.436060 0.588960 0.433600 0.572027 0.436060 0.571493 0.440160 0.579680 0.438920 0.591147 0.440560 0.614640 0.449160 0.615200 0.452040 0.605360 0.452860 0.599893 0.454500 0.590613 0.459820 0.580773 0.461060 0.566027 0.462680 0.561653 0.472520 0.560000 0.476220 0.566027 0.478260 0.569840 0.477840 0.574213 0.480720 0.585680 0.479480 0.591707 0.479080 0.605893 0.479460 0.609147 0.487360 0.607653 0.488480 0.600880 0.488480 0.594880 0.486780 0.584720 0.489320 0.579093 0.488480 0.568560 0.496660 0.569307 0.500880 0.564427 0.502000 0.563307 0.508480 0.564053 0.512720 0.572693 0.514960 0.572320 0.520880 0.582080 0.529060 0.593733 0.531880 0.599760 0.540060 0.604267 0.544280 0.601253 0.545960 0.591493 0.544840 0.586213 0.542860 0.576827 0.543440 0.559920 0.540900 0.552773 0.538920 0.545280 0.538360 0.537387 0.534420 0.533627 0.530180 0.533627 0.521160 0.523467 0.517780 0.515200 0.516380 0.511067 0.512160 0.505440 0.509340 0.501307 0.503420 0.488907 0.500320 0.482907 0.496380 0.478000 0.491860 0.472747 0.484260 0.468987 0.471580 0.468987 0.451000 0.468987 0.439440 0.473120 0.432400 0.474267 0.425640 0.474640 0.420840 0.480640
19 1 0 0.748140 0.645600 0.751320 0.611253 0.746560 0.604907 0.744960 0.565493 0.738620 0.543440 0.724300 0.540907 0.708420 0.546827 0.690300 0.557867 0.673760 0.573947 0.691880 0.583707 0.705560 0.590480 0.708420 0.596000 0.715400 0.595573 0.723360 0.587520 0.728120 0.593467 0.729080 0.603627 0.731300 0.612107 0.736380 0.618880 0.743380 0.629493 0.744020 0.645600
19 1 0 0.001500 0.413653 0.013120 0.409653 0.029280 0.406160 0.051420 0.409653 0.058180 0.415653 0.061560 0.425173 0.066820 0.436693 0.079960 0.457200 0.084080 0.456213 0.082580 0.464213 0.086340 0.470720 0.085960 0.477227 0.079580 0.482240 0.075460 0.486240 0.071320 0.483733 0.059300 0.462213 0.048800 0.465227 0.045040 0.473227 0.044660 0.478747 0.043920 0.483227 0.041280 0.484747 0.038660 0.470213 0.036780 0.465227 0.032280 0.467227 0.025900 0.470213 0.022900 0.472720 0.019520 0.473733 0.017260 0.475227 0.014260 0.475227 0.011260 0.470720 0.010880 0.476240 0.010500 0.488747 0.004500 0.487733 0.004500 0.483733 0.004120 0.479733 0.000740 0.472240
19 1 0 0.132220 0.371200 0.138640 0.356960 0.146320 0.351253 0.172380 0.350107 0.187760 0.356373 0.191620 0.391707 0.188200 0.412213 0.180500 0.409920 0.182640 0.401387 0.180940 0.393973 0.177080 0.391707 0.175380 0.402533 0.174100 0.405360 0.168980 0.405360 0.166400 0.401947 0.168980 0.398533 0.163420 0.393413 0.153600 0.392827 0.155300 0.415067 0.151880 0.415067 0.148460 0.405360 0.145900 0.411627 0.142060 0.411627 0.142920 0.400800 0.137780 0.396827 0.137780 0.408213 0.130100 0.408213 0.125820 0.397973 0.120260 0.390560 0.121980 0.382587 0.127960 0.386000 0.132220 0.370613
19 1 0 0.144120 0.351120 0.149760 0.329867 0.157480 0.322853 0.170100 0.322853 0.180620 0.324267 0.183240 0.329173 0.183240 0.340400 0.182720 0.348107 0.182720 0.354427 0.171100 0.350320 0.150260 0.349947
19 1 0 0.049440 0.364960 0.048520 0.374693 0.045780 0.376320 0.045180 0.364160 0.042140 0.365360 0.043060 0.377547 0.036660 0.375920 0.036660 0.366187 0.035740 0.356853 0.032100 0.350773 0.030580 0.340213 0.033000 0.331280 0.035140 0.323973 0.038800 0.322773 0.043360 0.323973 0.054920 0.331707 0.065260 0.351573 0.070740 0.358053 0.073180 0.372667 0.069820 0.376320 0.067700 0.379973 0.063140 0.379973 0.060400 0.370240 0.058880 0.362933 0.057660 0.373893 0.056140 0.378747 0.054300 0.367387 0.050660 0.362933 0.050360 0.362933
2 1 0 0.488840 0.210747 0.493760 0.208027 0.497040 0.209653 0.499100 0.209653 0.498280 0.215120 0.495820 0.215120 0.491720 0.216213 0.488840 0.216213 0.487200 0.215120 0.488840 0.212400
2 1 0 0.018600 0.230773 0.018320 0.223653 0.023380 0.223653 0.029820 0.224400 0.034320 0.227013 0.038240 0.229253 0.038240 0.231893 0.030100 0.233013
