0 1 1 0.635031 0.966917 0.639219 1.000000 0.545672 1.000000 0.510234 1.000000 0.508344 0.979500 0.510031 0.957417 0.516109 0.933917 0.526594 0.915458 0.532672 0.907646 0.539813 0.898125 0.544203 0.895333 0.547562 0.890854 0.560359 0.888333 0.556172 0.875479 0.555953 0.868479 0.551125 0.847792 0.553859 0.831854 0.558266 0.824313 0.564344 0.818708 0.573781 0.813958 0.586781 0.818438 0.597687 0.823188 0.601672 0.831854 0.602094 0.839396 0.599797 0.849750 0.597266 0.857583 0.595391 0.881917 0.593281 0.893375 0.607125 0.906792 0.625594 0.924417 0.630828 0.930000 0.631250 0.933354 0.628109 0.935875 0.634609 0.962167
13 1 1 0.467344 0.895271 0.473125 0.890771 0.475531 0.871500 0.487578 0.870854 0.496734 0.867000 0.507812 0.868937 0.514078 0.868937 0.507812 0.929333 0.507328 0.934458 0.503000 0.937042 0.498172 0.920979 0.495766 0.911333 0.486609 0.910688 0.468781 0.910688 0.465891 0.906208 0.464938 0.897208 0.439875 0.880500 0.436016 0.889500 0.431203 0.901063 0.427828 0.903625 0.423016 0.908771 0.417234 0.912625 0.409516 0.912625 0.409031 0.918396 0.409031 0.924187 0.408563 0.934458 0.407594 0.942813 0.402781 0.945396 0.397469 0.944750 0.396984 0.938958 0.396984 0.933187 0.396984 0.922896 0.398922 0.921625 0.404703 0.917125 0.396516 0.917771 0.392172 0.917125 0.388313 0.913271 0.387359 0.910688 0.392172 0.908125 0.396984 0.906833 0.403250 0.908125 0.403734 0.904917 0.403734 0.899771 0.399891 0.897854 0.397953 0.896563 0.397953 0.885646 0.400844 0.870229 0.403250 0.867646 0.410000 0.867000 0.422047 0.871500 0.436984 0.871500 0.439875 0.870229
0 1 0 0.740266 0.810521 0.751562 0.820562 0.755328 0.834375 0.767578 0.845667 0.772281 0.867000 0.769453 0.885833 0.769453 0.910937 0.769453 0.927271 0.770391 0.939812 0.772281 0.992542 0.743094 0.988771 0.737437 0.988771 0.736500 0.962417 0.736500 0.942333 0.731797 0.923500 0.728031 0.905917 0.721438 0.914708 0.703547 0.912208 0.717672 0.904667 0.720500 0.893375 0.726141 0.870771 0.727078 0.860729 0.730844 0.851937 0.730844 0.843146 0.728969 0.833104 0.729906 0.821813
0 1 0 0.260906 0.915292 0.264484 0.875125 0.263641 0.871188 0.263219 0.863333 0.259844 0.862479 0.262797 0.859125 0.262797 0.853771 0.261953 0.851250 0.256484 0.853500 0.251844 0.854062 0.248266 0.851250 0.252266 0.849292 0.256484 0.849000 0.261109 0.847604 0.262375 0.843667 0.263219 0.842833 0.261328 0.840292 0.262375 0.837208 0.262375 0.840021 0.263219 0.833833 0.265953 0.831583 0.268703 0.831312 0.272281 0.834958 0.273328 0.838604 0.272281 0.841417 0.271641 0.843396 0.275234 0.849000 0.276906 0.854625 0.276906 0.857708 0.276078 0.861938 0.277547 0.867833 0.278391 0.871750 0.278391 0.876542 0.278172 0.880750 0.263438 0.880458 0.261953 0.887208 0.260266 0.890854 0.258375 0.895917 0.258156 0.899854 0.263641 0.900125 0.264484 0.897875 0.265531 0.895625 0.274813 0.890583 0.274813 0.895625 0.270375 0.895625 0.270594 0.897042 0.271219 0.900125 0.276281 0.899563 0.273125 0.887479 0.262594 0.906021 0.271859 0.905187 0.272703 0.907146 0.274172 0.913604 0.277969 0.913333 0.277969 0.904625 0.256266 0.906875 0.255000 0.915854 0.257953 0.923437 0.251422 0.923729 0.251422 0.926542 0.257953 0.926250
0 1 0 0.825562 0.801021 0.830844 0.796333 0.836141 0.798667 0.837016 0.808083 0.841422 0.815125 0.846719 0.818667 0.846719 0.852750 0.846719 0.863313 0.844953 0.870375 0.849359 0.897396 0.852000 0.910333 0.847594 0.913854 0.837906 0.908771 0.829969 0.915812 0.823797 0.912292 0.823797 0.905250 0.823234 0.876021 0.826219 0.861104 0.827719 0.854125 0.823984 0.850146 0.827719 0.827271 0.831453 0.818313 0.828781 0.814354 0.826547 0.810375 0.826547 0.800417
13 1 1 0.228969 0.952792 0.225969 0.936375 0.217312 0.926625 0.213328 0.917729 0.216312 0.899104 0.217984 0.883125 0.223641 0.881792 0.357469 0.875125 0.362453 0.876896 0.363781 0.892000 0.365781 0.909750 0.364781 0.913292 0.360125 0.913750 0.357469 0.916854 0.357125 0.947479 0.355469 0.963000 0.328828 0.956792 0.325172 0.915083 0.298547 0.921292 0.295547 0.950583 0.293219 0.954583 0.287562 0.949688 0.285891 0.928396 0.241625 0.925292 0.238953 0.960792
0 1 0 0.850156 0.797708 0.853844 0.801646 0.854594 0.808042 0.856063 0.813937 0.859016 0.817875 0.861969 0.824771 0.865297 0.832646 0.863813 0.836083 0.861609 0.845917 0.862344 0.856750 0.862703 0.859708 0.860859 0.862167 0.860859 0.866104 0.861609 0.876437 0.862703 0.884313 0.863813 0.889229 0.864188 0.894646 0.864922 0.902521 0.863078 0.902521 0.856797 0.903021 0.855328 0.904000 0.854219 0.903021 0.854953 0.895625 0.855703 0.890708 0.852750 0.881354 0.850156 0.872500 0.849422 0.864625 0.847578 0.860188 0.847578 0.852813 0.847578 0.842979 0.847203 0.831167 0.847203 0.824771 0.847203 0.820333 0.845734 0.816396 0.845000 0.815417 0.843141 0.809500 0.842047 0.806063 0.842047 0.804583 0.842047 0.800646 0.845000 0.797708 0.847578 0.796229 0.849047 0.797208
33 1 2 0.036000 0.434167 0.017609 0.440771 0.016906 0.439833 0.014781 0.432292 0.032453 0.420042 0.031750 0.408729 0.033875 0.404021 0.043766 0.411563 0.065687 0.418146 0.071328 0.424750 0.065687 0.427583 0.047297 0.429458 0.046594 0.448312 0.052953 0.453958 0.053672 0.460563 0.044469 0.458667 0.039531 0.463396 0.038109 0.463396 0.043063 0.455854 0.036000 0.437000
0 1 1 0.161437 0.818042 0.163875 0.810458 0.169281 0.810458 0.174422 0.813708 0.175766 0.818396 0.181719 0.819125 0.190094 0.828500 0.200109 0.845437 0.196047 0.855896 0.196594 0.864542 0.197125 0.882208 0.192813 0.893375 0.191453 0.924021 0.189016 0.930146 0.184969 0.928354 0.186047 0.909604 0.183875 0.898792 0.183344 0.912125 0.181719 0.922229 0.179016 0.926917 0.176047 0.929083 0.171984 0.924021 0.175500 0.908875 0.174156 0.893750 0.171438 0.884375 0.171438 0.880396 0.167656 0.864187 0.166313 0.858771 0.161172 0.851917 0.163875 0.838583 0.164953 0.834625 0.161703 0.827771
0 1 1 0.663750 0.927167 0.666656 0.920083 0.666656 0.911042 0.665203 0.902000 0.665203 0.894271 0.665688 0.887812 0.665688 0.880708 0.666172 0.876188 0.667625 0.869729 0.662297 0.863937 0.663266 0.856188 0.664234 0.852312 0.669078 0.849083 0.672953 0.849083 0.675375 0.849729 0.677312 0.852312 0.680688 0.861354 0.682141 0.862000 0.689406 0.862000 0.694250 0.863937 0.699094 0.869104 0.701500 0.876833 0.701016 0.876833 0.699094 0.877479 0.695703 0.874250 0.690375 0.870375 0.688438 0.872958 0.688922 0.878125 0.690375 0.885229 0.692797 0.891042 0.698125 0.902646 0.698609 0.904583 0.695703 0.905875 0.690375 0.905875 0.685531 0.904583 0.681172 0.902646 0.678281 0.900708 0.672469 0.899417 0.671016 0.900708 0.671984 0.921375 0.671984 0.929104 0.666656 0.933625 0.666656 0.933625
33 1 2 0.441078 0.519979 0.455688 0.502604 0.470703 0.504708 0.486094 0.500500 0.497547 0.499437 0.499516 0.510500 0.495578 0.514188 0.484125 0.514708 0.465562 0.513667 0.457672 0.518917 0.452141 0.525250 0.445422 0.533146 0.443844 0.531563
0 1 1 0.271453 0.796896 0.267625 0.805833 0.265078 0.812187 0.262531 0.821542 0.261578 0.829604 0.259656 0.837687 0.258391 0.846604 0.261250 0.846604 0.264437 0.835563 0.266031 0.830458 0.271125 0.833854 0.274953 0.836417 0.274953 0.842792 0.274641 0.848312 0.276547 0.855104 0.276859 0.863167 0.276547 0.870396 0.279422 0.877625 0.282750 0.880479 0.284031 0.844354 0.288172 0.840104 0.289125 0.837146 0.290078 0.830771 0.289125 0.826104 0.287219 0.815896 0.284344 0.809104 0.280844 0.804854 0.279563 0.804000 0.278609 0.796792 0.277656 0.793375 0.274469 0.791250 0.271609 0.790833 0.271281 0.791688 0.269375 0.795937 0.269375 0.797208 0.270328 0.798063
0 1 0 0.921844 0.872417 0.923094 0.866104 0.920094 0.863104 0.917609 0.858458 0.917109 0.851458 0.915609 0.846146 0.915609 0.838833 0.915859 0.834521 0.919344 0.830854 0.926578 0.828521 0.930062 0.828854 0.933313 0.829188 0.936797 0.831187 0.940547 0.834521 0.940547 0.839833 0.942531 0.851125 0.938797 0.853458 0.938797 0.853792 0.949016 0.864771 0.952766 0.878062 0.951266 0.913646 0.953016 0.933250 0.951516 0.947229 0.949516 0.952208 0.946781 0.968167 0.950016 0.997771 0.950016 0.999417 0.935312 0.999750 0.932563 0.983792 0.929078 0.959521 0.928828 0.953875 0.927828 0.980146 0.930062 0.998750 0.914859 0.998104 0.912859 0.971167 0.914609 0.935917 0.916109 0.910313 0.917609 0.893354 0.920094 0.876396
33 1 2 0.260437 0.522937 0.261109 0.521146 0.265781 0.522042 0.265109 0.527396 0.260437 0.526958 0.252078 0.533188 0.246062 0.537208 0.246062 0.534083 0.251406 0.530958 0.256094 0.528292 0.259438 0.525604 0.261438 0.523375
33 1 2 0.418016 0.462271 0.407797 0.469000 0.401875 0.477542 0.398422 0.483292 0.398922 0.492833 0.396453 0.494146 0.390422 0.491833 0.395719 0.490521 0.396203 0.481979 0.406563 0.466542 0.407672 0.460958 0.417281 0.459479
33 1 2 0.881516 0.523583 0.886969 0.525021 0.885875 0.530854 0.878250 0.532792 0.860438 0.544896 0.874609 0.527938
33 1 2 0.735156 0.492104 0.740547 0.485771 0.743359 0.484583 0.738750 0.491417 0.739781 0.495854 0.738750 0.497750 0.736437 0.501167 0.733875 0.508500 0.731578 0.516875 0.734266 0.504917 0.735156 0.502354 0.736313 0.499271 0.736703 0.494333 0.735797 0.494333 0.735156 0.492792
0 1 0 0.654297 0.870771 0.652812 0.849646 0.653313 0.825875 0.655781 0.810042 0.648359 0.810042 0.644406 0.820604 0.642422 0.826542 0.640437 0.835125 0.643406 0.843042 0.641437 0.866813 0.641437 0.873396 0.646875 0.873396 0.648359 0.862188 0.650844 0.875375
33 1 2 0.735750 0.548667 0.724047 0.557917 0.725141 0.562083 0.739828 0.550104 0.735891 0.549021
33 1 2 0.042172 0.366792 0.046359 0.357375 0.040094 0.358438 0.036391 0.360792 0.039281 0.362521
33 1 2 0.219812 0.474604 0.233031 0.473563 0.235250 0.474312 0.238438 0.472833 0.240313 0.473854 0.241187 0.476354 0.240750 0.478854 0.239094 0.479750 0.238000 0.477396 0.236125 0.476354 0.233812 0.475042
33 1 2 0.686906 0.200875 0.683203 0.201146 0.684016 0.206542 0.681734 0.206708 0.677891 0.206792 0.680984 0.208604 0.685016 0.208229 0.685359 0.208062 0.687641 0.207604 0.688922 0.206896 0.689266 0.206271 0.688859 0.202854 0.687844 0.201063
33 1 2 0.737906 0.548312 0.745578 0.543208 0.745969 0.545750 0.744047 0.550354
33 1 2 0.578812 0.537042 0.577125 0.540708 0.578297 0.541125 0.578609 0.541833 0.579453 0.541688 0.579672 0.540708 0.580406 0.540708 0.579250 0.537458
0 1 0 0.402812 0.974417 0.405156 0.959917 0.405156 0.949729 0.404859 0.936417 0.409266 0.924271 0.414563 0.915646 0.420141 0.911729 0.427203 0.905062 0.429250 0.900750 0.431906 0.895667 0.433656 0.887833 0.436891 0.880375 0.440422 0.880000 0.440125 0.871375 0.438953 0.858437 0.441000 0.841604 0.446594 0.831021 0.453062 0.827104 0.463922 0.828667 0.473031 0.834146 0.477156 0.841208 0.479500 0.851792 0.478906 0.856479 0.476562 0.862354 0.477156 0.865896 0.476562 0.872542 0.475094 0.876458 0.475094 0.881958 0.473922 0.884687 0.472734 0.886646 0.471562 0.890562 0.470094 0.893313 0.467156 0.894875 0.464516 0.895271 0.465984 0.899187 0.469516 0.903500 0.473922 0.908979 0.480672 0.917604 0.488016 0.931313 0.488906 0.943854 0.490953 0.959521 0.494188 0.972458 0.496547 0.990083 0.498313 1.000000 0.403391 1.000000 0.401344 0.990479 0.402219 0.981854
