2 1 0 0.765690 0.396734 0.803452 0.393688 0.873849 0.400547 0.916716 0.418078 0.947322 0.431031 0.974874 0.437125 0.970795 0.463047 0.956506 0.470656 0.937113 0.472953 0.918745 0.485906 0.891192 0.482859 0.875900 0.469141 0.774875 0.463797 0.773849 0.408172 0.764665 0.397500
36 1 2 0.759080 0.559859 0.827176 0.556922 0.838975 0.545188 0.867782 0.545188 0.873013 0.562797 0.931946 0.583328 0.945042 0.621484 0.945042 0.661578 0.918849 0.672344 0.869080 0.668437 0.772176 0.659625
10 1 1 0.388222 0.427547 0.390941 0.423281 0.388222 0.422359 0.386234 0.408641 0.391946 0.410125 0.394665 0.404938 0.387469 0.402156 0.385000 0.393812 0.389707 0.391953 0.383515 0.389734 0.370356 0.388625 0.369854 0.392891 0.372343 0.394188 0.366632 0.398453 0.366130 0.401594 0.367636 0.402703 0.364393 0.405859 0.369603 0.408078 0.369121 0.419938 0.363410 0.422531 0.362657 0.424766 0.370858 0.426438 0.374812 0.427172
0 1 1 0.077657 0.395344 0.070251 0.396375 0.069331 0.383953 0.067950 0.366703 0.065628 0.358078 0.060544 0.362219 0.060084 0.372906 0.057322 0.384297 0.056862 0.394313 0.048536 0.393969 0.050397 0.382922 0.051778 0.371188 0.050397 0.358766 0.052238 0.348062 0.045774 0.342203 0.044854 0.332203 0.048536 0.328063 0.055941 0.320469 0.063326 0.318047 0.066088 0.313219 0.073494 0.311156 0.076255 0.317359 0.075335 0.322187 0.081799 0.324953 0.083201 0.341516 0.081339 0.356000 0.079038 0.374297 0.076715 0.395344
0 1 0 0.101527 0.318156 0.104184 0.316500 0.106402 0.315844 0.107741 0.315172 0.106402 0.313516 0.105523 0.311859 0.105084 0.309859 0.109079 0.306875 0.113075 0.305547 0.119289 0.308203 0.121067 0.312516 0.123285 0.316828 0.129059 0.321484 0.131736 0.325125 0.131736 0.328781 0.135732 0.333094 0.128619 0.338734 0.127280 0.340719 0.129059 0.344703 0.128619 0.348672 0.131736 0.355312 0.129059 0.359953 0.129059 0.363609 0.129059 0.371234 0.129498 0.377203 0.131276 0.383844 0.131736 0.388156 0.132176 0.392141 0.127280 0.391141 0.120628 0.388156 0.116632 0.384844 0.116192 0.378203 0.116192 0.366922 0.116192 0.365594 0.116192 0.362609 0.115732 0.361625 0.114854 0.359297 0.114414 0.358297 0.113954 0.358297 0.113954 0.362938 0.113075 0.365266 0.111736 0.368578 0.113954 0.372234 0.113515 0.374563 0.115732 0.379531 0.115293 0.382188 0.114854 0.384844 0.113075 0.388812 0.110418 0.389484 0.105962 0.389812 0.104184 0.389484 0.102406 0.387156 0.101527 0.385500 0.101527 0.381859 0.100628 0.375875 0.100188 0.371563 0.100628 0.367250 0.099749 0.362609 0.100188 0.359625 0.101088 0.356312 0.101967 0.352000 0.102406 0.348016 0.103305 0.343047 0.104184 0.340391 0.104184 0.333750 0.102406 0.332094 0.100628 0.330437 0.100188 0.329109 0.099749 0.327109 0.098870 0.324797 0.098870 0.322797 0.098870 0.321484
2 1 0 0.000105 0.326172 0.018515 0.324828 0.048117 0.326375 0.052301 0.331047 0.046046 0.337281 0.053556 0.338844 0.051883 0.351922 0.050628 0.374969 0.049791 0.386172 0.045209 0.386172 0.040628 0.385562 0.046046 0.355969 0.045209 0.354094 0.028536 0.355969 0.021025 0.337281 0.001423 0.335406
0 1 1 0.190084 0.341859 0.193473 0.338766 0.197238 0.336797 0.201004 0.336234 0.206255 0.339891 0.212657 0.343547 0.212657 0.348609 0.212657 0.351125 0.215669 0.352812 0.219435 0.357313 0.218305 0.373875 0.214540 0.376687 0.214916 0.391297 0.212280 0.407031 0.211527 0.426687 0.209644 0.431187 0.204770 0.432312 0.202510 0.430062 0.201757 0.419109 0.203264 0.406187 0.201004 0.401687 0.201381 0.396359 0.199121 0.397766 0.197615 0.423328 0.196862 0.430062 0.189331 0.432594 0.186715 0.426125 0.187092 0.393828 0.181067 0.390172 0.182950 0.376969 0.181444 0.370797 0.177678 0.366859 0.178808 0.357313 0.184833 0.351687 0.188577 0.349156 0.189331 0.344391 0.190460 0.342141
0 1 0 0.164456 0.393203 0.163828 0.379312 0.166318 0.374687 0.165084 0.361266 0.162594 0.353875 0.167552 0.345078 0.167552 0.332125 0.160126 0.317313 0.159498 0.313156 0.154540 0.309906 0.147720 0.309906 0.145879 0.313609 0.145879 0.319625 0.148975 0.323797 0.147720 0.327500 0.131611 0.351547 0.138431 0.360812 0.145879 0.361734 0.150209 0.379312 0.150209 0.382094 0.150209 0.385328 0.142155 0.391344 0.142782 0.391813
0 1 1 0.133389 0.389313 0.129414 0.358734 0.129414 0.345141 0.127720 0.335359 0.131695 0.328562 0.131130 0.318797 0.136820 0.312844 0.143640 0.314547 0.146485 0.321766 0.148766 0.326438 0.149895 0.328141 0.141925 0.345984 0.135105 0.351500 0.140230 0.360000 0.143640 0.368922 0.144205 0.381672 0.139080 0.387188
0 1 0 0.200105 0.336188 0.211653 0.343250 0.212490 0.350938 0.216695 0.353297 0.216067 0.339484 0.208075 0.336812 0.208703 0.334609 0.210607 0.331641 0.206611 0.326922 0.201987 0.326922 0.196946 0.327563 0.196736 0.333984 0.195272 0.336812
0 1 1 0.549372 0.948438 0.492343 0.755609 0.471318 0.656953 0.435293 0.625562 0.465314 0.515688 0.486339 0.372203 0.468326 0.381172 0.531360 0.336328 0.501339 0.291484 0.507343 0.246641 0.537364 0.204031 0.594414 0.192828 0.636443 0.208516 0.642448 0.264578 0.648452 0.318391 0.744498 0.358750 0.771527 0.434984 0.771527 0.560531 0.768515 0.641250 0.780523 0.674891 0.690460 0.713000 0.702469 0.795969 0.660460 0.964125 0.636443 0.964125 0.636443 0.986547 0.498347 0.986547 0.498347 0.950672 0.540377 0.959641
