0 1 1 0.302359 0.493250 0.302359 0.450458 0.315875 0.427938 0.327703 0.427938 0.342906 0.445938 0.344594 0.479729 0.331078 0.504500 0.369937 0.536042 0.383453 0.581083 0.391891 0.621625 0.386828 0.673417 0.386828 0.702708 0.376687 0.741000 0.363172 0.738729 0.351344 0.731979 0.356422 0.700458 0.376687 0.689187 0.363172 0.635125 0.353047 0.614875 0.341219 0.693687 0.339531 0.799542 0.334453 0.842333 0.327703 0.916667 0.322641 0.961708 0.332766 0.961708 0.317563 0.975229 0.298984 0.979729 0.295609 0.930187 0.295609 0.842333 0.292234 0.781542 0.278719 0.819813 0.273656 0.855854 0.271953 0.889646 0.270266 0.918917 0.260141 0.921167 0.253375 0.948208 0.251687 0.963958 0.233109 0.977479 0.228047 0.954958 0.228047 0.930187 0.226344 0.903146 0.234797 0.878375 0.246625 0.799542 0.256750 0.680187 0.261828 0.574333 0.251687 0.563062 0.185813 0.592333 0.150344 0.599104 0.133453 0.596854 0.133453 0.560813 0.155406 0.565313 0.206078 0.551792 0.238172 0.533792 0.256750 0.509000 0.277031 0.509000 0.300672 0.497750
0 1 0 0.888000 0.518417 0.887062 0.490792 0.892703 0.478229 0.908719 0.465687 0.929422 0.469438 0.940734 0.480750 0.948266 0.499583 0.951078 0.528458 0.953906 0.557333 0.961438 0.601271 0.954844 0.681604 0.954844 0.709229 0.954844 0.734333 0.951078 0.749396 0.939781 0.800875 0.938844 0.825979 0.968969 0.937708 0.968031 0.960292 0.961438 0.970333 0.939781 0.970333 0.924719 0.964063 0.927547 1.000000 0.896469 1.000000 0.848453 0.997958 0.852219 0.970333 0.874812 0.954021 0.871047 0.822208 0.871047 0.768229 0.870109 0.726792 0.877641 0.601271 0.846578 0.581167 0.808906 0.535979 0.799500 0.523438 0.793844 0.494563 0.797609 0.480750 0.809859 0.495813 0.813625 0.485771 0.804203 0.475729 0.802328 0.455646 0.814562 0.461917 0.835281 0.500833
0 1 0 0.635281 0.852646 0.641656 0.877104 0.660781 0.898354 0.673547 0.914292 0.696656 0.918542 0.704641 0.933437 0.695063 0.943000 0.692672 0.956813 0.721375 0.966375 0.755656 0.937688 0.764422 0.924937 0.765219 0.915354 0.758844 0.903667 0.771609 0.887729 0.777187 0.879229 0.786750 0.851583 0.784359 0.816500 0.770016 0.765479 0.750875 0.734646 0.728547 0.687875 0.728547 0.653875 0.716594 0.636854 0.685500 0.636854 0.669562 0.652813 0.672750 0.666625 0.675938 0.696396 0.674344 0.716583 0.673547 0.724021 0.680719 0.729333 0.688688 0.717646 0.688688 0.728271 0.684703 0.738917 0.684703 0.761229 0.683109 0.785688 0.635281 0.770792 0.632078 0.770792 0.623313 0.766542 0.610563 0.773979 0.601797 0.781417 0.586641 0.793125 0.590625 0.820750 0.590625 0.830333 0.599406 0.839896 0.609766 0.846271 0.613750 0.842021 0.631281 0.830333 0.634484 0.827125 0.649625 0.827125
0 1 0 0.654719 0.210063 0.670453 0.200854 0.677750 0.186021 0.670844 0.180896 0.666234 0.171688 0.669688 0.157354 0.673531 0.159917 0.696562 0.197792 0.706531 0.207500 0.701156 0.193687 0.693109 0.176812 0.680047 0.158375 0.680047 0.153771 0.677375 0.149167 0.671609 0.140479 0.732625 0.145583 0.720062 0.119646 0.687469 0.116042 0.682094 0.104083 0.684188 0.092917 0.692859 0.088146 0.702719 0.086938 0.709891 0.096104 0.712281 0.104479 0.716781 0.104479 0.716469 0.111667 0.719172 0.116042 0.734937 0.152750 0.736469 0.164021 0.736469 0.172708 0.738000 0.176812 0.732625 0.183979 0.731859 0.200333 0.731094 0.216708 0.731094 0.226438 0.730328 0.239229 0.733016 0.252542 0.721500 0.250479 0.716891 0.251000 0.715750 0.259188 0.713437 0.275562 0.713437 0.286812 0.651266 0.274021 0.634672 0.262104 0.626891 0.259854 0.625531 0.242687 0.626203 0.232292 0.628922 0.221458 0.633656 0.217396 0.635687 0.216042
34 1 1 0.134187 0.573229 0.079891 0.401062 0.085031 0.388354 0.094563 0.395208 0.137859 0.567354
35 1 1 0.610719 0.834917 0.633359 0.827500 0.641484 0.812125 0.642328 0.800729 0.629094 0.777938 0.617984 0.768250 0.597906 0.778521 0.590641 0.800167 0.588078 0.818958 0.594484 0.833771 0.604313 0.839458
0 1 0 0.247469 0.166833 0.258594 0.135708 0.260812 0.104562 0.270828 0.097146 0.270828 0.070458 0.285281 0.063063 0.293063 0.077875 0.294172 0.097146 0.308625 0.098646 0.318641 0.119396 0.310859 0.149042 0.305297 0.175729
0 1 0 0.512609 0.218271 0.539703 0.219563 0.553266 0.219563 0.562937 0.205375 0.565359 0.186000 0.563422 0.160833 0.561969 0.146646 0.548906 0.133729 0.546484 0.132437 0.543094 0.116313 0.533906 0.105333 0.523734 0.100188 0.516953 0.100833 0.512609 0.115021 0.512609 0.129229 0.516953 0.142125 0.511641 0.146000 0.508250 0.150521 0.503891 0.165354 0.500016 0.180208 0.497594 0.193104 0.498078 0.204083 0.500984 0.207313 0.508250 0.209896
0 1 0 0.575562 0.198562 0.576141 0.193979 0.575562 0.177979 0.582422 0.168083 0.578422 0.142167 0.579563 0.130729 0.605859 0.120833 0.611578 0.158167 0.632156 0.164271 0.638438 0.175688 0.635594 0.218375 0.623016 0.252667 0.601859 0.242771 0.599578 0.232104 0.597859 0.237438 0.576141 0.209229 0.573281 0.210000 0.573859 0.234375 0.597297 0.247333
0 1 0 0.305063 0.175271 0.335391 0.182021 0.350563 0.182021 0.364047 0.168542 0.387641 0.166292 0.387641 0.123604 0.384266 0.105625 0.369094 0.092125 0.360672 0.092125 0.355625 0.076396 0.340453 0.074167 0.332016 0.085396 0.330344 0.103375 0.323594 0.112354 0.316859 0.119104 0.310109 0.152812 0.308422 0.173042
0 1 0 0.731578 0.240042 0.731578 0.186354 0.733766 0.169771 0.735969 0.149271 0.748406 0.145375 0.772563 0.149271 0.773297 0.168792 0.794531 0.188313 0.798922 0.212708 0.804047 0.233208 0.792328 0.235167 0.787203 0.255667 0.789406 0.266396 0.776219 0.261521 0.774031 0.277125 0.768172 0.283958 0.759391 0.272250 0.746953 0.255667 0.738156 0.249792 0.732313 0.243937
0 1 0 0.455937 0.130646 0.449656 0.120729 0.448516 0.103208 0.471375 0.097875 0.475953 0.123021 0.475953 0.152750 0.472516 0.175604 0.473656 0.187042 0.466797 0.193146 0.467375 0.173333 0.467375 0.173333 0.451937 0.164937 0.441078 0.172563 0.449078 0.138271
0 1 0 0.938766 0.047187 0.999438 0.058417 0.999438 0.008979 1.000000 0.000000 0.965734 0.004500 0.953938 0.006750 0.937078 0.035958
0 1 0 0.896625 0.042687 0.844375 0.038208 0.851125 0.020229 0.864609 0.004500 0.866297 0.000000 0.881453 0.000000 0.901688 0.008979
