26 1 0 0.716109 0.782667 0.719547 0.791854 0.719547 0.814833 0.718562 0.844396 0.719547 0.868021 0.720047 0.879854 0.735313 0.877875 0.750578 0.870667 0.751562 0.843083 0.741719 0.806292 0.742203 0.795125 0.742203 0.789875 0.733828 0.782000 0.730875 0.765583 0.722500 0.741292 0.717094 0.728812 0.712656 0.719604 0.710187 0.726188 0.714625 0.742604 0.716594 0.755729 0.716594 0.767563 0.715109 0.775437
74 0 1 0.455906 0.273250 0.448234 0.238896 0.450969 0.200146 0.472359 0.159937 0.495937 0.137271 0.531578 0.135083 0.562828 0.150438 0.591891 0.189917 0.594625 0.232313 0.586953 0.269604 0.569406 0.296646 0.538156 0.317125 0.501969 0.318583 0.475094 0.298854
26 1 0 0.958172 0.785458 0.972797 0.797792 0.982813 0.844000 0.987047 0.850667 1.000000 0.855292 0.999750 0.782896 0.984344 0.789062 0.970484 0.778271 0.964328 0.776729 0.959313 0.774167 0.956234 0.781354
0 1 0 0.082484 0.800229 0.094906 0.760479 0.094281 0.727354 0.090563 0.718250 0.086203 0.693396 0.089938 0.679313 0.098641 0.668542 0.101734 0.655292 0.107953 0.642042 0.117266 0.658604 0.117266 0.668542 0.124719 0.690083 0.127203 0.705813 0.125969 0.709125 0.122234 0.712438 0.123484 0.740604 0.117891 0.764625 0.117891 0.788646 0.112922 0.802729 0.102359 0.810167 0.093672 0.804375 0.101125 0.794437 0.101734 0.775396 0.106703 0.743083 0.095531 0.784500 0.089313 0.807688
26 1 0 0.836750 0.845187 0.841438 0.861979 0.841000 0.868188 0.842109 0.888917 0.842109 0.901646 0.843656 0.910542 0.845797 0.918813 0.825781 0.909771 0.821266 0.898583 0.824172 0.869292 0.828047 0.847771 0.830297 0.838313 0.833203 0.834437 0.836422 0.770771 0.842047 0.741354 0.848625 0.716937 0.853312 0.704417 0.857078 0.715688
26 1 1 0.099625 0.702521 0.106891 0.708396 0.111547 0.711854 0.117000 0.711167 0.116734 0.703208 0.121672 0.711167 0.122187 0.732271 0.114406 0.737792 0.101953 0.729500 0.095469 0.705292 0.092875 0.686958 0.093656 0.683500 0.096250 0.685583 0.098844 0.702521
0 1 0 0.941078 0.972250 0.929594 0.981979 0.930641 0.941625 0.930641 0.898458 0.932719 0.876188 0.928547 0.856708 0.913937 0.852542 0.918109 0.806604 0.919156 0.787125 0.916016 0.774583 0.911844 0.739792 0.911844 0.700813 0.922281 0.695250 0.922281 0.668813 0.929594 0.636792 0.933766 0.628437 0.947344 0.635396 0.957781 0.650708 0.957781 0.659063 0.930641 0.689687 0.925422 0.699417 0.924375 0.716125 0.942125 0.771812 0.944203 0.775979 0.933766 0.806604 0.933766 0.817729 0.941078 0.872021 0.949422 0.877583 0.947344 0.892896 0.946297 0.899854 0.947344 0.944396 0.950469 0.970854 0.950469 0.987542
26 1 0 0.365063 0.749521 0.354813 0.787771 0.354406 0.798688 0.352359 0.830938 0.351531 0.841854 0.351938 0.846229 0.367516 0.845688 0.374484 0.844042 0.379000 0.838583 0.378172 0.823833 0.376531 0.807438 0.376531 0.792687 0.376938 0.782854 0.376938 0.773562 0.372031 0.790500 0.371203 0.792687 0.364234 0.785583 0.363828 0.783396 0.361781 0.774104 0.363422 0.767542 0.364656 0.761542 0.367109 0.754438
0 1 0 0.979750 0.650375 0.976328 0.641229 0.974609 0.632833 0.974609 0.628271 0.976328 0.617604 0.979750 0.610729 0.982609 0.604646 0.985469 0.602354 0.992891 0.606167 0.999750 0.618354 0.999750 0.664083 0.990609 0.654188 0.980328 0.654188
0 1 0 0.484766 0.654667 0.493000 0.653375 0.498828 0.637208 0.504156 0.621667 0.499797 0.615208 0.492031 0.610687 0.484266 0.608104 0.476031 0.612625 0.488156 0.632021 0.486703 0.646250 0.483297 0.650792
0 1 0 0.159859 0.717333 0.156344 0.704354 0.155000 0.683458 0.157703 0.673354 0.157703 0.666875 0.155266 0.662542 0.151484 0.656771 0.152297 0.650292 0.150125 0.647042 0.145531 0.645229 0.146078 0.637667 0.142828 0.634417 0.135797 0.634417 0.133641 0.639479 0.133906 0.642708 0.133359 0.644875 0.134984 0.650292 0.135797 0.652458 0.135250 0.664354 0.134719 0.672271 0.136344 0.680563 0.134172 0.695708 0.131516 0.712104 0.142063 0.715625 0.145844 0.716125 0.146219 0.724688 0.149609 0.723687 0.149984 0.720167 0.158281 0.716646
26 1 1 0.145953 0.768417 0.144297 0.793708 0.144297 0.800292 0.145953 0.803042 0.159969 0.799208 0.162859 0.792604 0.164922 0.791500 0.156672 0.777208 0.154188 0.767312 0.155437 0.762917 0.145125 0.767312
26 1 0 0.805516 0.805229 0.812266 0.824250 0.817156 0.824750 0.818656 0.869292 0.809266 0.874313 0.806266 0.832250 0.804391 0.810729
0 1 0 0.549641 0.900458 0.532094 0.869875 0.532094 0.869875 0.530750 0.870771 0.536812 0.801458 0.532094 0.766354 0.531422 0.760062 0.523313 0.734854 0.529391 0.706042 0.544250 0.688042 0.549641 0.670937 0.553687 0.648438 0.539516 0.624146 0.551672 0.625938 0.574625 0.634937 0.574625 0.635854 0.572594 0.665542 0.569891 0.691646 0.585422 0.724063 0.586094 0.724063 0.575969 0.745646 0.575969 0.746563 0.565172 0.794250 0.562469 0.821271 0.563828 0.850958 0.563828 0.886063 0.561125 0.904063 0.566516 0.921167 0.582719 0.940979 0.579344 0.997667 0.548969 0.995875 0.549641 0.936479 0.546266 0.904958
0 1 0 0.957297 0.986521 0.948875 0.934833 0.957297 0.892125 0.945500 0.871917 0.940297 0.869833 0.931828 0.813438 0.942703 0.776375 0.935453 0.750604 0.923375 0.723208 0.924578 0.702271 0.943922 0.666813 0.964453 0.647479 0.976547 0.652312 0.974125 0.657146 0.994672 0.657146 1.000000 0.679708 0.997078 0.692604 0.993453 0.716771 0.986203 0.721604 0.995875 0.744167 0.999500 0.771542 0.998297 0.795708 0.999500 0.918167 0.989828 0.897229 0.988625 0.940729 0.986203 0.997104
0 1 0 0.840219 0.986354 0.841328 0.965583 0.844672 0.953729 0.846891 0.935938 0.848000 0.910729 0.848000 0.895917 0.843547 0.861813 0.838000 0.844021 0.834656 0.823271 0.834656 0.802500 0.835766 0.786208 0.836875 0.775813 0.836328 0.723146 0.834859 0.710438 0.835594 0.698687 0.840000 0.688917 0.841469 0.685979 0.831188 0.677167 0.826063 0.661521 0.823125 0.650771 0.827531 0.643917 0.828984 0.640000 0.835594 0.620438 0.845859 0.615542 0.859062 0.615542 0.871547 0.621417 0.878875 0.631208 0.892813 0.658583 0.898687 0.674229 0.898687 0.690875 0.897953 0.698687 0.900891 0.714333 0.911891 0.775958 0.906016 0.794542 0.908953 0.807271 0.908953 0.821938 0.906750 0.829771 0.906750 0.832708 0.911156 0.847375 0.892078 0.958875 0.892078 0.988229 0.892813 0.995063 0.838531 1.000000
0 1 0 0.734187 0.781604 0.735906 0.757042 0.737625 0.737063 0.742328 0.723375 0.736766 0.721646 0.734187 0.717083 0.732047 0.711958 0.730766 0.705667 0.732906 0.702812 0.735047 0.698812 0.732906 0.693687 0.730766 0.690833 0.729062 0.686250 0.727766 0.681125 0.728203 0.671979 0.729484 0.668563 0.729484 0.660563 0.729062 0.647437 0.738906 0.635438 0.749609 0.634313 0.759031 0.634313 0.778734 0.655417 0.787297 0.657708 0.789000 0.661146 0.790719 0.669708 0.792000 0.685687 0.801000 0.698812 0.806125 0.705104 0.807422 0.714812 0.807422 0.732500 0.807422 0.750771 0.807844 0.780458 0.807844 0.797583 0.812984 0.822708 0.811266 0.884937 0.811703 0.903208 0.811703 0.914062 0.803984 0.925479 0.800563 0.937458 0.803141 0.952312 0.801000 0.961437 0.806125 0.994563 0.806984 1.000000 0.768453 1.000000 0.768453 0.993979 0.767172 0.982000 0.760312 0.954583 0.756031 0.940896 0.744047 0.917083 0.731625 0.910229 0.732906 0.887396 0.735047 0.876542 0.743609 0.876542 0.751328 0.874833 0.751750 0.856000 0.746609 0.825167 0.744047 0.813167 0.741906 0.804042 0.741469 0.791021
0 1 1 0.692703 0.984271 0.691016 0.914604 0.716297 0.925833 0.716297 0.802250 0.702812 0.723604 0.672469 0.694375 0.664047 0.656187 0.655625 0.647187 0.650562 0.613479 0.638766 0.597750 0.615172 0.602250 0.601687 0.611229 0.600000 0.626958 0.598312 0.640458 0.610109 0.658417 0.610109 0.660667 0.601687 0.667417 0.600000 0.669667 0.591578 0.678646 0.589891 0.683146 0.586516 0.696625 0.589891 0.705625 0.589891 0.705625 0.598312 0.710104 0.581453 0.746062 0.556188 0.838208 0.567984 0.921354 0.589891 0.937083 0.584828 0.988771 0.692703 0.984271
