33 1 2 0.227484 0.155023 0.217719 0.142183 0.214062 0.131197 0.214062 0.107347 0.218937 0.094531 0.225047 0.078028 0.231141 0.078028 0.247000 0.085352 0.253109 0.096362 0.245781 0.100023 0.231141 0.105516 0.236016 0.134859
33 1 2 0.103000 0.264296 0.119938 0.248263 0.136250 0.251103 0.146922 0.259577 0.154437 0.273709 0.151937 0.293498 0.150047 0.301995 0.157578 0.285023 0.161344 0.267113 0.158828 0.252042 0.151937 0.238850 0.143781 0.230352 0.118687 0.226596
0 1 1 0.787219 0.699202 0.790297 0.696901 0.788766 0.689953 0.790609 0.690869 0.792156 0.694578 0.791844 0.700587 0.794922 0.697347 0.793078 0.688099 0.791531 0.681620 0.789375 0.672371 0.787531 0.668192 0.785688 0.663122 0.786609 0.661268 0.789688 0.663122 0.790297 0.664507 0.793687 0.660798 0.794312 0.656643 0.793078 0.653404 0.789078 0.656174 0.784766 0.654789 0.781672 0.657089 0.784453 0.652019 0.782609 0.648779 0.780453 0.647840 0.778594 0.647840 0.776141 0.652019 0.776438 0.657089 0.777359 0.661268 0.777359 0.664977 0.773063 0.682089 0.773359 0.684859 0.772750 0.687629 0.774281 0.689484 0.777984 0.670986 0.780141 0.675610 0.783219 0.684390 0.784766 0.691338 0.786297 0.697347 0.787219 0.699671
33 1 1 0.684922 0.160681 0.701094 0.127840 0.719156 0.129272 0.736281 0.147840 0.737219 0.173545 0.728672 0.204977 0.726766 0.202113 0.732469 0.163545 0.730563 0.149272 0.724859 0.144977 0.710609 0.140704
8 1 0 0.545094 0.497887 0.554125 0.519507 0.560828 0.549671 0.568516 0.576831 0.568516 0.579836 0.558812 0.574812 0.552453 0.570798 0.547437 0.560728 0.545766 0.552183 0.544766 0.529061 0.544422 0.521009 0.542750 0.507934 0.542422 0.500892 0.542078 0.496878 0.542078 0.494859 0.545094 0.496878
0 1 1 0.556406 0.578662 0.550828 0.562911 0.553781 0.556009 0.554766 0.553568 0.556406 0.560939 0.561641 0.557488 0.561312 0.560446 0.557391 0.564883 0.565250 0.574718 0.562625 0.581127 0.562297 0.573732 0.558359 0.573732 0.558031 0.580141
0 1 0 0.483719 0.571596 0.482484 0.568991 0.480641 0.567324 0.479531 0.566221 0.478797 0.565470 0.477437 0.563803 0.476937 0.562887 0.476562 0.560282 0.476687 0.559554 0.478047 0.558615 0.480141 0.556948 0.481016 0.554742 0.480766 0.553803 0.479781 0.551761 0.478797 0.552512 0.477437 0.554366 0.476813 0.554742 0.476078 0.554554 0.475953 0.553803 0.476078 0.550845 0.475953 0.549178 0.475578 0.548052 0.474844 0.547864 0.473609 0.548239 0.473000 0.549178 0.471875 0.550657 0.471516 0.551948 0.471875 0.553803 0.472375 0.555657 0.471641 0.557887 0.471641 0.559366 0.471516 0.561033 0.471391 0.563075 0.471875 0.564366 0.472500 0.566033 0.472375 0.567512 0.472375 0.568639 0.474719 0.570681 0.476562 0.571221 0.477688 0.571784 0.478547 0.573451 0.479656 0.573826 0.480031 0.572887 0.480141 0.571221 0.481016 0.571784 0.484094 0.572347
0 1 1 0.770344 0.536549 0.770641 0.540869 0.772891 0.542864 0.767984 0.554836 0.769422 0.556972 0.770344 0.556526 0.772281 0.548545 0.773297 0.547911 0.773406 0.558991 0.775344 0.558826 0.775344 0.552535 0.775344 0.549296 0.775859 0.545610 0.776266 0.541009 0.775953 0.537019 0.774328 0.538404 0.773609 0.539789 0.772891 0.540094 0.772797 0.540094 0.771875 0.538709 0.771766 0.537488 0.773609 0.537019 0.772172 0.535634 0.770031 0.536103
0 1 1 0.272219 0.556573 0.274469 0.561408 0.276703 0.558662 0.276703 0.554460 0.276281 0.550047 0.277828 0.547723 0.277969 0.545211 0.275594 0.539953 0.273062 0.540986 0.273203 0.538474 0.270969 0.536150 0.269703 0.543099 0.270125 0.547089 0.269703 0.552582 0.269281 0.557207 0.268719 0.560563 0.269422 0.562042 0.270266 0.561408
0 1 0 0.708859 0.648638 0.709141 0.645681 0.708859 0.638897 0.706313 0.638052 0.705187 0.643122 0.704625 0.645258 0.705750 0.647793 0.706313 0.655423 0.703500 0.659249 0.706875 0.658380 0.709984 0.658380 0.709703 0.656268
0 1 0 0.081109 0.652113 0.081547 0.655399 0.083219 0.655681 0.082875 0.649202 0.084016 0.648263 0.085156 0.613075 0.083312 0.611362 0.081906 0.609366 0.081281 0.611221 0.078297 0.612019 0.079344 0.618779 0.076703 0.619836 0.076453 0.629484 0.076703 0.632793 0.076703 0.633052 0.076797 0.636784 0.076891 0.639695 0.079531 0.642207 0.080234 0.645516 0.079266 0.648427 0.077672 0.650282 0.077937 0.656502 0.079703 0.656361 0.079875 0.653991
