0 1 1 0.730219 0.557417 0.671125 0.476875 0.640922 0.455875 0.619922 0.482125 0.609406 0.522396 0.593656 0.566167 0.593656 0.569688 0.564766 0.510146 0.588406 0.424354 0.588406 0.389333 0.549000 0.352562 0.567391 0.315792 0.583141 0.293021 0.591031 0.265021 0.598906 0.254500 0.606781 0.219500 0.643547 0.191479 0.659312 0.191479 0.685578 0.193229 0.688203 0.251000 0.688203 0.272021 0.693453 0.286021 0.706594 0.293021 0.726281 0.314042 0.739422 0.350812 0.749922 0.371812 0.760422 0.389333 0.769625 0.440104 0.748609 0.487375 0.738109 0.496146 0.726281 0.513646 0.748609 0.525896 0.753859 0.569688 0.748609 0.580187 0.785375 0.613458 0.819516 0.648479 0.799828 0.716750 0.777500 0.739521 0.740734 0.723750 0.702641 0.692250
0 1 0 0.204469 0.204792 0.236484 0.193500 0.280734 0.214833 0.291094 0.261292 0.292031 0.298958 0.297688 0.325312 0.316516 0.337875 0.333469 0.378042 0.341000 0.480979 0.361719 0.528688 0.383359 0.483479 0.450219 0.413188 0.480344 0.419458 0.492578 0.455875 0.377719 0.502312 0.378656 0.529938 0.407844 0.504833 0.426672 0.512354 0.434203 0.538729 0.401250 0.571375 0.405969 0.610292 0.537781 0.561312 0.561312 0.577646 0.575437 0.614042 0.438922 0.676812 0.338172 0.615313 0.282625 0.492271 0.230844 0.383062 0.165875 0.374271 0.140453 0.336604 0.157406 0.229896 0.181875 0.217354 0.211063 0.204792
41 1 1 0.016781 0.223042 0.023266 0.230646 0.026891 0.235833 0.028703 0.245167 0.023266 0.255542 0.022484 0.272479 0.000438 0.277333 0.001219 0.222687 0.014187 0.223375
65 1 1 0.642672 0.156208 0.652125 0.162563 0.657172 0.164042 0.660922 0.163312 0.662938 0.160250 0.661563 0.156458 0.647359 0.152292 0.642312 0.153521
67 1 2 0.667266 0.473021 0.688531 0.471354 0.689781 0.471729 0.691031 0.471729 0.692422 0.471354 0.693531 0.470792 0.696172 0.471167 0.699234 0.474500 0.698531 0.478396 0.688812 0.479688 0.685063 0.480062 0.683937 0.481542 0.683531 0.482479 0.682281 0.484875 0.678516 0.483021 0.678391 0.481542 0.678516 0.479500 0.678516 0.478208 0.678250 0.477104 0.670875 0.475250 0.666703 0.474688
65 1 1 0.643703 0.164604 0.650656 0.164146 0.647875 0.160438 0.633984 0.154875 0.616641 0.152563 0.616297 0.161812 0.633984 0.165063
0 1 1 0.355719 0.383104 0.371859 0.388000 0.410016 0.413437 0.440094 0.423208 0.455500 0.415396 0.480438 0.422229 0.490703 0.447667 0.510516 0.400708 0.500250 0.359646 0.490703 0.346917 0.469438 0.334208 0.451828 0.329313 0.429812 0.282354 0.424687 0.272583 0.426891 0.264750 0.429078 0.264750 0.417344 0.223667 0.406344 0.209000 0.368187 0.149333 0.345453 0.124875 0.335187 0.115104 0.332250 0.099458 0.327844 0.089667 0.317578 0.083792 0.315375 0.081833 0.315375 0.067167 0.313172 0.054458 0.315375 0.039792 0.317578 0.031958 0.324172 0.023146 0.326375 0.002604 0.324172 0.001625 0.255953 0.002604 0.250078 0.009458 0.243484 0.018271 0.242016 0.042708 0.239812 0.061292 0.234672 0.065208 0.220734 0.065208 0.216344 0.081833 0.209000 0.115104 0.199469 0.138583 0.198734 0.169875 0.201672 0.185521 0.205328 0.193354 0.206797 0.194333 0.254484 0.198250 0.279422 0.217813 0.286766 0.232479 0.291906 0.298021 0.298500 0.332250 0.319047 0.337146 0.325641 0.383104 0.336656 0.425167 0.344719 0.434958 0.357188 0.434958 0.366000 0.416375 0.355719 0.406583 0.351328 0.400708 0.356453 0.388979
60 1 2 0.000000 0.202208 0.071016 0.202208 0.069812 0.231208 0.051688 0.290833 0.016641 0.340771 0.000000 0.345604
57 1 0 0.332437 0.980938 0.003219 0.985208 0.011234 0.593354 0.094750 0.323542 0.139719 0.300000 0.130078 0.398500 0.106000 0.484146 0.150969 0.640458 0.260172 0.888854 0.342078 0.989500 0.529984 0.987354 0.599031 0.942396 0.626344 0.905979 0.671313 0.884583 0.693797 0.882438 0.745188 0.968083 0.746781 0.978792 0.753219 0.989500
63 1 2 0.530906 0.332583 0.593266 0.413479 0.542703 0.568542 0.409547 0.608979 0.399437 0.568542 0.375844 0.501125 0.492141 0.456188
63 1 2 0.428094 0.682771 0.576406 0.617604 0.638766 0.449062 0.744938 0.563667 0.679219 0.765917 0.485391 0.849063
62 1 1 0.614437 0.003854 0.618531 0.057062 0.745406 0.062521 0.798609 0.054333 0.798609 0.001125
0 1 0 0.104453 0.525104 0.109594 0.436083 0.131844 0.399542 0.154109 0.385854 0.198625 0.383563 0.224312 0.381271 0.246578 0.410958 0.268828 0.422375 0.285953 0.449771 0.287672 0.493146 0.308219 0.559354 0.340750 0.614146 0.381844 0.643833 0.436641 0.673521 0.409250 0.694062 0.440063 0.746583 0.457188 0.783104 0.482875 0.856167 0.678078 0.789958 0.688359 0.758000 0.722609 0.758000 0.758563 0.837896 0.815063 0.988583 0.770547 0.984021 0.686641 0.876708 0.619859 0.904104 0.577062 0.963479 0.549656 0.965750 0.520547 0.984021 0.469172 0.972604 0.393828 0.958896 0.347609 0.979458 0.236297 0.858437
