0 1 1 0.827359 0.784824 0.831266 0.799485 0.868391 0.818993 0.905500 0.840468 0.949125 0.821920 0.951734 0.822904 0.941312 0.840468 0.945875 0.849251 0.948484 0.860960 0.948484 0.871686 0.947828 0.877541 0.891828 0.875597 0.857969 0.867799 0.847547 0.873653 0.837125 0.870726 0.835828 0.852178 0.818906 0.827775 0.814344 0.809227 0.815641 0.787752 0.822156 0.781897 0.828016 0.781897
25 1 2 0.301719 0.652319 0.304141 0.725925 0.267094 0.770585 0.213141 0.777822 0.199453 0.750070 0.188172 0.712646 0.173688 0.690937 0.205094 0.648688 0.217172 0.643864 0.252594 0.632998 0.292859 0.660749
25 1 2 0.000766 0.727845 0.025734 0.673653 0.051562 0.649133 0.085156 0.645246 0.117016 0.648478 0.151453 0.658150 0.171687 0.687190 0.184188 0.703326 0.191500 0.738173 0.201828 0.787190 0.197531 0.829766 0.187203 0.835574 0.139828 0.868501 0.120453 0.893653 0.112281 0.891733 0.075687 0.878173 0.030469 0.873021 0.014109 0.878829 0.010672 0.865269 0.006797 0.845902 0.002484 0.842670 0.000000 0.733607
25 1 2 0.965969 0.817658 0.918641 0.836768 0.910453 0.840843 0.885875 0.825855 0.836719 0.802646 0.800313 0.709883 0.799406 0.704426 0.810328 0.625293 0.810328 0.619836 0.866750 0.604824 0.917734 0.632108 0.941391 0.662131 0.965062 0.713981 0.968703 0.726253 0.970516 0.809461
25 1 2 0.785062 0.536253 0.822844 0.499180 0.879953 0.528150 0.905141 0.600960 0.899297 0.624567 0.864219 0.605691 0.811594 0.623888 0.808453 0.624567 0.809344 0.629953 0.804391 0.669719 0.800797 0.687260 0.789563 0.683208 0.759875 0.608384 0.769313 0.559180 0.772469 0.556464 0.775156 0.534239
25 1 2 0.114781 0.427096 0.125609 0.362201 0.160109 0.331780 0.183797 0.318595 0.229797 0.329766 0.242656 0.329766 0.285266 0.387564 0.289328 0.401756 0.283922 0.438267 0.249422 0.480843 0.243328 0.487939 0.241969 0.522412 0.199344 0.510258 0.173641 0.503162 0.164844 0.508220
25 1 2 0.495281 0.765527 0.528531 0.773044 0.569938 0.791850 0.602563 0.737307 0.613859 0.713794 0.613859 0.710984 0.613859 0.708150 0.590016 0.621639 0.588141 0.615995 0.514734 0.585902 0.514734 0.585902 0.470188 0.659251 0.470188 0.659251
0 1 1 0.696016 0.857518 0.656031 0.856393 0.631891 0.839438 0.628875 0.816815 0.642453 0.794215 0.643203 0.760281 0.688469 0.733162 0.698266 0.748993 0.702047 0.787424 0.696016 0.817963 0.689219 0.831522
0 1 1 0.170516 0.847494 0.176188 0.835808 0.193219 0.830492 0.196766 0.821991 0.198891 0.801780 0.200312 0.784778 0.198891 0.773091 0.198172 0.764590 0.201016 0.748642 0.205266 0.743326 0.239312 0.766698 0.274062 0.767775 0.270516 0.778408 0.274766 0.791148 0.259172 0.807096 0.256328 0.825176 0.261297 0.834731 0.266266 0.842178 0.262000 0.846440 0.241438 0.849625 0.227969 0.855995 0.210938 0.859180 0.189672 0.858127 0.181156 0.859180 0.175484 0.859180
25 1 2 0.067281 0.655925 0.080313 0.645199 0.118078 0.652998 0.140203 0.657892 0.151281 0.657892 0.159094 0.672529 0.166906 0.680328 0.171469 0.690094 0.183187 0.673513 0.193609 0.661803 0.189703 0.646183 0.164953 0.626651 0.153234 0.608127 0.123281 0.603232 0.101141 0.593466 0.091375 0.595433 0.081609 0.622764 0.060766 0.638361 0.058172 0.644215 0.063375 0.650070
25 1 2 0.244328 0.488267 0.255000 0.513419 0.261609 0.530960 0.263141 0.542389 0.265687 0.553817 0.267203 0.556862 0.319578 0.571335 0.324156 0.573630 0.333813 0.566019 0.309406 0.556089 0.303813 0.515714 0.293141 0.494356 0.310937 0.453981 0.313484 0.444075 0.289578 0.437963 0.280937 0.445597 0.276859 0.450937 0.265687 0.465410 0.258563 0.476066 0.247375 0.484450
25 1 2 0.387625 0.316745 0.414047 0.274028 0.452328 0.264239 0.491797 0.288712 0.503672 0.334098 0.479031 0.377682 0.434516 0.387916 0.394453 0.362553
25 1 2 0.000266 0.467213 0.018625 0.442670 0.027562 0.433724 0.063313 0.415129 0.083656 0.406956 0.105500 0.418103 0.115422 0.421077 0.119391 0.434473 0.130812 0.453817 0.143219 0.476136 0.141734 0.491756 0.137766 0.499953 0.129813 0.501429 0.099047 0.491756 0.067281 0.496229 0.047422 0.510351 0.039484 0.503653 0.031047 0.487307 0.017141 0.476885 0.000000 0.476136 0.000000 0.473911
0 1 1 0.437906 0.404684 0.437906 0.395667 0.437359 0.391897 0.438016 0.385995 0.438781 0.384848 0.439984 0.383864 0.441844 0.383864 0.444797 0.384192 0.445781 0.383044 0.448516 0.382553 0.449937 0.381569 0.450922 0.382389 0.447641 0.391288 0.445563 0.394239 0.444797 0.398665 0.445016 0.403747 0.445125 0.407026 0.445016 0.408665 0.439656 0.406370
25 1 2 0.726375 0.542951 0.691703 0.542951 0.643141 0.560258 0.610781 0.542951 0.630813 0.487494 0.612312 0.437822 0.603063 0.427424 0.615391 0.404309 0.640828 0.384684 0.684766 0.376604 0.710203 0.396230 0.753359 0.426276 0.739484 0.444754 0.751047 0.495574 0.738719 0.529087
25 1 2 0.515766 0.548314 0.497766 0.512365 0.512766 0.451686 0.559234 0.420234 0.607219 0.431452 0.625203 0.483138 0.614719 0.539321 0.574234 0.573044
