17 1 0 0.536844 0.342014 0.539688 0.309391 0.544422 0.303724 0.554828 0.282436 0.561453 0.271077 0.604047 0.283841 0.622984 0.281007 0.643813 0.281007 0.666531 0.279602 0.686406 0.275340 0.716703 0.289532 0.718594 0.279602 0.729953 0.295199 0.735641 0.339180 0.736578 0.370398 0.732797 0.383162 0.720484 0.378923 0.713859 0.357635 0.707234 0.347705 0.702500 0.333513 0.676000 0.356206 0.670313 0.384590 0.665578 0.388852 0.663688 0.398782 0.662750 0.421475 0.656109 0.449859 0.654219 0.473981 0.665578 0.505199 0.638125 0.505199 0.637187 0.482482 0.637187 0.482482 0.634344 0.475386 0.638125 0.445597 0.635297 0.387424 0.602156 0.390258 0.594594 0.385995 0.591750 0.367564 0.581328 0.356206 0.587016 0.343443 0.587016 0.343443 0.584172 0.306557 0.578500 0.302295 0.569031 0.296628 0.564297 0.295199
0 1 1 0.479016 0.678407 0.493875 0.649766 0.507328 0.610515 0.510859 0.582951 0.512281 0.562787 0.514391 0.520375 0.522188 0.484309 0.528547 0.454614 0.522188 0.445059 0.509438 0.480070 0.512281 0.499157 0.505906 0.517190 0.500250 0.503396 0.499531 0.500211 0.505203 0.472646 0.520063 0.405831 0.544828 0.326276 0.558984 0.305059 0.563219 0.293396 0.566766 0.292342 0.570297 0.292342 0.578797 0.301897 0.585156 0.308244 0.590109 0.315667 0.592234 0.326276 0.592234 0.329461 0.586578 0.346440 0.585859 0.353864 0.587984 0.360211 0.592234 0.365527 0.596484 0.375059 0.597188 0.382482 0.595781 0.403700 0.595781 0.429157 0.596484 0.440820 0.597891 0.453560 0.594359 0.517190 0.589406 0.525667 0.590109 0.565972 0.593656 0.586136 0.595062 0.607330 0.601438 0.654005 0.604266 0.664614 0.608516 0.666745 0.618422 0.676276 0.608516 0.684052 0.592234 0.681920 0.587984 0.668126 0.586578 0.644801 0.584453 0.626768 0.581625 0.614052 0.581625 0.599180 0.573125 0.559953 0.560391 0.520703 0.553312 0.503747 0.549781 0.512225 0.539875 0.537682 0.529250 0.577986 0.524297 0.605550 0.513687 0.637377 0.513687 0.655410 0.510156 0.668126 0.506609 0.675550 0.496703 0.674497
0 1 1 0.141844 0.448408 0.140125 0.396136 0.136250 0.388384 0.130219 0.343864 0.130656 0.312881 0.139266 0.283841 0.154766 0.270281 0.155625 0.268361 0.156047 0.259321 0.156484 0.243817 0.164672 0.236089 0.175422 0.241241 0.178438 0.252857 0.177156 0.259953 0.180172 0.265129 0.190500 0.282553 0.199969 0.307073 0.202984 0.325129 0.196094 0.343208 0.182750 0.354169 0.183609 0.375480 0.183609 0.454848 0.178875 0.460656 0.173703 0.492272 0.175000 0.502600 0.182750 0.520679 0.165094 0.523911 0.164234 0.501311 0.164672 0.474215 0.162937 0.448408 0.157344 0.452904 0.153469 0.494871 0.153469 0.512927 0.153047 0.523911 0.138406 0.521311 0.146578 0.494215 0.142281 0.448408
0 1 1 0.042578 0.289063 0.041422 0.266347 0.050734 0.261101 0.058906 0.261101 0.060062 0.278571 0.060062 0.290796 0.065891 0.315269 0.070562 0.358946 0.083375 0.383396 0.085703 0.406112 0.077547 0.407845 0.071719 0.399110 0.075219 0.432319 0.074047 0.462014 0.065891 0.488220 0.075219 0.505691 0.078719 0.517916 0.069391 0.519672 0.061234 0.516159 0.057734 0.502201 0.056563 0.477728 0.056563 0.465504 0.056563 0.435808 0.056563 0.420094 0.054234 0.400867 0.048406 0.414848 0.048406 0.446300 0.046078 0.477728 0.048406 0.505691 0.044906 0.514426 0.032094 0.512670 0.032094 0.505691 0.034422 0.484731 0.033250 0.463747 0.032094 0.442787 0.030922 0.425316 0.023937 0.397377 0.023937 0.378150 0.023937 0.360679 0.023937 0.330984 0.028594 0.310023 0.034422 0.303044
24 1 1 0.578594 0.354520 0.568281 0.362881 0.560125 0.361593 0.553250 0.364824 0.539500 0.378337 0.533063 0.390562 0.527469 0.404731 0.524891 0.420843 0.523609 0.433068 0.528328 0.437564 0.525750 0.447237 0.525750 0.457541 0.533484 0.465269 0.550234 0.472342 0.561844 0.472342 0.567000 0.467190 0.576453 0.458173 0.579031 0.447869 0.582469 0.436276 0.583750 0.430492 0.585469 0.418899 0.585469 0.412459 0.582891 0.398290 0.581609 0.386698 0.578172 0.377682 0.579453 0.369977 0.588906 0.357728 0.590187 0.357096
11 1 1 0.438703 0.094286 0.450547 0.105831 0.454984 0.125363 0.454094 0.150656 0.448469 0.171967 0.443141 0.181288 0.436328 0.181733 0.429812 0.179953 0.421828 0.163981 0.418859 0.138689 0.421234 0.118712 0.426562 0.102717 0.432781 0.096066 0.436031 0.096066
24 1 1 0.138078 0.309415 0.135609 0.362248 0.152016 0.394192 0.176609 0.386838 0.183156 0.372084 0.184797 0.345059 0.184797 0.326628 0.181516 0.299602 0.173328 0.297143 0.162672 0.295902 0.158563 0.282389 0.147906 0.293443 0.139719 0.304496
26 1 0 0.073781 0.443489 0.049219 0.429672 0.051531 0.372178 0.027734 0.312389 0.033109 0.299719 0.055359 0.361827 0.065344 0.368735 0.079141 0.380234
0 1 0 0.399359 0.304450 0.406484 0.297588 0.408016 0.287681 0.408516 0.278525 0.405469 0.266323 0.402922 0.251101 0.402922 0.242717 0.405969 0.235082 0.411062 0.232037 0.419203 0.234333 0.423266 0.244988 0.425297 0.257190 0.425297 0.264801 0.425297 0.274707 0.425297 0.282342 0.422250 0.292248 0.419203 0.297588 0.412078 0.304450 0.403438 0.311288 0.394281 0.315105 0.389703 0.315878 0.386656 0.304450
0 1 0 0.381406 0.272576 0.374016 0.264965 0.373094 0.257705 0.370328 0.249766 0.374250 0.244918 0.378859 0.243536 0.385547 0.248712 0.386469 0.257377 0.385094 0.263583 0.384406 0.268782
0 1 0 0.607484 0.640047 0.649281 0.619906 0.691063 0.610960 0.726891 0.608712 0.750766 0.599766 0.746297 0.561733 0.776141 0.557260 0.792562 0.555035 0.804500 0.588571 0.806000 0.602014 0.814953 0.617658 0.820922 0.653466 0.820922 0.669110 0.806000 0.666885 0.776141 0.669110 0.747781 0.669110 0.740328 0.671358 0.703016 0.671358 0.674656 0.666885 0.646297 0.655691 0.625391 0.664637 0.610469 0.660164 0.604500 0.648993 0.585094 0.664637 0.582109 0.628852 0.568672 0.610960 0.567187 0.635574 0.552266 0.615433 0.546281 0.640047 0.544797 0.660164
0 1 1 0.345000 0.303279 0.346422 0.287330 0.353516 0.265012 0.359188 0.258642 0.367703 0.248009 0.379750 0.254379 0.391813 0.285199 0.388969 0.290515 0.382594 0.296909 0.382594 0.313911 0.401031 0.348993 0.407406 0.373443 0.407406 0.401077 0.404578 0.414895 0.405281 0.435082 0.399609 0.482927 0.396062 0.514824 0.401031 0.569016 0.395359 0.614731 0.398187 0.661499 0.401031 0.663630 0.397484 0.667892 0.389687 0.667892 0.383297 0.652998 0.382594 0.620047 0.379047 0.575410 0.374078 0.545644 0.369828 0.510562 0.364859 0.498876 0.362734 0.521194 0.358484 0.567963 0.357766 0.597728 0.361313 0.633864 0.364859 0.659391 0.365562 0.670000 0.354219 0.674262 0.346422 0.658314 0.343578 0.626417 0.340031 0.599860 0.337906 0.574333 0.340031 0.546698 0.340750 0.520141 0.342172 0.493560 0.334359 0.461663 0.331531 0.427658 0.329406 0.401077 0.327266 0.381944 0.334359 0.316042
