0 1 0 0.965953 0.664550 0.969359 0.652333 0.969141 0.642933 0.972750 0.635081 0.971266 0.632887 0.970406 0.615958 0.972109 0.607829 0.972531 0.605612 0.969141 0.601224 0.969141 0.584619 0.971687 0.576143 0.970406 0.572079 0.970828 0.566443 0.973594 0.563926 0.975500 0.565497 0.977406 0.568637 0.979953 0.570208 0.979109 0.576143 0.978469 0.578360 0.982078 0.589630 0.985047 0.594018 0.989078 0.602494 0.988859 0.622240 0.989297 0.634457 0.993109 0.660485 1.000000 0.660162 0.999469 0.669584 0.994797 0.669885 0.989500 0.668637 0.989297 0.662055 0.985047 0.646074 0.984625 0.636351 0.982922 0.633834 0.981656 0.632887 0.979328 0.633210 0.979531 0.639792 0.975500 0.650139 0.972953 0.658614 0.972531 0.664550 0.975719 0.667067 0.978891 0.669261 0.976562 0.672402 0.973594 0.672702 0.969563 0.672702 0.964266 0.669261 0.964891 0.663926
0 1 0 0.965937 0.639746 0.959672 0.654550 0.962500 0.668430 0.952172 0.670739 0.949031 0.665196 0.949344 0.665658 0.957797 0.636975 0.952172 0.626790 0.954047 0.591617 0.959672 0.578199 0.958109 0.568037 0.964063 0.562471 0.968750 0.568961 0.968750 0.580993 0.965312 0.580069 0.968125 0.593025 0.970016 0.600878 0.971266 0.606443 0.970328 0.615219 0.971891 0.636975 0.970641 0.640670 0.976578 0.647621 0.976578 0.649931 0.974391 0.654550 0.980656 0.670739 0.987219 0.661501 0.987531 0.658707 0.979406 0.654088
2 1 0 0.699594 0.610901 0.699594 0.610901 0.705281 0.606374 0.748062 0.601224 0.755047 0.606374 0.764656 0.627021 0.785609 0.633487 0.786047 0.633487 0.787359 0.652194 0.787797 0.652841 0.787797 0.664457 0.787359 0.679307 0.784297 0.683811 0.776875 0.683811 0.770328 0.668337 0.753297 0.673487 0.750687 0.682517 0.744563 0.682517 0.740203 0.677367 0.731469 0.679307 0.726234 0.688337 0.719688 0.690277 0.714437 0.688337 0.713141 0.686397 0.710516 0.679307 0.710516 0.679307 0.703531 0.679307 0.703531 0.679307 0.703531 0.679307
0 1 0 0.534844 0.559561 0.532641 0.545589 0.536734 0.537206 0.549016 0.532540 0.554688 0.540000 0.555641 0.556282 0.573594 0.577714 0.585563 0.586559 0.586500 0.594919 0.578625 0.598199 0.573594 0.598199 0.565406 0.598199 0.559734 0.599584 0.557219 0.620531 0.559734 0.640092 0.560984 0.652194 0.543031 0.654527 0.536734 0.642887 0.531391 0.614018 0.527609 0.584226 0.527297 0.569792
0 1 0 0.051969 0.680069 0.050266 0.688637 0.050266 0.692656 0.047547 0.696697 0.044469 0.701224 0.042766 0.704249 0.041406 0.711824 0.041406 0.720878 0.042094 0.724411 0.043797 0.735497 0.048563 0.751132 0.048906 0.765727 0.048563 0.778845 0.047891 0.789423 0.049594 0.794965 0.060844 0.792956 0.065266 0.792956 0.070734 0.792956 0.068344 0.790439 0.067313 0.775312 0.065953 0.748106 0.064594 0.730970 0.064250 0.720393 0.064938 0.702748 0.063234 0.694688 0.060500 0.694688 0.058453 0.694180 0.059141 0.690139 0.060500 0.684596 0.060500 0.678545 0.058109 0.677044 0.053688 0.675035
0 1 0 0.334922 0.636513 0.332656 0.623718 0.335531 0.614573 0.340281 0.611825 0.349750 0.614573 0.353875 0.629192 0.353875 0.638938 0.358000 0.649607 0.351406 0.653256 0.326266 0.653256 0.326469 0.641986 0.332437 0.637113
0 1 0 0.448609 0.373256 0.454141 0.326882 0.470750 0.315958 0.482750 0.360993 0.478141 0.369169
0 1 0 0.028641 0.647182 0.026547 0.650254 0.026734 0.657529 0.019938 0.666189 0.020688 0.676813 0.023141 0.674019 0.021250 0.683811 0.022391 0.693326 0.022953 0.723510 0.026359 0.725196 0.025234 0.720162 0.027500 0.701709 0.036016 0.724642 0.041687 0.718776 0.037344 0.712610 0.033734 0.689400 0.034312 0.689400 0.035250 0.672356 0.039797 0.680739 0.042828 0.682125 0.044531 0.679607 0.040734 0.674296 0.037344 0.670670 0.035062 0.662564 0.031844 0.659769 0.032234 0.650531 0.031469 0.648291
0 1 0 0.470188 0.641247 0.469938 0.634180 0.473531 0.631363 0.473047 0.618314 0.473766 0.614088 0.479016 0.611963 0.479016 0.629238 0.481641 0.629238 0.479969 0.642656
26 1 1 0.981609 0.622494 0.978563 0.618845 0.976281 0.614342 0.975141 0.610139 0.974203 0.604249 0.974578 0.601432 0.976859 0.600878 0.978375 0.601986 0.981047 0.603118 0.984844 0.601709 0.986547 0.601155 0.989781 0.601155 0.989016 0.605635 0.988453 0.609584 0.988266 0.614919 0.988828 0.620531 0.985797 0.622494 0.985219 0.622494 0.985031 0.622494
0 1 0 0.303344 0.451270 0.301078 0.447691 0.301891 0.440300 0.303656 0.434573 0.303656 0.434342 0.301891 0.425289 0.296562 0.420508 0.291734 0.420508 0.288656 0.430046 0.289953 0.443164 0.290766 0.446744 0.286734 0.454596
0 1 0 0.265125 0.465012 0.265687 0.459330 0.266266 0.455543 0.268828 0.450901 0.271391 0.448176 0.271953 0.445427 0.273094 0.438268 0.274516 0.432587 0.277938 0.429238 0.281203 0.427968 0.281359 0.459122
0 1 0 0.418281 0.645704 0.419562 0.639769 0.421562 0.638684 0.424297 0.637875 0.426125 0.635196 0.425203 0.630346 0.425750 0.626028 0.427219 0.621178 0.428312 0.620647 0.438516 0.620369 0.440156 0.624942 0.441063 0.630069 0.443250 0.633025 0.443797 0.648660 0.418094 0.648938
5 1 0 0.235125 0.383418 0.438406 0.264573 0.535484 0.221963 0.640156 0.239908 0.675047 0.358753 0.716000 0.690577 0.729656 0.755612 0.716000 0.858753 0.673531 0.865473 0.640156 0.825104 0.564313 0.845289 0.517281 0.901339 0.455094 0.876674 0.345859 0.829607 0.336766 0.860993 0.254844 0.820624 0.218438 0.477575
