0 1 1 0.313156 0.463349 0.304328 0.507143 0.302125 0.552600 0.302125 0.584824 0.298266 0.619532 0.298266 0.640187 0.306531 0.652576 0.313156 0.661663 0.418469 0.791405 0.412391 0.837705 0.414594 0.879836 0.414594 0.916206 0.419016 0.950913 0.407984 0.960820 0.398609 0.955035 0.392000 0.942646 0.387031 0.929415 0.383719 0.926932 0.371594 0.930258 0.361672 0.917845 0.364422 0.891405 0.366078 0.866628 0.361125 0.840164 0.360016 0.817026 0.360563 0.798852 0.364422 0.788946 0.317563 0.664988 0.324734 0.657541 0.324172 0.622014 0.320875 0.608782 0.315906 0.592248 0.321422 0.527799 0.324172 0.502998 0.329141 0.480703 0.328594 0.426979 0.375453 0.374918 0.378766 0.355082 0.376000 0.338548 0.369937 0.335246 0.370500 0.315410 0.378766 0.285667 0.388687 0.276581 0.396953 0.279063 0.405234 0.282365 0.411844 0.293934 0.414594 0.313770 0.414047 0.338548 0.410187 0.361686 0.404672 0.371616 0.411297 0.379040 0.465328 0.489789 0.479656 0.547635 0.486281 0.582342 0.495656 0.615386 0.487375 0.639368 0.478000 0.644309 0.469187 0.603817 0.469734 0.579040 0.464219 0.558384 0.462563 0.547635
0 1 0 0.664156 0.474824 0.659859 0.461920 0.657703 0.447073 0.655984 0.436112 0.657703 0.423208 0.661156 0.399321 0.665031 0.386417 0.667609 0.378665 0.679234 0.368337 0.686125 0.361241 0.689562 0.352225 0.689141 0.343185 0.686984 0.339953 0.686984 0.332857 0.688703 0.324473 0.693016 0.318009 0.698609 0.314145 0.705500 0.314145 0.709797 0.318009 0.713672 0.324473 0.713250 0.339953 0.711953 0.353513 0.709797 0.360609 0.708938 0.363185 0.713672 0.365129 0.718422 0.370937 0.720563 0.374145 0.722297 0.379953 0.723578 0.383841 0.724438 0.387705 0.718422 0.401897 0.711953 0.425129 0.707656 0.445152 0.704203 0.463864 0.701625 0.484497 0.700766 0.505152 0.703562 0.524262 0.705438 0.538290 0.708250 0.544614 0.709188 0.565644 0.713859 0.577564 0.712922 0.598618 0.711062 0.613349 0.706375 0.634379 0.704031 0.648407 0.704500 0.657518 0.707312 0.664543 0.710125 0.669555 0.714797 0.670258 0.716672 0.675878 0.716672 0.682881 0.709188 0.682178 0.701703 0.681499 0.692813 0.678688 0.684859 0.679391 0.680172 0.673771 0.678297 0.663255 0.676437 0.657635 0.676437 0.633794 0.675031 0.619063 0.671750 0.591710 0.671281 0.576300 0.672687 0.565761 0.670812 0.555246 0.670812 0.541218 0.667078 0.518782 0.665203 0.501944 0.663797 0.491429 0.664734 0.476698
72 1 1 0.335828 0.376066 0.308969 0.769789 0.326875 0.794403 0.459719 0.789930 0.468672 0.387237
56 1 0 0.079062 0.602178 0.071234 0.595550 0.056625 0.591967 0.060703 0.675550 0.068516 0.677096 0.088578 0.645480 0.079406 0.620000 0.100484 0.616440 0.106953 0.599625 0.114422 0.603700 0.128719 0.584848 0.130750 0.543560 0.141969 0.557822 0.122938 0.604707 0.129391 0.677096 0.113750 0.657213
0 1 1 0.981250 0.367752 0.993234 0.391101 0.999828 0.407260 1.000000 0.528501 1.000000 0.614707 0.969875 0.617400 0.966875 0.612014 0.972266 0.594965 0.972266 0.558127 0.965078 0.533888 0.960875 0.486300 0.960281 0.462037 0.954297 0.444075 0.950688 0.418033 0.954891 0.391991 0.962672 0.389297 0.968672 0.373138 0.972266 0.364145 0.977063 0.365059
56 1 0 0.146812 0.603841 0.145500 0.563489 0.143531 0.544286 0.143531 0.516230 0.145172 0.473419 0.153719 0.466042 0.162578 0.464567 0.170453 0.464567 0.180312 0.466042 0.182609 0.469977 0.183922 0.473911 0.184578 0.485714 0.184250 0.496066 0.183594 0.512787 0.184906 0.524614 0.186547 0.531991 0.189828 0.535925 0.195734 0.538876 0.198031 0.544286 0.197047 0.559040 0.197047 0.566932 0.198359 0.575785 0.200328 0.589063 0.201312 0.596440 0.201312 0.599906 0.206906 0.617119 0.200328 0.631874 0.193109 0.643700 0.188516 0.648618 0.185563 0.645667 0.173406 0.624005 0.170781 0.617611 0.166516 0.618595 0.162250 0.626956 0.157000 0.633864 0.152063 0.636815 0.147797 0.638290 0.145172 0.636323 0.145828 0.612693 0.147797 0.603841
0 1 1 0.265438 0.630749 0.255297 0.628899 0.250078 0.622459 0.250688 0.616932 0.250688 0.608642 0.251000 0.602178 0.248844 0.591124 0.246391 0.536768 0.253453 0.497635 0.253156 0.478290 0.247922 0.438665 0.244547 0.415644 0.239016 0.396745 0.239625 0.379251 0.244547 0.366347 0.250688 0.358970 0.254687 0.335035 0.257141 0.323981 0.262375 0.321218 0.269125 0.321663 0.272516 0.325808 0.275578 0.328126 0.278344 0.336417 0.279891 0.350234 0.279266 0.358970 0.275578 0.361288 0.283266 0.363115 0.288188 0.367728 0.291562 0.376487 0.294016 0.392155 0.298937 0.403653 0.304781 0.425316 0.301094 0.448806 0.296172 0.460328 0.290953 0.470000 0.295563 0.519274 0.292172 0.544145 0.290031 0.558899 0.290641 0.576393 0.291562 0.606792 0.294328 0.613700 0.297703 0.617845 0.293406 0.627986 0.284187 0.627518 0.277734 0.620609 0.274656 0.605878 0.274047 0.572248 0.271891 0.551054 0.272203 0.538618 0.270047 0.532178 0.266062 0.537237 0.262984 0.574543 0.266672 0.606792 0.268516 0.624754 0.270047 0.633044
25 1 1 0.959141 0.328056 0.940812 0.350960 0.930625 0.358595 0.924516 0.360422 0.924719 0.374473 0.941422 0.374778 0.959141 0.375386 0.968109 0.375995 0.965656 0.363770 0.966484 0.359204 0.971359 0.357681 0.974828 0.339977 0.960156 0.325316
0 1 0 0.305516 0.502248 0.303813 0.434965 0.303813 0.413396 0.295344 0.396885 0.287719 0.382927 0.292812 0.365152 0.299578 0.353747 0.313984 0.353747 0.324141 0.382927 0.330063 0.389274 0.323297 0.415925 0.322437 0.437518
0 1 0 0.432453 0.384965 0.437297 0.352248 0.443609 0.345714 0.457672 0.344988 0.464953 0.356604 0.472234 0.367518 0.470766 0.391499
25 1 1 0.000000 0.323817 0.006141 0.327471 0.016438 0.331405 0.020000 0.337307 0.021688 0.349672 0.022062 0.353888 0.015500 0.354450 0.002016 0.353045 0.000000 0.352763
0 1 0 0.763797 0.334965 0.761438 0.323326 0.754609 0.318033 0.745188 0.323326 0.745422 0.332155 0.745891 0.342037 0.748250 0.348735 0.748953 0.355082 0.748953 0.360023 0.748953 0.362482 0.761672 0.349438 0.764031 0.336393
0 1 1 0.864109 0.442810 0.878609 0.432998 0.887500 0.423888 0.887031 0.407752 0.887500 0.379696 0.898734 0.367775 0.912766 0.362178 0.925406 0.374801 0.931016 0.396534 0.931016 0.411265 0.932422 0.416862 0.944578 0.426698 0.953938 0.456838 0.960969 0.496112 0.955812 0.510141 0.940375 0.524871 0.942250 0.595012 0.935703 0.602717 0.931016 0.623044 0.933359 0.717026 0.927734 0.729649 0.911359 0.728244 0.911359 0.695995 0.907625 0.597096 0.905750 0.606932 0.907625 0.740867 0.900141 0.742974 0.892187 0.742272 0.879547 0.732459 0.880016 0.714918 0.872063 0.599906 0.857563 0.594309 0.855687 0.559227 0.854750 0.497518 0.858484 0.470164
0 1 1 0.761641 0.860679 0.752641 0.851686 0.751141 0.820234 0.754141 0.784262 0.748156 0.743817 0.740656 0.707869 0.727156 0.642693 0.725656 0.622482 0.718156 0.577518 0.703172 0.557307 0.698672 0.516862 0.728656 0.379766 0.749656 0.359555 0.761641 0.348314 0.764641 0.328080 0.781141 0.285386 0.814125 0.307869 0.812625 0.341569 0.812625 0.350562 0.830609 0.408993 0.853094 0.469672 0.856094 0.494379 0.844109 0.505621 0.829109 0.674169 0.817125 0.766300 0.821609 0.815738 0.830609 0.840445 0.823109 0.858431 0.803625 0.826955 0.794625 0.802248 0.794625 0.775269 0.797625 0.743817 0.799125 0.716862 0.785625 0.678642 0.775141 0.696628 0.773641 0.779766 0.772141 0.811241 0.778141 0.844941
0 1 0 0.003000 0.177518 0.017984 0.235948 0.009000 0.328080 0.023984 0.368548 0.067469 0.415738 0.059969 0.505621 0.044984 0.638197 0.050969 0.737073 0.068969 0.833700 0.058469 0.901124 0.061469 0.986511 0.065969 0.997752 0.001500 0.993255 0.000000 0.595504
0 1 0 0.061625 0.528548 0.064938 0.513653 0.074891 0.519438 0.078766 0.533536 0.082078 0.508689 0.076547 0.477213 0.091469 0.457330 0.105281 0.479696 0.107500 0.492108 0.127391 0.503700 0.130703 0.532693 0.130156 0.576604 0.129047 0.586534 0.111922 0.603934 0.107500 0.625457 0.121859 0.660258 0.098656 0.690070 0.092016 0.685925 0.093687 0.679297 0.078766 0.622155 0.073781 0.600609 0.059969 0.588197 0.060531 0.574941 0.061625 0.565831 0.062188 0.535176
