0 1 1 0.323078 0.238972 0.276187 0.348061 0.364766 0.524673 0.394297 0.553248 0.411672 0.667523 0.434250 0.820771 0.411672 0.828575 0.392563 0.807804 0.361297 0.633762 0.376938 0.870140 0.390828 0.903902 0.376938 0.942850 0.345672 0.945444 0.312656 0.659743 0.291812 0.457150 0.277922 0.459743 0.270969 0.449346 0.267500 0.368832 0.267500 0.342850 0.305719 0.296098 0.307453 0.283107 0.298766 0.257150 0.302234 0.202593 0.319609 0.192196 0.347406 0.210397 0.354344 0.241565 0.359562 0.283107 0.363031 0.288318 0.413406 0.374019 0.437734 0.376612 0.437734 0.345444 0.427313 0.329860 0.385609 0.296098 0.371719 0.283107
24 1 1 0.366687 0.512360 0.342641 0.469673 0.309578 0.426963 0.287031 0.397757 0.281031 0.359556 0.297563 0.325841 0.314094 0.301122 0.339641 0.244953 0.371188 0.296636 0.401250 0.359556 0.428297 0.375280 0.452344 0.395514 0.476391 0.429206 0.476391 0.480888 0.464375 0.525841 0.452344 0.566285 0.411766 0.582033 0.396734 0.561799 0.383219 0.534836
28 1 1 0.656734 0.982033 0.620656 0.773037 0.649219 0.741565 0.652219 0.732593 0.620656 0.541565 0.625172 0.548318 0.640203 0.550561 0.650719 0.548318 0.655219 0.525841 0.659734 0.521355 0.667250 0.532593 0.683781 0.635958 0.701813 0.705607 0.731875 0.714603 0.754406 0.719112 0.769437 0.734836 0.790484 0.768528 0.819031 0.869673 0.853594 0.982033 0.858109 1.000000 0.659734 1.000000
0 1 1 0.465281 0.374019 0.477250 0.286776 0.495203 0.233084 0.487719 0.219650 0.498203 0.159252 0.517641 0.150304 0.532609 0.148061 0.564031 0.163738 0.568516 0.188341 0.568516 0.206238 0.561031 0.237547 0.592453 0.242033 0.629859 0.329276 0.622375 0.338224 0.643313 0.463505 0.650797 0.488107 0.658281 0.521682 0.658281 0.528388 0.646313 0.535093 0.643313 0.591028 0.631344 0.602220 0.628359 0.667079 0.638828 0.743154 0.629859 0.761051 0.631344 0.877383 0.613391 0.890794 0.608906 0.944486 0.570016 0.944486 0.550563 0.863949 0.538594 0.707360 0.528125 0.644720 0.523625 0.660374 0.510172 0.646963 0.492219 0.548528 0.481734 0.510491 0.478750 0.434416 0.478750 0.412056 0.468281 0.407570 0.468281 0.387453
0 1 1 0.124484 0.369486 0.116437 0.425000 0.112609 0.451893 0.107641 0.469065 0.101906 0.500537 0.099984 0.539439 0.095391 0.549159 0.097687 0.572617 0.110703 0.585794 0.114906 0.574907 0.108031 0.570911 0.113375 0.559463 0.121031 0.554883 0.121031 0.545164 0.134422 0.509112 0.139406 0.496519 0.138641 0.514836 0.136344 0.556612 0.138250 0.586939 0.140547 0.597243 0.149359 0.590935 0.152797 0.582360 0.165047 0.626425 0.185328 0.685935 0.187234 0.695654 0.189156 0.705374 0.168484 0.806659 0.187625 0.811822 0.184563 0.823832 0.187234 0.858154 0.189531 0.866168 0.204844 0.866168 0.214016 0.858738 0.214016 0.851869 0.206750 0.820397 0.205609 0.811238 0.210578 0.791215 0.222828 0.787196 0.236984 0.777477 0.245781 0.764322 0.246547 0.749439 0.240047 0.738575 0.235063 0.711098 0.229328 0.704229 0.226656 0.691075 0.223969 0.683061 0.228563 0.614393 0.233156 0.585794 0.246937 0.580070 0.250766 0.574346 0.244641 0.533715 0.244641 0.514836 0.246547 0.518271 0.249234 0.540000 0.251531 0.545724 0.252672 0.554322 0.254969 0.566916 0.258797 0.565771 0.259172 0.562897 0.260328 0.572617 0.266828 0.571472 0.275250 0.552033 0.273719 0.537149 0.274094 0.534299 0.270281 0.522266 0.262625 0.479930 0.260703 0.463902 0.253063 0.429579 0.245781 0.386659 0.241953 0.357477 0.201391 0.334019 0.196031 0.329439 0.194891 0.323715 0.192203 0.312266 0.197563 0.300257 0.195266 0.289393 0.192969 0.286519 0.190297 0.272220 0.183797 0.261916 0.176906 0.256192 0.166953 0.254486 0.158531 0.257921 0.151266 0.270491 0.147828 0.281939 0.147437 0.287664 0.147437 0.300818 0.152031 0.311121 0.152031 0.322570 0.154703 0.330584 0.157000 0.336869 0.157000 0.343738 0.145141 0.351752 0.134813 0.359182
7 1 0 0.833609 0.429042 0.832484 0.390023 0.832859 0.366846 0.843063 0.361192 0.877109 0.354953 0.903203 0.354953 0.925891 0.353832 0.931578 0.392290 0.936859 0.404743 0.939516 0.423388 0.931953 0.428481 0.930437 0.437523 0.926656 0.439790 0.922109 0.439790 0.918719 0.435841 0.895641 0.436402 0.888828 0.442056 0.882781 0.442056 0.880125 0.442056 0.875969 0.439790 0.873328 0.434696 0.866891 0.440374 0.861609 0.440374 0.857813 0.444322 0.844953 0.444322 0.843828 0.438107 0.835125 0.439229
26 1 0 0.522766 0.254930 0.558469 0.314229 0.577297 0.340911 0.596141 0.361682 0.597125 0.386893 0.582266 0.375023 0.519797 0.287547 0.509875 0.260864 0.507891 0.253458
2 1 0 1.000000 0.378715 0.980250 0.382874 0.979547 0.383224 0.966328 0.393622 0.959609 0.399509 0.953594 0.400888 0.946625 0.407827 0.946172 0.412336 0.946406 0.427593 0.960078 0.439369 0.971203 0.439720 0.974906 0.431402 0.994375 0.431752 0.997625 0.437991 0.999484 0.437991 0.999484 0.437991
0 1 0 0.963125 0.387687 0.965016 0.397593 0.974203 0.395864 0.973047 0.383855 0.967313 0.372991 0.961563 0.377570 0.960797 0.390140
0 1 1 0.461500 0.433668 0.458937 0.422173 0.462641 0.421308 0.466906 0.419182 0.467766 0.416215 0.464625 0.410678 0.462641 0.403435 0.463781 0.396612 0.466906 0.393224 0.468625 0.393224 0.469187 0.408107 0.476594 0.412383 0.476594 0.417056 0.478875 0.419182 0.483141 0.511565 0.486562 0.530724 0.488344 0.536472 0.482234 0.552477 0.486813 0.579907 0.481719 0.579907 0.476109 0.573808 0.477141 0.568481 0.466937 0.517430 0.462359 0.486939 0.464906 0.470935 0.467969 0.459509 0.467969 0.445771 0.459297 0.422921
0 1 0 0.756797 0.413668 0.752484 0.413949 0.752672 0.419276 0.750781 0.422664 0.749469 0.425748 0.748344 0.428832 0.748906 0.431636 0.750031 0.433341 0.750406 0.440911 0.749281 0.447383 0.747406 0.450467 0.750984 0.451869 0.752297 0.447944 0.753797 0.443995 0.754172 0.439229 0.754547 0.434463 0.756609 0.435864 0.757547 0.442593 0.757734 0.445701 0.757922 0.449626 0.760188 0.451028 0.762437 0.451028 0.762062 0.447944 0.760563 0.442313 0.760750 0.435864 0.760375 0.431636 0.757734 0.428551 0.761688 0.429393 0.759812 0.424346 0.758859 0.423505 0.757359 0.421262 0.757172 0.417874 0.756984 0.415350
0 1 0 0.745844 0.425654 0.743750 0.426916 0.743328 0.428785 0.743328 0.429416 0.743328 0.430210 0.744281 0.434907 0.745531 0.438505 0.746063 0.439743 0.747109 0.441939 0.747734 0.444439 0.748047 0.445070 0.748984 0.444766 0.749719 0.442103 0.750141 0.440678 0.750250 0.437407 0.749625 0.435047 0.748672 0.432710 0.747516 0.431449 0.747516 0.430981 0.747734 0.429883 0.748469 0.428481 0.748469 0.428154 0.746797 0.426916
0 1 0 0.722125 0.418131 0.721828 0.415234 0.721922 0.413364 0.724141 0.412640 0.724828 0.414650 0.724250 0.417266 0.725016 0.418271 0.726656 0.417827 0.728109 0.418411 0.729266 0.419416 0.730234 0.421005 0.730906 0.423318 0.727906 0.422173 0.726359 0.422593 0.726359 0.424907 0.725984 0.429393 0.726266 0.431402 0.726359 0.434579 0.726359 0.440935 0.725594 0.446565 0.726359 0.450911 0.726172 0.452336 0.724047 0.452921 0.722406 0.454369 0.721828 0.451636 0.723281 0.444977 0.722219 0.437757 0.721438 0.433154 0.720469 0.430257 0.719406 0.427804 0.719406 0.425210 0.721344 0.422757 0.721828 0.419579 0.721641 0.416542
0 1 0 0.943672 0.382991 0.941594 0.390537 0.939844 0.395444 0.940500 0.422944 0.941813 0.431472 0.943453 0.435421 0.945219 0.437710 0.947078 0.438037 0.947734 0.435421 0.947734 0.431308 0.947734 0.424089 0.947406 0.418201 0.947406 0.408037 0.949266 0.402944 0.949594 0.396098 0.950266 0.392500 0.948938 0.388902 0.948719 0.387079 0.948500 0.382991 0.945656 0.382173 0.944234 0.383808 0.943453 0.384299
0 1 0 0.695469 0.454556 0.693547 0.448318 0.692797 0.442056 0.692688 0.439322 0.692906 0.436285 0.692469 0.432453 0.692266 0.428435 0.692266 0.423785 0.691406 0.419953 0.691609 0.416425 0.688828 0.414346 0.687656 0.417056 0.687109 0.419953 0.686469 0.420911 0.685609 0.426682 0.685187 0.433575 0.686047 0.442383 0.685500 0.447500 0.684656 0.452313 0.683359 0.455187 0.683688 0.456005 0.685609 0.456799 0.688187 0.456799 0.688500 0.452944 0.688406 0.450397 0.689250 0.446542 0.689359 0.446215 0.691406 0.452640 0.692266 0.456472 0.695469 0.456636 0.697609 0.456636 0.697609 0.455187 0.696109 0.454720
0 1 0 0.652078 0.428294 0.652516 0.425304 0.652344 0.422710 0.652781 0.421939 0.654422 0.422710 0.654688 0.426215 0.654688 0.426215 0.656250 0.427640 0.657219 0.430000 0.658078 0.439089 0.658172 0.441168 0.658172 0.444299 0.659125 0.447407 0.660609 0.448201 0.661219 0.449766 0.661219 0.452103 0.661297 0.453271 0.661563 0.454696 0.659125 0.455093 0.656516 0.453785 0.654516 0.452220 0.654250 0.453925 0.653562 0.457687 0.653031 0.459509 0.652781 0.457173 0.652516 0.455093 0.653125 0.453388 0.653641 0.451589 0.651469 0.448598 0.650953 0.445607 0.650000 0.445724 0.649906 0.449626 0.649297 0.449766 0.647812 0.449229 0.647906 0.446378 0.648859 0.442991 0.649906 0.440794 0.650859 0.439486 0.650688 0.437523 0.650688 0.436495 0.650000 0.435070 0.649641 0.434159 0.649203 0.432453 0.649203 0.431285 0.649391 0.430911 0.649906 0.429346 0.650344 0.428178
0 1 0 0.715312 0.451706 0.714078 0.445210 0.713828 0.440187 0.713828 0.433692 0.713828 0.429977 0.715562 0.429229 0.717422 0.429790 0.718672 0.432944 0.720281 0.436472 0.720781 0.443154 0.719172 0.445584 0.718422 0.447617 0.720031 0.450958 0.718422 0.452266 0.716437 0.452827
