73 1 0 0.369062 0.999579 0.356219 0.997313 0.355453 0.980374 0.345625 0.928364 0.360000 0.928364 0.377391 0.958879 0.370578 0.998458
73 1 0 0.316453 1.000000 0.319047 0.966729 0.315000 0.961098 0.319844 0.958551 0.322969 0.963224 0.324391 0.967897 0.326672 0.963224 0.326672 0.957266 0.318703 0.944486 0.332359 0.945771 0.336359 0.942360 0.343469 0.937243 0.345750 0.936402 0.348312 0.940654 0.350313 0.947056 0.350313 0.959813 0.356000 0.976005 0.356562 0.982804 0.353719 0.999836
0 0 1 0.700875 0.429322 0.691141 0.433995 0.686719 0.413925 0.687453 0.401542 0.688375 0.392477 0.690766 0.387523 0.691500 0.383949 0.693703 0.384229 0.695734 0.390000 0.696281 0.395771 0.698297 0.399346 0.699047 0.402921 0.698125 0.425467
0 0 1 0.414141 0.421659 0.415234 0.413154 0.415234 0.406565 0.413766 0.401098 0.415234 0.397804 0.415422 0.392593 0.415234 0.388738 0.415234 0.384626 0.418906 0.381893 0.420188 0.380794 0.419453 0.376963 0.419266 0.373949 0.421281 0.370935 0.424766 0.370935 0.426047 0.373668 0.426234 0.376963 0.426422 0.380514 0.428984 0.382710 0.429359 0.387921 0.428797 0.391776 0.427156 0.394790 0.425687 0.397523 0.426609 0.405210 0.426609 0.409322 0.424406 0.412336 0.423859 0.417547 0.423125 0.423014 0.423672 0.425210 0.424031 0.427150 0.421656 0.424673 0.419266 0.425491 0.417625 0.427687 0.415594 0.426869 0.415594 0.425491 0.413766 0.424112 0.413219 0.420841
0 0 1 0.532328 0.379252 0.531187 0.385234 0.534625 0.387593 0.535328 0.393808 0.534469 0.400234 0.532609 0.411589 0.532328 0.419930 0.522594 0.419089 0.520016 0.400023 0.520016 0.388014 0.523594 0.384159 0.525172 0.373458 0.530328 0.373668 0.532750 0.376659
0 0 1 0.515781 0.420911 0.508000 0.419159 0.503281 0.403621 0.503047 0.389159 0.507531 0.379626 0.509891 0.372921 0.514375 0.371168 0.516500 0.378925 0.519562 0.390935 0.519094 0.397617 0.515547 0.406799
0 0 1 0.481594 0.421332 0.473797 0.419206 0.470500 0.399813 0.474031 0.390280 0.476875 0.384276 0.477344 0.377220 0.479469 0.375467 0.482062 0.376168 0.483719 0.382523 0.487016 0.389579 0.487719 0.398738
0 0 1 0.632594 0.419299 0.633203 0.406472 0.635391 0.399299 0.634797 0.391215 0.632000 0.385537 0.627594 0.381075 0.626000 0.391822 0.625406 0.397196 0.624797 0.407360 0.627797 0.424696
0 0 1 0.668141 0.426589 0.661969 0.427220 0.654672 0.415023 0.655672 0.403248 0.656812 0.394673 0.659391 0.389743 0.658391 0.383107 0.662266 0.383107 0.664125 0.384603 0.663844 0.389322 0.664984 0.392523 0.665984 0.394673 0.668422 0.400234 0.669859 0.402593 0.667844 0.411589 0.668141 0.417593 0.669703 0.421238 0.669562 0.426379
0 0 1 0.645984 0.424112 0.646844 0.413621 0.646406 0.410187 0.645687 0.406122 0.646125 0.404836 0.646406 0.402056 0.645547 0.398621 0.643828 0.395187 0.641828 0.392407 0.641391 0.391332 0.639969 0.383832 0.637250 0.387477 0.637531 0.391121 0.637250 0.394977 0.636953 0.395841 0.635094 0.396262 0.633953 0.404182 0.634953 0.410187 0.636094 0.414252 0.637391 0.422827 0.639672 0.427313 0.641250 0.430748 0.643687 0.432453 0.645984 0.427757 0.646547 0.422173
0 0 1 0.615656 0.390794 0.616750 0.389486 0.617188 0.383294 0.619141 0.381682 0.621547 0.383294 0.621109 0.388505 0.623500 0.393061 0.623937 0.397944 0.624594 0.405771 0.623937 0.409019 0.625234 0.425631 0.616969 0.425631 0.616750 0.419439 0.616969 0.410654 0.616531 0.403808 0.614797 0.399907 0.615016 0.392734 0.616094 0.390467
77 1 1 0.278016 0.597757 0.297563 0.586519 0.281031 0.550561 0.384719 0.595514 0.362172 0.611238 0.380203 0.622477 0.393734 0.658435 0.386219 0.710117 0.368187 0.743832 0.387719 0.750561 0.404250 0.764042 0.438812 0.766285 0.453844 0.779766 0.453844 0.826963 0.441828 0.858435 0.447844 0.907874 0.428297 0.941565 0.404250 0.941565 0.374203 0.939322 0.357672 0.934836 0.344141 0.932593 0.320094 0.941565 0.296047 0.925841 0.282531 0.916846 0.253969 0.948318 0.234437 0.943832 0.220906 0.923598 0.208891 0.885397 0.198375 0.869673 0.208891 0.826963 0.202875 0.791005 0.238953 0.755047 0.258484 0.743832 0.264500 0.712360 0.255484 0.662921 0.246453 0.613481 0.267500 0.586519
