60 1 1 0.651578 0.555221 0.680609 0.551818 0.765375 0.619021 0.795922 0.645804 0.798594 0.687389 0.844031 0.674289 0.863891 0.663450 0.863891 0.630420 0.852437 0.543823 0.849766 0.535291 0.836016 0.534709 0.812344 0.522751 0.741313 0.542121 0.740547 0.548951 0.688625 0.571748 0.690156 0.613893 0.658844 0.646364 0.650437 0.559207 0.609203 0.552378 0.602703 0.634406 0.583625 0.582564 0.568344 0.567180 0.578266 0.558065
56 1 1 0.659750 0.706084 0.673328 0.766900 0.676344 0.809674 0.676344 0.841212 0.686922 0.895268 0.700500 0.899767 0.695984 0.915548 0.759391 0.929044 0.806188 0.890769 0.788062 0.872751 0.797125 0.847972 0.786563 0.798415 0.788062 0.733100 0.798641 0.670047 0.795625 0.647529 0.780516 0.629510 0.729187 0.602471 0.697484 0.609231 0.662766 0.649767 0.659750 0.676807 0.662766 0.706084
27 1 0 0.267469 0.850163 0.251172 0.798858 0.232469 0.761072 0.231859 0.708858 0.236094 0.704359 0.256594 0.730466 0.269266 0.757459 0.297625 0.832168 0.327187 0.913170 0.341672 0.946480 0.365203 0.994173 0.373047 1.000000 0.336844 1.000000 0.309687 0.952774 0.280125 0.888881 0.265047 0.842960
56 1 1 0.888922 0.737669 0.871891 0.649557 0.899156 0.606340 0.954234 0.600420 0.983766 0.612284 1.000000 0.669883 1.000000 0.733427 0.999109 0.737669 0.971844 0.741049 0.964469 0.762238 0.965031 0.782564 0.961625 0.791888 0.969000 0.814755 0.955375 0.820699 0.955375 0.745291 0.949703 0.724965 0.904266 0.722424
40 1 1 0.941094 0.873543 0.936469 0.852844 0.952656 0.811445 0.955734 0.758555 0.952656 0.740140 0.952656 0.735548 0.930297 0.726340 0.901781 0.725198 0.890984 0.732098 0.893297 0.797646 0.902547 0.826410 0.915656 0.852844 0.917969 0.864359 0.915656 0.870093 0.944172 0.879301 0.941859 0.870093
0 1 0 0.285594 0.632005 0.291797 0.695105 0.288875 0.738625 0.289609 0.749511 0.260437 0.712517 0.241109 0.681492 0.241484 0.676597 0.277219 0.636340 0.285234 0.632005
40 1 1 1.000000 0.739021 0.993062 0.737506 0.977812 0.737506 0.968656 0.746620 0.968141 0.761026 0.966609 0.790629 0.969156 0.819464 0.977297 0.838415 0.985438 0.858904 0.991031 0.871818 0.995609 0.880163 0.994078 0.896853 1.000000 0.902144
0 1 0 0.385109 0.481329 0.386297 0.514802 0.388063 0.557972 0.385703 0.587925 0.391016 0.618741 0.389844 0.656643 0.394563 0.680420 0.391609 0.676900 0.389844 0.689231 0.383266 0.680606 0.377906 0.660583 0.378797 0.629860 0.376109 0.607156 0.375219 0.591142 0.368062 0.572448 0.368953 0.528392 0.368062 0.485664 0.375219 0.466970 0.375219 0.462960 0.384172 0.470979
0 1 0 0.000297 0.264732 0.015422 0.278718 0.023359 0.295897 0.014703 0.363613 0.013984 0.477529 0.026953 0.517296 0.031281 0.540956 0.042797 0.581795 0.050016 0.614033 0.006781 0.688182 0.001016 0.690350
0 1 0 0.006969 0.688322 0.048750 0.605198 0.015672 0.480513 0.010453 0.410396 0.022641 0.277925 0.128844 0.202587 0.189781 0.228578 0.233297 0.246760 0.259422 0.277925 0.273344 0.322075 0.292500 0.366224 0.306422 0.410396 0.322094 0.485711 0.320359 0.555851 0.301203 0.592214 0.280312 0.628578 0.254203 0.657133 0.269859 0.719487 0.322094 0.836364 0.351703 0.875315 0.362141 0.932471 0.374328 0.961049 0.381297 0.976620 0.384781 0.981818 0.000000 0.989604
0 1 0 0.421156 0.965128 0.390656 0.685967 0.466891 0.557762 0.475203 0.551562 0.458578 0.512261 0.444719 0.472984 0.447484 0.404732 0.486297 0.361305 0.544516 0.375781 0.562531 0.429557 0.576391 0.485385 0.565297 0.563963 0.599953 0.605315 0.703906 0.932028 0.709453 0.967180 0.721938 0.987879
0 1 0 0.761844 0.614592 0.751844 0.606084 0.740422 0.602890 0.718984 0.600746 0.701844 0.610326 0.695422 0.610326 0.692562 0.603939 0.691859 0.577319 0.686141 0.569860 0.679000 0.566667 0.681141 0.538951 0.680422 0.537902 0.674000 0.544289 0.669719 0.551748 0.662578 0.551748 0.658281 0.544289 0.663281 0.535758 0.676859 0.522984 0.678281 0.515525 0.676859 0.500606 0.671859 0.495268 0.664719 0.496340 0.661141 0.483566 0.664719 0.479301 0.676859 0.479301 0.679000 0.479301 0.683281 0.450536 0.682562 0.446270 0.677578 0.436690 0.673281 0.426037 0.673281 0.412168 0.681859 0.401515 0.686141 0.399394 0.691859 0.401515 0.699703 0.410047 0.705422 0.417506 0.707563 0.426037 0.712563 0.430280 0.724703 0.442005 0.731125 0.461189 0.745406 0.532564 0.757547 0.565594 0.761844 0.595431
60 1 2 0.942781 0.874639 0.873859 0.998019 0.870422 0.994592 0.804953 0.970606 0.824469 0.931189 0.821031 0.926037 0.806094 0.944895 0.796906 0.979161 0.795750 0.999720 0.986437 0.888345 0.991031 0.876340 0.982984 0.864359 0.971500 0.816364 0.971500 0.811235 0.954281 0.818089 0.939344 0.845501 0.937047 0.866061 0.914078 0.866061 0.914078 0.852354 0.907172 0.838648 0.900281 0.842075 0.879609 0.864359 0.910625 0.871212
