56 1 1 0.357141 0.693410 0.434156 0.701925 0.443672 0.715732 0.453203 0.789079 0.449234 0.800774 0.468297 0.783766 0.469875 0.823096 0.476234 1.000000 0.373812 0.991046 0.376203 0.945335 0.369047 0.909205 0.369844 0.897510 0.364281 0.829477 0.341266 0.805021 0.346828 0.792259 0.349203 0.773138
0 1 1 0.084125 0.353954 0.087375 0.342761 0.106406 0.335921 0.105016 0.325356 0.109656 0.316025 0.117094 0.319142 0.122672 0.325356 0.123125 0.335293 0.123125 0.340900 0.128234 0.345251 0.134281 0.362657 0.139375 0.381318 0.126844 0.398096 0.122672 0.410544 0.109203 0.421109 0.098047 0.393745 0.087828 0.388766 0.084125 0.379456 0.084125 0.368264
0 1 1 0.750641 0.690209 0.769484 0.660251 0.787141 0.652364 0.797750 0.641339 0.778906 0.623975 0.776547 0.595607 0.782438 0.560900 0.791859 0.521485 0.817766 0.500983 0.848391 0.496255 0.875469 0.513598 0.881359 0.535669 0.882547 0.570377 0.881359 0.600335 0.875469 0.628724 0.902562 0.647636 0.914344 0.676025 0.921406 0.704414 0.929656 0.759602 0.909625 0.784833 0.881359 0.797448 0.873125 0.799017 0.841328 0.781674 0.821297 0.770628 0.803641 0.761172 0.789500 0.761172 0.780078 0.767489 0.758875 0.767489 0.745922 0.748556
63 1 1 0.156094 0.683138 0.171187 0.595502 0.355812 0.608996 0.350781 0.712364 0.345750 0.806736 0.315531 0.878661 0.300422 0.874163 0.283641 0.860669 0.268547 0.840439 0.258469 0.768536 0.234969 0.725837
0 1 1 0.717328 0.588724 0.723453 0.585732 0.730141 0.573808 0.735703 0.570063 0.740172 0.560377 0.747406 0.525314 0.747969 0.515628 0.755766 0.510397 0.767469 0.509644 0.776375 0.520084 0.782500 0.538745 0.779172 0.555900 0.770250 0.577531 0.765797 0.588724 0.758000 0.593933 0.726797 0.592448 0.723453 0.617803
0 1 1 0.361031 0.619184 0.375422 0.615690 0.384578 0.629686 0.402875 0.619184 0.393719 0.570167 0.396344 0.528138 0.409422 0.500126 0.429031 0.493117 0.451266 0.494874 0.469578 0.522887 0.474813 0.549142 0.474813 0.587678 0.472188 0.591172 0.487875 0.629686 0.497031 0.662971 0.503578 0.682218 0.519266 0.708494 0.512734 0.713745 0.477422 0.701485 0.470875 0.704979 0.469578 0.775021 0.469578 0.794289 0.456500 0.799540 0.451266 0.759268 0.443422 0.724247 0.440797 0.703222 0.354500 0.697971
56 1 1 0.551750 0.727469 0.474359 0.702699 0.469312 0.768013 0.476047 0.981987 0.561844 0.988745 0.553422 0.950460 0.570250 0.923431 0.558469 0.831088 0.553422 0.727469
0 1 1 0.567844 0.625941 0.581234 0.602490 0.627594 0.585941 0.628625 0.568013 0.627594 0.519728 0.639953 0.493515 0.674984 0.485251 0.693531 0.508682 0.690437 0.550084 0.678078 0.587322 0.685281 0.610774 0.712078 0.620418 0.715156 0.646632 0.716187 0.660418 0.702797 0.648013 0.684250 0.656276
0 1 1 0.378266 0.508996 0.377594 0.513431 0.375828 0.517866 0.375828 0.521109 0.371422 0.526716 0.371422 0.532929 0.370984 0.535293 0.393703 0.536172 0.397453 0.523766 0.402531 0.511653 0.407156 0.505167 0.410031 0.499833 0.416641 0.497176 0.416203 0.492761 0.416859 0.486841 0.418188 0.483891 0.418844 0.479456 0.421281 0.476799 0.423703 0.471778 0.425687 0.466757 0.426344 0.458494 0.423484 0.449038 0.420172 0.446088 0.415766 0.445795 0.405828 0.442552 0.399437 0.444017 0.391500 0.450230 0.387531 0.457615 0.385094 0.469121 0.387078 0.476506 0.388187 0.485377 0.389516 0.488619 0.390172 0.493054 0.389516 0.497176 0.384000 0.501318 0.380906 0.505753
56 1 1 0.557250 0.705900 0.556625 0.676088 0.559109 0.647092 0.559109 0.632176 0.567141 0.627218 0.616625 0.640460 0.673547 0.653724 0.702000 0.652071 0.711891 0.652071 0.714375 0.659519 0.664875 0.676088
56 1 0 0.281234 0.414038 0.281609 0.426067 0.269609 0.446130 0.272234 0.453159 0.272609 0.452657 0.278984 0.441130 0.283109 0.450146 0.277859 0.468201 0.279359 0.472720 0.286844 0.451653 0.297344 0.431088 0.303719 0.412029 0.300719 0.410021 0.300719 0.393954 0.303719 0.385439 0.300719 0.368368 0.298094 0.374393 0.297344 0.391946 0.296594 0.397469 0.281984 0.400983 0.280859 0.402490 0.280109 0.405502 0.259500 0.399477 0.258375 0.392448 0.257250 0.392448 0.247125 0.394456 0.244516 0.397469 0.246750 0.402992 0.245641 0.419038 0.246750 0.429080 0.249375 0.426067 0.251625 0.403494
0 1 1 0.462969 0.505377 0.451547 0.494435 0.433594 0.492803 0.421344 0.493891 0.420125 0.481318 0.426234 0.458933 0.433594 0.450188 0.447469 0.446360 0.456031 0.449080 0.460938 0.461109 0.463375 0.473682 0.463781 0.491715
56 1 1 0.486734 0.622469 0.533719 0.622469 0.535406 0.698870 0.535406 0.698870 0.557219 0.680900 0.560578 0.698870 0.547156 0.716862 0.518609 0.710105
0 1 0 0.335313 0.342803 0.335687 0.341360 0.334953 0.340858 0.335313 0.340377 0.336781 0.339393 0.341141 0.335983 0.342969 0.335502 0.344797 0.335502 0.349891 0.336967 0.353172 0.341360 0.357531 0.357448 0.354625 0.364268 0.364828 0.380356 0.359359 0.409623 0.335687 0.413536 0.337141 0.426695 0.338594 0.428159 0.334234 0.436444 0.325125 0.443766 0.298891 0.430586 0.299266 0.424749 0.313109 0.416443 0.319656 0.410607 0.328406 0.405732 0.330953 0.403285 0.334234 0.381820 0.334234 0.381820 0.324031 0.379874 0.321484 0.367678 0.332406 0.343787
63 1 1 0.208125 0.543828 0.310500 0.557301 0.308812 0.606736 0.211469 0.595502 0.206437 0.550565
56 1 1 0.559312 0.586360 0.584937 0.587866 0.587219 0.597029 0.579250 0.603891 0.570141 0.628285 0.565578 0.602364 0.557609 0.589393
56 1 1 0.722781 0.652385 0.722484 0.620649 0.723953 0.602636 0.726000 0.590481 0.730969 0.588138 0.758766 0.594017 0.754094 0.598326 0.748812 0.603013 0.744719 0.608515 0.742969 0.613201 0.739750 0.622218 0.733609 0.629665 0.731266 0.636318 0.727172 0.641025 0.724531 0.648473
56 1 1 0.128734 0.405753 0.134312 0.402364 0.134578 0.407448 0.136859 0.406611 0.136859 0.398954 0.137109 0.394372 0.137109 0.390816 0.137109 0.386904 0.137109 0.383515 0.137109 0.381485 0.137609 0.377741 0.138625 0.373494 0.136859 0.357699 0.134578 0.357364 0.133687 0.359226 0.135328 0.364331 0.135969 0.367385 0.136609 0.370439 0.136734 0.372824 0.136469 0.375188 0.136219 0.380795 0.135469 0.383682 0.134187 0.387594 0.128875 0.395397 0.125188 0.397427 0.125188 0.403556 0.125312 0.406778 0.128734 0.405753
56 1 0 0.215750 0.378598 0.208437 0.382113 0.206391 0.386820 0.209906 0.394665 0.210188 0.409540 0.211359 0.411109 0.216047 0.404059 0.218672 0.402490 0.219563 0.401715 0.220141 0.383682 0.219844 0.379372
56 1 2 0.187125 0.982490 0.180453 0.984289 0.201813 0.943201 0.212484 0.934268 0.349906 0.989644 0.355250 1.000000 0.205812 0.996778 0.197812 0.998577
62 1 1 0.077719 0.033515 0.111125 0.324247 0.127828 0.348849 0.184625 0.342134 0.189641 0.326485 0.196313 0.326485 0.213016 0.344372 0.266469 0.348849 0.264797 0.333201 0.283172 0.333201 0.291531 0.355565 0.333281 0.353326 0.341641 0.342134 0.358344 0.344372 0.365016 0.362259 0.567141 0.362259 0.575484 0.011151 0.074375 0.017845 0.074375 0.040209
0 1 1 0.321500 0.966234 0.310562 0.980900 0.231469 0.946695 0.198625 0.941799 0.198625 0.941799 0.188891 0.977636 0.180375 0.990669 0.162125 0.992301 0.158469 0.990669 0.140219 0.938536 0.005172 0.920628 0.005531 0.353096 0.005531 0.353096 0.007609 0.353724 0.007609 0.353724 0.100078 0.392824 0.126844 0.480774 0.123187 0.563870 0.104938 0.642050 0.104938 0.642050 0.109812 0.666485 0.109812 0.666485 0.157250 0.682782 0.157250 0.682782 0.220516 0.697448 0.257016 0.774017 0.282578 0.844059 0.281359 0.847322 0.281359 0.847322 0.311766 0.881527 0.311656 0.886423 0.309812 0.874079 0.346703 0.807406 0.344859 0.814812 0.374359 0.876548 0.374359 0.888891 0.339328 0.874079 0.339328 0.874079 0.324562 0.886423
63 1 0 0.554125 0.706485 0.608563 0.691590 0.729187 0.663431 0.741562 0.662594 0.744031 0.695732 0.753312 0.839017 0.753312 0.844812 0.761969 0.847301 0.806516 0.888703 0.784859 0.917699 0.721766 0.998870 0.623406 0.997197 0.572062 0.929289 0.566500 0.911904 0.564031 0.892845 0.557844 0.807531 0.553516 0.707322
0 1 0 0.298797 0.388808 0.298797 0.376109 0.298266 0.365523 0.294578 0.358473 0.289297 0.352824 0.289828 0.340837 0.289297 0.332364 0.286141 0.329540 0.275609 0.330251 0.271391 0.334477 0.267703 0.339414 0.269281 0.337301 0.269812 0.351423 0.275609 0.357762 0.271250 0.359205 0.266016 0.364205 0.265516 0.370879 0.262516 0.377552 0.259531 0.383556 0.258281 0.390900 0.258281 0.393243 0.259531 0.396904 0.260531 0.400251 0.250062 0.401925 0.251047 0.433285 0.250562 0.442301 0.247562 0.446987 0.248562 0.451987 0.251547 0.454665 0.256047 0.450649 0.258281 0.441297 0.259031 0.442301 0.263516 0.458326 0.265766 0.456987 0.260031 0.469017 0.260031 0.477008 0.270000 0.472678 0.271000 0.469665 0.273984 0.469665 0.274984 0.472343 0.276984 0.467008 0.277484 0.464331 0.272000 0.451318 0.269000 0.446987 0.265516 0.434958 0.264766 0.430293 0.275484 0.426611 0.280969 0.423619 0.282469 0.421946 0.289438 0.416527 0.295922 0.410858 0.295672 0.403180 0.297422 0.393159 0.298422 0.390502
0 1 1 0.386031 0.622469 0.396094 0.570795 0.369234 0.550565 0.377641 0.512364 0.370922 0.460669 0.335672 0.440439 0.312172 0.458431 0.303781 0.485397 0.310500 0.521339 0.322250 0.537071 0.308812 0.550565 0.305469 0.597762 0.305469 0.606736
56 1 2 0.009547 0.922992 0.131984 0.932050 0.155625 0.997615 0.000000 1.000000 0.001109 0.926381
0 1 1 0.460969 0.506506 0.461938 0.485858 0.462406 0.472950 0.463859 0.463264 0.469156 0.456172 0.473984 0.451004 0.479281 0.449080 0.487000 0.448431 0.490844 0.448431 0.498078 0.449728 0.505797 0.454874 0.510125 0.459393 0.511578 0.466506 0.514953 0.472950 0.519281 0.482636 0.520250 0.493598 0.510125 0.507803 0.503375 0.535544 0.507719 0.541360 0.519766 0.547155 0.556406 0.565879 0.560766 0.596695 0.562234 0.614289 0.566609 0.623096 0.568797 0.631904 0.560766 0.632866 0.557109 0.641674 0.557109 0.656360 0.557844 0.672971 0.538125 0.703305 0.535922 0.627008 0.522781 0.625042 0.484062 0.623096 0.471641 0.591799 0.473828 0.566360 0.472375 0.541904 0.470172 0.528222 0.468719 0.521360 0.465797 0.515502 0.465063 0.507678
