0 1 0 0.392859 0.433167 0.353891 0.445479 0.320047 0.504271 0.299547 0.578104 0.292359 0.641021 0.301594 0.668354 0.300563 0.732625 0.295438 0.780479 0.322109 0.811938 0.340563 0.807833 0.335437 0.742188 0.336453 0.680667 0.342609 0.634167 0.360047 0.617771 0.375422 0.621875 0.382609 0.702542 0.384656 0.736729 0.406187 0.769542 0.433875 0.869354 0.458500 0.976000 0.489266 0.954125 0.487203 0.900813 0.492328 0.865250 0.469781 0.818771 0.463625 0.736729 0.448234 0.680667 0.481063 0.677938 0.557969 0.712104 0.584625 0.714854 0.633859 0.754500 0.683078 0.802354 0.703594 0.822875 0.722047 0.835167 0.738453 0.802354 0.768203 0.750396 0.767172 0.729896 0.749734 0.716208 0.742562 0.721687 0.732297 0.738083 0.718969 0.742188 0.684109 0.725792 0.625656 0.665625 0.585656 0.624604 0.536438 0.594521 0.520031 0.546667 0.497469 0.478292 0.470797 0.444125 0.452344 0.418125 0.447219 0.388063 0.452344 0.368917 0.443109 0.355229 0.433875 0.338833 0.409266 0.333354 0.387734 0.348396 0.385688 0.371646 0.385688 0.394896 0.385688 0.411292
0 1 0 0.288844 0.601354 0.285469 0.574333 0.278719 0.529271 0.282094 0.493250 0.292234 0.450458 0.314187 0.403146 0.319250 0.398646 0.322641 0.389646 0.324328 0.371625 0.324328 0.349104 0.324328 0.319812 0.322641 0.297292 0.334453 0.292792 0.366547 0.286042 0.383453 0.286042 0.400344 0.306313 0.400344 0.313063 0.395266 0.324333 0.395266 0.344604 0.396953 0.362604 0.395266 0.378375 0.395266 0.403146 0.393578 0.418917 0.364859 0.443687 0.356422 0.461708 0.347969 0.470729 0.324328 0.506750 0.309125 0.531542 0.307437 0.549542
0 1 1 0.444844 0.142646 0.442734 0.150792 0.440000 0.162313 0.444203 0.162875 0.448000 0.152188 0.448844 0.144333 0.450313 0.145458 0.454531 0.158646 0.456219 0.163146 0.462953 0.164562 0.462953 0.160896 0.459578 0.158104 0.458750 0.147979 0.454953 0.139563 0.456219 0.138437 0.461688 0.146854 0.465484 0.149667 0.467797 0.146583 0.465063 0.140958 0.461062 0.134771 0.457484 0.127479 0.453469 0.124396 0.449266 0.123833 0.444422 0.129729 0.439578 0.136750 0.435781 0.145167 0.436625 0.148833 0.440000 0.149104 0.441469 0.145729 0.443578 0.141521
0 1 0 0.058875 0.100437 0.061031 0.084688 0.056734 0.078979 0.063172 0.063229 0.062109 0.054625 0.071766 0.071813 0.067469 0.096146
0 1 0 0.695766 0.101083 0.697375 0.098708 0.698969 0.098458 0.699500 0.094438 0.700031 0.093479 0.699500 0.089917 0.700922 0.086604 0.703234 0.086604 0.705375 0.092062 0.707516 0.095625 0.708047 0.097750 0.706266 0.101313 0.704672 0.107000 0.704484 0.114125 0.704313 0.116979 0.703422 0.123854 0.703781 0.138812 0.703781 0.141187 0.695234 0.142125 0.692031 0.141667 0.692031 0.139521 0.694703 0.137146 0.695938 0.134292 0.696297 0.130271 0.699141 0.126229 0.699859 0.119583 0.699500 0.110104 0.698438 0.107000 0.697719 0.105104
0 1 0 0.684969 0.097333 0.688203 0.099396 0.686094 0.103146 0.685391 0.120000 0.685109 0.137250 0.681594 0.136500 0.682016 0.133500 0.682156 0.123188 0.679922 0.123188 0.679781 0.137438 0.675000 0.135375 0.676828 0.134625 0.676406 0.118875 0.673313 0.115875 0.675703 0.107646 0.676828 0.098271 0.680062 0.096396 0.679078 0.094146 0.678937 0.089083 0.685531 0.089083 0.684969 0.096396
0 1 1 0.515016 0.087375 0.513469 0.085313 0.514359 0.072375 0.515688 0.068250 0.515016 0.067375 0.510609 0.071771 0.508625 0.070312 0.517000 0.057667 0.517000 0.053542 0.519656 0.054125 0.520312 0.057958 0.523406 0.060896 0.523844 0.070604 0.519875 0.074417 0.520531 0.086187 0.520094 0.087667 0.519875 0.087667 0.518547 0.075021 0.517438 0.075313
0 1 0 0.695031 0.102063 0.697453 0.107021 0.698484 0.112979 0.698984 0.119812 0.697703 0.124917 0.697078 0.130896 0.692469 0.130729 0.689906 0.128000 0.686844 0.120500 0.686453 0.115208 0.687609 0.106167 0.692469 0.095083 0.697078 0.100375
0 1 0 0.755813 0.089625 0.756172 0.086771 0.756172 0.083458 0.756531 0.078708 0.756297 0.070000 0.754750 0.071271 0.753563 0.073167 0.752734 0.074750 0.751188 0.074896 0.751547 0.072208 0.754031 0.066833 0.754984 0.063042 0.755937 0.061292 0.757359 0.060187 0.757125 0.057646 0.757828 0.056063 0.759859 0.055271 0.761281 0.055438 0.761750 0.056854 0.761750 0.059083 0.763062 0.060812 0.764359 0.063667 0.764594 0.067625 0.764250 0.071583 0.763172 0.073479 0.763172 0.075542 0.763297 0.076958 0.762812 0.078063 0.761750 0.078063 0.760797 0.080604 0.760922 0.083125 0.759969 0.085979 0.760094 0.089000 0.759734 0.091208 0.758781 0.092146 0.757000 0.092146 0.755813 0.091833 0.755344 0.090250
0 1 0 0.821437 0.108854 0.821891 0.104271 0.821797 0.098812 0.821344 0.096083 0.820875 0.093604 0.820219 0.088896 0.821156 0.086167 0.822078 0.085188 0.822266 0.082083 0.823578 0.080604 0.825250 0.079854 0.826453 0.080729 0.827203 0.084062 0.828500 0.086167 0.829797 0.086917 0.830906 0.089271 0.830906 0.091250 0.828594 0.093854 0.827844 0.097208 0.828125 0.105375 0.828031 0.108479 0.826172 0.110958 0.823297 0.110958
0 1 1 0.617203 0.096750 0.617625 0.085375 0.615078 0.081396 0.615281 0.075438 0.617625 0.071187 0.620609 0.068917 0.621891 0.075146 0.622953 0.079125 0.622531 0.084521 0.621469 0.089354 0.621672 0.092188 0.621031 0.094750
0 1 0 0.532062 0.054083 0.530531 0.050437 0.529422 0.049875 0.529500 0.042250 0.531047 0.039500 0.531812 0.039042 0.533172 0.039167 0.533437 0.043729 0.534547 0.045896 0.536687 0.047938 0.536594 0.050667 0.534375 0.053750 0.532922 0.053979
