59 1 0 0.384891 0.618286 0.384891 0.445962 0.380359 0.411948 0.395453 0.391526 0.427141 0.339390 0.493563 0.350728 0.513188 0.366596 0.555438 0.368850 0.543375 0.321244 0.636953 0.309906 0.668641 0.377934 0.735062 0.396080 0.732031 0.425540 0.774297 0.425540 0.795422 0.457300 0.819578 0.457300 0.802969 0.758873 0.691281 0.799695 0.691281 0.833709 0.661094 0.833709 0.596187 0.822371 0.531297 0.797441 0.532797 0.763427
73 1 0 0.980500 0.186479 0.993688 0.008263 1.000000 0.002864 1.000000 0.183592
28 1 2 0.722547 0.447840 0.608875 0.460728 0.597078 0.459108 0.590641 0.444601 0.590641 0.420446 0.559531 0.404319 0.556328 0.380164 0.543453 0.317324 0.559531 0.304437 0.628172 0.306033 0.670000 0.383380 0.727906 0.378545 0.725766 0.423662 0.722547 0.438169
73 1 0 0.973531 0.000000 0.962828 0.166901 0.970125 0.179343 0.969641 0.186643 0.980344 0.183732 0.993000 0.000211
24 1 2 0.535844 0.376643 0.530563 0.400399 0.487016 0.411643 0.480641 0.413732 0.467875 0.419131 0.461500 0.427066 0.453734 0.439554 0.446250 0.447465 0.441250 0.444977 0.438203 0.433310 0.433219 0.422887 0.402984 0.401643 0.397984 0.389554 0.396047 0.375798 0.397984 0.368709 0.404094 0.367042 0.413797 0.368709 0.418797 0.364131 0.419906 0.360798 0.418797 0.351643 0.424609 0.346221 0.437922 0.342465 0.466219 0.341643 0.482313 0.349131 0.494781 0.358709 0.501719 0.369554 0.521688 0.364131 0.534172 0.362887 0.539172 0.377066
73 1 0 0.941438 0.018756 0.921250 0.019718 0.919937 0.164484 0.934922 0.159601 0.942078 0.019718
73 1 0 0.934734 0.158639 0.941359 0.013592 0.956375 0.011221 0.946891 0.165634
73 1 0 0.921313 0.166479 0.904500 0.166479 0.906844 0.056385 0.908703 0.027629 0.919438 0.026221
73 1 0 0.954266 0.009742 0.948969 0.141338 0.947828 0.162981 0.948969 0.165822 0.963750 0.167535 0.972094 0.014883 0.972469 0.005751
56 1 0 0.093875 0.443920 0.074437 0.446174 0.075922 0.466408 0.078922 0.482136 0.101359 0.475399 0.117812 0.475399 0.131266 0.500117 0.147719 0.500117 0.159687 0.495610 0.149219 0.511338 0.141734 0.520329 0.147719 0.547300 0.155203 0.567535 0.150719 0.587747 0.155203 0.623709 0.186609 0.616972 0.189609 0.632700 0.183625 0.630446 0.213547 0.648427 0.215031 0.664155 0.210547 0.668638 0.194094 0.657418 0.164172 0.650681 0.149219 0.646174 0.146594 0.643263 0.139109 0.584836 0.136109 0.564601 0.121156 0.555610 0.130141 0.533146 0.126781 0.506854 0.096875 0.509108 0.078922 0.522582 0.062469 0.479883 0.060969 0.448427 0.041531 0.432700 0.029562 0.365282 0.037031 0.356291 0.052000 0.392254 0.080422 0.430446 0.090891 0.414718 0.104344 0.410235 0.083406 0.372019 0.069937 0.356291 0.060969 0.351808 0.081906 0.390000
