18 1 0 0.440688 0.539063 0.437813 0.517494 0.437813 0.495105 0.435719 0.479016 0.428906 0.472342 0.420000 0.470773 0.411359 0.464895 0.409266 0.455855 0.411359 0.449977 0.416594 0.444075 0.435453 0.424052 0.444359 0.421710 0.453266 0.422084 0.456141 0.425246 0.459016 0.427190 0.467672 0.424052 0.473422 0.421311 0.467672 0.429953 0.465828 0.436230 0.465562 0.441335 0.470281 0.449578 0.470812 0.456651 0.470812 0.480984 0.473172 0.482951 0.480500 0.484520 0.490187 0.490000 0.499359 0.495902 0.515328 0.498642 0.532094 0.500609 0.554094 0.500609 0.568234 0.508454 0.573469 0.516300 0.586047 0.539461 0.590750 0.550843 0.590750 0.565363 0.588141 0.578337 0.583156 0.593255 0.581328 0.605808 0.580547 0.608548 0.576875 0.620726 0.574250 0.634848 0.575828 0.643489 0.576094 0.652529 0.574781 0.663115 0.573734 0.667822 0.576875 0.679602 0.578188 0.705504 0.580281 0.732998 0.580813 0.740445 0.582641 0.753794 0.582906 0.758899 0.580016 0.764005 0.575047 0.768314 0.570594 0.769485 0.569281 0.761639 0.570594 0.754965 0.571109 0.753794 0.568500 0.700796 0.563781 0.685480 0.560375 0.698056 0.556188 0.701194 0.549375 0.700796 0.547547 0.695316 0.547547 0.689813 0.551203 0.683911 0.557234 0.672529 0.559062 0.668618 0.549109 0.650164 0.542313 0.633279 0.536016 0.618759 0.527906 0.619157 0.509828 0.620726 0.497781 0.617588 0.487047 0.611311 0.481016 0.608548 0.477875 0.609719 0.473953 0.625433 0.473687 0.640351 0.474469 0.650562 0.472641 0.654098 0.471859 0.649368 0.469500 0.629742 0.466359 0.597963 0.458766 0.565363 0.457188 0.561452 0.449062 0.552412 0.442781 0.543396
7 1 0 0.474922 0.233724 0.469484 0.206019 0.464047 0.191358 0.448828 0.194614 0.444484 0.201124 0.437969 0.217424 0.422750 0.230468 0.406453 0.215785 0.403188 0.109906 0.502094 0.113162 0.511875 0.160398 0.521656 0.206019 0.514047 0.232084
0 1 1 0.127438 0.392295 0.136531 0.391335 0.130031 0.379649 0.128094 0.362108 0.127438 0.344590 0.132641 0.325105 0.128734 0.322201 0.121594 0.276417 0.115750 0.276417 0.107953 0.275457 0.099500 0.281288 0.091703 0.286159 0.087156 0.289087 0.080016 0.283232 0.076109 0.271569 0.075469 0.255972 0.068313 0.244286 0.067016 0.225785 0.065063 0.210211 0.067016 0.196581 0.070266 0.175152 0.070922 0.160539 0.075469 0.157635 0.085203 0.152763 0.088453 0.146909 0.084562 0.133279 0.086516 0.127447 0.091063 0.114778 0.093656 0.108946 0.098859 0.108946 0.104703 0.114778 0.107953 0.117705 0.106656 0.125504 0.117047 0.125504 0.113797 0.132318 0.107953 0.137166 0.107953 0.146909 0.107953 0.155667 0.115094 0.160539 0.120938 0.166393 0.122234 0.180023 0.126781 0.195597 0.127438 0.205340 0.128094 0.226768 0.127438 0.235527 0.122891 0.238454 0.122891 0.245269 0.127438 0.250141 0.127438 0.266698 0.128734 0.275457 0.128734 0.313419 0.114437 0.315386 0.109891 0.330960 0.113797 0.339719 0.113141 0.354333 0.113141 0.364075 0.112500 0.371850 0.115750 0.378665 0.115750 0.392295 0.114437 0.397166 0.106000 0.389391 0.107297 0.378665 0.104703 0.370890 0.104047 0.352389 0.102750 0.334848 0.102750 0.323162 0.102094 0.324145 0.088453 0.327073 0.104047 0.321218 0.087812 0.326089 0.087812 0.337775 0.091703 0.351405 0.091703 0.359204 0.094953 0.366019 0.092359 0.375761 0.094953 0.380609 0.096250 0.381593 0.094297 0.391335 0.101453 0.397166
7 1 0 0.331297 0.080375 0.403078 0.082506 0.404500 0.091030 0.408063 0.214614 0.409484 0.241265 0.395969 0.243396 0.374656 0.244450 0.371094 0.251897 0.369672 0.256159 0.356875 0.257237 0.352609 0.248712 0.343375 0.249766 0.338406 0.257237 0.322047 0.258290 0.299297 0.255105 0.293625 0.258290 0.285797 0.265761 0.272297 0.264684 0.262344 0.263630 0.246703 0.261499 0.245281 0.249766 0.236750 0.243396 0.218266 0.240187 0.208328 0.235925 0.206188 0.203958 0.200500 0.182670 0.196953 0.172014 0.196234 0.150703 0.194109 0.129391 0.191969 0.127260 0.192687 0.093162
18 1 0 0.320891 0.418525 0.321656 0.413981 0.321656 0.413419 0.324688 0.410562 0.326203 0.407166 0.328859 0.401475 0.332641 0.397494 0.333781 0.393513 0.334922 0.391241 0.336812 0.388970 0.339844 0.387260 0.343266 0.386136 0.345531 0.387845 0.350844 0.388970 0.355391 0.388970 0.358422 0.390117 0.361078 0.392389 0.363734 0.397494 0.365625 0.400913 0.367531 0.404309 0.369797 0.406019 0.373219 0.409438 0.375484 0.413981 0.377766 0.416815 0.380797 0.419087 0.383453 0.419087 0.387625 0.416815 0.395578 0.416253 0.398625 0.415691 0.405062 0.413981 0.410750 0.413981 0.415297 0.413981 0.422125 0.416253 0.423641 0.416253 0.426297 0.417963 0.430469 0.420234 0.434641 0.421944 0.437672 0.423630 0.439562 0.424215 0.443359 0.421358 0.449047 0.420234 0.455875 0.421358 0.460422 0.419649 0.466859 0.419649 0.471031 0.418525 0.477859 0.418525 0.483172 0.419087 0.488094 0.420234 0.491125 0.421358 0.494172 0.421944 0.496437 0.423630 0.499859 0.428759 0.503266 0.432155 0.510094 0.442389 0.511984 0.445222 0.513875 0.446932 0.515781 0.452061 0.519188 0.458314 0.519562 0.458876 0.520328 0.463981 0.519953 0.471382 0.519953 0.478197 0.519953 0.483888 0.519953 0.485012 0.519953 0.485012 0.523734 0.490703 0.524125 0.495246 0.524125 0.498080 0.524125 0.499227 0.524125 0.501499 0.521844 0.501499 0.520328 0.498080 0.517297 0.496370 0.515016 0.497518 0.513500 0.500351 0.508578 0.499227 0.499094 0.494684 0.495297 0.493536 0.489234 0.489555 0.477109 0.482178 0.472172 0.477049 0.474063 0.480468 0.476719 0.482178 0.473313 0.482178 0.470656 0.473653 0.472547 0.466838 0.472547 0.461148 0.471797 0.454895 0.470656 0.447494 0.468375 0.443536 0.468000 0.441265 0.466109 0.437283 0.466109 0.433864 0.469141 0.428173 0.472172 0.424778 0.472172 0.419649 0.468000 0.423630 0.465734 0.425902 0.462313 0.425902 0.460422 0.426487 0.457391 0.426487 0.454359 0.426487 0.452078 0.423630 0.451328 0.420796 0.432359 0.428759 0.436156 0.424215 0.428578 0.428759 0.423266 0.436136 0.419469 0.442389 0.414922 0.442389 0.413406 0.448080 0.411891 0.451475 0.410375 0.455457 0.410750 0.460000 0.410750 0.465129 0.415297 0.469110 0.419844 0.470234 0.424016 0.474778 0.427047 0.474778 0.431609 0.475363 0.433875 0.476487 0.434641 0.481030 0.434641 0.485574 0.435781 0.492412 0.436531 0.499227 0.437672 0.503770 0.437672 0.508876 0.437297 0.516276 0.438422 0.522529 0.439187 0.525363 0.439562 0.527073 0.439562 0.529906 0.438422 0.533888 0.438422 0.535597 0.434641 0.533888 0.431984 0.528782 0.425922 0.516838 0.420609 0.511147 0.424406 0.503770 0.424016 0.494684 0.422891 0.487283 0.420234 0.481030 0.417953 0.473068 0.413406 0.468525 0.407344 0.462272 0.402406 0.458876 0.397094 0.451475 0.395969 0.448642 0.393313 0.445222 0.389891 0.443536 0.389516 0.443536 0.384969 0.440679 0.382312 0.442951 0.381172 0.442951 0.378906 0.442951 0.374734 0.440679 0.372828 0.437845 0.369047 0.432740 0.364875 0.428759 0.359562 0.428759 0.354641 0.426487 0.349328 0.427049 0.345922 0.428173 0.344016 0.431030 0.341750 0.440117 0.340984 0.444660 0.342125 0.447494 0.339469 0.447494 0.334922 0.445808 0.334547 0.444660 0.337187 0.441265 0.337953 0.438407 0.337953 0.437845 0.336438 0.436136 0.336438 0.429883 0.336438 0.426487 0.333781 0.423630 0.329984 0.422506 0.325437 0.419649 0.321266 0.418525
7 1 0 0.803984 0.141124 0.765594 0.139368 0.762484 0.144028 0.758609 0.152155 0.758219 0.157963 0.765984 0.163208 0.768687 0.181218 0.765203 0.187611 0.769859 0.187026 0.779547 0.175995 0.784594 0.178314 0.789250 0.187611 0.797000 0.188197 0.800484 0.178314 0.798156 0.155059 0.804359 0.148665 0.809797 0.144028
2 1 0 0.528687 0.227822 0.535187 0.228923 0.538312 0.227119 0.541187 0.222061 0.542875 0.215925 0.549125 0.214122 0.551297 0.213044 0.552500 0.205480 0.553937 0.196838 0.552250 0.189251 0.550094 0.186370 0.549375 0.179157 0.545281 0.174473 0.539984 0.170141 0.527000 0.160773 0.523391 0.155012 0.519781 0.153560 0.514016 0.153208 0.510406 0.153208 0.512094 0.171241 0.512328 0.184941 0.511844 0.189977 0.513766 0.199344 0.515938 0.205480 0.514969 0.214848 0.509922 0.218103 0.495250 0.219180 0.492844 0.219532 0.493094 0.224590 0.495016 0.229625 0.500547 0.230351 0.507281 0.230000 0.511844 0.228923 0.516172 0.224590 0.519313 0.212693 0.524359 0.211241 0.525562 0.211241
7 1 0 0.506781 0.135550 0.541797 0.132623 0.570484 0.132623 0.580219 0.136651 0.584109 0.149766 0.584844 0.169813 0.577781 0.164333 0.568781 0.156323 0.534734 0.150117 0.526719 0.151944 0.526953 0.138454 0.523562 0.139555 0.523797 0.154496 0.508969 0.151593
2 1 0 0.550703 0.176721 0.573766 0.193396 0.574594 0.195246 0.573359 0.202646 0.572953 0.203279 0.569234 0.206979 0.565938 0.208829 0.563062 0.216862 0.560594 0.220562 0.559344 0.220562 0.555641 0.221194 0.547406 0.217471 0.551516 0.213162 0.554000 0.208829 0.554812 0.198946 0.553172 0.190304 0.551516 0.186604 0.552766 0.180422
2 1 0 0.583625 0.146932 0.583625 0.146932 0.605484 0.145410 0.612109 0.162178 0.612109 0.186581 0.602953 0.176674 0.591766 0.173607 0.586672 0.169813
2 1 1 0.888813 0.182834 0.886578 0.184379 0.882094 0.183864 0.880891 0.181288 0.872781 0.181288 0.870016 0.183607 0.866391 0.184379 0.865359 0.183864 0.865531 0.170164 0.868984 0.167845 0.870703 0.163958 0.871922 0.158290 0.886750 0.159578 0.887953 0.162412 0.888813 0.164754 0.889500 0.166300 0.888984 0.171475 0.889156 0.181288
7 1 0 0.901062 0.167073 0.903766 0.156417 0.907687 0.153771 0.915078 0.153208 0.928906 0.154192 0.932734 0.155012 0.934234 0.163560 0.935531 0.165808 0.936656 0.166932 0.937125 0.169719 0.937125 0.174496 0.936656 0.180234 0.935438 0.183724 0.931516 0.184426 0.931141 0.182061 0.926844 0.182061 0.924047 0.184988 0.919563 0.184426 0.918906 0.181920 0.915734 0.182342 0.915172 0.184848 0.911984 0.184848 0.910125 0.182623 0.910219 0.181780 0.908906 0.184005 0.904984 0.183864 0.904609 0.168056
2 1 1 0.974375 0.180304 0.974969 0.167963 0.978938 0.161124 0.995687 0.162014 0.998484 0.168852 1.000000 0.180515 0.999812 0.184052 0.973781 0.185152 0.973781 0.181194
2 1 1 0.936797 0.181311 0.937750 0.171382 0.941531 0.167845 0.942469 0.160749 0.958094 0.160749 0.961391 0.170679 0.958094 0.182740 0.939156 0.184145
7 1 0 0.698500 0.145644 0.685234 0.145105 0.678234 0.144005 0.671234 0.142342 0.670125 0.135152 0.698875 0.134614 0.705516 0.135152 0.718781 0.135714 0.725781 0.142881 0.725047 0.144543 0.715094 0.144543 0.709203 0.149532 0.705516 0.148970
2 1 1 0.888313 0.161546 0.901078 0.161546 0.904562 0.172553 0.897984 0.169649 0.896047 0.184731 0.888313 0.181827
2 1 1 0.968109 0.183864 0.973812 0.183630 0.974719 0.167260 0.974719 0.165035 0.968031 0.166019
18 1 1 0.355531 0.720070 0.361844 0.705433 0.366453 0.681311 0.368172 0.660632 0.368172 0.648571 0.364719 0.639087 0.360125 0.618431 0.358984 0.592576 0.358984 0.571920 0.357250 0.536604 0.353797 0.513349 0.348062 0.493536 0.344609 0.484052 0.340016 0.471991 0.334266 0.468548 0.326797 0.465972 0.313578 0.459930 0.319891 0.447869 0.333109 0.444426 0.340594 0.447869 0.341734 0.442717 0.342313 0.434098 0.346328 0.428056 0.364156 0.428923 0.367016 0.429789 0.375641 0.440117 0.387141 0.444426 0.391156 0.443560 0.395187 0.449602 0.388859 0.459063 0.386562 0.459063 0.383687 0.466815 0.394031 0.489227 0.422766 0.516792 0.435984 0.534871 0.458406 0.564169 0.465875 0.599485 0.469312 0.614988 0.471609 0.730398 0.465875 0.749344 0.467016 0.770890 0.467016 0.777775 0.466437 0.782084 0.465875 0.791569 0.469312 0.848407 0.467594 0.852717 0.458406 0.845831 0.454953 0.833770 0.456672 0.826019 0.454953 0.800164 0.456094 0.776066 0.454375 0.749344 0.454375 0.733841 0.454375 0.718337 0.448625 0.701967 0.440578 0.689906 0.423344 0.688197 0.413578 0.703700 0.417016 0.728689 0.417016 0.753653 0.418172 0.773466 0.419312 0.808782 0.422188 0.827728 0.422188 0.839789 0.411844 0.852717 0.411281 0.852717 0.408969 0.843232 0.408969 0.821710 0.405531 0.781218 0.403797 0.737283 0.395187 0.721780 0.393453 0.698525 0.392891 0.684754 0.391156 0.661499 0.384266 0.651148 0.380234 0.652881 0.379094 0.663208 0.377359 0.678712 0.373922 0.697681 0.371047 0.713185 0.368750 0.724379 0.359547 0.726956 0.356672 0.724379 0.355531 0.720937
