0 1 1 0.117720 0.526366 0.111360 0.442673 0.120900 0.419970 0.107380 0.370931 0.107380 0.348228 0.100200 0.314745 0.108960 0.268138 0.137640 0.248979 0.138420 0.219099 0.151160 0.195195 0.167100 0.204745 0.173460 0.235826 0.172660 0.257357 0.187800 0.333874 0.165500 0.358979 0.157540 0.379309 0.136840 0.398438 0.135240 0.552673 0.133660 0.573003 0.110560 0.561051 0.109760 0.523994
0 1 1 0.041480 0.177147 0.034420 0.157447 0.025340 0.151892 0.015920 0.149880 0.026000 0.120601 0.027680 0.107958 0.026000 0.094835 0.015580 0.082703 0.000780 0.077658 0.001120 0.217568 0.001120 0.283243 0.000780 0.364054 0.000780 0.387267 0.000100 0.404444 0.019620 0.385255 0.020280 0.374655 0.020280 0.347868 0.020280 0.329189 0.035760 0.322613 0.049220 0.306967 0.052240 0.288288 0.052240 0.269099 0.050900 0.243844 0.048200 0.218589
0 1 1 0.210000 0.519159 0.216000 0.413303 0.217500 0.347988 0.208500 0.300691 0.216000 0.237628 0.240000 0.208348 0.244500 0.181321 0.262500 0.143033 0.271500 0.127267 0.280500 0.138529 0.283500 0.161051 0.288000 0.201592 0.300000 0.248889 0.315000 0.309700 0.316500 0.356997 0.316500 0.397538 0.307500 0.433574 0.300000 0.505646 0.285000 0.550691 0.274500 0.573213 0.261000 0.573213 0.247500 0.573213 0.223500 0.570961 0.213000 0.561952
0 1 1 0.361960 0.589940 0.329760 0.586967 0.320840 0.577297 0.325800 0.568378 0.325800 0.552733 0.329260 0.537868 0.331740 0.522252 0.333220 0.503634 0.327280 0.494715 0.324300 0.461231 0.324300 0.441892 0.331740 0.418829 0.329260 0.404685 0.324300 0.394294 0.321340 0.374204 0.321840 0.366757 0.318360 0.356336 0.326300 0.309459 0.327280 0.249940 0.334220 0.231351 0.342640 0.220931 0.359000 0.219459 0.362960 0.214234 0.355520 0.203814 0.367420 0.197868 0.372860 0.183724 0.392200 0.194144 0.405560 0.220931 0.404080 0.240270 0.397640 0.246216 0.397640 0.258889 0.402600 0.277477 0.405080 0.288649 0.404080 0.299039 0.404080 0.308709 0.403100 0.322102 0.395160 0.323604 0.386240 0.305736 0.382780 0.328799 0.385260 0.363784 0.385260 0.377177 0.389220 0.386847 0.393180 0.408408 0.395660 0.434444 0.396640 0.450811 0.393180 0.473874 0.392680 0.504384 0.367420 0.497688 0.359000 0.506607 0.359000 0.517027 0.357020 0.530420 0.359000 0.540090 0.363460 0.549039 0.371380 0.565405 0.374840 0.570601 0.362960 0.579520 0.364440 0.592192
0 1 1 0.158140 0.194054 0.173340 0.166667 0.194640 0.152973 0.200720 0.198619 0.194640 0.221471 0.206800 0.285375 0.203760 0.344745 0.203760 0.408679 0.200720 0.468048 0.197680 0.541081 0.179420 0.577628 0.152060 0.577628 0.179420 0.468048 0.170300 0.381291 0.179420 0.326486 0.179420 0.276246 0.173340 0.244294 0.164220 0.198619
0 1 1 0.591160 0.597748 0.534300 0.595496 0.531300 0.588769 0.538780 0.503363 0.525320 0.462913 0.526820 0.373033 0.528320 0.278649 0.531300 0.208979 0.553760 0.206727 0.559740 0.159550 0.583680 0.161802 0.592660 0.184264 0.589680 0.215736 0.612120 0.238198 0.607640 0.305616 0.604640 0.316847 0.607640 0.377538 0.597160 0.388769 0.595660 0.469670 0.580700 0.523604 0.577700 0.557297 0.589680 0.584264
0 1 2 0.493160 0.699489 0.484220 0.724084 0.485720 0.739760 0.491680 0.744234 0.488700 0.782252 0.500620 0.826997 0.530420 0.847117 0.545320 0.838168 0.554260 0.820270 0.560220 0.815796 0.557240 0.851592 0.587040 0.838168 0.595980 0.820270 0.612360 0.818048 0.619820 0.784474 0.607900 0.764354 0.600440 0.748709 0.597460 0.744234 0.590020 0.744234 0.590020 0.730811 0.588520 0.721862 0.593000 0.717387 0.601940 0.726336 0.610880 0.719610 0.613860 0.721862 0.613860 0.710661 0.626440 0.703964 0.628340 0.693634 0.613860 0.670390 0.601940 0.656967 0.595980 0.654745 0.579580 0.663694 0.579580 0.677117 0.579580 0.690541 0.575120 0.695015 0.564680 0.668168 0.534880 0.659219 0.528920 0.668168 0.527440 0.681592 0.518500 0.677117 0.512540 0.677117 0.505080 0.681592
0 1 1 0.613120 0.132462 0.623640 0.115526 0.647680 0.108769 0.646180 0.092973 0.644660 0.088468 0.644660 0.079459 0.646920 0.074925 0.650680 0.056907 0.657440 0.051261 0.668700 0.053514 0.674720 0.065916 0.674720 0.080571 0.670960 0.098619 0.665700 0.108769 0.667960 0.113273 0.676220 0.120030 0.682220 0.122312 0.690480 0.134715 0.690480 0.142613 0.692740 0.153874 0.695740 0.160631 0.686720 0.178679 0.681460 0.194474 0.679220 0.205736 0.676220 0.232823 0.676220 0.250841 0.677720 0.276787 0.671700 0.256487 0.663440 0.253093 0.651420 0.257628 0.646920 0.275676 0.644660 0.295946 0.639420 0.313994 0.636400 0.327538 0.631160 0.350090 0.629640 0.359099 0.628860 0.382042 0.631140 0.409399 0.627720 0.417928 0.624300 0.426486 0.626580 0.435015 0.624300 0.452132 0.628040 0.468919 0.628040 0.489640 0.607340 0.479279 0.614240 0.453363 0.617680 0.430060 0.615960 0.367868 0.607340 0.354925 0.605620 0.336787 0.609060 0.295345 0.612520 0.261652 0.612520 0.227988 0.614240 0.212432 0.617480 0.202613 0.617480 0.166697 0.616340 0.153033 0.614080 0.139369
0 1 1 0.462220 0.221682 0.450400 0.229129 0.446600 0.243994 0.447360 0.263453 0.444300 0.274895 0.442780 0.295496 0.450400 0.313243 0.450780 0.315526 0.452700 0.326396 0.452700 0.338979 0.465260 0.369309 0.475560 0.385345 0.487360 0.389339 0.490040 0.399069 0.500700 0.447718 0.506420 0.459730 0.512140 0.468318 0.515580 0.456306 0.515580 0.427117 0.514800 0.401351 0.512900 0.393934 0.506040 0.358438 0.504520 0.341291 0.504520 0.329249 0.506420 0.321261 0.519000 0.309820 0.519380 0.305225 0.520900 0.299520 0.524720 0.288048 0.525480 0.278348 0.522440 0.266877 0.521280 0.233694 0.511760 0.221111 0.504140 0.213664 0.500700 0.211952 0.496520 0.198228 0.498040 0.184504 0.496900 0.170751 0.496140 0.164474 0.485080 0.153033 0.474040 0.155886 0.469840 0.164474 0.471360 0.183904 0.473660 0.201081 0.473660 0.213664 0.474800 0.227988 0.481660 0.267447 0.482800 0.284054 0.485080 0.289219 0.472120 0.288048 0.460700 0.288048 0.459540 0.272613 0.462600 0.261171 0.464500 0.243423 0.464500 0.236577
36 1 2 0.605140 0.766216 0.616900 0.784264 0.618580 0.801562 0.612340 0.814174 0.599360 0.814895 0.596720 0.806967 0.592400 0.799760 0.588560 0.804444 0.584720 0.805165 0.488740 0.724264 0.487040 0.727237 0.487900 0.702523 0.493860 0.695285 0.497820 0.693183 0.490740 0.706787 0.489040 0.716156
0 1 1 0.054360 0.247387 0.064940 0.322222 0.083060 0.313153 0.098160 0.322222 0.108740 0.270060 0.119300 0.247387 0.120820 0.247387 0.128360 0.245135 0.128360 0.224715 0.125340 0.199760 0.125340 0.199760 0.116280 0.192973 0.114780 0.163483 0.114780 0.140811 0.104200 0.109069 0.086080 0.120420 0.083060 0.149880 0.083060 0.179369 0.069460 0.188438 0.058900 0.192973 0.051340 0.215646 0.049840 0.240601 0.049840 0.240601
36 1 2 0.150460 0.370601 0.161400 0.376907 0.168140 0.413574 0.168140 0.475495 0.169820 0.548799 0.165600 0.574084 0.139520 0.576607 0.134460 0.541231 0.133620 0.418619 0.133620 0.388288 0.140360 0.388288 0.148780 0.385766
0 1 1 0.473120 0.212823 0.478700 0.245315 0.483240 0.285676 0.484640 0.286186 0.485000 0.290390 0.461600 0.288799 0.459160 0.275706 0.466140 0.266276 0.463360 0.226967 0.463700 0.213363 0.461600 0.221742 0.457080 0.221742 0.455680 0.200781 0.448340 0.186096 0.448340 0.173003 0.455320 0.158318 0.460560 0.146276 0.474860 0.152042 0.475560 0.157808 0.469640 0.162523 0.474860 0.195526 0.476260 0.216486
67 1 1 0.698540 0.272883 0.703920 0.273153 0.705540 0.276396 0.712180 0.279640 0.711820 0.286096 0.711820 0.289850 0.710200 0.292553 0.692980 0.293363 0.692260 0.290661 0.694220 0.288529 0.694760 0.285826 0.692620 0.282583 0.693340 0.280691 0.696920 0.280150
67 1 1 0.518500 0.156787 0.522760 0.158288 0.524760 0.156967 0.525620 0.150601 0.527880 0.145165 0.528000 0.141411 0.519760 0.141021
0 1 0 0.427620 0.555586 0.443020 0.490270 0.440300 0.479369 0.412200 0.518829 0.395880 0.535165 0.393160 0.521562 0.410400 0.482102 0.420360 0.457598 0.433960 0.420841 0.439400 0.397688 0.429420 0.385435 0.419460 0.367748 0.421260 0.326907 0.435780 0.313303 0.459340 0.343243 0.463880 0.366396 0.494700 0.408589 0.508300 0.483453 0.497420 0.525646 0.511920 0.516126 0.519180 0.561051 0.518280 0.590991 0.507400 0.585556 0.452100 0.597808 0.440300 0.584174 0.424900 0.588258 0.421260 0.581472
