0 1 0 0.528313 0.311146 0.533422 0.283875 0.528313 0.275688 0.529328 0.257958 0.536500 0.230667 0.532406 0.217021 0.532406 0.204750 0.532406 0.196562 0.533422 0.196562 0.547750 0.221104 0.555937 0.242938 0.548781 0.268854 0.549797 0.294792
0 1 0 0.820375 0.906167 0.838891 0.856792 0.848141 0.777771 0.829625 0.730854 0.820375 0.641979 0.812969 0.617292 0.781484 0.592583 0.762969 0.575312 0.748141 0.543208 0.762969 0.479021 0.774078 0.456792 0.744438 0.444438 0.735187 0.441979 0.733328 0.412354 0.735187 0.397521 0.746297 0.382708 0.770375 0.392583 0.807406 0.325917 0.811109 0.269146 0.818516 0.254312 0.805562 0.249375 0.814812 0.170375 0.818516 0.133333 0.827781 0.111104 0.837031 0.101229 0.865422 0.096917 0.899156 0.104417 0.908156 0.149375 0.904781 0.206354 0.908469 0.246542 0.925781 0.267687 0.928672 0.308104 0.914234 0.406208 0.905578 0.493437 0.937062 0.567521 0.901859 0.693833 0.914812 0.832104 0.914812 0.906167 0.888891 0.908646 0.887031 0.923458 0.896297 0.960500 0.846297 0.958021 0.837031 0.943208 0.816672 0.943208 0.811109 0.940750 0.812969 0.903708
24 1 2 0.347156 0.536500 0.377172 0.497708 0.391937 0.455854 0.383625 0.426917 0.340687 0.414604 0.335609 0.422604 0.340234 0.429375 0.334234 0.430604 0.317141 0.424458 0.323609 0.432458 0.319453 0.433688 0.291750 0.434917 0.252516 0.462000 0.251578 0.468167 0.264047 0.468167 0.267281 0.474312 0.263594 0.507563 0.282516 0.522333 0.310687 0.530958 0.333313 0.529729 0.342547 0.535875
24 1 0 0.323219 0.291208 0.340500 0.294667 0.353469 0.306188 0.369031 0.322313 0.379406 0.326937 0.388047 0.336146 0.398422 0.370729 0.401875 0.400688 0.388047 0.419146 0.367297 0.416833 0.330141 0.408771 0.314578 0.414521 0.299016 0.427208 0.289500 0.416833 0.316297 0.331542 0.302469 0.351125 0.291234 0.366125 0.288641 0.349979 0.311984 0.307333 0.309391 0.290042 0.317172 0.285437
24 1 0 0.932438 0.271396 0.964531 0.289417 0.979734 0.257875 0.994938 0.257875 1.000000 0.291667 1.000000 0.557438 0.983109 0.559687 0.915547 0.543917 0.907094 0.537167 0.912156 0.507875 0.888516 0.456083 0.893578 0.435813 0.915547 0.460583 0.917234 0.372750 0.923984 0.309687 0.929047 0.287167 0.923984 0.278146 0.923984 0.264646
26 1 1 0.148953 0.541875 0.141266 0.505979 0.142359 0.441500 0.142906 0.425375 0.154453 0.419521 0.161594 0.420979 0.168187 0.425375 0.181375 0.390208 0.195125 0.375563 0.201719 0.382146 0.195672 0.423188 0.200062 0.442229 0.202266 0.451750 0.202813 0.473750 0.175328 0.503042 0.154453 0.509646 0.152250 0.523562
28 1 0 0.738203 0.577521 0.679219 0.647187 0.672469 0.930333 0.748313 0.966292 0.771906 0.950562 0.783703 0.961792 0.834266 0.885396 0.847750 0.782021 0.830906 0.728083 0.797188 0.644938 0.787078 0.611229 0.741578 0.617979 0.758422 0.577521 0.741578 0.577521 0.741578 0.577521
26 1 1 0.462547 0.433979 0.466875 0.442062 0.476406 0.432833 0.498938 0.452458 0.511063 0.487125 0.526656 0.485958 0.549188 0.460542 0.562187 0.439750 0.573453 0.430521 0.598578 0.424750 0.602906 0.431667 0.608109 0.430521 0.616766 0.377375 0.604641 0.348500 0.597703 0.333479 0.581250 0.326542 0.575188 0.303438 0.570844 0.295354 0.553516 0.294208 0.546594 0.297667 0.542250 0.304604 0.537922 0.312687 0.530125 0.325396 0.517125 0.339250 0.492000 0.347333 0.478141 0.358896 0.458219 0.430521
0 1 1 0.258969 0.355979 0.262609 0.339771 0.254094 0.334917 0.244375 0.323563 0.240734 0.312208 0.235859 0.296000 0.231000 0.279792 0.231000 0.268458 0.231000 0.265208 0.238297 0.265208 0.243156 0.268458 0.246813 0.278167 0.248016 0.265208 0.252891 0.250625 0.269906 0.216583 0.288141 0.198750 0.267469 0.179292 0.261391 0.167938 0.266266 0.150125 0.275984 0.150125 0.288141 0.167938 0.296656 0.174438 0.296656 0.163083 0.296656 0.140396 0.299078 0.129042 0.297875 0.117688 0.306375 0.114458 0.319750 0.112833 0.331906 0.120937 0.339203 0.133917 0.342844 0.146875 0.344063 0.156604 0.336766 0.174438 0.336766 0.182542 0.352578 0.200375 0.363516 0.214958 0.374469 0.276563 0.369594 0.343021 0.369594 0.328437 0.346500 0.300875 0.319750 0.299250 0.308812 0.313833 0.295438 0.323563 0.299078 0.328437
0 1 0 0.690953 0.208833 0.687656 0.274021 0.687656 0.284604 0.696906 0.312792 0.688312 0.326875 0.672453 0.329521 0.662547 0.325125 0.630172 0.345375 0.628844 0.320708 0.634797 0.284604 0.614984 0.285479 0.611672 0.259937 0.624891 0.229104 0.638094 0.201792 0.648672 0.194750 0.646688 0.181521 0.641406 0.179771 0.635453 0.160396 0.637437 0.143646 0.650000 0.124271 0.660563 0.119854 0.683688 0.126021 0.683688 0.141896 0.675094 0.180646
28 1 2 0.608422 0.444562 0.616859 0.381646 0.684266 0.386146 0.709547 0.424354 0.716297 0.494000 0.665734 0.507500 0.623594 0.503000
0 1 0 0.366781 0.235146 0.375141 0.237396 0.381844 0.196458 0.384078 0.181583 0.387422 0.171167 0.385750 0.165958 0.379047 0.158521 0.375703 0.151083 0.375703 0.142167 0.375141 0.129500 0.377375 0.127271 0.376813 0.120583 0.380172 0.107937 0.385188 0.099750 0.397469 0.096771 0.414203 0.113146 0.411969 0.137687 0.413094 0.153312 0.423125 0.166708 0.433734 0.178604 0.439313 0.198708 0.439313 0.217292 0.437078 0.258958 0.447687 0.295417 0.425922 0.298396 0.415328 0.305083 0.401375 0.325167 0.388531 0.333354 0.374594 0.321458 0.371797 0.312521 0.372922 0.288729 0.372359 0.276062 0.368453 0.266396 0.365109 0.244833 0.364547 0.238875
26 1 1 0.282828 0.355104 0.293766 0.406979 0.290719 0.436979 0.257281 0.462917 0.240875 0.468583 0.237219 0.468583 0.242094 0.385917 0.201359 0.387521 0.194063 0.371312 0.175219 0.411042 0.171563 0.416708 0.163047 0.398063 0.173391 0.359979 0.233578 0.338896 0.276141 0.352667
0 1 0 0.770422 0.374187 0.773797 0.357979 0.771094 0.336396 0.769734 0.320188 0.770422 0.308479 0.772437 0.295875 0.775141 0.286875 0.777172 0.280583 0.778516 0.269792 0.779188 0.255375 0.781219 0.245479 0.783922 0.227479 0.793375 0.204979 0.800797 0.196875 0.795375 0.182958 0.798047 0.172250 0.805625 0.165125 0.814531 0.162167 0.818094 0.165125 0.817203 0.168688 0.814984 0.172250 0.813187 0.175229 0.811859 0.181167 0.811859 0.187104 0.811859 0.193042 0.807406 0.232229 0.805625 0.241146 0.810969 0.252417 0.814531 0.257771 0.818094 0.260750 0.821219 0.265500 0.814078 0.269646 0.810078 0.282125 0.808297 0.292208 0.806953 0.299938 0.805625 0.314187 0.803844 0.324271 0.801172 0.348042 0.797156 0.365250 0.794484 0.375354 0.788250 0.383062 0.782016 0.384250 0.770437 0.384854 0.763766 0.383667
24 1 0 0.552703 0.479083 0.564203 0.470229 0.574672 0.462062 0.576969 0.461042 0.584125 0.456604 0.591531 0.449458 0.592812 0.439917 0.595625 0.432417 0.607891 0.439229 0.621672 0.468521 0.623219 0.482146 0.620906 0.488958 0.626281 0.497479 0.620141 0.504292 0.599703 0.505646 0.574172 0.517917 0.556797 0.519958 0.549891 0.526083 0.545812 0.520292 0.536609 0.512458 0.537641 0.503958 0.541219 0.493396 0.546828 0.487271 0.549641 0.483521
24 1 0 0.697453 0.411271 0.688328 0.397479 0.678000 0.387750 0.658547 0.382896 0.637875 0.382083 0.614766 0.398292 0.613547 0.369917 0.625109 0.343979 0.627531 0.340729 0.662187 0.322896 0.680422 0.331021 0.694406 0.322896 0.701094 0.316417 0.711438 0.324521 0.716906 0.342354 0.722984 0.356958 0.727234 0.391813 0.710219 0.431521
0 1 0 0.952453 0.280583 0.937797 0.268354 0.930453 0.264437 0.921297 0.259062 0.923125 0.247333 0.924953 0.234625 0.927891 0.219958 0.929000 0.214083 0.932656 0.201375 0.934859 0.193062 0.939266 0.183771 0.948422 0.176938 0.964188 0.175458 0.978125 0.184750 0.981797 0.193563 0.983266 0.196979 0.984359 0.203333 0.987656 0.217500 0.988766 0.232667 0.988766 0.242938 0.987297 0.252229 0.977391 0.265917 0.966391 0.280083 0.963453 0.283500 0.951406 0.548688 0.948078 0.562542 0.948500 0.570292 0.950156 0.589687 0.947250 0.615167 0.940187 0.641187 0.940609 0.665000 0.944750 0.672750 0.947672 0.682167 0.940609 0.691583 0.940609 0.702667 0.938937 0.707104 0.920656 0.705437 0.914437 0.699333 0.914016 0.689375 0.914016 0.677188 0.915266 0.650604 0.920656 0.635104 0.931047 0.615708 0.933547 0.609062 0.938109 0.594667 0.941016 0.579146 0.950156 0.549792
24 1 0 0.570016 0.269604 0.561062 0.275583 0.559953 0.277063 0.546531 0.289000 0.549328 0.297208 0.560516 0.296458 0.584000 0.312875 0.606391 0.350917 0.613094 0.371792 0.625969 0.360604 0.622047 0.343458 0.613656 0.317354 0.610297 0.297958 0.594641 0.280042 0.582891 0.271104
0 1 0 0.483219 0.295375 0.486688 0.280104 0.490859 0.259750 0.490859 0.248187 0.492594 0.242625 0.491891 0.239396 0.490156 0.235687 0.491547 0.232000 0.493984 0.228750 0.496406 0.225521 0.498141 0.219500 0.499875 0.209792 0.505781 0.195437 0.511328 0.197750 0.516875 0.211167 0.516875 0.217646 0.517922 0.225979 0.517922 0.235229 0.518266 0.242167 0.517234 0.236146 0.510984 0.235687 0.503000 0.240792 0.499531 0.243563 0.501953 0.252354 0.503703 0.261146 0.506469 0.276875 0.514797 0.273167 0.520703 0.273625 0.522094 0.283354 0.523125 0.306479 0.522094 0.310187 0.512719 0.309729 0.504734 0.310646 0.497109 0.308333 0.483563 0.303708
24 1 0 0.023734 0.345354 0.046906 0.457208 0.050906 0.467875 0.058891 0.443375 0.065297 0.425250 0.080469 0.399687 0.081266 0.397563 0.087656 0.383708 0.090062 0.376250 0.092453 0.389042 0.098047 0.389042 0.098844 0.398625 0.088469 0.418875 0.074875 0.442313 0.070078 0.452958 0.067687 0.460417 0.065297 0.472125 0.060500 0.495562 0.058094 0.500896 0.054109 0.509417 0.032531 0.524333 0.000563 0.540313 0.000000 0.318729 0.002172 0.302729 0.010156 0.300396 0.010156 0.301458 0.010156 0.301458 0.010953 0.296146 0.016547 0.281229 0.028531 0.270562 0.019750 0.299333 0.018953 0.302542 0.015750 0.317458 0.015750 0.338750 0.015750 0.327042 0.018141 0.322771 0.022938 0.314250 0.026141 0.305729 0.033328 0.292937 0.046906 0.280167 0.047703 0.280167 0.060500 0.271646 0.074875 0.266313 0.086063 0.269500 0.096453 0.274833 0.101250 0.278021 0.102047 0.279104 0.091656 0.281229 0.084469 0.279104 0.076469 0.279104 0.071688 0.280167 0.066891 0.283354 0.062094 0.284417 0.059703 0.286563 0.054109 0.290812 0.047703 0.292937 0.041313 0.300396 0.031734 0.312125 0.030937 0.316375 0.028531 0.323833 0.026937 0.335563 0.026141 0.338750
28 1 0 0.397922 0.375250 0.430766 0.319313 0.433797 0.316896 0.449000 0.332292 0.453250 0.330667 0.463594 0.333917 0.470891 0.340396 0.480609 0.344458 0.481219 0.350125 0.482438 0.356604 0.473922 0.375250 0.462984 0.410917 0.459937 0.429563 0.459937 0.431188 0.455688 0.426313 0.449609 0.421458 0.439875 0.420646 0.433187 0.424708 0.431969 0.427125 0.422859 0.420646 0.420422 0.417396 0.411297 0.419021 0.406437 0.421458 0.402797 0.421458 0.394281 0.414167 0.399141 0.401188 0.395500 0.381729 0.397922 0.372812
28 1 2 0.593594 0.561500 0.555500 0.554250 0.550063 0.535396 0.576172 0.507812 0.592500 0.496208 0.630594 0.507812 0.638203 0.520875 0.643641 0.532500
24 1 0 0.791469 0.209188 0.781141 0.230833 0.780484 0.242833 0.776969 0.271229 0.775875 0.280021 0.770828 0.292021 0.771266 0.319542 0.771484 0.323354 0.771484 0.325979 0.756328 0.329500 0.747328 0.316021 0.743375 0.296708 0.742938 0.282063 0.742938 0.274750 0.751063 0.256312 0.764016 0.246937 0.764453 0.228500 0.769281 0.212687 0.773906 0.204792 0.781797 0.198937 0.785531 0.196000 0.785969 0.184583 0.792781 0.179312 0.794531 0.184875 0.795422 0.200396
24 1 1 0.486328 0.320521 0.492641 0.309500 0.511141 0.307396 0.524547 0.313688 0.532422 0.323667 0.525328 0.338896 0.509172 0.345208 0.495391 0.346792 0.491062 0.346250 0.489094 0.339437
0 1 0 0.438484 0.205354 0.447594 0.197521 0.445250 0.192833 0.446125 0.178729 0.446125 0.174021 0.448469 0.170875 0.450828 0.170500 0.452875 0.171667 0.457578 0.174792 0.458172 0.175583 0.458469 0.175583 0.459344 0.177146 0.460516 0.179896 0.460813 0.184604 0.460516 0.188896 0.459641 0.190479 0.459047 0.192042 0.459047 0.192833 0.470812 0.205750 0.473156 0.214771 0.473156 0.221417 0.472281 0.234354 0.471391 0.242979 0.469344 0.247667 0.468453 0.249625 0.466406 0.252771 0.466109 0.252771 0.465219 0.251979 0.462578 0.246104 0.462281 0.245708 0.460813 0.242979 0.459937 0.238271 0.452297 0.233958 0.448469 0.236708 0.447891 0.237104 0.443484 0.234750 0.440250 0.243750 0.438781 0.232792 0.436422 0.217896 0.436719 0.213979 0.438484 0.208500
0 1 1 0.705156 0.227000 0.713250 0.243604 0.718859 0.279292 0.715125 0.326604 0.715125 0.335750 0.720734 0.335750 0.723219 0.295063 0.723844 0.295896 0.726953 0.334917 0.730687 0.334917 0.731313 0.288417 0.736922 0.272646 0.741891 0.282604 0.745625 0.280958 0.746875 0.245250 0.740031 0.222021 0.736922 0.214542 0.734422 0.204583 0.732562 0.198771 0.725703 0.195458 0.720109 0.202083 0.718234 0.210396 0.713875 0.217042
24 1 0 0.718500 0.317458 0.691656 0.318625 0.688187 0.263167 0.688187 0.228521 0.685578 0.200792 0.685578 0.189250 0.695109 0.193854 0.715906 0.234292 0.718500 0.259708 0.721109 0.283958
0 1 0 0.000000 0.179104 0.023219 0.218688 0.031703 0.256000 0.018984 0.278604 0.010500 0.305729 0.000000 0.310250
0 1 1 0.703375 0.218979 0.704922 0.211417 0.709562 0.208667 0.709766 0.205021 0.711156 0.202333 0.713031 0.201292 0.713953 0.203354 0.714266 0.205833 0.713797 0.208125 0.715828 0.208542 0.718938 0.211437 0.719234 0.217021 0.717375 0.218271 0.703859 0.221479 0.702625 0.220646
24 1 0 0.554187 0.253792 0.545828 0.254000 0.545672 0.244146 0.547437 0.232146 0.547437 0.223792 0.548719 0.215438 0.552266 0.220167 0.552906 0.227229 0.553062 0.230438 0.556437 0.237083 0.557875 0.243937 0.557406 0.248646 0.556281 0.252083
28 1 1 0.601687 0.575271 0.591578 0.925833 0.584828 0.930333 0.571344 0.921354 0.497188 0.966292 0.483703 0.979771 0.433141 0.916854 0.424719 0.910104 0.426406 0.600000 0.483703 0.582021 0.520781 0.570792 0.559547 0.559542 0.596625 0.561792
28 1 0 0.421344 0.604500 0.424719 0.916854 0.315172 0.982021 0.225844 0.860667 0.232578 0.674167 0.241016 0.564042 0.273031 0.537083 0.332016 0.519104
26 1 0 0.747031 0.576396 0.792016 0.605333 0.824578 0.605333 0.868000 0.553646 0.917625 0.297229 0.926937 0.264146 0.926937 0.241396 0.902125 0.212458 0.895922 0.313771 0.874203 0.373750 0.813719 0.444042 0.787359 0.470938 0.768750 0.485396 0.745484 0.545375
28 1 0 0.657297 0.525167 0.603375 0.558875 0.603375 0.624042 0.603375 0.691458 0.600000 0.862250 0.665734 0.891458 0.684266 0.653250 0.721344 0.601583 0.748313 0.563375 0.734828 0.534167 0.716297 0.522917 0.679219 0.522917 0.653937 0.518417
24 1 2 0.391813 0.462812 0.393266 0.458937 0.395203 0.454417 0.396656 0.446667 0.399547 0.435708 0.403906 0.425375 0.412141 0.418271 0.417953 0.415688 0.415047 0.426021 0.408750 0.438292 0.406812 0.441500 0.414563 0.444729 0.424234 0.432479 0.431500 0.425375 0.443594 0.424083 0.450375 0.422792 0.453766 0.424729 0.458125 0.431188 0.461984 0.437646 0.464406 0.447313 0.468766 0.458937 0.471188 0.462812 0.473609 0.471833 0.475547 0.482167 0.477000 0.498938 0.479906 0.515729 0.479906 0.523458 0.478937 0.526042 0.477000 0.526688 0.467797 0.526042 0.459578 0.522187 0.453766 0.519604 0.446016 0.518958 0.435375 0.513792 0.434406 0.513792 0.422297 0.511854 0.413594 0.509917 0.405359 0.511854 0.400516 0.512500 0.395203 0.510563 0.386484 0.502813 0.377297 0.495708 0.382609 0.482167 0.384062 0.477646 0.388906 0.471833 0.391328 0.469896 0.395688 0.465396 0.400516 0.459583 0.400516 0.455708 0.401484 0.453125 0.401484 0.453125
