1 1 0 0.235844 0.170104 0.232000 0.177458 0.230344 0.188458 0.233641 0.199479 0.230344 0.211958 0.223734 0.238396 0.216578 0.242063 0.185734 0.261896 0.165359 0.280250 0.135609 0.333125 0.133969 0.408750 0.154891 0.461625 0.164797 0.463104 0.162047 0.449146 0.153797 0.433000 0.182422 0.346333 0.214375 0.316958 0.251828 0.297146 0.267797 0.291271 0.282656 0.286125 0.290375 0.280979 0.299187 0.266292 0.315156 0.228854 0.316812 0.216375 0.317359 0.206812 0.318453 0.199479 0.300281 0.174521 0.347094 0.100354 0.347641 0.091542 0.370781 0.076104 0.383453 0.074646 0.383453 0.068042 0.393906 0.068042 0.397766 0.069500 0.404922 0.080521 0.415391 0.066563 0.426406 0.065833 0.433016 0.070250 0.440172 0.077583 0.445672 0.084188 0.451188 0.090792 0.479281 0.140000 0.478719 0.159833 0.463297 0.167167 0.432469 0.173042 0.420891 0.175979 0.406578 0.127521 0.406031 0.113562 0.399969 0.105479 0.397219 0.097417 0.392250 0.091542 0.376844 0.088604 0.361422 0.098146
1 1 0 0.284813 0.289146 0.225453 0.309500 0.198328 0.332104 0.175437 0.369417 0.186453 0.450812 0.186453 0.455354 0.238172 0.438396 0.238172 0.413521 0.283125 0.355854 0.298375 0.347937 0.286516 0.318542 0.306016 0.302708 0.327203 0.297062 0.360281 0.294792 0.346719 0.243917 0.341625 0.207750 0.342469 0.199833 0.384016 0.196438 0.463734 0.180604 0.489172 0.176083 0.490016 0.215667 0.495109 0.226958 0.506969 0.202104 0.500188 0.153479 0.495109 0.143312 0.481531 0.150083 0.475594 0.168167 0.362828 0.188521 0.383172 0.168167 0.330609 0.161396 0.305172 0.151208 0.296688 0.163646 0.317891 0.196438 0.322969 0.203229 0.299234 0.272188 0.284813 0.290271
1 1 0 0.468422 0.385938 0.429609 0.374437 0.402875 0.381333 0.371828 0.407792 0.371828 0.423875 0.319219 0.435375 0.288172 0.433083 0.255391 0.436542 0.239000 0.441125 0.231250 0.416979 0.232109 0.416979 0.259703 0.376729 0.289031 0.357187 0.303688 0.347979 0.292484 0.339938 0.283859 0.319229 0.287297 0.310042 0.323531 0.305438 0.385625 0.295083 0.412359 0.303125 0.418406 0.269792 0.399422 0.264042 0.385625 0.238729 0.387359 0.219187 0.402875 0.212292 0.431344 0.215729 0.458078 0.212292 0.477047 0.238729 0.458937 0.253688 0.445141 0.272083 0.456344 0.310042 0.464969 0.346833 0.469281 0.360625 0.505516 0.367542 0.509828 0.354875 0.544328 0.306583 0.566750 0.265188 0.586578 0.246792 0.596938 0.238729 0.612453 0.252542 0.623672 0.269792 0.628844 0.280146 0.646094 0.287042 0.652125 0.299688 0.634891 0.351438 0.621078 0.376729 0.605563 0.407792 0.587453 0.461833 0.568469 0.521625 0.552078 0.495187 0.527938 0.489437 0.508969 0.521625 0.492578 0.534271 0.479641 0.513583 0.477906 0.480229 0.475328 0.449187 0.508969 0.420437 0.517594 0.389375
1 1 0 0.166125 0.203938 0.077422 0.234042 0.059672 0.322229 0.088703 0.391042 0.114516 0.401792 0.137094 0.406083 0.137094 0.335125 0.169359 0.268458 0.227422 0.242646 0.222578 0.219000 0.237094 0.203938 0.206453 0.169542 0.312906 0.141583 0.316125 0.128667 0.370969 0.111479 0.327422 0.092125 0.280641 0.053396 0.256453 0.094271 0.288703 0.124375 0.220969 0.158792 0.217734 0.137271 0.175812 0.132979 0.150000 0.154479 0.183875 0.173833 0.175812 0.203938
1 1 0 0.184687 0.134271 0.161984 0.141250 0.149422 0.169646 0.139641 0.194771 0.112406 0.191979 0.094609 0.199896 0.058641 0.230625 0.056203 0.279958 0.060391 0.314875 0.069109 0.335833 0.061437 0.326979 0.042578 0.292542 0.039797 0.278104 0.038391 0.234354 0.044672 0.213396 0.052703 0.197104 0.057594 0.190125 0.072031 0.183896 0.093453 0.172229 0.108656 0.172229 0.121781 0.173771 0.130297 0.178375 0.137547 0.178479 0.149766 0.152417 0.144875 0.133333 0.141391 0.121688 0.142781 0.115646 0.148375 0.112375 0.173156 0.111917 0.195859 0.110521 0.205281 0.117958 0.205625 0.125875 0.207375 0.143396 0.215906 0.138479 0.218203 0.134479 0.233188 0.117896 0.245625 0.105604 0.249312 0.102229 0.241016 0.081646 0.242391 0.074583 0.244703 0.072438 0.248844 0.070292 0.250219 0.067229 0.249531 0.066604 0.239859 0.064146 0.236406 0.060146 0.226969 0.060771 0.225578 0.058312 0.226047 0.055542 0.236406 0.052792 0.241469 0.044500 0.247922 0.044500 0.251375 0.049708 0.253906 0.057708 0.258281 0.054313 0.260828 0.049396 0.260828 0.048187 0.268656 0.047875 0.268187 0.053708 0.273266 0.055854 0.276953 0.065063 0.270266 0.066917 0.259906 0.067833 0.253453 0.081958 0.252062 0.085958 0.263125 0.124958 0.266578 0.132021 0.266578 0.136312 0.261516 0.136312 0.254828 0.126188 0.247688 0.145229 0.236406 0.172250 0.233406 0.182396 0.228109 0.185771 0.214516 0.184229 0.216828 0.175937 0.221437 0.164583 0.222813 0.162437 0.226047 0.156292 0.237328 0.137250 0.241250 0.127104 0.238250 0.126792 0.220969 0.149229 0.217063 0.161208 0.201625 0.161500 0.197484 0.161812 0.193328 0.154437 0.193797 0.149833 0.200016 0.145542
1 1 0 0.098047 0.074188 0.094984 0.046917 0.108281 0.033271 0.146141 0.026437 0.162516 0.048271 0.163531 0.059187 0.172750 0.059187 0.185016 0.048271 0.178891 0.025083 0.191156 0.036000 0.195250 0.038729 0.204469 0.042813 0.211625 0.057833 0.202422 0.070104 0.196281 0.076917 0.197297 0.100125 0.198328 0.109667 0.167625 0.119208 0.169672 0.097396 0.165578 0.087833 0.133859 0.098750 0.111359 0.108292 0.101125 0.096021 0.101125 0.081021
1 1 0 0.065891 0.154229 0.099828 0.148583 0.111844 0.141979 0.121031 0.130667 0.125266 0.121250 0.109016 0.110875 0.115375 0.109000 0.125984 0.104292 0.128094 0.100521 0.138703 0.097687 0.146469 0.099583 0.154250 0.101458 0.159906 0.101458 0.166266 0.101458 0.167688 0.101458 0.169094 0.107104 0.155656 0.116542 0.145766 0.117479 0.139406 0.132563 0.138703 0.135396 0.135875 0.141979 0.130219 0.146688 0.128094 0.151417 0.121734 0.155188 0.118203 0.159896 0.111141 0.165542 0.102656 0.166479 0.100531 0.169312 0.099828 0.170250 0.097703 0.171208 0.087812 0.171208 0.072266 0.178729 0.072266 0.182500 0.067313 0.184396 0.064484 0.180625 0.065187 0.170250 0.065187 0.157063
1 1 0 0.119562 0.127479 0.117719 0.131917 0.113656 0.137333 0.108500 0.141271 0.102953 0.144708 0.101109 0.142250 0.102219 0.137813 0.104437 0.133875 0.104437 0.129458 0.106641 0.121583 0.107391 0.116646 0.098156 0.099917 0.092625 0.100917 0.090031 0.101896 0.085609 0.105333 0.085234 0.110250 0.085234 0.110250 0.085609 0.111729 0.079328 0.112729 0.077859 0.111729 0.076750 0.111250 0.071953 0.110750 0.063469 0.110250 0.067531 0.110250 0.065672 0.104854 0.063828 0.100917 0.063469 0.095500 0.061625 0.090083 0.066781 0.087625 0.070484 0.086646 0.076375 0.087625 0.080812 0.088604 0.090781 0.089583 0.096313 0.084667 0.098891 0.082708 0.102219 0.082708 0.101844 0.086646 0.102219 0.092542 0.101484 0.096479 0.111078 0.112229 0.113297 0.114188 0.118453 0.115667 0.118453 0.116167 0.119562 0.117646 0.119203 0.121583 0.119203 0.125875 0.121047 0.122062 0.156469 0.101771 0.161641 0.097833 0.165328 0.096354 0.167172 0.095375 0.171234 0.093896 0.171234 0.096833 0.170500 0.099792 0.169391 0.102250 0.169766 0.100771 0.168656 0.101271 0.160531 0.101271
2 1 0 0.685484 0.041396 0.704844 0.022042 0.717734 0.002687 0.843547 0.004833 0.927422 0.002687 0.967734 0.047854 1.000000 0.071500 0.996781 0.163979 0.916125 0.181187 0.875813 0.179042 0.848391 0.161833 0.740328 0.142479 0.717734 0.155375 0.696781 0.123125 0.675812 0.103771 0.674188 0.090854 0.682266 0.058604
0 1 0 0.342734 0.084792 0.347438 0.090292 0.368047 0.083208 0.366875 0.093812 0.368937 0.102063 0.373359 0.162146 0.373062 0.161750 0.352156 0.162542 0.351859 0.140938 0.351266 0.116583 0.348625 0.101667 0.358344 0.096958 0.367172 0.072604 0.371594 0.071042 0.371891 0.067104 0.369234 0.027854 0.370109 0.020000 0.373938 0.017646 0.376297 0.003500 0.373938 0.000000 0.300031 0.000354 0.297969 0.005854 0.301500 0.017250 0.303859 0.023917 0.307391 0.043938 0.313578 0.057292 0.317109 0.073000 0.340375 0.089500 0.322656 0.105271 0.316422 0.115229 0.327641 0.144292 0.329500 0.147604 0.330125 0.124375 0.333859 0.119396 0.328875 0.092833 0.336969 0.099458 0.336969 0.102792
1 1 0 0.026828 0.153000 0.004359 0.161417 0.002953 0.174542 0.002953 0.265354 0.040875 0.296229 0.042984 0.208229 0.064047 0.182958 0.061937 0.152062 0.080203 0.146437 0.104062 0.142708 0.109375 0.107521 0.057172 0.116479 0.013453 0.109750
3 1 0 0.138203 0.321604 0.178656 0.528333 0.229219 0.546313 0.222469 0.577771 0.158422 0.647437 0.146625 0.717104 0.175281 0.773292 0.187078 0.737333 0.202250 0.789021 0.225844 0.836208 0.281453 0.863167 0.343812 0.872167 0.391016 0.836208 0.424719 0.791271 0.455062 0.739583 0.493813 0.726083 0.508984 0.728333 0.535953 0.800250 0.562922 0.798000 0.544375 0.728333 0.600000 0.703625 0.647188 0.598000 0.702812 0.422729 0.736516 0.460917 0.694375 0.519354 0.674156 0.598000 0.691016 0.694625 0.711234 0.710354 0.765172 0.746312 0.827531 0.703625 0.849438 0.645187 0.864609 0.557563 0.861234 0.514854 0.830906 0.447437 0.797188 0.433958 0.760109 0.407000 0.741578 0.290146 0.753375 0.254187 0.734828 0.229458 0.750000 0.191271 0.787078 0.101375 0.775281 0.094625 0.738203 0.164292 0.728094 0.207000 0.692703 0.175521 0.637078 0.162042 0.620219 0.168792 0.613484 0.087896 0.584828 0.083396 0.583141 0.148562 0.606734 0.177771 0.613484 0.204750 0.562922 0.195750 0.556188 0.227208 0.630344 0.238458 0.657297 0.308125 0.623594 0.377771 0.594938 0.476646 0.569656 0.573292 0.505625 0.609229 0.463484 0.460917 0.524156 0.389021 0.515734 0.366542 0.497188 0.366542 0.439891 0.386771 0.392703 0.371042 0.387641 0.409229 0.382578 0.422729 0.203938 0.447437 0.163484 0.305875 0.151688 0.308125
1 1 0 0.935188 0.663458 0.885188 0.648646 0.870375 0.700500 0.892594 0.712833 0.824078 0.823958 0.779625 0.984438 0.948141 0.979500 0.996297 0.856042 0.998141 0.522708 0.975922 0.542479 0.959266 0.542479 0.957406 0.554812 0.964812 0.567167 0.927781 0.621479 0.957406 0.638771 0.961109 0.663458 0.944438 0.673333 0.931484 0.668396
