2 1 0 0.126641 0.652225 0.081250 0.645925 0.064406 0.649414 0.054594 0.658548 0.043828 0.663443 0.044297 0.697822 0.000000 0.692201 0.001250 0.602436 0.000000 0.601733 0.022297 0.602436 0.054594 0.601030 0.098563 0.635386 0.126641 0.642412 0.131328 0.642412 0.160797 0.651522 0.165484 0.670468 0.167344 0.708337 0.150031 0.708337 0.143016 0.664848 0.133188 0.645222
0 1 0 0.640953 0.497681 0.639922 0.486862 0.638891 0.474520 0.638891 0.460609 0.647141 0.443607 0.658484 0.440515 0.676016 0.455972 0.682203 0.463700 0.678078 0.491499 0.705922 0.520867 0.721391 0.548689 0.726547 0.574965 0.726547 0.596604 0.715203 0.624426 0.710047 0.652248 0.697672 0.684707 0.694578 0.715621 0.697672 0.780539 0.700766 0.846979 0.698703 0.880984 0.677047 0.873255 0.665703 0.876347 0.657453 0.877892 0.656422 0.871710 0.659516 0.865527 0.669828 0.860890 0.668797 0.831522 0.664672 0.794450 0.659516 0.774356 0.655391 0.661522 0.650234 0.653794 0.644047 0.653794 0.643016 0.598150 0.646109 0.542506 0.654359 0.516230 0.654359 0.505410 0.641984 0.510047
0 1 1 0.169344 0.841499 0.167812 0.747752 0.168828 0.710398 0.165281 0.680679 0.167313 0.647143 0.167812 0.635714 0.163750 0.611335 0.159687 0.617424 0.149516 0.615129 0.147984 0.605995 0.148500 0.590749 0.155609 0.577799 0.159172 0.566370 0.162219 0.563326 0.169344 0.556464 0.173406 0.554941 0.176469 0.550351 0.179000 0.544262 0.179516 0.540445 0.180016 0.523677 0.180016 0.516066 0.183078 0.510726 0.196797 0.506159 0.200359 0.505386 0.201375 0.506159 0.206969 0.509204 0.210531 0.513021 0.208500 0.517588 0.207484 0.527494 0.206469 0.530539 0.204422 0.540445 0.202391 0.545785 0.209000 0.557213 0.215109 0.558735 0.220703 0.564848 0.223750 0.579321 0.232906 0.612084 0.230875 0.623513 0.228328 0.630375 0.222734 0.631897 0.216625 0.631897 0.214594 0.633443 0.218156 0.643349 0.217656 0.686792 0.214594 0.719555 0.213578 0.736323 0.213578 0.748525 0.212562 0.764520 0.214594 0.783583 0.216625 0.802623 0.214594 0.833115 0.216625 0.837682 0.215109 0.840726 0.208500 0.843771 0.201891 0.844543 0.200359 0.843771 0.199859 0.841499 0.199859 0.837682 0.198828 0.831593 0.194766 0.816347 0.193234 0.758431 0.191719 0.737073 0.192734 0.718782 0.188156 0.725644 0.186125 0.734028 0.185109 0.745457 0.184094 0.765293 0.184094 0.801874 0.185609 0.822436 0.187641 0.829297 0.191203 0.831593 0.192734 0.836159 0.192734 0.838454 0.189172 0.842248 0.180531 0.846066
7 1 0 0.015031 0.510141 0.121719 0.516885 0.153266 0.516885 0.165297 0.512389 0.163797 0.546183 0.147266 0.600234 0.145766 0.629508 0.157781 0.625012 0.162281 0.645269 0.108187 0.645269 0.061609 0.645269 0.034563 0.622740 0.012016 0.606979 0.000000 0.597963 0.006016 0.514637 0.003000 0.507892
0 1 1 0.539594 0.844426 0.541750 0.797705 0.548203 0.712318 0.542828 0.667190 0.538531 0.615644 0.533156 0.581803 0.552500 0.556019 0.550344 0.515738 0.555719 0.494801 0.569703 0.489953 0.585828 0.510913 0.585828 0.538290 0.608391 0.554403 0.619141 0.610796 0.621297 0.634965 0.611625 0.681686 0.592266 0.705855 0.586891 0.744520 0.586891 0.802529 0.584750 0.847658
24 1 1 0.550016 0.546885 0.552797 0.551874 0.553344 0.555176 0.550016 0.569297 0.546703 0.575948 0.544484 0.591710 0.543938 0.628244 0.545031 0.641522 0.545594 0.644005 0.547250 0.653138 0.549469 0.664754 0.550578 0.666417 0.551687 0.671405 0.554453 0.672225 0.559984 0.672225 0.580484 0.669742 0.597656 0.658946 0.599312 0.654801 0.599875 0.651475 0.599875 0.644848 0.601531 0.612459 0.599312 0.594192 0.593219 0.577588 0.592109 0.572623 0.589891 0.565152 0.587125 0.555176 0.591563 0.543560 0.592109 0.539415 0.586578 0.539415 0.581031 0.538595 0.576609 0.551030 0.567750 0.550211 0.565531 0.544403 0.564969 0.543560
2 1 0 0.336766 0.640398 0.339141 0.647002 0.364234 0.617026 0.370344 0.575855 0.328969 0.581429 0.329656 0.639883 0.327953 0.636838 0.326937 0.584988 0.318125 0.596698 0.314047 0.618033 0.324906 0.648525
0 1 0 0.839031 0.630585 0.839031 0.605152 0.839688 0.597330 0.838391 0.584614 0.837078 0.568970 0.838391 0.544496 0.839031 0.538642 0.841641 0.528852 0.844906 0.524941 0.845562 0.522014 0.843609 0.518103 0.839688 0.513208 0.841641 0.504403 0.848828 0.503419 0.855344 0.490703 0.856656 0.488759 0.867094 0.490703 0.872313 0.496581 0.872969 0.500492 0.873625 0.508314 0.880797 0.518103 0.884719 0.538642 0.884719 0.540585 0.885375 0.545480 0.885375 0.549391 0.882109 0.556253 0.878844 0.559180 0.872313 0.565035 0.871672 0.566019 0.869063 0.571897 0.867750 0.575808 0.861875 0.579719 0.859266 0.583630 0.854703 0.588525 0.853391 0.595363 0.852094 0.604169 0.852094 0.604169 0.852094 0.616885 0.851437 0.619813 0.848172 0.626674 0.844906 0.628618
0 1 1 0.292844 0.620960 0.292844 0.643443 0.292422 0.657799 0.282844 0.659040 0.279094 0.635948 0.277844 0.634684 0.279922 0.622834 0.284500 0.613466 0.284500 0.607845 0.288672 0.606604
0 1 1 0.357078 0.734895 0.363250 0.684614 0.354422 0.658150 0.358844 0.648899 0.368547 0.573489 0.378266 0.552319 0.389734 0.547026 0.394156 0.539087 0.393266 0.521874 0.395031 0.504684 0.401219 0.496745 0.412687 0.491452 0.421516 0.500703 0.423281 0.511288 0.413578 0.537752 0.431234 0.564215 0.436531 0.582740 0.440938 0.595972 0.440063 0.607892 0.470953 0.623747 0.479781 0.630375 0.473609 0.643607 0.434766 0.627728 0.432109 0.625082 0.429469 0.623747 0.435641 0.689906 0.436531 0.734895 0.418875 0.736229 0.413578 0.738876 0.403859 0.799742 0.404750 0.820913 0.416219 0.836792 0.388859 0.840749 0.385328 0.834145 0.385328 0.834145 0.380906 0.827518 0.382672 0.811639 0.383563 0.760047 0.372969 0.734895 0.357953 0.741522 0.357953 0.736229
