56 1 0 0.484922 0.906156 0.478453 0.907146 0.471969 0.874858 0.456406 0.950189 0.453828 0.964859 0.449281 0.964859 0.446047 0.957995 0.460297 0.838679 0.451234 0.721297 0.436328 0.639127 0.443453 0.632288 0.463547 0.672382 0.456406 0.677264 0.487516 0.868986 0.530281 0.871934 0.590547 0.844528 0.544547 0.763349 0.507609 0.777052 0.508250 0.782925
56 1 0 0.690844 0.583302 0.714000 0.588656 0.705031 0.647382 0.659844 0.631203 0.666359 0.591934 0.669141 0.590519 0.674719 0.597547 0.680438 0.606557 0.683781 0.615920 0.684984 0.620236 0.686297 0.623090 0.691125 0.627311 0.695031 0.620566 0.695219 0.614953 0.693359 0.605401 0.693172 0.599222 0.691125 0.589387
56 1 0 0.563984 0.860991 0.528281 0.871769 0.519719 0.804953 0.509719 0.759693 0.501156 0.751085 0.479734 0.699363 0.459750 0.667028 0.455469 0.677807 0.468313 0.766156 0.486875 0.869623 0.478312 0.962288 0.474031 0.990307 0.489734 0.990307 0.492594 0.968750 0.496875 0.985991 0.538281 0.988137 0.548281 0.988137 0.588250 0.990307 0.632516 0.988137 0.638234 0.983844 0.612531 0.940731
56 1 0 0.887062 0.624104 0.873438 0.699505 0.866625 0.732075 0.881391 0.730354 0.881391 0.752618 0.883656 0.766344 0.902953 0.771486 0.926797 0.783467 0.957453 0.795472 0.981297 0.804033 0.993781 0.814316 0.998328 0.817736 0.996047 0.750920 0.998328 0.711509 0.997187 0.684080 0.996047 0.663514 0.996047 0.651533 0.954047 0.649811 0.922250 0.637807 0.906359 0.632665 0.888203 0.627524
58 1 1 0.083641 0.717005 0.085359 0.791226 0.125547 0.787995 0.155906 0.766698 0.154609 0.699575 0.155906 0.682807 0.143922 0.671840 0.131094 0.666675 0.119562 0.672476 0.105453 0.679576 0.087922 0.680873 0.079797 0.692476 0.078938 0.704741
57 1 0 0.009688 0.671958 0.068578 0.667571 0.077703 0.697618 0.086828 0.725778 0.063187 0.728278 0.057375 0.718278 0.056141 0.683231 0.053234 0.675094 0.049922 0.675708 0.051156 0.708255 0.024203 0.688844 0.010109 0.685731 0.004719 0.679458
40 1 1 0.951703 0.637241 0.954594 0.632665 0.950344 0.623042 0.950188 0.599906 0.950344 0.593703 0.961734 0.593491 0.961422 0.606085 0.960516 0.622594 0.957938 0.625802 0.957172 0.633821 0.960203 0.637476 0.960672 0.640472 0.951703 0.640472 0.949281 0.638632
40 1 1 0.935219 0.635000 0.933891 0.631250 0.933734 0.626250 0.936531 0.622524 0.937859 0.611038 0.937031 0.605542 0.931406 0.603538 0.927938 0.605283 0.927281 0.616769 0.930094 0.623514 0.930422 0.626250 0.929922 0.629764 0.927766 0.632500 0.927437 0.634505
40 1 1 0.914937 0.631061 0.918312 0.626934 0.917891 0.621840 0.915359 0.617712 0.915141 0.609741 0.916203 0.591934 0.923781 0.591627 0.927375 0.596061 0.927375 0.609104 0.926313 0.621509 0.923156 0.623750 0.921891 0.629481 0.923578 0.631698 0.921469 0.632972 0.914516 0.632972
40 1 1 0.908516 0.632500 0.906891 0.629623 0.906344 0.626769 0.907969 0.625519 0.909063 0.624292 0.909063 0.592311 0.897656 0.591061 0.898469 0.623467 0.900094 0.625519 0.900641 0.627170 0.900094 0.628821 0.899281 0.628821 0.899000 0.631274 0.899828 0.632500 0.900359 0.632924 0.902266 0.633726 0.905531 0.633726 0.907969 0.632924
40 1 1 0.973453 0.614528 0.971719 0.633420 0.969625 0.639198 0.963016 0.639741 0.963375 0.627641 0.967203 0.619245 0.966844 0.610849 0.972422 0.610849
40 1 1 0.959953 0.604387 0.966766 0.606038 0.965687 0.622500 0.961047 0.629057 0.960234 0.639340 0.959688 0.637170 0.958594 0.628962 0.956688 0.627311 0.960781 0.621840 0.961594 0.608679
40 1 1 0.942219 0.636014 0.940812 0.636014 0.943641 0.631533 0.942781 0.626392 0.939812 0.622547 0.939531 0.617005 0.940953 0.613585 0.946187 0.612925 0.946328 0.612925 0.947031 0.615495 0.947453 0.620637 0.947031 0.624033 0.946047 0.625330 0.944766 0.627665 0.944906 0.631085 0.944906 0.633443 0.947594 0.634080 0.947031 0.635377 0.947031 0.636651 0.946187 0.636863
56 1 0 0.873047 0.750991 0.867422 0.711651 0.861078 0.711651 0.874469 0.626604 0.794187 0.610660 0.794891 0.629811 0.790656 0.644693 0.784328 0.647877 0.780797 0.669127 0.779391 0.686132 0.788547 0.714835 0.870938 0.759481 0.873766 0.761604 0.873766 0.750991
58 1 1 0.641766 0.675849 0.650016 0.709764 0.655250 0.744811 0.650766 0.760637 0.635781 0.764033 0.616313 0.754976 0.606562 0.735755 0.605078 0.721061 0.614812 0.686014 0.607313 0.671321 0.603578 0.650967 0.599828 0.641910 0.587844 0.630613 0.578859 0.612524 0.577359 0.601226 0.575109 0.582005 0.589344 0.554859 0.597578 0.551462 0.599078 0.545825 0.583344 0.552594 0.574359 0.554859 0.569875 0.552594 0.577359 0.534505 0.590094 0.522075 0.605078 0.514175 0.617063 0.520943 0.640281 0.519811 0.638031 0.533373 0.647766 0.534505 0.662750 0.536769 0.679219 0.539033 0.679219 0.557123 0.691203 0.570684 0.692703 0.595566 0.698703 0.612524 0.694953 0.630613 0.685969 0.634009 0.677719 0.607995 0.674734 0.601226 0.657500 0.596698 0.649266 0.596698 0.662750 0.619316 0.655250 0.640778 0.647016 0.667925 0.641766 0.672453
58 1 1 0.837375 0.573750 0.841141 0.585118 0.840391 0.592500 0.833234 0.601604 0.833234 0.615236 0.826844 0.615236 0.827219 0.602170 0.820813 0.596486 0.817047 0.586250 0.820813 0.569198 0.815547 0.572052 0.812156 0.566368 0.815172 0.565236 0.815922 0.558986 0.821562 0.560684 0.824953 0.560684 0.829469 0.559552 0.833609 0.558986 0.834375 0.558986 0.838516 0.561250 0.838141 0.566934 0.837766 0.568066 0.840766 0.572052
60 1 2 0.704594 0.983538 0.445828 0.635283 0.472328 0.623538 0.559625 0.618821 0.559625 0.640000 0.572094 0.640000 0.573641 0.614127 0.631328 0.755283 0.659375 0.748231 0.648469 0.670590 0.648469 0.649410 0.656266 0.632948 0.756031 0.684717 0.760703 0.748231 0.743563 0.764717 0.796562 0.781179 0.780969 0.743538 0.782531 0.694127 0.989859 0.781179 0.992969 0.898821 0.930625 0.910590 0.925937 0.781179 0.885406 0.788231 0.901000 0.941179 0.738875 0.983538 0.704594 0.985873
