26 1 0 0.931125 0.384403 0.928438 0.384918 0.926094 0.403021 0.921734 0.418595 0.921062 0.428150 0.922734 0.433677 0.930109 0.433677 0.935812 0.443747 0.942187 0.443747 0.947219 0.443747 0.949906 0.434192 0.950922 0.423630 0.950922 0.418103 0.953266 0.415574 0.954609 0.408548 0.952594 0.407541 0.945219 0.407541 0.940172 0.407541 0.940516 0.397471 0.937828 0.390445 0.935812 0.387939 0.934141 0.391452 0.933812 0.396487 0.930453 0.395972
0 1 1 0.720062 0.368688 0.724937 0.388033 0.727516 0.391897 0.732688 0.391897 0.730672 0.374707 0.725797 0.356674 0.721781 0.348080 0.719203 0.343770 0.721781 0.339485 0.722937 0.333044 0.721219 0.329180 0.716922 0.327447 0.713188 0.327892 0.708609 0.334754 0.709750 0.343349 0.704297 0.346347 0.698563 0.351522 0.689687 0.368688 0.691687 0.379438 0.695422 0.394895 0.700859 0.393607 0.700578 0.409087 0.697422 0.429696 0.698563 0.450328 0.704594 0.455059 0.710891 0.452037 0.715484 0.455059 0.720641 0.452904 0.715766 0.446464 0.715766 0.439157 0.718063 0.425410 0.720359 0.405222 0.719203 0.388033 0.719203 0.377728 0.720062 0.373864
16 1 1 0.725750 0.447916 0.727141 0.447916 0.737672 0.427986 0.743484 0.426745 0.750687 0.431311 0.757328 0.428407 0.760094 0.423841 0.763422 0.422600 0.765078 0.430468 0.767031 0.441265 0.760656 0.459532 0.757047 0.467845 0.756500 0.488173 0.752344 0.487354 0.750406 0.485269 0.750406 0.481124 0.750125 0.474075 0.748750 0.472810 0.747906 0.476557 0.747359 0.483185 0.746531 0.489016 0.736000 0.490679 0.739328 0.484848 0.739328 0.480703 0.739328 0.479040 0.739328 0.474075 0.739609 0.473653 0.738219 0.469087 0.737938 0.469087 0.737391 0.467845 0.736828 0.466581 0.735734 0.465761 0.734344 0.464520 0.733781 0.463279 0.733234 0.461616 0.732688 0.460375 0.732125 0.459532 0.731297 0.457869 0.731016 0.456206 0.730469 0.455808 0.730469 0.454965 0.729641 0.454145 0.729359 0.453724 0.727969 0.448337
0 1 0 0.496594 0.335714 0.500281 0.325316 0.505781 0.320726 0.507016 0.315223 0.507016 0.310937 0.506187 0.308173 0.506609 0.309415 0.513141 0.308478 0.516609 0.314309 0.515984 0.320117 0.522734 0.327447 0.525172 0.333279 0.525594 0.341522 0.526609 0.342459 0.524156 0.344895 0.512719 0.340000 0.502719 0.335714
0 1 0 0.471063 0.330328 0.470437 0.320562 0.472687 0.315995 0.474109 0.312623 0.474516 0.308665 0.475125 0.305621 0.475938 0.302248 0.476750 0.300726 0.478797 0.300422 0.482047 0.301030 0.484297 0.307752 0.484500 0.310796 0.483687 0.314778 0.483078 0.316300 0.484094 0.324239 0.486734 0.329415 0.487750 0.332178 0.486938 0.333700 0.479812 0.331569 0.470437 0.331569 0.470641 0.331265
0 1 0 0.070109 0.263560 0.070109 0.247986 0.074469 0.239438 0.082859 0.237424 0.086891 0.247986 0.086891 0.258033 0.086547 0.266089
0 1 1 0.941312 0.442037 0.937906 0.421171 0.936766 0.407119 0.938750 0.388384 0.939328 0.376464 0.935625 0.361991 0.936484 0.356019 0.939609 0.350492 0.941031 0.342834 0.947000 0.338993 0.949266 0.348782 0.952953 0.365831 0.956656 0.387119 0.954094 0.401171 0.950125 0.424567 0.948125 0.440328 0.946422 0.456089 0.943297 0.466300 0.941031 0.456511 0.938469 0.451405 0.936766 0.455667 0.934500 0.460351 0.932500 0.449274 0.932219 0.445012 0.935625 0.442459
0 1 1 0.890781 0.264871 0.895750 0.254660 0.899953 0.250726 0.906766 0.252693 0.913047 0.261733 0.917766 0.276651 0.921172 0.288431 0.927984 0.295902 0.931906 0.319836 0.932687 0.343794 0.936891 0.373630 0.939500 0.385808 0.934797 0.396815 0.931125 0.395621 0.929547 0.392482 0.921687 0.407400 0.921172 0.429391 0.917766 0.440000 0.915672 0.486323 0.913828 0.507143 0.905453 0.507541 0.903875 0.506370 0.904406 0.500070 0.898641 0.496159 0.904141 0.465925 0.903359 0.454918 0.899422 0.458056 0.897062 0.482810 0.894437 0.493794 0.890781 0.496534 0.887891 0.496534 0.887641 0.486323 0.886063 0.480445 0.882656 0.474941 0.886844 0.469836 0.887375 0.461991 0.887891 0.422319 0.886063 0.405831 0.886063 0.395621 0.900203 0.366956 0.907547 0.322600 0.908594 0.319461 0.900203 0.297073 0.896016 0.289227
0 1 1 0.812234 0.284637 0.816109 0.304965 0.806422 0.370258 0.780281 0.435550 0.780281 0.486323 0.760922 0.486323 0.757047 0.454403 0.765766 0.422482 0.757047 0.381850 0.743500 0.376066 0.752203 0.338337 0.767703 0.280281 0.784156 0.259977 0.788031 0.235316 0.794813 0.226604 0.799641 0.233864 0.801578 0.267237
0 1 1 0.283375 0.087635 0.278875 0.116862 0.250375 0.173044 0.200906 0.283138 0.212906 0.346066 0.212906 0.417986 0.241391 0.395504 0.250375 0.415738 0.251875 0.514614 0.259375 0.622482 0.269875 0.557307 0.295359 0.442693 0.322344 0.417986 0.329844 0.606745 0.335844 0.674169 0.347844 0.707869 0.371828 0.707869 0.376328 0.669672 0.371828 0.647190 0.376328 0.602248 0.361328 0.471920 0.368828 0.440445 0.398813 0.483138 0.407813 0.458431 0.400313 0.379766 0.398813 0.364052 0.422797 0.346066 0.425797 0.314614 0.406313 0.289883 0.376328 0.197752 0.355328 0.159555 0.341844 0.137073 0.337344 0.119110 0.334344 0.080890 0.320844 0.062927 0.301359 0.065176 0.290859 0.071920 0.286359 0.078642 0.284859 0.080890
