60 1 2 0.244344 1.000000 0.078969 0.861180 0.055047 0.814034 0.199609 0.761180 0.200656 0.761180 0.211063 0.758326 0.212094 0.764034 0.217297 0.804034 0.202734 0.815472 0.217297 0.831180 0.233938 0.832597 0.267219 0.835472 0.301547 0.835472 0.332750 0.825472 0.351469 0.802618 0.348344 0.789764 0.337953 0.772618 0.336906 0.755472 0.312984 0.742618 0.315062 0.736910 0.372266 0.766888 0.412828 0.772618 0.453406 0.788326 0.480438 0.801180 0.481484 0.774034 0.521000 0.772618 0.513719 0.799742 0.534531 0.778326 0.562609 0.795472 0.556375 0.825472 0.737344 0.911180 0.825750 0.942597 0.826797 0.965451 0.794547 0.984034 0.796625 1.000000 0.718625 0.992597 0.714469 0.984034 0.720703 0.961159 0.695750 0.954034 0.694703 0.954034 0.694703 0.966888 0.697828 0.982597 0.707188 0.989743 0.710297 1.000000 0.484609 0.999743
55 1 1 0.235078 0.593755 0.235078 0.555064 0.231156 0.537961 0.229844 0.527167 0.229187 0.522661 0.225250 0.510064 0.225906 0.501051 0.229187 0.496545 0.228531 0.481245 0.226562 0.475858 0.237703 0.463262 0.248187 0.465944 0.255391 0.457854 0.258672 0.457854 0.267844 0.455150 0.270469 0.438047 0.276375 0.430858 0.282266 0.443455 0.277031 0.449742 0.276375 0.457854 0.277687 0.465944 0.292094 0.468648 0.297344 0.474957 0.296688 0.486652 0.298656 0.492961 0.299969 0.492961 0.303234 0.501051 0.304547 0.518155 0.304547 0.519957 0.301266 0.528047 0.299313 0.537961 0.306516 0.537060 0.306516 0.543369 0.305859 0.591073 0.307172 0.594657 0.303891 0.605472 0.299313 0.606373 0.284234 0.609957 0.269156 0.612661 0.248187 0.611760 0.241641 0.609957 0.237047 0.602768
55 1 1 0.298453 0.628777 0.312672 0.634099 0.322047 0.639421 0.323656 0.672253 0.323141 0.683970 0.327187 0.693627 0.322078 0.703884 0.314828 0.716180 0.293297 0.719979 0.282641 0.721159 0.246828 0.723498 0.234250 0.722318 0.227859 0.717339 0.221469 0.703884 0.222750 0.696846 0.222750 0.684571 0.222531 0.661137 0.224453 0.645043 0.232547 0.639485 0.246187 0.635386 0.257281 0.633326 0.271563 0.631288 0.285406 0.626009
27 1 0 0.685719 0.316137 0.699297 0.299013 0.708109 0.288433 0.705547 0.280880 0.687563 0.294979 0.667016 0.322189 0.665906 0.342854 0.653500 0.383712 0.644641 0.408841 0.644922 0.410408 0.647781 0.415515 0.652922 0.403734
42 1 0 0.350047 0.982725 0.338813 0.979506 0.329469 0.984013 0.318234 0.989785 0.313094 0.982725 0.304203 0.981438 0.293438 0.984013 0.291109 0.978884 0.293906 0.978240 0.294375 0.973090 0.289703 0.971159 0.292031 0.969227 0.292031 0.964742 0.288766 0.961524 0.291578 0.960880 0.294375 0.959592 0.298125 0.957682 0.307469 0.967961 0.313562 0.971159 0.318703 0.974378 0.323375 0.978884 0.329922 0.980150 0.333203 0.978240 0.340687 0.977597 0.349109 0.979506 0.353312 0.979506 0.358000 0.980794 0.356125 0.985300 0.350516 0.984013
42 1 0 0.425094 0.974850 0.449547 0.947382 0.454437 0.942811 0.463328 0.927854 0.464656 0.924485 0.465766 0.928455 0.467109 0.924807 0.468656 0.928755 0.470656 0.923884 0.472437 0.928455 0.474219 0.926009 0.473328 0.930601 0.475547 0.932124 0.473547 0.935472 0.474000 0.941288 0.467109 0.954399 0.463109 0.956545 0.456656 0.961738 0.446438 0.967833 0.436656 0.973326 0.428656 0.978519 0.426203 0.979142 0.424875 0.975172
45 1 1 0.292969 0.866931 0.300922 0.874979 0.310984 0.880172 0.316000 0.887060 0.319359 0.899142 0.318094 0.907768 0.317266 0.911803 0.318516 0.918133 0.324375 0.925601 0.332344 0.928476 0.340719 0.930215 0.341969 0.933670 0.344484 0.933670 0.344906 0.929056 0.354953 0.927339 0.364594 0.923305 0.370031 0.915258 0.371281 0.909506 0.370031 0.895687 0.369609 0.885343 0.374641 0.874979 0.383437 0.870386 0.390969 0.862918 0.392641 0.854850 0.387625 0.847382 0.379672 0.841051 0.371281 0.838755 0.364594 0.838755 0.361234 0.837017 0.357047 0.835880 0.348250 0.839335 0.336937 0.839335 0.329828 0.841051 0.325641 0.842768 0.319359 0.842768 0.314750 0.846223 0.306781 0.846223 0.300922 0.850837 0.298000 0.853133 0.291719 0.856588 0.290453 0.861760 0.292969 0.866931
45 1 1 0.194328 0.872554 0.201859 0.877082 0.209859 0.877082 0.216453 0.887425 0.218344 0.897768 0.215516 0.908755 0.215984 0.917167 0.221641 0.923648 0.233406 0.925579 0.251781 0.925579 0.268266 0.919764 0.271563 0.910708 0.271094 0.900365 0.267797 0.893240 0.269203 0.885472 0.274859 0.873197 0.288047 0.867361 0.292281 0.860901 0.290875 0.849270 0.287578 0.843433 0.283812 0.841502 0.276734 0.835021 0.267328 0.833090 0.257437 0.831159 0.251312 0.833090 0.243781 0.836330 0.232937 0.834378 0.226344 0.836330 0.221641 0.838262 0.217406 0.842146 0.215047 0.843433 0.206094 0.844742 0.200922 0.847961 0.199031 0.853798 0.194328 0.856373 0.192437 0.861545 0.192906 0.868670
40 1 1 0.519359 0.800730 0.524984 0.791695 0.550359 0.789764 0.558359 0.793627 0.559297 0.802661 0.553656 0.815579 0.553656 0.834936 0.554125 0.869785 0.547078 0.907210 0.543312 0.912382 0.542375 0.947875 0.548016 0.954313 0.556469 0.960773 0.557422 0.967232 0.550359 0.973691 0.539094 0.976266 0.528281 0.975622 0.521703 0.971094 0.519828 0.965300 0.519359 0.964013 0.521234 0.957554 0.528281 0.954979 0.530156 0.953670 0.535328 0.948519 0.535797 0.938841 0.531094 0.884635
40 1 1 0.907297 0.943970 0.911094 0.905944 0.924672 0.899227 0.943141 0.902961 0.954547 0.909678 0.953453 0.943970 0.953453 0.945472
45 1 2 1.000000 0.960880 0.991250 0.954506 0.943437 0.946931 0.895187 0.945773 0.834672 0.957403 0.807594 0.975429 0.800406 0.985880 0.793625 1.000000 0.999719 0.999828
55 1 1 0.334375 0.804936 0.273187 0.834764 0.216953 0.817146 0.211031 0.768348 0.220891 0.748026 0.250500 0.737189 0.308719 0.733133 0.330422 0.748026 0.335359 0.768348 0.335359 0.804936
42 1 0 0.473500 0.982575 0.496031 0.982833 0.499781 0.983348 0.506359 0.981288 0.518188 0.968906 0.519875 0.964013 0.518750 0.956266 0.518188 0.951373 0.515000 0.951631 0.497531 0.966588 0.495844 0.969678 0.496406 0.974592 0.487953 0.973026 0.475562 0.972253 0.457344 0.976137 0.433688 0.985923 0.434812 0.987489 0.453594 0.986953 0.467484 0.984378 0.472375 0.984378
40 1 1 0.495406 0.872167 0.490969 0.864549 0.482641 0.810429 0.480422 0.784528 0.482094 0.779185 0.483750 0.776910 0.487078 0.772339 0.504281 0.772339 0.509828 0.774614 0.513156 0.776137 0.514828 0.779185 0.514828 0.782232 0.515938 0.789850 0.512047 0.808906 0.512609 0.827210 0.512609 0.840923 0.512609 0.849313 0.507609 0.860730 0.505953 0.863777 0.504844 0.866846 0.501516 0.867597 0.499297 0.874463 0.498734 0.876738 0.493188 0.888176 0.502062 0.889700 0.502625 0.893519 0.505391 0.890451 0.505391 0.922468 0.505391 0.927811 0.506500 0.931609 0.510938 0.933906 0.517609 0.943047 0.515938 0.947618 0.510938 0.949142 0.504844 0.949914 0.496516 0.948391 0.494844 0.940000 0.491516 0.936180 0.487641 0.940773 0.484859 0.943820 0.482641 0.943820 0.480422 0.939227 0.482094 0.934657 0.484859 0.933133 0.497078 0.927039 0.497078 0.917897 0.494844 0.904185 0.493188 0.894270
42 1 0 0.436156 0.988455 0.448562 0.989292 0.461578 0.986331 0.476766 0.985043 0.490406 0.983348 0.499703 0.988455 0.515203 0.983755 0.526984 0.977811 0.526375 0.981631 0.510563 0.987167 0.502187 0.989721 0.503734 0.990579 0.517375 0.987167 0.525437 0.984614 0.526062 0.987597 0.507766 0.991009 0.503422 0.991438 0.505906 0.992275 0.515203 0.991438 0.528844 0.988884 0.525437 0.992275 0.510859 0.993133 0.507766 0.998240 0.497219 0.999099 0.490094 0.996974 0.481109 0.994399 0.463437 0.994399 0.451656 0.994399 0.436781 0.994399 0.428719 0.992275 0.437703 0.989292
42 1 0 0.366719 0.972918 0.373516 0.976738 0.382156 0.981824 0.380609 0.981824 0.364250 0.981824 0.351906 0.976738 0.343578 0.973348 0.331844 0.973348 0.323828 0.974185 0.317344 0.965708 0.312094 0.958090 0.311781 0.954270 0.313937 0.954700 0.312094 0.949614 0.311172 0.943670 0.314875 0.944957 0.313641 0.941567 0.314250 0.941567 0.316719 0.943670 0.316719 0.939871 0.317953 0.939871 0.320422 0.939442 0.321969 0.938584 0.325984 0.945794 0.333703 0.953433 0.336781 0.956395 0.343578 0.961052 0.348516 0.962318 0.358078 0.966996 0.358391 0.966137 0.351281 0.962747 0.345422 0.960622 0.340797 0.951309 0.336781 0.942833 0.338016 0.941567 0.336781 0.936888 0.337094 0.934764 0.339875 0.941137 0.342641 0.944957 0.345422 0.953004 0.346047 0.953004 0.342953 0.944099 0.340797 0.939013 0.339563 0.933069 0.339875 0.932661 0.342953 0.936888 0.344500 0.941137 0.347891 0.948348 0.349125 0.951309 0.349750 0.951309 0.347281 0.943670 0.344500 0.938584 0.343875 0.934356 0.346344 0.937318 0.348516 0.942833 0.350984 0.949185 0.352219 0.948755 0.347578 0.937318 0.344500 0.930537 0.352219 0.940708 0.357766 0.947918 0.361469 0.952575 0.368875 0.958519 0.376594 0.965708 0.384313 0.974185 0.390797 0.981824 0.385859 0.985215 0.379375 0.977167 0.369500 0.969099
42 1 1 0.416687 0.986845 0.408828 0.988562 0.407172 0.979442 0.409234 0.974893 0.425812 0.945322 0.430781 0.920279 0.434922 0.923133 0.435750 0.920837 0.438234 0.923691 0.440312 0.920837 0.440312 0.925408 0.443203 0.922554 0.442797 0.928820 0.436578 0.960107 0.429125 0.964657
42 1 0 0.294703 0.983069 0.293438 0.997597 0.300484 1.000000 0.332469 1.000000 0.336250 1.000000 0.336750 0.998627 0.380063 1.000000 0.383828 0.998627 0.383578 0.994485 0.375531 0.991009 0.351359 0.988240 0.342797 0.989292 0.329953 0.990665 0.321891 0.989635 0.319125 0.992060 0.315594 0.983412 0.295703 0.982725
55 1 1 0.486562 0.588755 0.491484 0.589270 0.492109 0.592575 0.498297 0.584936 0.499062 0.581996 0.496281 0.576438 0.495781 0.571073 0.492750 0.568991 0.487437 0.569506 0.481766 0.572961 0.475703 0.574700 0.469516 0.579206 0.466984 0.581996 0.473547 0.582682 0.477844 0.581459 0.483016 0.580773 0.485797 0.582167 0.486813 0.585451 0.486172 0.587361
44 1 1 0.714594 0.999785 0.706750 0.982382 0.700109 0.979077 0.695891 0.975751 0.696500 0.968305 0.697703 0.961567 0.699391 0.958777 0.701406 0.957854 0.706359 0.959034 0.709188 0.960086 0.711062 0.963691 0.713328 0.968348 0.714641 0.973262 0.714828 0.977146 0.712391 0.981524 0.711062 0.982833 0.714641 0.991094 0.716531 0.994721 0.718406 0.999635
42 1 1 0.398250 0.986416 0.398250 0.964421 0.398250 0.956846 0.396672 0.951438 0.397719 0.919356 0.401141 0.921524 0.402969 0.919356 0.404016 0.922597 0.405859 0.920086 0.407172 0.922232 0.410062 0.919356 0.411109 0.922961 0.410844 0.953970 0.409531 0.959742 0.405328 0.960815 0.405328 0.981717 0.403766 0.988584 0.397984 0.988927
55 1 1 0.508875 0.321910 0.512812 0.321459 0.514375 0.322468 0.516187 0.322918 0.517828 0.325858 0.519063 0.331717 0.518734 0.332511 0.516437 0.331051 0.516266 0.331051 0.513391 0.331609 0.512000 0.336674 0.511922 0.337361 0.511922 0.338026 0.509281 0.334206 0.508547 0.327768
40 1 1 0.833016 0.977725 0.824437 0.945172 0.831500 0.892511 0.852188 0.888348 0.874375 0.899442 0.875391 0.955558 0.875391 0.982575 0.864797 0.997124 0.854703 1.000000 0.844609 1.000000 0.832000 0.983262
0 1 0 0.711766 0.287639 0.759219 0.348305 0.773938 0.408991 0.775578 0.460665 0.773938 0.519099 0.783750 0.579785 0.801750 0.683155 0.814844 0.757296 0.819750 0.788755 0.819750 0.826974 0.796844 0.844936 0.769031 0.865172 0.764125 0.910107 0.767391 0.921352 0.628312 0.862918 0.633219 0.802253 0.631594 0.768541 0.631594 0.755064 0.597219 0.766288 0.592312 0.757296 0.585766 0.582017 0.561234 0.566288 0.538328 0.550558 0.528500 0.541566 0.525234 0.523605 0.526875 0.507876 0.562859 0.514614 0.569406 0.512361 0.577594 0.512361 0.536687 0.478648 0.539953 0.449442 0.546500 0.435966 0.543234 0.413476 0.541594 0.402253 0.539953 0.377532 0.526875 0.357296 0.517047 0.348305 0.518687 0.334828 0.533406 0.339335 0.539953 0.339335 0.535047 0.332575 0.549781 0.337082 0.554688 0.350558 0.554688 0.364034 0.559594 0.388755 0.562859 0.404485 0.610313 0.462918 0.618500 0.440451 0.613594 0.400000 0.613594 0.377532 0.616859 0.359549 0.626672 0.350558 0.633219 0.339335 0.631594 0.323605 0.626672 0.298884 0.623406 0.280901 0.618500 0.274163 0.615219 0.262918 0.613594 0.231459 0.605406 0.217983 0.608688 0.191009 0.616859 0.175279 0.636500 0.161803 0.659406 0.148305 0.679031 0.148305 0.700312 0.155064 0.706859 0.170794 0.715031 0.197747 0.715031 0.220215 0.710125 0.235966 0.701937 0.262918 0.705219 0.267425 0.715031 0.280901
