0 1 1 0.686797 0.825562 0.717984 0.784271 0.723031 0.748313 0.724719 0.728083 0.721344 0.694375 0.716297 0.667417 0.709547 0.633708 0.704500 0.595500 0.699437 0.559542 0.692703 0.530333 0.682578 0.507875 0.684266 0.424729 0.672469 0.373042 0.658984 0.350563 0.653937 0.330333 0.650562 0.321354 0.633703 0.319104 0.628656 0.328083 0.618547 0.355062 0.606734 0.379771 0.584828 0.406750 0.571344 0.426958 0.551125 0.449437 0.532578 0.474167 0.515734 0.512354 0.485391 0.507875 0.485391 0.492125 0.492141 0.480896 0.547562 0.394750 0.555344 0.363625 0.575359 0.333979 0.586484 0.325083 0.596484 0.310250 0.607609 0.279125 0.612063 0.265771 0.630953 0.233167 0.639859 0.215375 0.692109 0.196083 0.694344 0.179792 0.697672 0.170896 0.703234 0.160500 0.705453 0.148646 0.711016 0.133833 0.715469 0.120479 0.725469 0.113063 0.738813 0.111583 0.749937 0.113063 0.757719 0.120479 0.765500 0.145688 0.768844 0.176812 0.774406 0.196083 0.789969 0.203500 0.803312 0.212396 0.809984 0.219812 0.833328 0.299875 0.841125 0.326562 0.843344 0.341396 0.834453 0.368083 0.826656 0.390313 0.824437 0.402167 0.835563 0.414042 0.845562 0.425896 0.850016 0.433313 0.837781 0.425896 0.841125 0.436271 0.845562 0.442208 0.845562 0.446646 0.849672 0.455917 0.838609 0.452625 0.831641 0.444979 0.827547 0.436792 0.826313 0.434604 0.827547 0.446083 0.827953 0.464646 0.825500 0.465208 0.825094 0.475042 0.832875 0.505083 0.830422 0.513833 0.831234 0.520938 0.834109 0.531875 0.834516 0.537333 0.838609 0.547167 0.839437 0.566292 0.836563 0.581583 0.835328 0.603437 0.835328 0.616563 0.833281 0.624208 0.824266 0.622021 0.817297 0.617646 0.809516 0.663563 0.807047 0.675021 0.802547 0.688688 0.798031 0.701250 0.785750 0.724208 0.784516 0.731854 0.786969 0.744437 0.789437 0.754812 0.789016 0.767917 0.789844 0.783229 0.795578 0.801250 0.797219 0.816563 0.802547 0.832958 0.809516 0.844979 0.811563 0.844417 0.816063 0.854813 0.828781 0.877208 0.832047 0.881583 0.834109 0.890333 0.831234 0.898521 0.814844 0.910542 0.809516 0.918750 0.804594 0.928583 0.794766 0.935687 0.786969 0.937312 0.770984 0.938417 0.760750 0.926937 0.765250 0.916562 0.768125 0.912729 0.769344 0.902896 0.770172 0.891958 0.776734 0.875021 0.773031 0.862458 0.770984 0.855354 0.770984 0.842250 0.760750 0.811083 0.755422 0.784854 0.744766 0.804542 0.743531 0.808917 0.740656 0.814917 0.737797 0.820937 0.735328 0.829125 0.734109 0.841146 0.734922 0.844979 0.734109 0.852083 0.730422 0.859729 0.726734 0.869021 0.726734 0.878854 0.723047 0.892521 0.719766 0.911646 0.719344 0.923104 0.711563 0.925854 0.703781 0.921479 0.698859 0.917104 0.695172 0.912188 0.682875 0.882667 0.682875 0.863000 0.679187 0.858083 0.676313 0.850979 0.677953 0.833500 0.678781 0.831854
0 1 1 0.198500 0.298313 0.202281 0.275688 0.210578 0.258083 0.219250 0.257583 0.217359 0.232958 0.222641 0.216354 0.237344 0.218875 0.245641 0.241500 0.246781 0.261604 0.259219 0.263125 0.263750 0.301333 0.253563 0.300833 0.244516 0.331000
0 1 1 0.144313 0.298875 0.140797 0.283979 0.142562 0.264396 0.146078 0.260479 0.152547 0.255771 0.157547 0.252250 0.156359 0.245208 0.155484 0.240896 0.154313 0.233063 0.154016 0.227958 0.155484 0.222083 0.158422 0.219729 0.164297 0.218563 0.169594 0.218958 0.171062 0.219333 0.173109 0.220521 0.175766 0.224042 0.176937 0.227563 0.177516 0.233833 0.177516 0.240500 0.175766 0.247542 0.175469 0.253042 0.177516 0.258521 0.181641 0.260875 0.187812 0.264396 0.191047 0.266750 0.193687 0.272625 0.194266 0.282813 0.193094 0.288292 0.189859 0.300438 0.177234 0.299667 0.171937 0.294167 0.168703 0.293000 0.163422 0.292208 0.158125 0.293396 0.154016 0.295750 0.150781 0.298479 0.146969 0.299667
0 1 1 0.876766 0.286792 0.875953 0.273125 0.905453 0.264396 0.902172 0.239250 0.909562 0.225604 0.931281 0.223958 0.935375 0.241979 0.934547 0.258938 0.951359 0.262208 0.954641 0.269313 0.937016 0.279146 0.925531 0.280792 0.879234 0.287333
0 1 1 0.123641 0.366854 0.124047 0.365792 0.125141 0.364771 0.130391 0.362854 0.143766 0.364146 0.144250 0.357125 0.127531 0.355229 0.122750 0.357125 0.120359 0.359042 0.119406 0.354583 0.117016 0.352667 0.114156 0.348854 0.115109 0.346938 0.117016 0.345667 0.117500 0.343750 0.116547 0.329750 0.122266 0.323375 0.128484 0.322104 0.134687 0.323375 0.144719 0.331021 0.145672 0.338021 0.147109 0.344396 0.145672 0.346312 0.142328 0.381979 0.144719 0.387708 0.141859 0.397896 0.141375 0.410625 0.144250 0.406813 0.140422 0.433562 0.135172 0.439938 0.135172 0.446292 0.138031 0.454583 0.143766 0.453938 0.139516 0.460146 0.138281 0.479771 0.132156 0.461792 0.128469 0.451979 0.124797 0.433187 0.127859 0.426646 0.132016 0.422167 0.130828 0.417375 0.128828 0.414979 0.127438 0.415792 0.123453 0.416583 0.122641 0.416042 0.122453 0.393708 0.122250 0.369521 0.118469 0.366979 0.118000 0.425583 0.115609 0.422396 0.116563 0.418563 0.115125 0.414750 0.116563 0.411563 0.115609 0.407104 0.117031 0.410292 0.115609 0.405188 0.112266 0.403292 0.111312 0.393729 0.107969 0.383542 0.108922 0.375896 0.113688 0.370167 0.116563 0.367625
0 1 1 0.224469 0.489563 0.224469 0.450771 0.233484 0.433833 0.251516 0.414167 0.249875 0.395583 0.250281 0.385208 0.250688 0.379187 0.255203 0.372625 0.261344 0.367708 0.275281 0.370438 0.277328 0.384104 0.277750 0.402687 0.277750 0.414708 0.298234 0.428375 0.302328 0.467708 0.301516 0.475354 0.290031 0.477000 0.287984 0.499958 0.227750 0.493937
0 1 1 0.499281 0.421667 0.498766 0.417625 0.513406 0.406875 0.513906 0.401500 0.508859 0.388042 0.502297 0.388708 0.493219 0.390062 0.487172 0.388708 0.477594 0.390062 0.474562 0.390062 0.472031 0.381979 0.469016 0.375271 0.460437 0.368542 0.450859 0.369208 0.444797 0.373917 0.444297 0.392083 0.446812 0.400146 0.451859 0.410917 0.454391 0.412917 0.455391 0.410229 0.454891 0.423021 0.455891 0.427042 0.452875 0.461354 0.461453 0.476146 0.467500 0.482875 0.469516 0.494979 0.487672 0.495646 0.491203 0.486229 0.489688 0.475479 0.498766 0.469417 0.507859 0.460000 0.506844 0.451250 0.479609 0.432438
0 1 1 0.348234 0.492583 0.289219 0.494229 0.289219 0.482646 0.290453 0.476021 0.301016 0.471875 0.306609 0.466896 0.306609 0.455313 0.306609 0.444542 0.307859 0.425479 0.317172 0.425479 0.324625 0.426313 0.327734 0.431292 0.333328 0.452813 0.337672 0.465250 0.343266 0.475187 0.347609 0.486771
0 1 1 0.405375 0.421521 0.406656 0.391771 0.411109 0.376479 0.420344 0.373521 0.421938 0.366708 0.424812 0.357792 0.426078 0.353542 0.425766 0.346750 0.429266 0.342937 0.436594 0.344625 0.437547 0.353125 0.443922 0.362458 0.445203 0.372667 0.445203 0.384979 0.445516 0.393479 0.450609 0.404521 0.452531 0.410479 0.452844 0.416417 0.451578 0.419813 0.435641 0.419813 0.414609 0.419813 0.406328 0.421083
32 1 1 0.060750 0.382812 0.067828 0.379667 0.077562 0.380521 0.084172 0.381563 0.092172 0.385333 0.096422 0.389729 0.098469 0.396646 0.099719 0.405437 0.095953 0.413604 0.092016 0.418646 0.085734 0.420729 0.082750 0.420938 0.077094 0.419687 0.072375 0.418646 0.068609 0.417375 0.067203 0.414458 0.063734 0.410896 0.059188 0.406500 0.056047 0.405854 0.055250 0.387854 0.057297 0.385750 0.058562 0.384083
0 1 1 0.084625 0.495292 0.086609 0.485417 0.086109 0.478833 0.083641 0.471583 0.086609 0.461708 0.086609 0.457104 0.092531 0.449854 0.100437 0.448542 0.109328 0.453146 0.112281 0.463021 0.112281 0.470917 0.119203 0.493958
13 1 1 0.277344 0.284625 0.273094 0.269938 0.259531 0.266542 0.252750 0.259771 0.245969 0.251854 0.244266 0.247333 0.245969 0.240542 0.259531 0.237146 0.288359 0.240542 0.292609 0.240542 0.301078 0.247333 0.302781 0.251854 0.296844 0.257500 0.290062 0.265417 0.285812 0.274458 0.285812 0.276729 0.282422 0.283500
38 1 0 0.500891 0.500583 0.484141 0.512271 0.471391 0.533521 0.443484 0.562229 0.386891 0.629188 0.365359 0.668521 0.381297 0.683417 0.426750 0.657896 0.458641 0.610062 0.480953 0.542021 0.500094 0.514396
0 1 1 0.040391 0.050333 0.046094 0.050729 0.052688 0.064729 0.053594 0.067521 0.057484 0.076313 0.058391 0.087896 0.056578 0.091896 0.046687 0.089104 0.049984 0.134667 0.052391 0.160646 0.054047 0.196333 0.046625 0.197479 0.047391 0.206708 0.038156 0.205167 0.028922 0.214396 0.029313 0.200542 0.021609 0.198500 0.018156 0.219021 0.016219 0.231854 0.001219 0.231854 0.001609 0.221583 0.002766 0.208250 0.001609 0.199521 0.000000 0.199521 0.000453 0.065125 0.000453 0.062042 0.011219 0.050750 0.008922 0.046646 0.003141 0.039979 0.001984 0.033813 0.001984 0.023563 0.002766 0.017917 0.005844 0.013813 0.011219 0.012792 0.017375 0.011250 0.024312 0.016375 0.027391 0.027667 0.027766 0.047167 0.040844 0.049729
0 1 0 0.175281 0.487646 0.166859 0.465167 0.163484 0.453938 0.148312 0.449437 0.133141 0.442688 0.141578 0.411229 0.143266 0.397750 0.141578 0.373042 0.146625 0.350563 0.153375 0.343812 0.150000 0.339333 0.150000 0.312354 0.156734 0.296625 0.185391 0.296625 0.188766 0.321354 0.203938 0.355062 0.207297 0.422479 0.222469 0.474167 0.208984 0.501125
0 0 1 0.004297 0.490500 0.004297 0.484083 0.004531 0.473375 0.005437 0.459000 0.008891 0.448292 0.014391 0.442771 0.021047 0.442167 0.022656 0.442167 0.026328 0.445229 0.027922 0.445229 0.030000 0.446750 0.034359 0.455938 0.034578 0.470938 0.038031 0.477354 0.041469 0.493875 0.041469 0.494792
