9 1 0 0.748250 0.200250 0.795563 0.191104 0.803656 0.396979 0.758219 0.396146
9 1 1 0.636969 0.103375 0.678281 0.103375 0.688203 0.293583 0.644688 0.300187 0.637531 0.292854
0 1 1 0.435578 0.792167 0.441781 0.788792 0.439250 0.780542 0.434438 0.766771 0.434203 0.756979 0.435359 0.753625 0.437875 0.747187 0.441312 0.738937 0.445906 0.733125 0.446594 0.726083 0.450734 0.720271 0.456922 0.718729 0.457844 0.725167 0.462203 0.728833 0.467938 0.731292 0.473672 0.740146 0.477797 0.748417 0.477578 0.753000 0.473672 0.754229 0.470234 0.751771 0.471844 0.757896 0.472984 0.764625 0.474125 0.768292 0.474359 0.775646 0.473906 0.780854 0.472750 0.786667 0.468859 0.787875 0.467938 0.787583 0.466328 0.789417 0.463578 0.791562 0.459219 0.786958 0.456688 0.786042 0.452797 0.784208 0.452109 0.783292 0.451641 0.790021 0.452797 0.792479 0.451875 0.796146 0.432375 0.796146 0.435125 0.792479
2 1 0 0.260734 0.745708 0.260094 0.724000 0.281812 0.698021 0.295219 0.695896 0.325563 0.696333 0.341531 0.711646 0.347266 0.710375 0.353016 0.719750 0.355891 0.726979 0.354297 0.738042 0.354297 0.749125 0.352703 0.754229 0.350141 0.755938 0.348547 0.752521 0.346641 0.744854 0.330984 0.747854 0.330984 0.752104 0.329703 0.756792 0.325234 0.759771 0.323969 0.754667 0.323328 0.748271 0.317250 0.749125 0.273187 0.749979 0.272875 0.753375 0.272875 0.758479 0.271906 0.760625 0.268406 0.760625 0.266484 0.757646 0.263938 0.749125 0.262328 0.747000
9 0 1 0.399875 0.554438 0.434359 0.554438 0.427891 0.440625 0.391250 0.446375
2 1 0 0.220234 0.708562 0.225359 0.702875 0.233063 0.693188 0.236047 0.687500 0.244594 0.684083 0.256547 0.684083 0.266813 0.684646 0.259547 0.689208 0.251422 0.689208 0.245438 0.695458 0.244594 0.701729 0.244594 0.707438 0.242875 0.717687 0.241172 0.724521 0.239469 0.725667 0.230922 0.725083 0.224516 0.725083 0.224516 0.731354 0.223234 0.731917 0.219391 0.730208 0.219391 0.723375 0.216828 0.717104 0.218109 0.712563
9 1 0 0.602422 0.417333 0.614844 0.416521 0.616094 0.528333 0.604906 0.524188 0.602422 0.513417 0.591234 0.511771 0.596203 0.490229 0.604281 0.487750 0.602422 0.480292 0.596203 0.482771 0.592484 0.462896 0.606766 0.462896 0.602422 0.457917 0.594969 0.457104 0.593109 0.434729 0.599312 0.429771 0.599312 0.429771 0.601188 0.419000
24 1 0 0.485672 0.792500 0.513719 0.789542 0.512609 0.776271 0.510031 0.771333 0.501906 0.765938 0.492312 0.758542 0.489734 0.754125 0.476813 0.757563 0.474969 0.762479 0.473859 0.767896 0.470906 0.779208 0.469063 0.791021 0.474594 0.793479
2 1 0 0.110578 0.743979 0.096719 0.745125 0.089781 0.750896 0.081109 0.735875 0.084578 0.722021 0.088906 0.713938 0.094984 0.710479 0.101906 0.696604 0.116641 0.689667 0.150422 0.688521 0.153031 0.703542 0.158219 0.705854 0.166016 0.719708 0.165156 0.739354 0.165156 0.748583 0.155625 0.741667 0.153031 0.740500 0.144359 0.739354 0.136562 0.750896 0.125297 0.743979 0.121844 0.743979 0.119234 0.748583 0.114906 0.745125
2 1 0 0.030516 0.718708 0.044422 0.709437 0.052719 0.695083 0.105000 0.690604 0.107469 0.693292 0.102750 0.698979 0.098937 0.705563 0.095578 0.709750 0.091531 0.713625 0.086375 0.719021 0.082562 0.725896 0.081672 0.736667 0.081437 0.742646 0.080328 0.744146 0.075828 0.744437 0.072250 0.742646 0.070453 0.738458 0.059234 0.740854 0.044203 0.742646 0.043750 0.746229 0.038812 0.748042 0.033203 0.746542 0.030516 0.739667 0.028719 0.739354 0.027828 0.732188 0.029172 0.722000
