0 1 1 0.846687 0.689693 0.855609 0.696415 0.863031 0.752476 0.846687 0.817500 0.845203 0.853373 0.834813 0.860094 0.846687 0.931840 0.840750 0.985660 0.822922 0.999104 0.720437 1.000000 0.693687 0.999104 0.684781 0.978915 0.710031 0.954269 0.704094 0.824222 0.713000 0.709859 0.724891 0.682948 0.717453 0.689693 0.718953 0.698656 0.696672 0.638113 0.726375 0.528255 0.762031 0.483420 0.760531 0.429599 0.765000 0.402689 0.799156 0.380259 0.827375 0.404929 0.828875 0.467712 0.836297 0.501344 0.874922 0.550684 0.873438 0.626910 0.834813 0.669505 0.751625 0.669505
0 1 1 0.588047 0.575141 0.585219 0.555967 0.576750 0.528255 0.578875 0.513349 0.590172 0.504811 0.602172 0.502689 0.606406 0.500566 0.607813 0.489906 0.609922 0.475000 0.614172 0.465401 0.624047 0.468608 0.631109 0.480330 0.633219 0.487783 0.628281 0.503750 0.636750 0.512288 0.640281 0.516533 0.644516 0.549576 0.657922 0.575141 0.651578 0.588986 0.598641 0.585802 0.597937 0.571934 0.591578 0.571934
0 1 1 0.725984 0.530825 0.719578 0.506627 0.725984 0.484858 0.742547 0.467123 0.748422 0.460660 0.753234 0.454222 0.761250 0.475991 0.752703 0.484858 0.728125 0.527594
0 1 1 0.693625 0.277052 0.695469 0.273585 0.695469 0.257972 0.694328 0.241344 0.697531 0.235094 0.703281 0.232335 0.706031 0.232335 0.706719 0.233726 0.710391 0.240660 0.713844 0.256604 0.723719 0.268373 0.716141 0.283278 0.715906 0.289528 0.714984 0.296108 0.714984 0.297146 0.714297 0.299222 0.712922 0.311698 0.712000 0.312406 0.700984 0.313774 0.699375 0.305802 0.699141 0.290212 0.698000 0.283632
0 1 1 0.664000 0.483302 0.678141 0.463255 0.681578 0.450967 0.683281 0.442547 0.706859 0.443844 0.708141 0.454835 0.716703 0.467146 0.722281 0.471014 0.726562 0.483302 0.725703 0.494292 0.722703 0.515637 0.723562 0.524057 0.681578 0.520165 0.661859 0.519528 0.660578 0.507877
0 1 1 0.717828 0.257288 0.723844 0.249175 0.721703 0.237807 0.726000 0.231981 0.737188 0.239127 0.742344 0.255991 0.740625 0.259906 0.741922 0.261840 0.750094 0.262500 0.763000 0.289127 0.764500 0.304057 0.758047 0.308915 0.753969 0.292689 0.751813 0.285873 0.741484 0.272547 0.736750 0.258278 0.733750 0.254387 0.731156 0.255684 0.728156 0.257618 0.726000 0.271250 0.724063 0.274175 0.718469 0.282618 0.722766 0.268656 0.715891 0.256981
0 1 1 0.733703 0.321580 0.712000 0.312429 0.712000 0.297948 0.715531 0.284222 0.726641 0.273561 0.728156 0.259835 0.733203 0.255259 0.737234 0.260613 0.741281 0.272807 0.751375 0.284222 0.756938 0.308609 0.751375 0.314717 0.738250 0.317005 0.731687 0.318538
0 1 1 0.676250 0.268750 0.677719 0.256297 0.683531 0.254104 0.688875 0.259222 0.687422 0.276085 0.698594 0.290000 0.697609 0.314175 0.690328 0.318585 0.666062 0.315660 0.665094 0.290731 0.667516 0.275354 0.674797 0.270943
0 1 1 0.661234 0.498561 0.660391 0.493868 0.661234 0.483656 0.660953 0.478113 0.658422 0.470873 0.649672 0.454269 0.642906 0.446179 0.635281 0.451297 0.637266 0.462783 0.633875 0.466627 0.633031 0.467901 0.632469 0.470873 0.634719 0.479387 0.636984 0.481509 0.636125 0.490024 0.636125 0.494717 0.639797 0.504929 0.656719 0.505354
0 1 1 0.495391 0.769151 0.538656 0.958325 0.559547 0.962830 0.580438 0.893019 0.568500 0.872759 0.523734 0.663278 0.531187 0.593467 0.511797 0.487618 0.480469 0.453821 0.470016 0.404269 0.426750 0.359245 0.407344 0.424552 0.413312 0.465094 0.383469 0.530401 0.370047 0.609245 0.380484 0.706085 0.383469 0.753373 0.428234 0.780401 0.423766 0.856981 0.440172 0.926792 0.477484 0.962830 0.493891 0.951580 0.464047 0.899764 0.489422 0.769151
