0 1 0 0.583440 0.781920 0.586347 0.778640 0.586347 0.776100 0.587333 0.774120 0.590213 0.772660 0.591440 0.773560 0.590213 0.777920 0.589493 0.780460 0.589493 0.783180 0.590720 0.786260 0.589973 0.794800 0.589973 0.795880 0.589253 0.801860 0.589253 0.803320 0.589253 0.803320 0.589733 0.805120 0.588053 0.805320 0.583707 0.804760 0.583440 0.803320 0.585147 0.799140 0.585147 0.795700 0.585147 0.794060 0.584667 0.792620 0.583707 0.790260 0.582960 0.789720 0.581520 0.791160 0.581520 0.791160
58 1 1 0.435840 0.734720 0.416160 0.720680 0.412613 0.710020 0.397120 0.702040 0.386133 0.693080 0.383573 0.686780 0.398080 0.683400 0.410347 0.693560 0.410027 0.695740 0.423253 0.694040 0.432933 0.696720 0.436800 0.704460 0.444240 0.707600 0.445840 0.702280 0.451653 0.706640 0.455520 0.715840 0.459067 0.722620 0.458427 0.737380 0.447467 0.740040 0.446160 0.744160 0.442293 0.747060 0.436480 0.746820 0.428747 0.745120 0.427440 0.741740 0.433573 0.737620
58 1 1 0.363013 0.756320 0.383680 0.766640 0.400027 0.755680 0.415520 0.748580 0.435307 0.735020 0.425840 0.729860 0.415520 0.720820 0.410347 0.709220 0.394853 0.702760 0.388827 0.695020 0.381093 0.689200 0.366453 0.691780 0.357867 0.689200 0.344080 0.693720 0.335493 0.694360 0.320000 0.705340 0.326027 0.711800 0.340640 0.704700 0.344960 0.707920 0.351840 0.708560 0.358720 0.711800 0.366453 0.711800 0.372480 0.721480 0.378507 0.727920 0.379360 0.736320 0.374213 0.741480 0.363013 0.738900
10 0 1 0.718667 0.911200 0.718667 0.904540 0.715547 0.874380 0.713973 0.872420 0.713973 0.863000 0.717627 0.858700 0.724933 0.852040 0.728080 0.850480 0.736960 0.853220 0.745307 0.855180 0.748453 0.863400 0.751067 0.871620 0.754187 0.875940 0.753147 0.886900 0.747920 0.886900 0.748453 0.910800
9 0 1 0.775973 0.639460 0.798453 0.637280 0.807627 0.670700 0.783067 0.674440
2 1 1 0.685253 0.790320 0.712400 0.790900 0.714747 0.772280 0.690427 0.774220 0.688613 0.776740 0.686533 0.780240
58 1 1 0.323440 0.756600 0.333307 0.759840 0.348747 0.758460 0.359227 0.756140 0.359227 0.736240 0.372187 0.739020 0.380213 0.735780 0.378347 0.727460 0.377120 0.725600 0.370960 0.723280 0.370320 0.719580 0.368480 0.714960 0.365387 0.712640 0.357387 0.713100 0.352453 0.708480 0.343813 0.708940 0.343200 0.707560 0.338880 0.704780 0.334560 0.708480 0.328373 0.711260 0.324053 0.710340 0.324053 0.756600
58 1 1 0.449333 0.752700 0.450907 0.744060 0.453520 0.740140 0.458240 0.738180 0.459813 0.736220 0.459813 0.729920 0.459280 0.720900 0.454053 0.710680 0.452480 0.701660 0.465040 0.702040 0.479173 0.705580 0.485973 0.707940 0.495920 0.713820 0.495920 0.724440 0.493840 0.734640 0.481787 0.742100 0.480747 0.753880 0.480213 0.754280
58 1 1 0.492613 0.743840 0.497440 0.736340 0.507120 0.733180 0.511307 0.738760 0.511973 0.743840 0.511973 0.747460 0.506800 0.751820 0.501307 0.752800 0.497760 0.754240 0.499387 0.758600 0.495840 0.761020 0.492613 0.761500 0.491627 0.752300
2 1 1 0.661387 0.802480 0.663653 0.799380 0.665520 0.791760 0.664400 0.787820 0.660640 0.786960 0.662133 0.784140 0.656880 0.777940 0.637307 0.781040 0.634293 0.784140 0.629787 0.787540 0.636560 0.790080 0.642960 0.794860 0.655360 0.800800 0.660267 0.802200
0 1 0 0.969200 0.796040 0.969200 0.790080 0.969200 0.782840 0.967147 0.778460 0.966107 0.774320 0.968160 0.772260 0.967493 0.769400 0.968853 0.766820 0.973680 0.767080 0.977467 0.774580 0.979893 0.784400 0.981253 0.793180 0.980587 0.796800 0.974373 0.798360
0 1 1 0.624987 0.849660 0.623173 0.837380 0.621360 0.836020 0.617040 0.836020 0.617493 0.821000 0.624987 0.814520 0.625227 0.811120 0.628853 0.805320 0.640453 0.812140 0.641147 0.813840 0.641360 0.815880 0.645467 0.822360 0.642960 0.831580 0.641600 0.840960 0.640453 0.845220 0.640240 0.849140 0.642053 0.858020 0.643413 0.859880 0.627040 0.862100 0.624320 0.862280 0.626373 0.852720 0.624987 0.848640
0 1 1 0.568347 0.802880 0.569787 0.793860 0.572933 0.787200 0.572347 0.781200 0.565760 0.780340 0.558907 0.788500 0.560320 0.799240 0.562907 0.800960
2 1 1 0.734053 0.761420 0.748827 0.760900 0.758240 0.772500 0.759573 0.782580 0.734053 0.778540 0.732693 0.765440 0.733387 0.758380
9 1 1 0.834293 0.713860 0.842747 0.713060 0.841893 0.724800 0.834293 0.724960
