0 1 1 0.533328 0.495576 0.541047 0.514282 0.540187 0.552376 0.533766 0.609812 0.527328 0.613671 0.519188 0.604000 0.510625 0.579482 0.501625 0.561412 0.490906 0.588518 0.487906 0.607859 0.487047 0.656259 0.490047 0.700141 0.477625 0.699506 0.476766 0.723388 0.483625 0.739506 0.484484 0.767906 0.481047 0.789859 0.480188 0.838259 0.474188 0.883435 0.465625 0.898259 0.455344 0.901506 0.448906 0.902141 0.444203 0.896329 0.444625 0.878918 0.456625 0.856965 0.463047 0.831153 0.461766 0.803412 0.457047 0.764682 0.457484 0.738235 0.453203 0.698212 0.448484 0.642706 0.445047 0.639482 0.430906 0.693059 0.425344 0.702729 0.422766 0.712400 0.424906 0.728541 0.425344 0.741459 0.426625 0.760165 0.427484 0.785976 0.437766 0.798235 0.442906 0.809859 0.442906 0.829224 0.445906 0.843412 0.443766 0.860847 0.439906 0.871153 0.436047 0.876329 0.429625 0.867294 0.423625 0.851153 0.418906 0.838259 0.407344 0.831153 0.414625 0.818235 0.406484 0.770494 0.401766 0.743388 0.400063 0.691106 0.401344 0.646588 0.413766 0.578188 0.427063 0.540753 0.436484 0.514282 0.455766 0.467835 0.475047 0.423953 0.475047 0.402659 0.478906 0.388447 0.488766 0.333600 0.487906 0.315529 0.493047 0.300047 0.497344 0.294871 0.502047 0.296165 0.506766 0.301976 0.512328 0.309718 0.512328 0.325200 0.510625 0.344565 0.505047 0.362000 0.501625 0.391035 0.498625 0.411035 0.504625 0.431035 0.506766 0.403929 0.510625 0.384588 0.517484 0.377482 0.537625 0.381365 0.548766 0.397482 0.550906 0.411035 0.550906 0.422659 0.546188 0.438800 0.538469 0.456212 0.532484 0.470400
0 1 1 0.947984 0.143953 0.950641 0.101882 0.952984 0.087718 0.955641 0.071765 0.959750 0.060259 0.965344 0.055835 0.973281 0.051859 0.970922 0.046988 0.966219 0.044753 0.965047 0.035459 0.965047 0.024824 0.966219 0.016424 0.968578 0.005788 0.971516 0.000000 0.992984 0.000000 0.996516 0.006682 0.997688 0.012424 0.999750 0.017294 1.000000 0.028824 1.000000 0.036353 0.997109 0.042541 0.994453 0.044329 1.000000 0.050965 1.000000 0.104094 1.000000 0.146612
38 1 1 0.501719 0.300753 0.501719 0.308824 0.506094 0.312471 0.520687 0.259718 0.535766 0.238471 0.550375 0.217224 0.562047 0.180588 0.561078 0.165929 0.557187 0.158612 0.549391 0.156400 0.542578 0.157129 0.525562 0.182047 0.519234 0.197435 0.517281 0.234800 0.513875 0.249459 0.508031 0.273647
0 1 1 0.944609 0.148306 0.925203 0.148306 0.902828 0.146071 0.884922 0.132588 0.881938 0.107859 0.889391 0.076400 0.898344 0.060682 0.899844 0.029224 0.901328 0.008988 0.923719 0.002259 0.940141 0.022471 0.937156 0.060682 0.952078 0.096635 0.949094 0.105624
0 1 1 0.676328 0.017035 0.686844 0.027600 0.687719 0.051365 0.700859 0.054000 0.708750 0.075106 0.712266 0.108118 0.719266 0.134518 0.636875 0.133176 0.639500 0.106800 0.637750 0.090941 0.650031 0.063224 0.658797 0.054000 0.654406 0.032871 0.661422 0.011765
0 1 1 0.195937 0.133835 0.199047 0.090776 0.204016 0.074871 0.212094 0.070188 0.216453 0.061765 0.213344 0.051459 0.213969 0.033671 0.223281 0.017765 0.228875 0.016824 0.238203 0.021506 0.242563 0.029929 0.243188 0.058941 0.250641 0.070188 0.263078 0.073929 0.267422 0.100141 0.269922 0.122612 0.269297 0.145082 0.255000 0.148824 0.255000 0.168494 0.228875 0.156306
0 1 1 0.795344 0.135176 0.795937 0.112988 0.799172 0.072165 0.808016 0.063294 0.810969 0.061953 0.813922 0.061059 0.816266 0.060612 0.814500 0.053082 0.814500 0.046871 0.815687 0.042424 0.811266 0.039765 0.813625 0.035765 0.813328 0.025553 0.820406 0.016235 0.825109 0.014471 0.829531 0.015341 0.833375 0.018000 0.837781 0.026000 0.838375 0.030894 0.838672 0.036212 0.838969 0.046424 0.838375 0.051294 0.838672 0.054400 0.843391 0.057059 0.853109 0.064165 0.857234 0.073059 0.860781 0.087247 0.863141 0.117435 0.865500 0.138282 0.796234 0.136965
0 1 1 0.280109 0.146729 0.277078 0.136824 0.275562 0.110918 0.275562 0.090329 0.283656 0.078141 0.295297 0.059082 0.290234 0.051459 0.288719 0.047647 0.290234 0.040800 0.288719 0.024800 0.290734 0.015647 0.296313 0.010306 0.302891 0.007271 0.316047 0.015647 0.317563 0.029365 0.316547 0.033176 0.321109 0.041553 0.321109 0.051459 0.317062 0.055271 0.322625 0.062894 0.331234 0.068235 0.344891 0.076612 0.347422 0.091859 0.351984 0.130729 0.329203 0.137600 0.301375 0.138353
0 1 1 0.579516 0.157976 0.573109 0.154471 0.570203 0.149200 0.571953 0.142188 0.567297 0.135176 0.553328 0.128188 0.550422 0.118541 0.551578 0.103647 0.570203 0.062447 0.570203 0.056306 0.577187 0.058071 0.576016 0.038800 0.580672 0.020376 0.587656 0.016871 0.599875 0.023012 0.606281 0.036165 0.610937 0.047553 0.622578 0.056306 0.624906 0.063318 0.627813 0.081741 0.630141 0.108894 0.626078 0.122918 0.607453 0.129929 0.594063 0.136941 0.589406 0.148329 0.583594 0.157976
32 1 1 0.615672 0.184541 0.628906 0.191765 0.631656 0.203153 0.628031 0.209929 0.622078 0.211247 0.615828 0.209929 0.610438 0.205765 0.606516 0.199859 0.605937 0.193294 0.607250 0.189365 0.609719 0.185412 0.612766 0.184753 0.615969 0.184753
0 1 1 0.734672 0.132282 0.735969 0.098118 0.733375 0.097153 0.734031 0.073718 0.738562 0.054188 0.746984 0.044447 0.742453 0.022000 0.745047 0.005412 0.745047 0.001506 0.785219 0.001506 0.787813 0.017106 0.789109 0.027859 0.785219 0.044447 0.784578 0.045412 0.794297 0.050306 0.798828 0.071765 0.797531 0.089341 0.794297 0.124471 0.789766 0.138141 0.734031 0.136188
0 1 1 0.196891 0.105035 0.192172 0.118282 0.191313 0.132165 0.163859 0.116024 0.120531 0.095671 0.119672 0.090494 0.123531 0.046588 0.125031 0.037859 0.126328 0.033647 0.141125 0.014918 0.140687 0.007812 0.140266 0.000000 0.150344 0.000000 0.168141 0.000000 0.175656 0.002329 0.175016 0.008776 0.172219 0.016871 0.187453 0.024282 0.197313 0.055624 0.200109 0.088565 0.199891 0.095341
0 1 1 0.355328 0.131741 0.348813 0.119553 0.347766 0.098753 0.352453 0.074800 0.356109 0.055553 0.358453 0.046141 0.359500 0.039459 0.379578 0.032400 0.388187 0.028847 0.388438 0.028847 0.384016 0.022565 0.385047 0.000000 0.414781 0.000000 0.414516 0.019035 0.412687 0.027671 0.412172 0.030424 0.436156 0.046918 0.439031 0.081859 0.440328 0.097176 0.440078 0.101106 0.438766 0.116988
