35 1 1 0.544440 0.602480 0.512960 0.592587 0.524080 0.528400 0.564820 0.545680 0.550000 0.617280
0 1 1 0.489760 0.511787 0.484560 0.506000 0.482840 0.474827 0.482840 0.474827 0.479360 0.496773 0.469840 0.495600 0.470700 0.458640 0.471580 0.428613 0.475040 0.405493 0.458580 0.381253 0.462900 0.370853 0.479360 0.384720 0.485440 0.384720 0.492360 0.362773 0.507100 0.370853 0.503620 0.391653 0.514900 0.417067 0.498420 0.435547 0.494960 0.489840 0.492360 0.507173
35 1 1 0.681080 0.712613 0.692200 0.698507 0.701720 0.698507 0.708080 0.692853 0.730300 0.692853 0.736120 0.690027 0.737720 0.685093 0.754120 0.706267 0.756240 0.713307 0.722900 0.756347 0.717080 0.763413 0.687440 0.729547 0.680560 0.717547 0.674740 0.720373 0.712320 0.771173 0.712320 0.778240 0.692740 0.810693 0.675260 0.823387 0.675260 0.789520 0.660980 0.762000 0.665740 0.735893
0 1 1 0.749640 0.422293 0.743300 0.439173 0.737680 0.434480 0.739780 0.411013 0.736260 0.394133 0.736960 0.372560 0.735560 0.360347 0.743300 0.352853 0.745420 0.341600 0.749640 0.341600 0.752460 0.349093 0.753860 0.354720 0.761600 0.358480 0.764420 0.385680 0.763000 0.403520 0.762300 0.412907 0.762300 0.426027 0.763000 0.446667 0.763700 0.455120 0.757380 0.457013 0.754560 0.440107 0.753860 0.430720
0 0 1 0.404840 0.367733 0.410620 0.360027 0.413780 0.350907 0.415360 0.335493 0.417460 0.332667 0.422200 0.332667 0.427980 0.347413 0.427980 0.356533 0.431660 0.374053 0.431660 0.388773 0.434300 0.419627 0.443760 0.433653 0.433240 0.434373 0.419040 0.394400 0.413780 0.429467 0.409580 0.439280 0.402740 0.437173 0.400100 0.409813 0.400100 0.397200 0.400620 0.384560
0 1 1 0.028940 0.405013 0.028300 0.388827 0.029560 0.375200 0.033400 0.373493 0.034040 0.362853 0.042020 0.360293 0.044580 0.368827 0.048720 0.376907 0.051600 0.385840 0.049360 0.403307 0.050960 0.415653 0.052880 0.429280 0.054800 0.434373 0.048080 0.433520 0.044580 0.417360 0.042980 0.415227 0.035640 0.418213 0.032120 0.420747 0.028300 0.428427 0.027020 0.439493 0.027020 0.446293 0.020300 0.446293 0.016160 0.439067 0.020940 0.435227 0.021900 0.422027 0.025100 0.412240
34 1 1 0.399620 0.481867 0.433860 0.496027 0.469660 0.514720 0.523860 0.542720 0.524900 0.536853 0.481840 0.513680 0.457980 0.498453 0.421940 0.472853 0.393920 0.459733 0.389000 0.469760 0.393400 0.478747
0 1 1 0.968060 0.351387 0.968060 0.342960 0.979440 0.345493 0.978180 0.356453 0.973760 0.362347 0.978800 0.383413 0.980080 0.395227 0.962380 0.398587 0.959840 0.373307 0.962380 0.361520
35 1 0 0.487340 0.423333 0.493720 0.423333 0.498500 0.427600 0.496920 0.433973 0.494360 0.437813 0.490840 0.439947 0.482540 0.437387 0.477440 0.431413 0.481260 0.426320 0.487340 0.421627 0.490200 0.422053
35 1 0 0.760440 0.394907 0.758020 0.407120 0.760920 0.409680 0.766220 0.403893
0 1 1 0.788220 0.370853 0.786360 0.383280 0.786980 0.407307 0.780140 0.423040 0.775800 0.422213 0.773940 0.409787 0.769580 0.418907 0.767100 0.423040 0.760880 0.419733 0.762740 0.404000 0.767100 0.386613 0.767720 0.371707 0.761500 0.368373 0.761500 0.358453 0.765860 0.348507 0.778280 0.353467
