17 1 1 0.458391 0.923167 0.443047 0.767639 0.437672 0.651667 0.433844 0.591639 0.449953 0.513889 0.478344 0.492056 0.507516 0.501611 0.529766 0.531611 0.552016 0.526167 0.564297 0.542528 0.552781 0.590278 0.558156 0.621667 0.575047 0.632583 0.582719 0.654389 0.583484 0.803111 0.587328 0.884972 0.571969 0.884972 0.568141 0.668056 0.551250 0.668056 0.542047 0.702139 0.539750 0.833111 0.544344 0.854944 0.532828 0.863139 0.526703 0.910889 0.508281 0.898611 0.504438 0.833111 0.493703 0.786722 0.483719 0.752639 0.486031 0.670778 0.473750 0.666667 0.473750 0.779917 0.475281 0.850861 0.461469 0.830389 0.464531 0.880861 0.474516 0.921806 0.465312 0.929972
0 1 1 0.573828 0.494611 0.565016 0.514750 0.565016 0.490139 0.568797 0.461056 0.567531 0.423028 0.568797 0.378306 0.577594 0.351444 0.592703 0.335778 0.592703 0.326833 0.588922 0.302222 0.588922 0.297750 0.596469 0.282083 0.602766 0.279861 0.621641 0.279861 0.622906 0.304472 0.619125 0.329083 0.634234 0.344722 0.650594 0.367111 0.651844 0.396194 0.655625 0.429750 0.658141 0.456583 0.650594 0.458833 0.640516 0.456583 0.641781 0.478972 0.638000 0.499111 0.593953 0.496861 0.581375 0.512528 0.565016 0.534889
0 1 0 0.271031 0.647306 0.252297 0.614889 0.281156 0.521278 0.255328 0.473583 0.250781 0.451083 0.258875 0.434889 0.262422 0.400694 0.266469 0.376389 0.273562 0.352972 0.291781 0.336778 0.288250 0.332278 0.278625 0.327778 0.279125 0.323278 0.295328 0.320583 0.296344 0.301667 0.317609 0.301667 0.320141 0.321472 0.328234 0.331361 0.327234 0.337667 0.319125 0.334083 0.315578 0.352083 0.308500 0.361972 0.311531 0.406083 0.319125 0.421389 0.323172 0.443889 0.327734 0.466389 0.312047 0.449278 0.307484 0.461000 0.322172 0.496083 0.304437 0.518583 0.287734 0.546500 0.283688 0.572583 0.281656 0.630194 0.280141 0.638306
0 1 1 0.468969 0.494361 0.533516 0.503750 0.563812 0.527167 0.565141 0.513111 0.554594 0.492028 0.540109 0.459250 0.557234 0.447528 0.553281 0.424111 0.540109 0.353861 0.517703 0.335111 0.517703 0.297639 0.508484 0.283611 0.492688 0.285944 0.487406 0.307028 0.490047 0.323417 0.488734 0.335111 0.467656 0.360889 0.461062 0.424111 0.461062 0.449861 0.462391 0.463917
0 1 0 0.706922 0.657667 0.680328 0.657667 0.675250 0.515778 0.717063 0.409917 0.687922 0.423417 0.712000 0.380639 0.714531 0.376139 0.724656 0.326583 0.733531 0.306306 0.719594 0.297306 0.717063 0.268028 0.744938 0.231972 0.755062 0.288278 0.777875 0.322083 0.776609 0.414417 0.736062 0.472972 0.699328 0.520278 0.708187 0.641889
0 1 0 0.715969 0.375028 0.714563 0.367556 0.715031 0.353444 0.712703 0.340167 0.708031 0.332694 0.702891 0.334333 0.692625 0.340972 0.693078 0.350944 0.693078 0.358417 0.692625 0.362556 0.695891 0.374194 0.693078 0.382500 0.690750 0.387472 0.690281 0.401583 0.684219 0.416528 0.689813 0.417361 0.694953 0.404083 0.700562 0.399083 0.708500 0.396611 0.714094 0.384972 0.715031 0.370028
0 1 1 0.169875 0.481778 0.169875 0.474056 0.174953 0.475972 0.173141 0.463083 0.178578 0.448861 0.188016 0.458556 0.184750 0.465000 0.184750 0.472750 0.189109 0.480500 0.189469 0.491472 0.184391 0.501139 0.179312 0.502444 0.172781 0.489528
17 1 0 0.278719 0.929056 0.286313 0.861500 0.279984 0.789417 0.283781 0.672306 0.279984 0.593472 0.285047 0.561944 0.296453 0.532667 0.323062 0.496611 0.350922 0.489861 0.380063 0.492111 0.397797 0.505639 0.415547 0.530417 0.423141 0.570944 0.424406 0.613750 0.421875 0.672306 0.418078 0.712833 0.411734 0.746611 0.407937 0.782667 0.401609 0.818694 0.404141 0.866000 0.406672 0.877250 0.392734 0.902028 0.383875 0.872750 0.385141 0.829944 0.385141 0.829944 0.385141 0.773639 0.397797 0.724111 0.400344 0.697083 0.381328 0.701583 0.380063 0.728611 0.377531 0.773639 0.377531 0.807444 0.376266 0.829944 0.380063 0.854722 0.358531 0.866000 0.357266 0.838972 0.358531 0.838972 0.369937 0.802917 0.367406 0.751139 0.366125 0.719583 0.366125 0.690306 0.357266 0.688056 0.354734 0.721833 0.340797 0.769139 0.340797 0.798417 0.342063 0.834472 0.343328 0.868250 0.349656 0.897528 0.359797 0.906528 0.366125 0.920056 0.340797 0.922306 0.328125 0.904278 0.326859 0.861500 0.324328 0.811944 0.324328 0.811944 0.317984 0.829944 0.319250 0.861500 0.319250 0.872750 0.316719 0.888500 0.304047 0.884000 0.301516 0.854722 0.301516 0.827694 0.298984 0.816444 0.295188 0.818694 0.295188 0.861500 0.295188 0.888500 0.296453 0.911028 0.298984 0.933556 0.287578 0.938056 0.279984 0.935806
0 1 1 0.325391 0.493528 0.326656 0.462139 0.321609 0.435250 0.340531 0.352278 0.355656 0.350028 0.355656 0.300722 0.379625 0.296222 0.393500 0.361250 0.412422 0.426278 0.409891 0.468861 0.437641 0.563056 0.435125 0.637028 0.401062 0.522694 0.380891 0.477833 0.329172 0.493528
17 1 0 0.032594 0.642917 0.021734 0.627889 0.026563 0.552778 0.002422 0.471250 0.016906 0.488417 0.086906 0.441194 0.123125 0.413306 0.119500 0.383250 0.130359 0.398278 0.132781 0.361806 0.154500 0.436917 0.185891 0.539917 0.187094 0.565667 0.167781 0.584972 0.133984 0.524889 0.118297 0.522750 0.091734 0.578528 0.074844 0.653639 0.055531 0.690139 0.055531 0.715889 0.047078 0.713722 0.008453 0.711583 0.007250 0.808167 0.003625 0.934778 0.026563 0.956222 0.038625 0.947639 0.027766 0.894000 0.026563 0.836056 0.037422 0.754500
17 1 0 0.742203 0.615889 0.748781 0.514889 0.741453 0.460444 0.754531 0.426250 0.754156 0.400444 0.777750 0.401083 0.786828 0.387528 0.805344 0.390750 0.802078 0.421083 0.854344 0.474000 0.873953 0.471417 0.921062 0.637694 0.929219 0.727917 0.944891 0.741639 0.958641 0.727833 0.956844 0.710833 0.944891 0.685306 0.937109 0.666167 0.955047 0.566250 0.952656 0.528000 0.952656 0.475306 0.985547 0.506139 0.998703 0.540139 1.000000 0.680472 1.000000 0.843167 0.988203 0.803611 0.979000 0.811806 1.000000 0.881389 1.000000 0.965972 0.980531 0.944139 0.981297 0.882750 0.975156 0.840444 0.952906 0.935944 0.943703 1.000000 0.924516 0.993250 0.945234 0.907306 0.961344 0.802250 0.899953 0.791333 0.894828 0.861861 0.869656 0.914556 0.864563 0.906500 0.869656 0.960306 0.874469 0.977917 0.862016 1.000000 0.843922 0.998028 0.852969 0.980917 0.851844 0.944722 0.845609 0.869306 0.836563 0.876333 0.825250 0.872806 0.824969 0.900472 0.807156 0.898472 0.802625 0.887389 0.813375 0.866778 0.820438 0.849694 0.828641 0.793861 0.820734 0.754139 0.822984 0.677028 0.825250 0.614167 0.805219 0.549917 0.785516 0.561222 0.777828 0.638778 0.760125 0.647694 0.741750 0.633444
17 1 1 0.586516 0.633028 0.546063 0.624028 0.558703 0.574583 0.575141 0.525167 0.606734 0.502694 0.620641 0.484694 0.638344 0.500444 0.663625 0.525167 0.672469 0.547639 0.687641 0.630778 0.677531 0.709417 0.676266 0.824028 0.682578 0.929639 0.676266 0.922917 0.657297 0.848750 0.642141 0.783583 0.639609 0.801556 0.632016 0.871222 0.623172 0.895944 0.615594 0.916167 0.591578 0.902694 0.597891 0.776833
