0 1 1 0.390820 0.694354 0.394740 0.664204 0.410900 0.654144 0.436560 0.648288 0.448280 0.654144 0.487320 0.569580 0.500700 0.558679 0.510180 0.557838 0.512420 0.546967 0.509060 0.510120 0.508500 0.475796 0.516320 0.442282 0.520780 0.414655 0.534720 0.385345 0.553680 0.371111 0.558140 0.356036 0.555360 0.335946 0.548100 0.314985 0.544200 0.289039 0.544200 0.267267 0.552000 0.242132 0.565400 0.226246 0.588820 0.217868 0.606660 0.227057 0.627300 0.253874 0.636220 0.285676 0.647940 0.299910 0.654080 0.314174 0.661880 0.309970 0.667460 0.307447 0.676380 0.320871 0.677500 0.345135 0.688100 0.357718 0.706500 0.354354 0.738280 0.388679 0.760600 0.423874 0.767280 0.438949 0.779000 0.459039 0.779560 0.475796 0.782340 0.483303 0.789040 0.487507 0.789600 0.504264 0.790160 0.545285 0.790160 0.560360 0.794060 0.584655 0.796840 0.596366 0.810240 0.640751 0.816920 0.651652 0.721560 0.665045
0 1 1 0.692880 0.151742 0.689160 0.126907 0.690620 0.120691 0.693100 0.119129 0.693720 0.116336 0.694120 0.112913 0.696820 0.109820 0.701380 0.110450 0.701580 0.114474 0.700960 0.118198 0.703240 0.122853 0.703240 0.129700 0.688760 0.129399 0.690400 0.151742 0.690200 0.147417 0.690200 0.145225 0.690400 0.143694 0.704680 0.144625 0.704480 0.146156 0.704260 0.147417 0.690620 0.153003 0.689380 0.162643 0.691020 0.170390 0.691440 0.165435 0.693500 0.162012 0.693720 0.158288 0.696620 0.158288 0.698060 0.163874 0.699300 0.169159 0.700340 0.162012 0.700340 0.154865 0.700540 0.153303 0.698880 0.153003 0.697240 0.153634
0 1 1 0.797700 0.344655 0.796980 0.339940 0.797700 0.336486 0.799520 0.335405 0.799880 0.334294 0.800600 0.331772 0.801700 0.330871 0.802900 0.330871 0.803380 0.332132 0.803380 0.333934 0.802780 0.336126 0.801080 0.337207 0.800960 0.337387 0.800960 0.341201 0.801340 0.344294 0.801820 0.346997
0 1 1 0.717800 0.136577 0.703080 0.131982 0.705020 0.121562 0.706960 0.118649 0.706420 0.116156 0.707520 0.111982 0.710300 0.109069 0.711960 0.111982 0.713360 0.117808 0.715020 0.119489 0.716680 0.125315 0.718340 0.133243 0.703360 0.152823 0.701980 0.169069 0.701140 0.174474 0.710020 0.177387 0.708640 0.173664 0.708920 0.169069 0.713360 0.179489 0.714460 0.180330 0.716120 0.178228 0.714180 0.168649 0.714180 0.153243 0.714580 0.148258 0.714480 0.144474 0.705280 0.144565 0.705220 0.148048
0 1 1 0.684340 0.110060 0.681940 0.106486 0.676480 0.113153 0.677160 0.118799 0.669640 0.128529 0.673060 0.136757 0.673060 0.170090 0.678860 0.164955 0.679900 0.149069 0.681600 0.166517 0.686040 0.168559 0.686000 0.137898 0.688480 0.129459 0.688060 0.122943 0.684740 0.119189
0 1 0 0.683520 0.349970 0.700400 0.349970 0.700400 0.326517 0.695400 0.319940 0.699780 0.300240 0.697280 0.294595 0.689780 0.299309 0.684780 0.317117 0.684160 0.333093 0.681040 0.346216
0 1 0 0.757500 0.350390 0.760940 0.345495 0.760940 0.338468 0.761560 0.332372 0.765420 0.327477 0.764200 0.321982 0.764600 0.317417 0.769900 0.312523 0.774160 0.319850 0.771320 0.326276 0.771320 0.332973 0.771520 0.340300 0.768260 0.343964 0.767040 0.351592 0.764400 0.354955 0.754640 0.354054
0 1 1 0.658700 0.165285 0.655120 0.174234 0.651540 0.182913 0.654520 0.189760 0.654920 0.195435 0.653520 0.202613 0.654120 0.209189 0.656700 0.202913 0.657900 0.206787 0.659100 0.208889 0.662680 0.200841 0.663280 0.196336 0.665060 0.183784 0.663080 0.167658 0.658100 0.161982
0 1 1 0.890200 0.357958 0.894360 0.358589 0.895720 0.355616 0.895280 0.352342 0.897340 0.352643 0.897720 0.349459 0.897400 0.346186 0.897080 0.344144 0.896040 0.343033 0.895480 0.339760 0.895420 0.337628 0.892420 0.334294 0.890860 0.336426 0.886580 0.339009 0.884140 0.339640 0.884300 0.343303 0.885000 0.345015 0.888280 0.344144 0.889720 0.350571 0.890280 0.355495
0 1 1 0.829860 0.356066 0.830200 0.354294 0.831040 0.352252 0.831720 0.350000 0.833400 0.350000 0.833920 0.350751 0.833920 0.354024 0.834420 0.355556 0.835420 0.356577 0.835940 0.359339
31 1 2 0.019500 0.744384 0.003000 0.638529 0.000000 0.582222 0.010500 0.582222 0.261000 0.649790 0.303000 0.670060 0.319500 0.685826 0.324000 0.694805 0.180000 0.701592 0.168000 0.719610 0.165000 0.744384 0.159000 0.755646 0.162000 0.787177 0.166500 0.811952 0.031500 0.753393
0 1 1 0.139960 0.630480 0.276400 0.518739 0.307400 0.524324 0.308640 0.501982 0.357020 0.416306 0.414060 0.339970 0.390500 0.298979 0.415300 0.215195 0.440120 0.189099 0.507080 0.204024 0.520740 0.284084 0.512040 0.328799 0.559180 0.356727 0.524460 0.397688 0.515760 0.513153 0.486000 0.548529 0.464920 0.656547 0.416540 0.647237 0.388020 0.690060 0.319800 0.691922 0.277640 0.658408
31 1 2 0.186240 0.704925 0.674940 0.655706 0.996760 0.626607 1.000000 0.879399 0.256260 0.924144 0.198160 0.897297 0.154960 0.769790 0.168360 0.716096
