8 1 0 0.006375 0.702594 0.042047 0.702075 0.045797 0.682076 0.054625 0.681061 0.056328 0.723632 0.063469 0.725684 0.063813 0.739033 0.055984 0.740566 0.056672 0.764151 0.001953 0.761604 0.000938 0.739528 0.000938 0.726203 0.002969 0.705165
8 1 0 0.100469 0.643090 0.106484 0.634646 0.111641 0.633349 0.116359 0.623632 0.119359 0.623632 0.121937 0.634009 0.140844 0.637901 0.141703 0.630755 0.168750 0.624929 0.202250 0.635943 0.198812 0.647618 0.206125 0.669009 0.205266 0.697524 0.200969 0.720873 0.206547 0.743561 0.207406 0.750684 0.176062 0.752641 0.182062 0.735142 0.173906 0.705967 0.169188 0.697524 0.170906 0.716981 0.163594 0.716981 0.165312 0.707264 0.163594 0.694929 0.147719 0.682618 0.145141 0.681981 0.137828 0.670307 0.131391 0.652807 0.120656 0.640495 0.112922 0.641132 0.098750 0.649552
8 1 0 0.218469 0.709245 0.242438 0.714127 0.262531 0.708255 0.266422 0.698467 0.267719 0.685755 0.268359 0.668160 0.268359 0.654458 0.267062 0.642712 0.264469 0.632948 0.257344 0.623160 0.248922 0.621203 0.242438 0.621203 0.226234 0.622170 0.219766 0.623160 0.210047 0.627075 0.201609 0.633915 0.200312 0.645660 0.204203 0.657382 0.205500 0.667170 0.204859 0.674033 0.204203 0.677925 0.204203 0.683797 0.205500 0.694552 0.207453 0.701297 0.209891 0.705094 0.219609 0.712925
8 1 0 0.000969 0.700448 0.038828 0.700896 0.043516 0.699552 0.044984 0.688939 0.046453 0.683184 0.055250 0.680519 0.054672 0.690708 0.056422 0.725236 0.120969 0.722594 0.125078 0.690259 0.119203 0.681415 0.093094 0.671651 0.068156 0.637995 0.044688 0.627830 0.027969 0.631368 0.021516 0.637571 0.004203 0.645094 0.001266 0.700000
8 1 0 0.091688 0.654009 0.092984 0.653042 0.109875 0.642264 0.118969 0.642264 0.122219 0.644222 0.130016 0.653042 0.133266 0.659906 0.136500 0.673632 0.141703 0.683420 0.148203 0.690283 0.153391 0.691274 0.163141 0.694222 0.164438 0.706958 0.160531 0.720684 0.144953 0.721675 0.137812 0.721675 0.126766 0.716769 0.120266 0.706958 0.121563 0.687358 0.113781 0.679505 0.095594 0.675590 0.091047 0.665778 0.084547 0.655000 0.098844 0.643231
8 1 0 0.345891 0.643090 0.353828 0.674481 0.350797 0.689316 0.375016 0.681910 0.392781 0.677901 0.396953 0.680189 0.399969 0.669906 0.396563 0.658491 0.393172 0.637382 0.376141 0.637948 0.354578 0.639646
8 1 1 0.597188 0.674623 0.597859 0.689670 0.626781 0.693679 0.637078 0.686156 0.637406 0.672618 0.628438 0.667099 0.626438 0.649033 0.623125 0.646038 0.620125 0.635000 0.606828 0.632995 0.605500 0.644033 0.601188 0.648042 0.599844 0.668608
8 1 0 0.945047 0.655637 0.947891 0.654858 0.951781 0.653679 0.956984 0.652901 0.956203 0.648962 0.958531 0.646627 0.958531 0.643892 0.962687 0.642712 0.966578 0.642712 0.973594 0.642311 0.984500 0.642712 0.991500 0.643892 0.993844 0.648962 0.996688 0.651321 0.995391 0.654858 0.994359 0.656816 0.992797 0.661108 0.988641 0.661509 0.981125 0.659552 0.979562 0.661108 0.978781 0.667005 0.968656 0.669741 0.960609 0.667005 0.953344 0.665825 0.951266 0.663090
0 1 1 0.703625 0.654835 0.701672 0.650401 0.700688 0.648326 0.702844 0.643915 0.703625 0.638585 0.705578 0.635047 0.708328 0.637995 0.709109 0.641840 0.710672 0.646863 0.711062 0.650401 0.709297 0.652170 0.709688 0.658373 0.705781 0.658373
8 1 1 0.654172 0.698986 0.673172 0.697995 0.684312 0.690094 0.684969 0.679222 0.683656 0.651509 0.633859 0.652500 0.633859 0.673278 0.645656 0.688113
0 1 0 0.676891 0.670566 0.675953 0.666958 0.675422 0.655495 0.671828 0.652288 0.668234 0.651486 0.667703 0.644646 0.669828 0.637618 0.671828 0.634009 0.673422 0.632193 0.676219 0.627783 0.678359 0.631792 0.677688 0.638420 0.676625 0.642453 0.677297 0.648278 0.678750 0.652901 0.679281 0.657524 0.679953 0.667358 0.679953 0.670377 0.678750 0.671981
8 1 1 0.699625 0.676580 0.702047 0.698962 0.720828 0.705825 0.736266 0.704906 0.748984 0.703538 0.755656 0.674292 0.746266 0.629953 0.727484 0.622642 0.708719 0.658750
8 1 0 0.289844 0.695047 0.340625 0.693325 0.351625 0.690354 0.353312 0.672901 0.348797 0.650755 0.342031 0.638420 0.325672 0.626486 0.306500 0.631179 0.296344 0.640118 0.281391 0.644363 0.287594 0.663962 0.292672 0.675873 0.292391 0.690354
8 1 1 0.556875 0.666981 0.565234 0.655590 0.589094 0.652571 0.592672 0.651981 0.596266 0.667594 0.597047 0.692217 0.589891 0.694009 0.584328 0.694009 0.558078 0.695802 0.535406 0.687995 0.531422 0.671203
8 1 1 0.887062 0.634788 0.899781 0.633231 0.896672 0.652429 0.898484 0.658302 0.890437 0.668090 0.882656 0.662217 0.882391 0.650849 0.883953 0.638325
0 1 0 0.739234 0.655943 0.743937 0.652877 0.743625 0.645071 0.738281 0.644835 0.740016 0.638679 0.737500 0.633703 0.735469 0.636297 0.735781 0.642689 0.733734 0.645307 0.733578 0.648609 0.734203 0.664717 0.736562 0.670165 0.740641 0.669458 0.739234 0.656179
0 1 0 0.654891 0.648561 0.653641 0.644788 0.653188 0.640825 0.654547 0.638066 0.656844 0.636675 0.659125 0.636840 0.660156 0.638750 0.660953 0.642028 0.660953 0.645472 0.661297 0.647712 0.661406 0.650307 0.661406 0.651156 0.661750 0.653750 0.661750 0.657358 0.662547 0.664788 0.663688 0.666509 0.663797 0.668915 0.662781 0.674599 0.663234 0.675472 0.664828 0.679599 0.663578 0.680637 0.656609 0.680991 0.657172 0.669953 0.656375 0.663231
0 1 0 0.542938 0.667429 0.543594 0.647193 0.541406 0.638561 0.543813 0.622642 0.547109 0.618326 0.548000 0.614009 0.549312 0.614009 0.552172 0.619646 0.550406 0.623962 0.553047 0.628278 0.554812 0.633915 0.552609 0.636226 0.551953 0.636557 0.551062 0.650165 0.550406 0.654481 0.548219 0.665755 0.551734 0.669410 0.543813 0.669410
0 1 0 0.549484 0.625236 0.552188 0.620778 0.554625 0.620778 0.554750 0.624434 0.552328 0.627476 0.556109 0.641934 0.553141 0.640118 0.550578 0.647453 0.549219 0.647241 0.549484 0.663113 0.551109 0.660472
0 1 1 0.637109 0.645189 0.635953 0.642193 0.635953 0.637476 0.637266 0.634717 0.638594 0.632995 0.639578 0.631745 0.641719 0.631250 0.645187 0.634976 0.645359 0.640943 0.644531 0.644198 0.644859 0.645943 0.646516 0.647689 0.649156 0.652665 0.637922 0.655401 0.634297 0.650660 0.633313 0.648420 0.632484 0.647429 0.636438 0.645448
