0 0 1 0.543422 0.430024 0.543844 0.430024 0.545969 0.432588 0.545547 0.437718 0.543422 0.445435 0.545547 0.458282 0.548953 0.466635 0.549812 0.473718 0.550234 0.489129 0.548953 0.507106 0.549812 0.513529 0.549391 0.519741 0.555359 0.523600 0.558344 0.513318 0.555781 0.506235 0.552797 0.500471 0.554078 0.459341 0.550672 0.444565 0.550672 0.440071 0.557063 0.434941 0.561766 0.433647 0.567312 0.422071 0.567734 0.414376 0.554937 0.399600 0.548953 0.394447 0.544688 0.389553 0.549812 0.373482 0.547687 0.365129 0.543844 0.360635 0.537016 0.360635 0.531047 0.364494 0.530609 0.368353 0.530187 0.387624 0.532750 0.394047 0.519953 0.399176 0.510563 0.412682 0.508438 0.422306 0.505016 0.426800 0.505437 0.431953 0.512266 0.433224 0.518250 0.433882 0.520375 0.426165 0.524219 0.423600 0.524641 0.424871 0.522516 0.431953 0.524219 0.450588 0.526781 0.478847 0.522516 0.496188 0.520797 0.508400 0.519953 0.506471 0.517812 0.494259 0.517812 0.473059 0.520375 0.457647 0.521656 0.452494
3 1 0 0.726969 0.356141 0.735109 0.359765 0.739891 0.364447 0.742531 0.367694 0.743719 0.368047 0.745875 0.366965 0.747312 0.368400 0.748516 0.372376 0.750422 0.373812 0.750422 0.369482 0.748281 0.363365 0.748031 0.360118 0.749703 0.356141 0.751625 0.354000 0.753062 0.353271 0.756172 0.355788 0.757375 0.358682 0.759281 0.359388 0.762406 0.361200 0.763594 0.363012 0.765031 0.363718 0.765984 0.365882 0.767422 0.368400 0.766469 0.372729 0.764547 0.377059 0.762156 0.379576 0.758563 0.384988 0.757375 0.388235 0.755453 0.387506 0.754016 0.383906 0.752828 0.379576 0.750906 0.376353 0.749469 0.375624 0.746125 0.380306 0.740141 0.380306 0.737266 0.379224 0.736062 0.380659 0.732719 0.384988 0.731031 0.386800 0.724813 0.386800 0.723141 0.383906 0.722656 0.381035 0.722656 0.376353 0.723859 0.373106 0.725766 0.370941 0.727453 0.368400 0.727687 0.366965 0.726969 0.365176 0.725297 0.363718 0.723859 0.362282 0.723609 0.358306 0.725297 0.357224
3 0 1 0.531969 0.568541 0.543859 0.564071 0.548313 0.526047 0.551281 0.474588 0.543859 0.456682 0.543859 0.438800 0.558719 0.434306 0.555750 0.423129 0.526031 0.427600 0.520094 0.434306 0.506719 0.427600 0.505234 0.434306 0.518609 0.443271 0.518609 0.454447 0.515625 0.485765 0.518609 0.523788 0.529000 0.530518
3 1 0 0.807250 0.359035 0.813031 0.361718 0.820391 0.367765 0.822844 0.362729 0.823500 0.359694 0.837531 0.367412 0.838656 0.371788 0.837313 0.373129 0.840203 0.381176 0.839094 0.387553 0.831969 0.389224 0.827953 0.379506 0.817484 0.380494 0.815938 0.381835 0.812141 0.385529 0.806578 0.384871 0.805906 0.377153 0.806578 0.372447 0.805906 0.365741 0.806359 0.358024 0.808359 0.357365
0 1 0 0.775828 0.392894 0.776703 0.385059 0.768875 0.378518 0.767141 0.369341 0.769750 0.352353 0.772359 0.347106 0.776703 0.348424 0.777562 0.353647 0.782781 0.357576 0.779297 0.365435 0.774953 0.365435 0.780172 0.373271 0.782781 0.382424 0.780172 0.391600
0 1 0 0.780922 0.329153 0.776438 0.347176 0.780922 0.356188 0.786906 0.356188 0.789906 0.340424
0 1 0 0.916109 0.384094 0.920422 0.382659 0.919234 0.376165 0.919234 0.372918 0.923531 0.371482 0.927375 0.370047 0.930000 0.368612 0.930000 0.363553 0.929516 0.353459 0.927375 0.346965 0.927125 0.342282 0.924250 0.341200 0.919703 0.343365 0.921141 0.348776 0.922812 0.352024 0.922344 0.357059 0.919953 0.359224 0.917078 0.359953 0.913719 0.360306 0.912047 0.362471 0.913250 0.364988 0.918031 0.363906 0.922344 0.362471 0.923063 0.361741 0.923531 0.366071 0.921859 0.367882 0.918750 0.366071 0.916828 0.365718 0.915641 0.367153 0.916109 0.372918 0.915641 0.377247 0.913969 0.379788 0.914437 0.382659 0.919469 0.382306
0 1 0 0.828078 0.352894 0.831641 0.351953 0.833719 0.352518 0.835797 0.352329 0.835437 0.349012 0.836406 0.345694 0.835547 0.342376 0.834453 0.340518 0.835063 0.338871 0.835922 0.336282 0.835547 0.333694 0.833234 0.333341 0.831875 0.333694 0.830281 0.335553 0.830906 0.338306 0.830656 0.339412 0.829797 0.340706 0.829062 0.342729 0.828203 0.344776 0.827953 0.347906 0.828078 0.351224
7 1 0 0.004484 0.382024 0.052234 0.357294 0.091031 0.355059 0.135797 0.328094 0.228312 0.339318 0.279063 0.361788 0.282047 0.384259 0.352172 0.417976 0.387984 0.501129 0.368594 0.512353 0.349187 0.537082 0.329797 0.552800 0.314875 0.548306 0.304422 0.532588 0.259656 0.525835 0.250703 0.559553 0.223844 0.552800 0.198469 0.501129 0.065656 0.505624 0.049250 0.514612 0.008953 0.539318 0.001500 0.525835
0 1 0 0.744938 0.332329 0.741406 0.332329 0.739203 0.333976 0.736562 0.339294 0.736562 0.346588 0.734359 0.353882 0.734359 0.356871 0.739203 0.361859 0.742953 0.361529 0.746250 0.365176 0.748016 0.370800 0.748672 0.367812 0.745594 0.360188 0.746250 0.356871 0.748234 0.356212 0.750000 0.354894 0.749563 0.351247 0.746469 0.347247 0.745156 0.345271 0.745375 0.342282 0.746031 0.338635 0.744938 0.334659
