55 1 1 0.502172 0.821354 0.489016 0.808979 0.484359 0.790396 0.483594 0.773875 0.479719 0.753229 0.488234 0.731562 0.499844 0.715042 0.502172 0.696458 0.520750 0.682000 0.532359 0.699542 0.543984 0.709875 0.560234 0.702646 0.569531 0.693354 0.576500 0.675813 0.578828 0.669604 0.588109 0.648958 0.614437 0.639667 0.622953 0.652062 0.626047 0.663417 0.627594 0.677875 0.633016 0.680979 0.636891 0.665479 0.646172 0.657229 0.655469 0.660333 0.665531 0.675813 0.671734 0.700583 0.674828 0.736708 0.678703 0.737750 0.676375 0.783167 0.671734 0.798646 0.504500 0.821354
0 1 1 0.124734 0.617500 0.121406 0.608604 0.108063 0.524083 0.104719 0.521125 0.111391 0.481104 0.106953 0.451438 0.099156 0.451438 0.095828 0.447000 0.110281 0.414375 0.119172 0.401042 0.123625 0.387688 0.134750 0.368417 0.146984 0.392146 0.149203 0.412896 0.162547 0.429208 0.164766 0.476646 0.156984 0.484063 0.152531 0.484063 0.158094 0.516688 0.150312 0.541875 0.143641 0.617500 0.142531 0.645667 0.142531 0.654563 0.133641 0.638250 0.133641 0.624917 0.126969 0.638250 0.123625 0.618979
56 1 0 0.203297 0.459646 0.206547 0.472042 0.206547 0.475771 0.210281 0.485083 0.211672 0.490042 0.214000 0.501208 0.214000 0.521042 0.209344 0.552062 0.210734 0.552062 0.214000 0.529104 0.218187 0.560125 0.220516 0.560125 0.220047 0.525396 0.246094 0.519188 0.246563 0.503062 0.248422 0.490646 0.255859 0.490646 0.254469 0.478875 0.243297 0.471437 0.239578 0.465229 0.238188 0.450958 0.222828 0.451583 0.208875 0.454062
0 1 1 0.148094 0.387479 0.155437 0.365333 0.172375 0.358958 0.176516 0.368750 0.179391 0.383229 0.179078 0.388333 0.176203 0.396854 0.172375 0.402813 0.180031 0.410479 0.189938 0.425792 0.195047 0.453896 0.192484 0.466667 0.186422 0.465813 0.187063 0.479875 0.186734 0.501583 0.187063 0.536500 0.182594 0.560771 0.179719 0.598667 0.178109 0.615687 0.182906 0.623354 0.172375 0.624208 0.166297 0.619104 0.165984 0.611437 0.159281 0.612708 0.157359 0.608021 0.162156 0.596104 0.155125 0.571833 0.152891 0.548833 0.160547 0.527979 0.158953 0.505833 0.156719 0.492646 0.155766 0.484562 0.164391 0.455604 0.162156 0.429625 0.155766 0.418979 0.150969 0.410479 0.150656 0.399833
25 1 1 0.166984 0.466646 0.165094 0.502771 0.173000 0.507792 0.177141 0.500271 0.173000 0.479187 0.171875 0.463646
0 1 1 0.087750 0.361896 0.088297 0.374875 0.089922 0.381375 0.085594 0.396500 0.078203 0.390375 0.078469 0.377771 0.076844 0.372000 0.076578 0.366938 0.080359 0.364417 0.079828 0.361187 0.081453 0.357563 0.084156 0.356125 0.086859 0.356500 0.088203 0.361896
0 1 1 0.154703 0.989042 0.136203 0.915063 0.156391 0.865729 0.179938 0.796229 0.243828 0.659458 0.290922 0.569771 0.353141 0.500271 0.433859 0.450937 0.479266 0.417292 0.489344 0.397125 0.462437 0.262583 0.470859 0.204292 0.492719 0.072021 0.536438 0.009229 0.544844 0.002500 0.733187 0.004750 0.746641 0.038375 0.783625 0.163938 0.815578 0.237937 0.840813 0.338833 0.840813 0.385917 0.857625 0.433000 0.857625 0.450937 0.943391 0.515958 1.000000 0.567521 0.998875 0.989042 0.158078 0.984563
0 1 1 0.053078 0.664375 0.049703 0.645000 0.046547 0.639667 0.044859 0.619729 0.041703 0.606792 0.038531 0.567750 0.036016 0.546125 0.033062 0.534333 0.030109 0.545000 0.029063 0.571979 0.031797 0.591062 0.032422 0.605396 0.037688 0.635167 0.038953 0.672521 0.036844 0.678708 0.017469 0.686583 0.009672 0.683479 0.010312 0.678146 0.017687 0.669437 0.007359 0.625896 0.007141 0.604833 0.003359 0.541062 0.001875 0.528708 0.000000 0.484604 0.000828 0.404833 0.002516 0.394167 0.005672 0.382646 0.006297 0.375625 0.004625 0.361583 0.006719 0.350333 0.016203 0.341917 0.030734 0.341063 0.035172 0.362417 0.034750 0.371125 0.039797 0.373375 0.046969 0.383479 0.061922 0.391354 0.078141 0.456792 0.081937 0.481521 0.082562 0.503437 0.081937 0.516625 0.082359 0.521688 0.077094 0.528708 0.071828 0.527313 0.063813 0.535458 0.068875 0.550333 0.065719 0.594729 0.065719 0.618313 0.066766 0.630125 0.066562 0.642187 0.065922 0.647250 0.068656 0.656792 0.069078 0.661854 0.067188 0.666625 0.058344 0.670292 0.054969 0.666917
25 1 1 0.001937 0.002458 0.141844 0.002458 0.159328 0.108687 0.151547 0.199354 0.089375 0.258938 0.001937 0.258938
0 1 1 0.101969 0.522979 0.097984 0.504917 0.088984 0.449000 0.089766 0.437938 0.090016 0.430667 0.085875 0.415104 0.089500 0.408542 0.097547 0.398854 0.103766 0.395750 0.104828 0.383667 0.105828 0.373458 0.106828 0.363708 0.108828 0.360146 0.115859 0.354958 0.124547 0.363042 0.126969 0.377062 0.118813 0.399542 0.112844 0.400937 0.106625 0.409583 0.100141 0.425146 0.094687 0.437938 0.092875 0.447625 0.092609 0.452104 0.097984 0.461333 0.099578 0.460271 0.105953 0.460271 0.112328 0.482583 0.105953 0.524042 0.104359 0.527229 0.095594 0.555938 0.102766 0.583562 0.104359 0.597396 0.112328 0.592083 0.113125 0.574000 0.110734 0.555938 0.104359 0.531479
