56 1 1 0.595234 0.437059 0.583969 0.465318 0.574219 0.478894 0.571969 0.502635 0.554703 0.507153 0.550938 0.399765 0.594484 0.398635 0.631281 0.392965 0.632781 0.448376 0.660563 0.422376 0.656797 0.415576 0.651547 0.392965
45 1 1 0.256328 0.820212 0.289016 0.804659 0.304500 0.770988 0.338906 0.737294 0.338906 0.716588 0.319984 0.695859 0.230531 0.690682 0.168594 0.693271 0.135906 0.706212 0.101500 0.732118 0.086016 0.758024 0.092906 0.783929 0.137625 0.789129 0.151391 0.820212 0.189234 0.825388 0.221922 0.835741
41 1 1 0.730906 0.734235 0.732219 0.789976 0.733516 0.811506 0.734812 0.818353 0.723125 0.825200 0.689984 0.823224 0.687391 0.764541 0.676344 0.713694 0.669203 0.672612 0.669203 0.658918 0.669859 0.654024 0.674406 0.655976 0.677656 0.661835 0.680250 0.658918 0.682844 0.642282 0.681547 0.624682 0.685438 0.624682 0.716625 0.624682 0.714031 0.653035 0.714672 0.695106 0.719219 0.720541 0.732859 0.706847 0.730266 0.686306 0.732859 0.651082 0.735453 0.626635 0.741953 0.628588 0.744547 0.677482
41 1 1 0.492859 0.834635 0.491125 0.996094 0.409844 1.000000 0.401203 0.832024 0.413312 0.806000 0.472109 0.806000 0.503234 0.824212 0.506688 0.839835
43 1 0 0.404859 0.740306 0.410375 0.758118 0.416687 0.770588 0.416687 0.774729 0.430875 0.822847 0.439562 0.810376 0.439562 0.810376 0.440734 0.793741 0.429297 0.770588 0.424172 0.766424 0.421422 0.758706 0.417469 0.742071 0.409594 0.734941 0.405250 0.739694
39 1 1 0.670125 0.933294 0.670125 0.789459 0.657750 0.752188 0.653328 0.725553 0.656859 0.662941 0.655984 0.638988 0.648906 0.599035 0.645359 0.587035 0.634750 0.577718 0.634750 0.564400 0.655984 0.556400 0.666594 0.571059 0.671891 0.609671 0.676313 0.698918 0.688703 0.749506 0.691359 0.766824 0.690266 0.910424 0.677000 0.921082 0.674344 0.925082
41 1 1 0.146516 0.840659 0.143375 0.712682 0.138656 0.707929 0.127641 0.706353 0.095625 0.707153 0.075687 0.716635 0.068875 0.726894 0.080937 0.874635 0.079359 0.886494 0.082516 0.909412 0.086187 0.909412 0.087234 0.885694 0.096156 0.861200 0.108219 0.842259 0.121344 0.854094 0.123969 0.858847
47 1 1 0.006656 0.875741 0.017516 0.863812 0.021578 0.862447 0.029500 0.862447 0.038328 0.867576 0.046016 0.888000 0.045109 0.910824 0.040359 0.926823 0.031531 0.932965 0.000000 0.927506 0.000000 0.905365 0.003938 0.879153
39 1 1 0.621406 0.576094 0.648719 0.579529 0.649859 0.603529 0.655547 0.637788 0.652141 0.692635 0.653281 0.740612 0.670344 0.783459 0.669203 0.848565 0.668063 0.965106 0.653281 0.985671 0.612312 0.983953 0.597516 0.966824 0.594109 0.959953 0.597516 0.898282 0.625969 0.833153 0.631656 0.757741 0.627109 0.692635 0.611172 0.678918 0.610031 0.632659 0.615719 0.608659 0.616859 0.579529
45 1 1 0.878375 0.631247 0.899125 0.638447 0.913234 0.649671 0.919359 0.659694 0.915891 0.670518 0.903391 0.678141 0.890078 0.682141 0.883438 0.683741 0.878641 0.653694 0.878906 0.645271
56 1 1 0.139703 0.461741 0.144359 0.431600 0.163453 0.407035 0.191859 0.407035 0.209094 0.408447 0.182547 0.428776 0.151344 0.447012
0 1 1 0.251266 0.156541 0.288656 0.149765 0.306609 0.158776 0.317078 0.179059 0.327547 0.201576 0.342500 0.260141 0.339516 0.329953 0.326047 0.393012 0.349984 0.395271 0.379891 0.406541 0.390359 0.413294 0.429250 0.634000 0.432234 0.667788 0.424766 0.701577 0.406812 0.728612 0.385875 0.733106 0.339516 0.742118 0.341000 0.712847 0.309594 0.683553 0.239297 0.676800 0.218359 0.676800 0.115156 0.703835 0.109187 0.634000 0.109187 0.609224 0.122641 0.561929 0.137594 0.462847 0.151063 0.413294 0.189953 0.399765 0.222844 0.399765 0.206391 0.359224 0.201906 0.305176
41 1 1 0.779781 0.792824 0.799906 0.780941 0.833750 0.780988 0.855797 0.785812 0.871594 0.804871 0.862813 0.997459 0.779422 0.999035 0.779172 0.983247 0.780406 0.814988
40 1 1 0.507484 0.692400 0.502125 0.771694 0.516469 0.861153 0.538141 0.898823 0.559469 0.922800 0.560078 0.996165 0.576234 0.997953 0.573844 0.929318 0.576844 0.920118 0.592766 0.909553 0.621578 0.852212 0.630266 0.788659 0.629438 0.703624 0.620031 0.681647 0.585797 0.670329 0.540375 0.670329 0.514359 0.680682
45 1 1 0.936781 0.833482 0.902672 0.826141 0.892062 0.813624 0.893219 0.787741 0.904391 0.729482 0.935344 0.719976 0.981484 0.726894 1.000000 0.770047 0.999812 0.817506 0.998391 0.830024 0.979766 0.836918 0.948516 0.839082
60 1 2 0.007469 0.791012 0.379031 0.739318 0.586469 0.698871 0.914766 0.692141 1.000000 0.678659 0.998328 0.973035 0.007469 0.984259 0.004484 0.784259
