0 1 0 0.913547 0.457979 0.922578 0.458583 0.920953 0.444708 0.919344 0.428333 0.917719 0.407354 0.917719 0.397167 0.914937 0.391000 0.913094 0.386979 0.908219 0.384521 0.903594 0.386979 0.902906 0.393771 0.903594 0.401500 0.905219 0.407979 0.904297 0.414771 0.904984 0.421854 0.905219 0.426188 0.903594 0.433896 0.900813 0.445312 0.899422 0.456125 0.906375 0.459208 0.908453 0.456729 0.908687 0.446250 0.911469 0.439458 0.913547 0.441312 0.914703 0.447792 0.914250 0.453958 0.913313 0.457042 0.913313 0.458292
7 1 0 0.100766 0.267167 0.092203 0.267167 0.091266 0.277042 0.069047 0.255750 0.058172 0.254521 0.064188 0.247104 0.100531 0.245250
0 1 0 0.928875 0.424792 0.928391 0.421813 0.927891 0.418542 0.927687 0.416313 0.927687 0.415000 0.927687 0.414354 0.926422 0.414917 0.925453 0.416875 0.924688 0.414625 0.925172 0.412396 0.926156 0.411375 0.927406 0.410062 0.929078 0.410062 0.930828 0.407458 0.932797 0.405875 0.933766 0.406146 0.934266 0.403250 0.935734 0.402875 0.937688 0.404188 0.938172 0.406792 0.937484 0.409417 0.936500 0.409687 0.936219 0.411646 0.936422 0.412958 0.938391 0.413333 0.940141 0.413979 0.942094 0.414625 0.942094 0.415937 0.940422 0.416208 0.935516 0.415937 0.933984 0.415292 0.933281 0.415937 0.932797 0.420792 0.932797 0.424042 0.932578 0.425729 0.930344 0.426375 0.929359 0.425063
0 1 1 0.978578 0.431750 0.980828 0.425792 0.979141 0.422792 0.979141 0.418333 0.977469 0.417583 0.975234 0.422792 0.970187 0.422062 0.969078 0.427271 0.972984 0.427271 0.972984 0.431750
0 1 0 0.829516 0.403521 0.829516 0.391729 0.828234 0.391083 0.828234 0.378458 0.830641 0.375458 0.831609 0.371375 0.834969 0.372458 0.833859 0.378021 0.835453 0.381437 0.834172 0.394083 0.832891 0.405875 0.830641 0.405646
0 1 0 0.938453 0.416667 0.939359 0.421271 0.937047 0.423833 0.937312 0.426396 0.939359 0.426729 0.941141 0.425187 0.940250 0.418208 0.943062 0.419229 0.945109 0.427917 0.946125 0.429292 0.948563 0.426562 0.947406 0.424333 0.945750 0.418542 0.947672 0.415479 0.945109 0.406938 0.943578 0.402687 0.938969 0.402521 0.939094 0.407458 0.940125 0.408812 0.939734 0.412750 0.939984 0.414104 0.943828 0.414792 0.943062 0.417167 0.939219 0.416833
0 1 1 0.858187 0.406771 0.856297 0.401854 0.855984 0.392813 0.858078 0.388833 0.856688 0.384708 0.855391 0.379396 0.852500 0.378729 0.851016 0.380333 0.848609 0.384313 0.847422 0.387771 0.847125 0.393625 0.848422 0.403313 0.851406 0.405042 0.851203 0.393354 0.852500 0.393229 0.855188 0.399458 0.855687 0.407042
0 1 0 0.713109 0.389812 0.714375 0.382187 0.714063 0.375417 0.713750 0.368208 0.710891 0.361000 0.709297 0.361000 0.705156 0.365229 0.705484 0.373292 0.706750 0.380083 0.705484 0.388979 0.707703 0.389812 0.712156 0.389812
0 1 0 0.833937 0.380021 0.835891 0.377417 0.837422 0.375000 0.839219 0.374083 0.839500 0.377792 0.838109 0.380375 0.839781 0.381688 0.841031 0.386312 0.840328 0.387229 0.837828 0.385563 0.837828 0.392792 0.838109 0.398354 0.837687 0.402438 0.837281 0.403729 0.835328 0.403000 0.834641 0.391125 0.834906 0.385396 0.835188 0.382417
0 1 1 0.597375 0.476396 0.604391 0.451021 0.612391 0.432333 0.617406 0.416292 0.619406 0.405625 0.616406 0.389604 0.605391 0.372229 0.600375 0.357563 0.595375 0.338854 0.589359 0.318833 0.598375 0.293458 0.612391 0.280104 0.636422 0.276104 0.651453 0.280104 0.664469 0.304146 0.670469 0.325500 0.681484 0.345542 0.683500 0.361563 0.699516 0.378917 0.702516 0.386917 0.721547 0.398938 0.729563 0.405625 0.745578 0.412292 0.782641 0.461708 0.801656 0.531125 0.805672 0.567187 0.818688 0.608562 0.797656 0.660646 0.794656 0.716729 0.794656 0.734083 0.794656 0.816875 0.785641 0.822208 0.782641 0.842229 0.778625 0.863604 0.783641 0.892979 0.772625 0.933021 0.768609 0.950396 0.774625 0.975750 0.771625 0.999792 0.701516 0.994458 0.692500 0.930354 0.700516 0.898313 0.688500 0.862271 0.681484 0.827542 0.676484 0.864938 0.661469 0.898313 0.638438 0.951729 0.618406 0.985104 0.602375 1.000000 0.526281 0.998458 0.545297 0.957063 0.562328 0.902312 0.564328 0.887625 0.571344 0.842229 0.582359 0.806188 0.592359 0.792833 0.610391 0.722062 0.612391 0.687354 0.618406 0.664646 0.624406 0.644625 0.626422 0.637937 0.627422 0.628604 0.623406 0.593875 0.626422 0.577854 0.604391 0.603229 0.582359 0.603229 0.574344 0.597896 0.590359 0.519104 0.590359 0.488396 0.505250 0.467042 0.500234 0.475042 0.493234 0.481729 0.485219 0.484396 0.485219 0.484396 0.478203 0.475042 0.481203 0.444333 0.483219 0.432333 0.490219 0.444333 0.500234 0.449688 0.505250 0.459021
31 1 2 0.417781 0.944292 0.451344 0.763083 0.463094 0.798875 0.493281 0.718333 0.471469 0.593063 0.494969 0.402896 0.503359 0.380521 0.533563 0.355917 0.580531 0.364875 0.612422 0.427500 0.531875 0.919688 0.526844 1.000000 0.404359 1.000000
0 1 1 0.318547 0.979771 0.321906 0.952812 0.325281 0.838208 0.281453 0.831458 0.269656 0.808979 0.267984 0.759542 0.257859 0.635958 0.267984 0.514604 0.281453 0.483146 0.332016 0.426958 0.333703 0.395500 0.355625 0.364042 0.355625 0.319104 0.375844 0.296625 0.416297 0.307875 0.434828 0.330333 0.421344 0.377521 0.406187 0.433708 0.446625 0.467417 0.461797 0.555062 0.482016 0.669667 0.495500 0.750562 0.446625 0.817979 0.434828 0.896625 0.417984 0.959542 0.416297 0.982021
2 1 0 0.025328 0.254063 0.061500 0.251312 0.072031 0.260771 0.086234 0.275417 0.090125 0.282750 0.075469 0.289479 0.069297 0.287646 0.070203 0.281229 0.062422 0.275417 0.047766 0.276958 0.028078 0.275417 0.012516 0.273896 0.003813 0.274813 0.003813 0.310833 0.000375 0.310542 0.000375 0.253750
0 1 0 0.819516 0.480917 0.813984 0.460979 0.813984 0.435167 0.812875 0.430000 0.797391 0.422625 0.798500 0.407125 0.801812 0.390896 0.808453 0.368771 0.816750 0.368771 0.830578 0.399750 0.844422 0.414521 0.831688 0.447708 0.828922 0.469833 0.831688 0.492708 0.819516 0.484604
