26 1 0 0.222667 0.509937 0.222667 0.567609 0.222667 0.625734 0.212021 0.631516 0.196042 0.631063 0.169417 0.619969 0.158187 0.592469 0.158771 0.578266 0.162313 0.513484 0.167646 0.495297 0.172979 0.479766 0.183625 0.476656 0.191896 0.426078 0.194271 0.395906 0.197229 0.380812 0.215563 0.382141 0.207875 0.410984 0.206104 0.442484 0.207875 0.473984 0.214979 0.497063
0 1 1 0.573708 0.407062 0.590313 0.386547 0.604979 0.379219 0.624521 0.372625 0.649917 0.371156 0.675312 0.368234 0.706583 0.372625 0.729042 0.389484 0.742729 0.397547 0.724167 0.456156 0.724167 0.473750 0.727104 0.490594 0.717333 0.508187 0.713417 0.528703 0.711458 0.538953 0.709500 0.548484 0.701688 0.564609 0.696813 0.569000 0.701688 0.579266 0.703646 0.588781 0.704625 0.600516 0.702667 0.610031 0.701688 0.618828 0.696813 0.627625 0.705604 0.632750 0.709500 0.645203 0.689979 0.650328 0.674333 0.642703 0.671417 0.636094 0.668479 0.634641 0.667500 0.631703 0.664562 0.625844 0.660667 0.611188 0.660667 0.603859 0.660667 0.597266 0.646979 0.587734 0.659687 0.578953 0.670438 0.575281 0.670438 0.565031 0.677271 0.549641 0.678250 0.538641 0.678250 0.518859 0.676292 0.512266 0.668479 0.504938 0.667500 0.499078 0.660667 0.504203 0.650896 0.514469 0.646000 0.536453 0.636229 0.566484 0.633312 0.587734 0.629396 0.602391 0.627438 0.627313 0.625479 0.634641 0.608875 0.637563 0.601063 0.641969 0.584458 0.644891 0.574688 0.641969 0.575667 0.633172 0.582500 0.622906 0.587396 0.619984 0.589333 0.611922 0.590313 0.608984 0.586417 0.596531 0.585438 0.589938 0.594229 0.556969 0.596188 0.538641 0.604979 0.533516 0.605958 0.522531 0.606917 0.505672 0.606917 0.495422 0.604979 0.480766 0.585438 0.479297 0.575667 0.475625 0.572729 0.458781 0.570771 0.425812
0 1 1 0.001542 0.278187 0.008438 0.290484 0.010167 0.297594 0.036021 0.306000 0.043792 0.319594 0.056729 0.342875 0.067938 0.360344 0.077417 0.375859 0.069667 0.383625 0.054146 0.387500 0.068792 0.398500 0.074833 0.403672 0.060167 0.401078 0.052417 0.403031 0.062771 0.416609 0.073104 0.439250 0.079146 0.469641 0.079146 0.478047 0.085188 0.475469 0.097250 0.473531 0.080875 0.483875 0.088625 0.500047 0.094667 0.517281 0.098979 0.544438 0.102437 0.564500 0.107604 0.583250 0.114500 0.591656 0.132625 0.600719 0.131750 0.604594 0.115375 0.606531 0.099854 0.603297 0.093812 0.600062 0.080021 0.600062 0.077417 0.594891 0.078292 0.583250 0.077417 0.566437 0.064479 0.519219 0.052417 0.488813 0.026542 0.491406 0.026542 0.521156 0.025687 0.523750 0.015333 0.512750 0.003250 0.503688 0.002396 0.422844 0.000667 0.390312 0.000667 0.330813 0.000667 0.295703 0.000667 0.277594
26 1 0 0.047438 0.386625 0.062063 0.427938 0.078417 0.475688 0.124875 0.464078 0.117146 0.427281 0.090458 0.402125 0.082729 0.397609 0.072396 0.396953 0.062937 0.392438 0.056042 0.385984 0.051750 0.385984
26 1 0 0.769333 0.512812 0.753208 0.531359 0.732792 0.582969 0.725250 0.589422 0.688708 0.571688 0.720958 0.520063 0.726333 0.499906 0.747833 0.495875
67 1 2 0.474479 0.486953 0.479229 0.476891 0.482125 0.477531 0.485188 0.478672 0.490792 0.479187 0.490958 0.483141 0.490438 0.487859 0.488583 0.490531 0.485854 0.491672 0.482625 0.491937 0.480083 0.490531 0.477875 0.488484 0.477188 0.488359
67 1 1 0.585792 0.655609 0.593667 0.652516 0.605271 0.648859 0.610896 0.649984 0.615396 0.651672 0.614646 0.655609 0.603396 0.659547 0.598542 0.660656 0.597417 0.660094 0.597042 0.658984 0.595917 0.657297 0.591792 0.656172 0.588417 0.656172 0.585792 0.656172
67 1 1 0.554188 0.671500 0.567271 0.664859 0.575938 0.661828 0.579979 0.662984 0.586542 0.665859 0.587875 0.669469 0.583646 0.670625 0.572104 0.674531 0.567271 0.676703 0.564396 0.675969 0.564000 0.673656 0.558625 0.672078
0 1 1 0.170021 0.505813 0.164062 0.499094 0.149146 0.478969 0.149146 0.461062 0.149146 0.431984 0.167042 0.402906 0.181958 0.391719 0.211792 0.382766 0.217750 0.378297 0.232667 0.364875 0.220729 0.340266 0.220729 0.322359 0.238625 0.306703 0.268458 0.304469 0.295292 0.308937 0.307229 0.317891 0.310208 0.331312 0.310208 0.358156 0.298292 0.373812 0.349000 0.373812 0.363917 0.387234 0.384792 0.409609 0.408646 0.443172 0.402687 0.478969 0.387771 0.492391 0.363917 0.492391 0.363917 0.510281 0.351979 0.525937 0.354958 0.543844 0.357937 0.563969 0.363917 0.595297 0.384792 0.631094 0.396729 0.682547 0.396729 0.707156 0.396729 0.731766 0.417604 0.758609 0.420583 0.772031 0.444438 0.772031 0.453396 0.789922 0.441458 0.798875 0.432521 0.807828 0.396729 0.814531 0.384792 0.814531 0.375833 0.792156 0.354958 0.756375 0.343021 0.734000 0.349000 0.707156 0.337062 0.680313 0.319167 0.646750 0.301271 0.633328 0.289333 0.613187 0.283375 0.631094 0.283375 0.671359 0.289333 0.718344 0.304250 0.751891 0.307229 0.785453 0.310208 0.801109 0.307229 0.812297 0.271437 0.812297 0.262500 0.796641 0.262500 0.769797 0.247583 0.745188 0.229687 0.678062 0.211792 0.631094 0.220729 0.579641 0.229687 0.543844 0.205812 0.496859 0.196875 0.496859 0.184937 0.483437 0.173000 0.485672 0.173000 0.499094 0.173000 0.499094
0 1 0 0.332146 0.375141 0.306417 0.373391 0.315771 0.327766 0.362563 0.299688 0.397667 0.282141 0.430417 0.261078 0.465521 0.266344 0.484229 0.306703 0.470208 0.348813 0.488917 0.392687 0.514667 0.450609 0.498271 0.510266 0.449146 0.508516 0.467854 0.557656 0.460833 0.620828 0.472542 0.633109 0.519333 0.675219 0.512313 0.682250 0.481896 0.684000 0.439792 0.655922 0.423396 0.636625 0.414042 0.552391 0.390646 0.557656 0.407021 0.612047 0.428083 0.671719 0.425750 0.703297 0.390646 0.691016 0.371917 0.598016 0.353208 0.552391 0.378938 0.505000 0.418729 0.455859 0.390646 0.401469 0.339167 0.378656 0.308750 0.376891
0 1 1 0.796542 0.783359 0.731271 0.763266 0.729604 0.748203 0.753021 0.749453 0.754708 0.633969 0.734625 0.578734 0.764750 0.512187 0.742979 0.494625 0.721229 0.463234 0.741312 0.390422 0.754708 0.369078 0.769771 0.325141 0.774792 0.300031 0.804917 0.292500 0.835042 0.301297 0.845083 0.326391 0.871875 0.338953 0.885271 0.371594 0.910375 0.394188 0.928792 0.477047 0.918729 0.502156 0.905354 0.627688 0.885271 0.644016 0.878563 0.735656 0.873542 0.774562 0.841750 0.773313 0.831708 0.748203 0.838396 0.703016 0.825000 0.662844 0.823333 0.645266 0.814958 0.708031 0.816625 0.754484 0.811604 0.780844 0.796542 0.780844
