7 1 1 0.742078 0.334461 0.742078 0.334461 0.733484 0.356936 0.729187 0.379412 0.712000 0.388382 0.714859 0.433333 0.717719 0.435588 0.717719 0.446814 0.713422 0.476029 0.726313 0.480515 0.732047 0.464804 0.752109 0.455809 0.769297 0.453554 0.786484 0.455809 0.795078 0.455809 0.797953 0.471544 0.802250 0.478284 0.815141 0.476029 0.816578 0.444559 0.822297 0.460294 0.830906 0.435588 0.830906 0.404118 0.830906 0.381642 0.825172 0.370417 0.818000 0.352426 0.807984 0.338946 0.789359 0.336716 0.753547 0.329951 0.742078 0.332206
7 1 0 0.041359 0.619902 0.061328 0.646740 0.091281 0.633333 0.089844 0.615417 0.118375 0.635564 0.145469 0.628848 0.165437 0.619902 0.169719 0.640049 0.185406 0.655686 0.205375 0.635564 0.203938 0.606471 0.206797 0.590809 0.228187 0.590809 0.256719 0.577402 0.266687 0.595294 0.279531 0.604240 0.295219 0.577402 0.299500 0.499093 0.286656 0.470025 0.266687 0.452108 0.226766 0.423039 0.189688 0.414093 0.128359 0.411838 0.108391 0.476716 0.061328 0.501324 0.021391 0.503578 0.017109 0.557255 0.024250 0.604240 0.032797 0.633333
7 1 0 0.594516 0.397745 0.591656 0.429216 0.575906 0.429216 0.573031 0.417966 0.561578 0.422475 0.564438 0.444951 0.552984 0.442696 0.550109 0.426961 0.541516 0.426961 0.520031 0.417966 0.491375 0.408995 0.469891 0.404485 0.471313 0.386520 0.489937 0.373039 0.498547 0.337083 0.564438 0.332574 0.581625 0.359559 0.591656 0.370784 0.593094 0.391005
7 1 0 0.390469 0.021471 0.390312 0.069559 0.531516 0.074730 0.583922 0.079118 0.584250 0.070833 0.575844 0.065931 0.572391 0.062304 0.572719 0.052230 0.566297 0.043701 0.564484 0.038529 0.551297 0.032328 0.540750 0.030515 0.535141 0.037230 0.536797 0.025098 0.527734 0.021985
7 1 1 0.757563 0.183750 0.851906 0.183750 0.899078 0.188235 0.890500 0.277917 0.909078 0.242034 0.917656 0.275662 0.917656 0.309314 0.913375 0.338456 0.906219 0.329485 0.904797 0.351912 0.891922 0.374338 0.876203 0.376569 0.876203 0.349657 0.873344 0.338456 0.856188 0.354142 0.861906 0.369853 0.866203 0.401225 0.859047 0.419167 0.833328 0.425907 0.829031 0.425907 0.827609 0.381054 0.813313 0.338456 0.748984 0.329485
7 1 0 0.389203 0.280588 0.379047 0.296838 0.356000 0.310784 0.355781 0.335000 0.360641 0.338971 0.365516 0.350907 0.373547 0.346274 0.375234 0.340956 0.386875 0.340294 0.388781 0.347255 0.395969 0.346936 0.399141 0.341618 0.426844 0.340294 0.431500 0.352230 0.445031 0.351250 0.448406 0.341961 0.451797 0.351912 0.468297 0.344289 0.473375 0.337647 0.476547 0.332010 0.473156 0.322059 0.473578 0.315098 0.468078 0.302476 0.464906 0.295515 0.462375 0.288873 0.455813 0.285221 0.450313 0.286887 0.445875 0.295172 0.439750 0.285221 0.437422 0.281569 0.432547 0.270637
7 1 0 0.301203 0.240294 0.300234 0.227745 0.301844 0.225711 0.303453 0.221201 0.303125 0.192034 0.305687 0.192034 0.306328 0.202598 0.306656 0.224216 0.318516 0.224216 0.331328 0.223701 0.336469 0.224216 0.338391 0.223701 0.337750 0.215172 0.337422 0.193039 0.340625 0.193529 0.342234 0.199069 0.342234 0.205613 0.342547 0.207623 0.401219 0.207623 0.404094 0.215172 0.413391 0.240809 0.418516 0.245343 0.421734 0.247353 0.422687 0.254387 0.423016 0.259412 0.423016 0.263946 0.422687 0.266961 0.418203 0.265441 0.410516 0.266961 0.398969 0.263431 0.397047 0.247353 0.388391 0.245833 0.363063 0.245833 0.355047 0.245833 0.351844 0.250368 0.343516 0.250858 0.342875 0.264436 0.341594 0.277525 0.341266 0.285049 0.341906 0.293603 0.338391 0.298627 0.329094 0.298627 0.324922 0.297623 0.324281 0.302157 0.317234 0.303162 0.315313 0.299142 0.314984 0.284559 0.308891 0.284559 0.306328 0.279534 0.303766 0.271985 0.300234 0.257402 0.295438 0.251863 0.293828 0.246838 0.296078 0.241814 0.297031 0.240809
2 1 0 0.701766 0.369461 0.699125 0.355392 0.694375 0.353726 0.689094 0.338824 0.685406 0.329706 0.679594 0.322255 0.661109 0.318946 0.634719 0.320613 0.625734 0.334681 0.622563 0.357059 0.618344 0.370294 0.618344 0.388529 0.623094 0.410049 0.628375 0.410882 0.631547 0.399289 0.647391 0.404265 0.667453 0.401765 0.672203 0.410049 0.675891 0.417500 0.683812 0.414191 0.683812 0.394314 0.690156 0.391838 0.694375 0.405098 0.698609 0.405907 0.701766 0.404265 0.703359 0.368652
7 1 0 0.411781 0.221029 0.413531 0.207917 0.412484 0.192059 0.414563 0.190441 0.415969 0.193162 0.416313 0.200270 0.417016 0.209020 0.422578 0.210637 0.433734 0.210637 0.440344 0.209559 0.440703 0.205172 0.441047 0.203554 0.442094 0.203554 0.444531 0.202451 0.444531 0.198627 0.444531 0.193701 0.444531 0.191520 0.448016 0.190980 0.449406 0.197525 0.449406 0.202990 0.489813 0.201912 0.490859 0.199730 0.494344 0.199167 0.495734 0.199167 0.498172 0.202451 0.499563 0.201912 0.501312 0.199167 0.504094 0.202451 0.505141 0.207917 0.506531 0.212843 0.509672 0.217745 0.511766 0.224314 0.513844 0.233039 0.513500 0.240711 0.513500 0.245074 0.514547 0.247794 0.514203 0.252181 0.514203 0.258725 0.514203 0.268015 0.513156 0.271838 0.504797 0.275123 0.501656 0.274044 0.500609 0.264191 0.491203 0.236887 0.486672 0.236324 0.481453 0.234681 0.475187 0.234681 0.462641 0.236887 0.459156 0.241789 0.455328 0.247794 0.450453 0.255466 0.447313 0.260368 0.443484 0.265294 0.439656 0.265833 0.435469 0.260931 0.432328 0.257647 0.429203 0.257083 0.424672 0.251078 0.420141 0.246176 0.415609 0.242892 0.411438 0.237426 0.410734 0.230319
7 1 0 0.531859 0.212794 0.531859 0.212794 0.531859 0.203088 0.531859 0.191985 0.540125 0.190588 0.554578 0.191520 0.563125 0.190123 0.569031 0.193824 0.585250 0.192426 0.593813 0.192426 0.597047 0.192426 0.597047 0.209559 0.597344 0.225760 0.598531 0.241029 0.598531 0.241936 0.596766 0.253971 0.594984 0.258603 0.593813 0.253971 0.592328 0.249804 0.587609 0.249804 0.582594 0.249804 0.580234 0.243799 0.577297 0.243799 0.569625 0.241029 0.564016 0.241029 0.560484 0.244265 0.559000 0.249804 0.557531 0.255833 0.557828 0.259069 0.557234 0.263701 0.554281 0.267402 0.550453 0.267402 0.545437 0.267402 0.541891 0.267402 0.535703 0.267402 0.530688 0.266005 0.526859 0.265074 0.525375 0.257206 0.524484 0.245637 0.525078 0.239632 0.528328 0.235931 0.526859 0.232230 0.525672 0.226225 0.526563 0.218824 0.529219 0.213725 0.531578 0.211863
2 1 0 0.040297 0.308162 0.034750 0.322083 0.025328 0.325564 0.026984 0.335123 0.033641 0.362059 0.045281 0.362941 0.059125 0.374240 0.063562 0.366397 0.074094 0.362059 0.085172 0.359461 0.094047 0.368137 0.100688 0.355098 0.102359 0.340319 0.099578 0.320343 0.093484 0.316863 0.078531 0.303824 0.054703 0.302083
2 1 1 0.573984 0.364926 0.566500 0.338529 0.569625 0.332647 0.578969 0.313088 0.592063 0.312108 0.612031 0.314069 0.620750 0.323848 0.626359 0.333627 0.620125 0.364926 0.617016 0.374706 0.609531 0.372770 0.608906 0.364926 0.588953 0.363946 0.587078 0.366887 0.577734 0.366887 0.573359 0.358088
2 1 1 0.669000 0.320686 0.673719 0.310392 0.680000 0.301348 0.685781 0.294363 0.689703 0.289828 0.707266 0.289020 0.718016 0.289020 0.720109 0.293946 0.723516 0.300931 0.726672 0.301765 0.727719 0.302574 0.727188 0.313284 0.725625 0.327255 0.725359 0.335490 0.724828 0.338358 0.717484 0.338775 0.715125 0.344534 0.713828 0.349877 0.711984 0.350686 0.709891 0.350270 0.707797 0.348235 0.705438 0.341642 0.700453 0.341642 0.696266 0.347402 0.694156 0.350686 0.691797 0.350686 0.688656 0.346569 0.683672 0.333431 0.682109 0.328088 0.680797 0.325196 0.680797 0.325196 0.680266 0.324387
2 1 0 0.051562 0.283750 0.074813 0.281569 0.097594 0.284485 0.105969 0.297598 0.099453 0.300515 0.096203 0.306373 0.071094 0.307083 0.039000 0.310735 0.035281 0.317304 0.022734 0.323873 0.024594 0.311471 0.035750 0.304902 0.045047 0.292500 0.051094 0.283015
2 1 0 0.447563 0.269657 0.448109 0.263260 0.451906 0.257745 0.454359 0.249632 0.460047 0.247083 0.466016 0.244534 0.466844 0.244118 0.476609 0.246225 0.478234 0.249632 0.476609 0.255613 0.472531 0.256029 0.468734 0.257745 0.466844 0.260294 0.464938 0.263260 0.463031 0.268382 0.462766 0.272647 0.456797 0.272206 0.453266 0.271789 0.448656 0.270931 0.447844 0.270515
2 1 0 0.558703 0.449436 0.573031 0.483137 0.570172 0.528088 0.560141 0.525833 0.531484 0.530343 0.530062 0.550564 0.512859 0.555049 0.510000 0.541569 0.439797 0.528088 0.436938 0.559559 0.422609 0.555049 0.418312 0.541569 0.414016 0.525833 0.414016 0.478652 0.415453 0.458431 0.416875 0.451691 0.436938 0.422475 0.445531 0.406740 0.489937 0.402255 0.541516 0.411225
