0 1 1 0.081969 0.223583 0.064875 0.231054 0.059172 0.247073 0.057750 0.272693 0.050625 0.279110 0.054906 0.298314 0.048484 0.307939 0.036375 0.316464 0.028547 0.375199 0.044219 0.411499 0.052047 0.415785 0.044219 0.458478 0.051344 0.528970 0.048484 0.528970 0.042797 0.553513 0.053469 0.562061 0.068438 0.550328 0.085531 0.543911 0.096937 0.553513 0.107625 0.551382 0.108328 0.491593 0.117594 0.476651 0.132547 0.465972 0.126141 0.380539 0.114750 0.316464 0.105484 0.305785 0.097641 0.243864
0 1 0 0.782000 0.251429 0.788922 0.220304 0.810688 0.204005 0.840359 0.198056 0.873984 0.227728 0.865078 0.279602 0.851234 0.303326 0.871016 0.343349 0.887828 0.407119 0.887828 0.481241 0.886844 0.496066 0.854203 0.491616 0.832438 0.516815 0.830469 0.448618 0.802766 0.338923 0.790891 0.310749 0.806719 0.289977 0.788922 0.263302 0.783969 0.248478
0 1 1 0.577281 0.243770 0.567984 0.211241 0.540078 0.194192 0.522500 0.212787 0.519406 0.232927 0.524578 0.285597 0.526641 0.299532 0.524578 0.315035 0.518375 0.324333 0.487375 0.346019 0.482203 0.359953 0.474969 0.381639 0.470828 0.403326 0.447062 0.426557 0.466703 0.454450 0.471859 0.457541
0 1 1 0.411688 0.348595 0.411031 0.405340 0.421484 0.413162 0.441703 0.413162 0.452797 0.420000 0.473031 0.402389 0.473031 0.386745 0.486078 0.348595 0.485437 0.248829 0.486734 0.222412 0.482172 0.219485 0.448234 0.216557 0.439094 0.251756
71 1 0 0.420141 0.559415 0.345781 0.548267 0.347906 0.521218 0.354641 0.512717 0.356766 0.506347 0.372344 0.504754 0.399594 0.490960 0.425453 0.495199 0.421203 0.512717 0.419781 0.520679 0.422266 0.523864 0.426516 0.523864 0.432531 0.519625 0.440312 0.506347 0.442437 0.499977 0.450578 0.501569 0.453062 0.506347 0.455187 0.513255 0.455187 0.519087 0.447750 0.533958 0.482453 0.528642 0.491297 0.531827 0.497312 0.531827 0.493422 0.547752 0.426516 0.561007 0.421203 0.561007
44 1 1 0.699375 0.870140 0.809078 0.865831 0.815531 0.859391 0.818406 0.861522 0.819125 0.857237 0.825578 0.856159 0.835609 0.849719 0.854250 0.847564 0.867875 0.850773 0.878641 0.867986 0.879359 0.873349 0.873625 0.880867 0.868594 0.889485 0.857844 0.890539 0.819125 0.891616 0.804781 0.880867 0.718016 0.885176
39 0 1 0.108266 0.598501 0.108844 0.498548 0.115234 0.492459 0.115234 0.482037 0.119281 0.472459 0.134953 0.475082 0.138422 0.483771 0.142484 0.488126 0.143641 0.494192 0.149438 0.506370 0.151766 0.605457 0.138422 0.611546 0.112328 0.612412 0.105953 0.601124
44 1 0 0.598453 0.897986 0.606906 0.902038 0.606234 0.894426 0.594734 0.865527 0.588984 0.858431 0.583906 0.862482 0.586953 0.874660 0.599125 0.897471
0 1 0 1.000000 0.303115 0.985047 0.320703 0.979672 0.331686 0.977719 0.351475 0.978203 0.374918 0.980641 0.388852 0.986016 0.401311 0.986016 0.400562 0.988469 0.421077 0.988469 0.443068 0.988469 0.458454 0.986516 0.462857 0.987484 0.480445 0.988953 0.498759 0.990422 0.530984 0.991891 0.539789 1.000000 0.543443 1.000000 0.411569 0.999719 0.384450
44 1 0 0.202359 0.633489 0.213891 0.617213 0.210172 0.615176 0.207453 0.616698 0.204391 0.623817 0.196938 0.631452
0 1 1 0.520250 0.698876 0.545750 0.613489 0.541250 0.573044 0.512766 0.548314 0.473781 0.469672 0.493266 0.388759 0.563734 0.253934 0.656687 0.215738 0.671687 0.159555 0.676188 0.089883 0.722656 0.042693 0.755641 0.051686 0.772141 0.076393 0.779641 0.141569 0.754141 0.231452 0.763141 0.274169 0.803625 0.339321 0.808125 0.364052 0.827609 0.449438 0.830609 0.539321 0.817125 0.582014 0.770641 0.602248 0.740656 0.631452 0.728656 0.674169 0.731656 0.829204 0.721156 0.831452 0.695672 0.761803 0.646203 0.728080 0.634203 0.723607 0.619203 0.703372 0.524750 0.696628
