0 1 1 0.710635 0.824719 0.758024 0.791016 0.774941 0.761797 0.791859 0.732578 0.818918 0.719094 0.805388 0.712359 0.812165 0.687641 0.856165 0.658422 0.866306 0.644938 0.876447 0.624719 0.903529 0.611234 0.917059 0.606734 0.947529 0.606734 0.957671 0.606734 0.974588 0.595500 0.984753 0.584266 1.000000 0.575281 1.000000 0.721344 0.957671 0.750562 0.944141 0.755062 0.940753 0.755062 0.913671 0.782016 0.866306 0.815734 0.829082 0.842703 0.805388 0.858422 0.805388 0.865172 0.798635 0.876406 0.788471 0.880906 0.785082 0.876406 0.781694 0.883141 0.768165 0.885391 0.747859 0.878656 0.758024 0.871906 0.758024 0.871906 0.741106 0.860672 0.761412 0.833703 0.768165 0.824719 0.771553 0.822469 0.724188 0.851688 0.727553 0.860672 0.710635 0.856188 0.690329 0.849438 0.680188 0.831453 0.686965 0.826969 0.703882 0.826969 0.720800 0.815734 0.744471 0.800000
13 1 0 0.610847 0.710594 0.649129 0.686141 0.683012 0.692984 0.706588 0.708625 0.744871 0.669500 0.771388 0.684172 0.708047 0.725266 0.708047 0.759500
0 1 1 0.350824 0.669250 0.370824 0.628578 0.382071 0.621938 0.373341 0.612813 0.373341 0.604500 0.400824 0.585406 0.418329 0.576281 0.439576 0.560516 0.465835 0.531453 0.464588 0.481656 0.464588 0.472516 0.493341 0.462563 0.512094 0.458406 0.519576 0.456750 0.530824 0.452594 0.543341 0.448438 0.547082 0.448438 0.550847 0.450938 0.547082 0.460063 0.508329 0.475844 0.507082 0.475844 0.500824 0.482484 0.500824 0.504063 0.508329 0.511531 0.520824 0.501578 0.523341 0.491609 0.532094 0.482484 0.538329 0.479156 0.563341 0.482484 0.564588 0.468359 0.554588 0.463391 0.552094 0.454250 0.552094 0.450109 0.570847 0.448438 0.580847 0.459234 0.590847 0.491609 0.592094 0.504063 0.582094 0.532281 0.552094 0.555531 0.498329 0.604500 0.490824 0.611969 0.479576 0.621109 0.475835 0.637703 0.470824 0.642687 0.447082 0.642687 0.427082 0.655141 0.408329 0.677547 0.390824 0.690828 0.364588 0.709922 0.353318 0.726531 0.325835 0.709922 0.317082 0.703281 0.323318 0.692500 0.333318 0.681703
0 1 1 0.398541 0.483406 0.456588 0.450797 0.494541 0.435969 0.503459 0.458203 0.452118 0.478969 0.469976 0.526406 0.438706 0.539750 0.371741 0.600531 0.336024 0.579781 0.394071 0.474516
0 1 1 0.224353 0.455703 0.207812 0.469922 0.183459 0.495797 0.165929 0.511969 0.154235 0.506156 0.170800 0.484812 0.213647 0.436938 0.225341 0.409125 0.257482 0.386500 0.275012 0.379375 0.292541 0.370328 0.303247 0.363859 0.320776 0.369031 0.315906 0.381969 0.311035 0.387141 0.314941 0.410422 0.308118 0.432422 0.278894 0.462813 0.266235 0.462813 0.238965 0.475750 0.193200 0.521672 0.184424 0.526844 0.176635 0.513906 0.200988 0.486094 0.230212 0.456344 0.210729 0.469922
0 1 1 0.063671 0.239484 0.099247 0.223484 0.135976 0.257016 0.135976 0.274547 0.124494 0.300453 0.121059 0.315703 0.057929 0.346188 0.021200 0.384281 0.000565 0.402578 0.000000 0.405625 0.000000 0.289781 0.029247 0.256250 0.048753 0.246344
2 1 1 0.767835 0.677594 0.810729 0.651953 0.839035 0.667906 0.802165 0.705500 0.797012 0.715187 0.805600 0.723734 0.764424 0.759625 0.727529 0.744812 0.762706 0.709500 0.763553 0.684422 0.766988 0.677594
33 1 2 0.267906 0.173141 0.512800 0.138938 0.575976 0.233156 0.578894 0.245422 0.513788 0.220891 0.456447 0.218313 0.428259 0.223469 0.419506 0.238313 0.399106 0.246703 0.363153 0.243484 0.331082 0.242828 0.339835 0.233156 0.368000 0.233156 0.389388 0.237672 0.417576 0.226062 0.424376 0.220250 0.382588 0.194438 0.339835 0.190563 0.313576 0.188625 0.266941 0.205406 0.246541 0.197656 0.301929 0.190563 0.314565 0.183469 0.285412 0.178297
2 1 1 0.856941 0.642703 0.766800 0.604344 0.736165 0.608422 0.775553 0.621781 0.763294 0.646781 0.763294 0.670609 0.761553 0.679906 0.812306 0.652594 0.845576 0.666531 0.852565 0.645031
0 1 1 0.057059 0.182000 0.082400 0.164469 0.090847 0.147641 0.085576 0.123797 0.057059 0.106266 0.025365 0.113281 0.011647 0.124500 0.005294 0.137828 0.001082 0.149047 0.005294 0.257047 0.004235 0.276688 0.004235 0.293516 0.027482 0.264766 0.043318 0.241625 0.062329 0.220578 0.064447 0.201641
2 1 1 0.971976 0.878625 0.911647 0.843953 0.988165 0.747687 1.000000 0.741719 1.000000 0.849922
0 1 0 0.919741 0.943297 0.930965 0.939984 0.957176 0.912656 0.978376 0.884484 0.995835 0.846391 1.000000 0.896094 0.999577 0.913484 0.974635 0.949922 0.954682 0.968141 0.917247 0.944125
0 1 1 0.264541 0.565313 0.254376 0.554047 0.315412 0.461719 0.305247 0.434688 0.386635 0.414422 0.403600 0.398656 0.430729 0.407656 0.396824 0.430188 0.396824 0.479734 0.339153 0.495500 0.322212 0.511266 0.271341 0.560813
0 1 1 0.000000 0.491203 0.042800 0.504125 0.077812 0.506703 0.140071 0.449859 0.171200 0.426609 0.206235 0.393016 0.221788 0.374922 0.249035 0.351672 0.249035 0.331000 0.264588 0.299984 0.245153 0.281906 0.221788 0.268984 0.194565 0.276734 0.194565 0.294828 0.155647 0.318078 0.097271 0.338750 0.058376 0.367172 0.054471 0.390438 0.054471 0.416266 0.023341 0.447281 0.007788 0.470531 0.003882 0.491203
0 1 0 0.760118 0.626984 0.745812 0.640641 0.741341 0.673297 0.717200 0.692906 0.702894 0.700625 0.664447 0.685781 0.646565 0.678047 0.626871 0.687563 0.602729 0.706563 0.578588 0.706563 0.549082 0.694687 0.554447 0.685187 0.558024 0.676266 0.572329 0.669734 0.596471 0.670922 0.640306 0.656672 0.630447 0.653109 0.628659 0.644203 0.642988 0.640641 0.699318 0.640047 0.723459 0.632922 0.720776 0.620453 0.724353 0.609172 0.738659 0.607984 0.754753 0.614516
