0 1 0 0.532375 0.101719 0.550583 0.098687 0.567792 0.096406 0.580938 0.093375 0.593083 0.100203 0.595104 0.111578 0.594083 0.120687 0.590042 0.132828 0.589021 0.144969 0.578917 0.152547 0.573854 0.158625 0.578917 0.162422 0.589021 0.159375 0.605208 0.160141 0.619375 0.166203 0.631521 0.174547 0.641625 0.184422 0.651750 0.191250 0.658833 0.198078 0.664896 0.207938 0.669958 0.214016 0.670979 0.220078 0.675021 0.228422 0.677042 0.233734 0.676021 0.244359 0.674000 0.254219 0.664896 0.258766 0.652771 0.259531 0.648708 0.258016 0.646688 0.248156 0.641625 0.237531 0.634562 0.218563 0.631521 0.214766 0.632521 0.195797 0.635563 0.185937 0.631521 0.177594 0.620396 0.170000 0.608250 0.165453 0.589021 0.160891 0.566771 0.172281 0.564750 0.180625 0.558688 0.188219 0.556667 0.198078 0.550583 0.210219 0.553625 0.220078 0.555646 0.220844 0.550583 0.225391 0.536417 0.229187 0.526313 0.232969
62 1 1 0.338208 0.285391 0.663813 0.281297 0.662000 0.464109 0.278187 0.466844 0.274542 0.311312
63 1 1 0.207521 0.640828 0.231146 0.580406 0.339729 0.585656 0.315208 0.652641 0.252167 0.671687 0.223271 0.665781 0.233771 0.660516 0.236417 0.657891 0.221521 0.651984 0.217146 0.646078
62 1 1 0.434833 0.530750 0.427687 0.520031 0.444521 0.511625 0.576083 0.518500 0.586271 0.576250 0.575063 0.578937 0.578104 0.596141 0.538854 0.596141 0.541396 0.534562
62 1 1 0.162625 0.523750 0.162625 0.500469 0.190396 0.496797 0.308042 0.505375 0.329292 0.581359 0.254125 0.578906 0.250854 0.555625 0.227979 0.553172 0.211646 0.583797 0.200208 0.578906
62 1 1 0.357521 0.623250 0.368167 0.529047 0.541729 0.534187 0.537167 0.592422 0.502917 0.592984 0.488458 0.634094
0 1 0 0.062188 0.230766 0.064667 0.243328 0.069646 0.254031 0.072750 0.263812 0.077083 0.271734 0.087646 0.285688 0.069021 0.288953 0.046667 0.288953 0.016271 0.293141 0.016271 0.292203 0.010062 0.286156 0.001375 0.265219 0.003854 0.250781 0.006333 0.236344 0.006333 0.234484
62 1 1 0.000000 0.479812 0.056958 0.481047 0.060687 0.492234 0.025896 0.499687 0.011396 0.513984 0.001875 0.524547 0.000229 0.525781 0.000229 0.525781
0 1 0 0.067083 0.290141 0.077063 0.281250 0.085167 0.282656 0.070833 0.262062 0.067083 0.251312 0.062708 0.244750 0.063333 0.230719 0.152542 0.224641 0.153792 0.246156 0.152542 0.259734 0.161896 0.272828 0.180604 0.282188
64 1 1 0.385354 0.679781 0.395958 0.671141 0.412562 0.670797 0.417625 0.674594 0.419021 0.677016 0.408417 0.686703 0.387188 0.685656 0.386271 0.681172
0 1 1 0.005979 0.959906 0.077729 0.964391 0.131542 0.959906 0.161437 0.939719 0.173396 0.921781 0.161437 0.910578 0.146479 0.917297 0.182354 0.843312 0.182354 0.704297 0.197313 0.679641 0.224208 0.668422 0.239167 0.641516 0.206271 0.639281 0.179375 0.531656 0.146479 0.509234 0.188333 0.473359 0.191333 0.459906 0.194312 0.435234 0.137521 0.412813 0.071750 0.421781 0.077729 0.455422 0.086687 0.471109 0.014938 0.513719 0.002979 0.549594 0.005979 0.643766 0.020917 0.657219 0.026896 0.702062 0.065771 0.796219 0.005979 0.906094
62 1 1 0.720312 0.296047 0.725896 0.469875 0.996771 0.476172 0.985604 0.241578 0.720312 0.256250 0.725896 0.306516
