72 1 0 0.378359 0.200896 0.398547 0.187438 0.482625 0.196417 0.628922 0.200896 0.644063 0.205375 0.647422 0.895958 0.447313 0.943042 0.363234 0.878021 0.351453 0.295063 0.378359 0.283854
39 1 1 0.880516 0.205042 0.883469 0.169729 0.879547 0.178875 0.878563 0.129167 0.885422 0.116083 0.893281 0.148792 0.898188 0.177583 0.898188 0.186729
58 1 1 0.501063 0.096625 0.513188 0.102396 0.527906 0.110479 0.533109 0.124354 0.538312 0.132437 0.541781 0.142833 0.517516 0.183271 0.485453 0.180958 0.474203 0.113958 0.473328 0.102396 0.490656 0.102396 0.489797 0.078146 0.481125 0.067750 0.465531 0.074667 0.456875 0.041167 0.475063 0.041167 0.453406 0.014604 0.458609 0.004208 0.469000 0.006521 0.496719 0.048104 0.500188 0.041167 0.514047 0.030771 0.527906 0.031937 0.526188 0.040021 0.539172 0.042333 0.549578 0.041167 0.564297 0.041167 0.567766 0.045792 0.568641 0.053875 0.548703 0.056187 0.559109 0.065438 0.564297 0.073521 0.567766 0.081604 0.563438 0.085063 0.544375 0.067750 0.540047 0.061958 0.532250 0.064271 0.508859 0.067750 0.508859 0.075833 0.508859 0.095458
39 1 1 0.837094 0.318271 0.851609 0.318271 0.853219 0.273125 0.850000 0.251604 0.838703 0.249458 0.840328 0.221500 0.835484 0.219354 0.835484 0.262375 0.833875 0.292479 0.833875 0.313979 0.837094 0.322583
40 1 1 0.872094 0.064771 0.870578 0.058708 0.870922 0.053542 0.872766 0.040062 0.872094 0.033771 0.871250 0.027917 0.873453 0.023646 0.881703 0.022979 0.890125 0.028375 0.892156 0.058479 0.887094 0.064104 0.881203 0.068604 0.883047 0.083208 0.882891 0.091958 0.882375 0.095562 0.882203 0.101625 0.885578 0.102521 0.887266 0.104542 0.887438 0.107021 0.885922 0.109500 0.882719 0.110396 0.876313 0.110625 0.871594 0.110167 0.871594 0.107479 0.872766 0.104771 0.875125 0.102750 0.877656 0.100500 0.878672 0.096688 0.876984 0.069271
39 1 1 0.751094 0.312687 0.772172 0.313500 0.771875 0.267042 0.762094 0.233229 0.762094 0.210813 0.754750 0.209604 0.754750 0.209604 0.753844 0.243000 0.747734 0.264187 0.748031 0.313896 0.748031 0.313896
40 1 1 0.758203 0.085833 0.762516 0.086979 0.765406 0.090438 0.764531 0.095042 0.760797 0.097333 0.754187 0.096562 0.749578 0.095417 0.746703 0.092729 0.746125 0.089271 0.753609 0.087354 0.752453 0.060521 0.747859 0.053229 0.744687 0.042125 0.745266 0.032917 0.747000 0.023708 0.754766 0.019875 0.761375 0.021792 0.765109 0.027167 0.767125 0.036750 0.765406 0.044792 0.761656 0.054000 0.759078 0.055917 0.756203 0.064354 0.756766 0.072792
40 1 1 0.750500 0.016292 0.735187 0.016646 0.729641 0.021917 0.728594 0.028604 0.734656 0.051125 0.743109 0.057104 0.744422 0.060271 0.743375 0.076479 0.737297 0.079292 0.733875 0.083854 0.732547 0.087729 0.741266 0.091604 0.751281 0.089146 0.753656 0.085271 0.751813 0.080688 0.747594 0.078229 0.746281 0.076812 0.746797 0.059583 0.746531 0.053604 0.746531 0.050771 0.743375 0.032125 0.748125 0.023333 0.752609 0.021562 0.752875 0.020167
39 1 1 0.733094 0.218500 0.733875 0.232083 0.724469 0.241500 0.727203 0.308437 0.735047 0.313146 0.749172 0.308437 0.745250 0.238896 0.740156 0.230000 0.740156 0.216396 0.732703 0.215354 0.733094 0.215875
40 1 1 0.847484 0.086604 0.855422 0.088167 0.851453 0.082250 0.852156 0.063562 0.852844 0.058563 0.856594 0.052958 0.861500 0.045187 0.862891 0.031479 0.861953 0.025875 0.858453 0.014958 0.850750 0.016521 0.839063 0.016833 0.838375 0.024625 0.838375 0.037708 0.841406 0.044562 0.845609 0.054208 0.848641 0.058563 0.847937 0.075083 0.847719 0.080688 0.843047 0.085667
40 1 1 0.750922 0.135250 0.752406 0.172042 0.753875 0.176625 0.753875 0.181229 0.758797 0.183187 0.760781 0.174667 0.768656 0.158896 0.766187 0.132625
40 1 1 0.909141 0.033771 0.909141 0.068042 0.900141 0.073188 0.900141 0.093750 0.896281 0.080042 0.896281 0.080042 0.887281 0.068042 0.889859 0.045771
40 1 1 0.742063 0.132437 0.751594 0.133146 0.751063 0.151479 0.751328 0.167708 0.745516 0.173354 0.744453 0.177938 0.741797 0.176896 0.741797 0.173708 0.737563 0.169833 0.735719 0.164896 0.741547 0.153604 0.741547 0.130313
40 1 1 0.741406 0.126958 0.740891 0.154875 0.735781 0.166458 0.731187 0.172604 0.730672 0.174979 0.725812 0.175667 0.723000 0.171229 0.716875 0.158625 0.717125 0.135813 0.719437 0.129688 0.723781 0.122521 0.733484 0.122188
39 1 1 0.707406 0.236083 0.708000 0.307250 0.726984 0.308042 0.726984 0.235292 0.721641 0.225792 0.718078 0.191792 0.713344 0.190208 0.711563 0.192583 0.709781 0.228167
40 1 1 0.800656 0.184417 0.804547 0.161042 0.800656 0.150646 0.804547 0.124667 0.798703 0.124667 0.796750 0.150646 0.788969 0.158438 0.788969 0.189604
40 1 1 0.777000 0.016333 0.775547 0.025083 0.774813 0.031167 0.775000 0.039187 0.777000 0.045521 0.778828 0.048937 0.782484 0.052583 0.783922 0.070500 0.787437 0.072146 0.789297 0.071604 0.790125 0.055333 0.791578 0.051750 0.793437 0.049000 0.795094 0.044583 0.796125 0.037687 0.796750 0.032187 0.796750 0.024729 0.796750 0.019500 0.794672 0.016479 0.781234 0.016479 0.777938 0.016479
40 1 1 0.859094 0.051562 0.863156 0.065396 0.863609 0.090667 0.864062 0.090667 0.864516 0.064792 0.868578 0.055771 0.872641 0.040146 0.872187 0.028708 0.862703 0.024500 0.864062 0.037125 0.860453 0.049167
39 1 1 0.895906 0.205729 0.896734 0.172563 0.897563 0.171458 0.895906 0.171458 0.900047 0.153771 0.899219 0.118396 0.901703 0.113979 0.906672 0.118396 0.906672 0.143812 0.917453 0.172563 0.916625 0.209042 0.899219 0.206833
39 1 1 0.792078 0.258000 0.793125 0.241250 0.791031 0.215417 0.799406 0.214708 0.801500 0.248229 0.811969 0.274063 0.811969 0.316646 0.792594 0.315250 0.790500 0.271958
39 1 1 0.862516 0.201687 0.861125 0.163312 0.869547 0.139917 0.866734 0.110896 0.870250 0.106208 0.874453 0.133354 0.877969 0.161437 0.880781 0.180167 0.882172 0.197938 0.864625 0.197938
39 1 1 0.771656 0.214437 0.774438 0.242854 0.769812 0.253958 0.772125 0.311396 0.773969 0.313875 0.783234 0.313875 0.790656 0.312021 0.789266 0.264458 0.789266 0.256437 0.784172 0.243458 0.781391 0.232958 0.781844 0.213813 0.775359 0.211354
39 1 1 0.845938 0.125938 0.845938 0.104292 0.851984 0.103000 0.853266 0.131896 0.858672 0.139958 0.859000 0.165875 0.858672 0.198146 0.846250 0.198583 0.843391 0.136563 0.845625 0.127646
40 1 1 0.781797 0.186104 0.786938 0.186104 0.786938 0.164604 0.788813 0.158688 0.791609 0.150604 0.792313 0.131917 0.791609 0.126625 0.788344 0.125688 0.782734 0.125688 0.776891 0.127542 0.773391 0.130042 0.773391 0.147167 0.773859 0.159000 0.779469 0.166479 0.781797 0.166479 0.780875 0.184229 0.781328 0.186417
39 1 1 0.845500 0.215729 0.853266 0.216708 0.854375 0.241396 0.857703 0.256187 0.859563 0.260625 0.861781 0.320333 0.855125 0.324271 0.850313 0.320813 0.851422 0.263583 0.846234 0.250771 0.846984 0.241875 0.845500 0.221646
39 1 1 0.827078 0.131687 0.832187 0.124875 0.832187 0.105479 0.832187 0.098146 0.835719 0.099188 0.838078 0.099188 0.838078 0.116479 0.838875 0.126958 0.842797 0.133771 0.845547 0.197708 0.829828 0.196667 0.828250 0.151063
40 1 1 0.813531 0.132042 0.813531 0.152250 0.812688 0.161688 0.809656 0.172479 0.806297 0.184167 0.805953 0.188208 0.801578 0.190229 0.801062 0.183708 0.801734 0.172250 0.801734 0.162604 0.801062 0.154500 0.801406 0.139458 0.801906 0.128896 0.802578 0.126188 0.807969 0.125062 0.814719 0.125958
39 1 1 0.701734 0.222812 0.708625 0.241187 0.707563 0.313208 0.702797 0.313208
