17 1 1 0.739781 0.344094 0.747594 0.330156 0.747594 0.329219 0.756953 0.325469 0.756953 0.348875 0.752266 0.358234 0.752266 0.373203 0.746656 0.395672 0.756016 0.420953 0.755078 0.450906 0.768188 0.462141 0.775672 0.461203 0.798141 0.483672 0.811250 0.499578 0.813125 0.508937 0.848687 0.570719 0.841203 0.581016 0.839328 0.617531 0.833719 0.632500 0.830906 0.652859 0.795328 0.702469 0.790656 0.719312 0.807500 0.740844 0.787844 0.726797 0.827156 0.778281 0.791594 0.742719 0.816859 0.791391 0.792531 0.764250 0.796266 0.782031 0.812187 0.802625 0.795328 0.786719 0.795328 0.808234 0.786906 0.778281 0.773797 0.747391 0.769125 0.752078 0.786906 0.789516 0.780359 0.785781 0.801891 0.822281 0.795328 0.818531 0.796266 0.828828 0.760703 0.758625 0.754141 0.767063 0.765375 0.791391 0.765375 0.797938 0.773797 0.811047 0.755078 0.795141 0.767250 0.814797 0.748531 0.800750 0.743844 0.776422 0.737297 0.785781 0.733547 0.797938 0.718578 0.813859 0.712016 0.820406 0.701719 0.843812 0.699859 0.858797 0.692359 0.868156 0.688625 0.872828 0.685813 0.903719 0.670828 0.912141 0.653047 0.905594 0.647437 0.896234 0.630578 0.903719 0.617484 0.899984 0.612797 0.911203 0.592203 0.904656 0.595016 0.892484 0.608109 0.871891 0.621219 0.834453 0.622156 0.819469 0.621219 0.810109 0.631516 0.782969 0.628703 0.749266 0.635266 0.722125 0.613734 0.756766 0.617484 0.777344 0.606250 0.801688 0.593141 0.833516 0.593141 0.856922 0.583781 0.879391 0.583781 0.895297 0.578156 0.918703 0.566922 0.929937 0.543531 0.929000 0.534172 0.897172 0.540719 0.885000 0.556625 0.872828 0.556625 0.859719 0.569734 0.838203 0.567859 0.820406 0.575359 0.797938 0.576297 0.775484 0.585656 0.753953 0.591266 0.745531 0.587516 0.718375 0.595016 0.656594 0.609984 0.592063 0.621219 0.551813 0.640875 0.519984 0.641813 0.498453 0.650234 0.474266 0.649297 0.425578 0.641813 0.431203 0.638078 0.431203 0.651172 0.410609 0.653984 0.399375 0.668969 0.380656 0.666156 0.370359 0.656797 0.387203 0.653047 0.363797 0.663344 0.352562 0.671766 0.351625 0.670828 0.337594 0.675516 0.322609 0.675516 0.317000 0.690484 0.329172 0.693297 0.346953 0.702656 0.340406 0.739172 0.346016
17 1 1 0.322484 0.881703 0.339609 0.868391 0.345328 0.856969 0.352938 0.843656 0.362438 0.830344 0.373859 0.803703 0.383375 0.777078 0.385266 0.748531 0.383375 0.735219 0.366250 0.735219 0.356734 0.740922 0.345328 0.756141 0.343422 0.782781 0.341516 0.799906 0.330094 0.824625 0.320594 0.845562 0.305375 0.864578 0.303469 0.887406 0.303469 0.906438 0.297766 0.917844 0.292047 0.923563 0.282547 0.927359 0.273031 0.927359 0.261609 0.927359 0.254000 0.921656 0.248297 0.914047 0.252109 0.896922 0.257812 0.877906 0.265422 0.855062 0.278734 0.837953 0.278734 0.820828 0.278734 0.798000 0.286344 0.777078 0.299656 0.756141 0.303469 0.740922 0.307266 0.716203 0.311078 0.689562 0.316781 0.664828 0.314875 0.640094 0.330094 0.603953 0.337703 0.564000 0.358641 0.543078 0.392875 0.516453 0.396688 0.486016 0.402391 0.449859 0.398594 0.427031 0.410000 0.394688 0.408094 0.377578 0.404297 0.345234 0.413812 0.339531 0.421422 0.354750 0.423313 0.358547 0.432828 0.360453 0.446141 0.364250 0.457563 0.364250 0.470875 0.356641 0.472781 0.349031 0.478484 0.360453 0.480391 0.379469 0.484188 0.396594 0.491797 0.402297 0.493703 0.408016 0.499406 0.434641 0.499406 0.459375 0.497516 0.468891 0.497516 0.468891 0.507016 0.476500 0.514625 0.484109 0.531750 0.506938 0.533656 0.520250 0.541266 0.533563 0.550781 0.546891 0.554578 0.550687 0.554578 0.575422 0.554578 0.600156 0.554578 0.621078 0.545062 0.653422 0.539359 0.676250 0.531750 0.689562 0.522234 0.700984 0.499406 0.721906 0.468969 0.756141 0.451859 0.771359 0.440437 0.775172 0.430922 0.780875 0.421422 0.790391 0.413812 0.805609 0.406203 0.813219 0.400484 0.824625 0.389078 0.837953 0.387172 0.853172 0.379562 0.866484 0.383375 0.872187 0.390984 0.874094 0.404297 0.889312 0.381469 0.896922 0.370047 0.900734 0.358641 0.902625 0.349125 0.906438 0.337703 0.906438 0.330094 0.906438 0.322484 0.904531 0.324391 0.881703
17 1 0 0.108328 0.730750 0.114344 0.752437 0.136734 0.757609 0.133609 0.607922 0.173359 0.606719 0.304609 0.595875 0.295687 0.711844 0.272813 0.723891 0.272813 0.757609 0.302922 0.746781 0.357594 0.533266 0.299797 0.540484 0.204656 0.546516 0.143250 0.560953 0.115547 0.586250 0.113141 0.613953 0.129500 0.722687 0.141547 0.732328 0.158406 0.754000 0.170453 0.750391 0.175266 0.733531 0.162016 0.723891
0 1 1 0.876172 0.699172 0.896219 0.703703 0.894922 0.734750 0.911750 0.732813 0.911094 0.704344 0.922094 0.703703 0.926625 0.709516 0.931797 0.729578 0.945375 0.730859 0.942797 0.686234 0.925328 0.681703 0.925328 0.657781 0.938266 0.662953 0.935672 0.650672 0.931156 0.646141 0.930500 0.617672 0.916266 0.611203 0.902047 0.603453 0.892344 0.606687 0.883281 0.613156 0.883937 0.629969 0.889109 0.629328 0.893641 0.631906 0.891047 0.638375 0.880703 0.639016 0.878109 0.652609 0.884578 0.659719 0.880047 0.674594 0.874875 0.695297
0 1 1 0.890234 0.553766 0.873297 0.526594 0.880859 0.522641 0.880859 0.516141 0.877250 0.508937 0.893484 0.507859 0.886984 0.503172 0.884109 0.497391 0.886266 0.490906 0.886625 0.481531 0.897078 0.480094 0.904297 0.488031 0.904656 0.499563 0.911859 0.507859 0.912578 0.525875 0.897078 0.526594 0.895641 0.538984 0.904656 0.537172 0.918359 0.537891 0.919438 0.553391 0.911141 0.567453 0.908266 0.571781 0.907906 0.582953 0.898891 0.583687 0.898531 0.575391 0.900688 0.569266
0 1 1 0.846156 0.561797 0.881219 0.561797 0.883453 0.546891 0.879719 0.534203 0.875250 0.526750 0.839437 0.525250 0.843922 0.508844 0.848391 0.500641 0.875250 0.499141 0.869281 0.480500 0.858844 0.479750 0.848391 0.486469 0.878234 0.511078 0.881219 0.517797 0.879719 0.534203 0.842422 0.533453 0.847656 0.539422 0.840187 0.548375 0.846156 0.561797 0.848391 0.570016 0.847656 0.586422 0.855109 0.585672 0.868531 0.583438 0.872266 0.570016
25 1 1 0.847719 0.448031 0.848281 0.437203 0.848859 0.435500 0.848859 0.427516 0.905250 0.402453 0.974172 0.411000 0.973047 0.414984 0.954234 0.417844 0.941703 0.421250 0.940563 0.425250 0.940563 0.427516 0.927469 0.435500 0.895000 0.444047 0.867656 0.449734
0 1 0 0.258469 0.508047 0.265500 0.502016 0.268500 0.486469 0.276531 0.484469 0.286063 0.504531 0.292594 0.527109 0.246937 0.526609 0.246438 0.534625 0.238406 0.559719 0.264500 0.550687 0.273016 0.551687 0.273016 0.531625
0 1 0 0.085766 0.586141 0.081766 0.587922 0.078656 0.591922 0.078656 0.595484 0.077766 0.600828 0.077766 0.603047 0.070641 0.605719 0.068859 0.606156 0.067531 0.603938 0.066203 0.603484 0.063531 0.597266 0.063078 0.591922 0.063078 0.586594 0.063078 0.583031 0.084438 0.578141 0.082203 0.571016 0.065750 0.573234 0.055969 0.559891 0.067531 0.553219 0.074641 0.551000 0.079094 0.556344 0.079094 0.559453 0.084438 0.569687
0 1 0 0.811000 0.501969 0.807766 0.493578 0.799375 0.487781 0.795500 0.481969 0.792922 0.481969 0.794859 0.472281 0.805188 0.469063 0.810344 0.474219 0.811641 0.481969 0.823250 0.494234 0.825828 0.501328 0.825828 0.507781 0.826484 0.519391 0.826484 0.523266 0.812922 0.512937 0.812281 0.509062
0 1 0 0.604047 0.571391 0.604672 0.574437 0.604672 0.579328 0.602531 0.586047 0.601313 0.591531 0.597641 0.594281 0.594594 0.595500 0.591844 0.590016 0.591531 0.587563 0.590937 0.549609 0.591453 0.542063 0.591453 0.539547 0.596469 0.533516 0.599500 0.526484 0.590438 0.527984 0.581891 0.528984 0.577375 0.524469 0.574859 0.519437 0.570328 0.510891 0.575859 0.510891 0.571844 0.502344 0.574359 0.494797 0.576859 0.489766 0.578375 0.486750 0.581891 0.485250 0.585922 0.483734 0.591953 0.481719 0.591453 0.478203 0.590438 0.475187 0.588938 0.472172 0.588938 0.469156 0.590937 0.466141 0.594469 0.465141 0.596984 0.464625 0.598484 0.461109 0.601500 0.459094 0.610047 0.460109 0.612063 0.463125 0.612063 0.464125 0.618594 0.466641 0.618094 0.472172 0.612563 0.478703 0.611062 0.482734 0.611062 0.485750 0.611062 0.490781 0.614078 0.497813 0.615078 0.502344 0.614578 0.508875 0.616094 0.512406 0.616094 0.514406 0.616094 0.517422 0.618594 0.518438 0.621625 0.518438 0.622625 0.519938 0.623625 0.523453 0.623125 0.526984 0.612063 0.526484 0.615578 0.533016 0.613578 0.537031 0.607531 0.539547 0.601000 0.545078 0.596984 0.549109 0.592953 0.552125 0.592453 0.552625 0.594281 0.572609 0.600703 0.571391 0.602219 0.564062 0.599781 0.562844 0.608328 0.553687 0.610766 0.553375 0.611078 0.557953 0.609250 0.562531
0 1 1 0.842500 0.500953 0.842500 0.485938 0.849063 0.480312 0.852828 0.479359 0.851891 0.469984 0.854703 0.459656 0.869703 0.457781 0.874406 0.469047 0.875344 0.476547 0.880031 0.482188 0.883781 0.493437 0.885656 0.498125 0.880031 0.500016 0.880031 0.497188 0.872531 0.498125 0.871594 0.488750 0.870656 0.484062 0.861266 0.481250 0.853766 0.485000 0.851891 0.488750 0.854703 0.493437 0.852828 0.498125 0.849063 0.500953 0.844375 0.502828
25 1 1 0.947984 0.433922 0.991406 0.417750 0.999078 0.417750 0.999500 0.448828 0.973094 0.450531 0.950109 0.440312
0 1 0 0.975094 0.529328 0.978578 0.520625 0.982047 0.507297 0.991328 0.503234 1.000000 0.505562 1.000000 0.528172 1.000000 0.570484 0.985531 0.564109 0.981469 0.564687 0.985531 0.584969 0.968141 0.580328 0.971047 0.562359 0.971047 0.538016 0.975094 0.529328
0 1 0 0.297125 0.518250 0.292297 0.491359 0.292297 0.487594 0.295516 0.487328 0.301172 0.485984 0.305203 0.488938 0.311375 0.498625 0.318375 0.502656 0.319719 0.506688 0.317563 0.512328 0.318906 0.516641 0.319984 0.522812 0.322672 0.524438 0.313531 0.524438 0.299016 0.525234 0.297937 0.532234 0.299281 0.532500 0.301172 0.547016 0.302516 0.552656 0.308969 0.550516 0.313266 0.547828 0.314875 0.544594 0.321328 0.542172 0.328859 0.540563 0.329656 0.539750 0.328594 0.536531 0.327250 0.533578 0.326969 0.532234
0 1 1 0.487641 0.413484 0.516859 0.359547 0.534828 0.339328 0.602250 0.305625 0.593266 0.220219 0.570781 0.233703 0.566297 0.256187 0.543813 0.287641 0.552812 0.303375 0.541578 0.321344 0.528094 0.319094 0.528094 0.271906 0.539328 0.231453 0.573031 0.188766 0.622469 0.150562 0.626969 0.139328 0.626969 0.123594 0.626969 0.105625 0.626969 0.096625 0.629219 0.078656 0.653937 0.069656 0.667422 0.069656 0.689891 0.089891 0.685391 0.123594 0.685391 0.139328 0.696625 0.155062 0.734828 0.206734 0.773031 0.256187 0.786516 0.307859 0.743813 0.274156 0.716859 0.242703 0.716859 0.251687 0.719094 0.294375 0.761797 0.323594 0.761797 0.328094 0.752813 0.328094 0.719094 0.357297 0.683141 0.343812 0.671906 0.350563 0.649438 0.361797 0.617984 0.366297 0.541578 0.388766 0.525844 0.393266 0.516859 0.451687
