68 1 1 0.844663 0.516940 0.841466 0.570480 0.963255 0.579780 0.989677 0.578680 0.982493 0.550820 0.975279 0.546980 0.976862 0.521860 0.860704 0.517480
73 1 0 0.122317 0.386160 0.142346 0.377840 0.157126 0.379640 0.165836 0.379640 0.178915 0.379640 0.188475 0.376060 0.198944 0.371920 0.202405 0.377260 0.239853 0.388540 0.243343 0.388540 0.254663 0.382600 0.259883 0.380820 0.272933 0.373700 0.287742 0.372500 0.287742 0.453860 0.109238 0.451480
69 1 0 0.864545 0.611460 1.000000 0.600160 0.997097 0.711880 0.997097 0.735740 1.000000 0.986580 0.844311 0.872340 0.884809 0.647620 0.864545 0.621260
45 1 1 0.302111 0.211900 0.357302 0.210780 0.368152 0.213180 0.368710 0.216160 0.368710 0.218200 0.365425 0.220220 0.361378 0.220780 0.361642 0.225600 0.359472 0.233940 0.353754 0.238020 0.350235 0.240240 0.341525 0.242840 0.333108 0.243760 0.321965 0.243020 0.309736 0.240060 0.304311 0.234680 0.301848 0.230800
73 1 0 0.784135 0.449880 0.789765 0.388860 0.812375 0.388220 0.806716 0.456940 0.782229 0.457580 0.782229 0.449880
73 1 0 0.741026 0.385680 0.759795 0.386700 0.758768 0.442740 0.758270 0.455180 0.733930 0.455880 0.736452 0.388100
73 1 0 0.730088 0.397560 0.728915 0.455120 0.714252 0.454320 0.714252 0.412360 0.728915 0.394360
45 1 1 0.532669 0.227760 0.540469 0.245040 0.539824 0.247700 0.571642 0.250340 0.582669 0.226880 0.572287 0.224660
45 1 1 0.639707 0.250140 0.606012 0.249280 0.597273 0.231820 0.599765 0.227140 0.636598 0.227560 0.653460 0.228000 0.650323 0.239060 0.640968 0.249700
45 1 1 0.359824 0.223980 0.367126 0.239240 0.379296 0.241900 0.382199 0.242560 0.399736 0.240580 0.406540 0.236260 0.410909 0.221000 0.383196 0.220340 0.360323 0.220000
73 1 0 0.693490 0.454780 0.696862 0.406080 0.705865 0.403380 0.706979 0.414120 0.710938 0.414500 0.708680 0.456300
73 1 0 0.509296 0.249760 0.516745 0.248820 0.526246 0.192840 0.518094 0.193760 0.509971 0.234940 0.508622 0.250220
75 1 1 0.111672 0.529840 0.110880 0.530640 0.116833 0.536320 0.116041 0.536860 0.111672 0.541460 0.112463 0.563600 0.112463 0.577360 0.133842 0.576280 0.131877 0.554420 0.131466 0.544420 0.125924 0.539300 0.125924 0.535780 0.131085 0.529840
73 1 0 0.763724 0.385320 0.760411 0.458700 0.778504 0.457740 0.787537 0.385980 0.765630 0.385980
73 1 0 0.447185 0.184860 0.467830 0.186500 0.465396 0.246140 0.448387 0.242820
73 1 0 0.433196 0.248240 0.446569 0.243100 0.445748 0.198560 0.434868 0.190000 0.428153 0.192280 0.425660 0.215120 0.429003 0.243100
73 1 0 0.495425 0.198120 0.495073 0.249500 0.509091 0.249500 0.512610 0.204580 0.512610 0.198840 0.509443 0.196940 0.495073 0.196940
