74 1 0 0.736266 0.219933 0.723609 0.235390 0.718188 0.268864 0.721359 0.283675 0.727234 0.291403 0.734453 0.291403 0.747563 0.282383 0.757953 0.262428 0.761562 0.237973 0.758844 0.218641 0.745297 0.210267
0 1 1 0.058688 0.857728 0.068469 0.846459 0.072891 0.840490 0.072422 0.831849 0.067297 0.822895 0.066828 0.813942 0.067531 0.807973 0.072656 0.802339 0.081031 0.800334 0.087781 0.806971 0.091047 0.818263 0.089875 0.828864 0.087547 0.834833 0.091734 0.840490 0.100578 0.841804 0.108734 0.847773 0.114313 0.861715 0.123391 0.873318 0.129437 0.892227 0.119906 0.922428 0.118500 0.929710 0.116875 0.941002 0.108500 0.953274 0.106641 0.974165 0.103609 0.988441 0.103141 0.998062 0.061953 0.999042 0.059156 0.978151 0.059859 0.960245 0.058453 0.948953 0.058453 0.943653 0.056828 0.941670 0.057984 0.932049 0.057984 0.921759 0.060094 0.903519 0.057297 0.921425 0.052406 0.939666 0.050078 0.950289 0.049141 0.957261 0.053109 0.964543 0.053109 0.969198 0.054031 0.978486 0.051703 0.980134 0.048922 0.972851 0.047984 0.974833 0.050781 0.985791 0.046594 0.986102 0.044031 0.985457 0.041469 0.982138 0.037750 0.977483 0.037047 0.972517 0.039141 0.960579 0.041234 0.951292 0.043328 0.941336 0.043797 0.925078 0.046359 0.916459 0.050078 0.900200 0.044500 0.898196 0.048687 0.888909 0.051703 0.878619 0.051938 0.869020 0.056125 0.860045
58 1 1 0.784641 0.816682 0.776047 0.816392 0.775422 0.804143 0.767656 0.808330 0.764313 0.802940 0.760531 0.788597 0.763469 0.777550 0.770172 0.765902 0.781281 0.760824 0.792391 0.758731 0.802250 0.769176 0.811891 0.782339 0.809797 0.796370 0.798469 0.803252 0.794281 0.802049 0.790297 0.799955 0.790094 0.811915
58 1 1 0.537531 0.921225 0.501703 0.928508 0.465297 0.923653 0.463031 0.883942 0.479516 0.868530 0.477250 0.844209 0.486906 0.835301 0.488625 0.805301 0.499422 0.800445 0.523875 0.810156 0.520469 0.818263 0.509094 0.827194 0.510234 0.831247 0.521031 0.838530 0.521609 0.840156 0.538656 0.903385
0 1 1 0.404578 0.860022 0.407922 0.898018 0.413328 0.931270 0.417500 0.927706 0.417922 0.906325 0.418750 0.931270 0.422078 0.933653 0.426250 0.909310 0.426250 0.886726 0.428750 0.866548 0.422500 0.855857 0.421672 0.844566 0.416250 0.841002 0.410828 0.854677 0.412922 0.858820 0.410422 0.862984
58 1 1 0.656359 0.804076 0.667141 0.811136 0.671812 0.825679 0.689016 0.820713 0.695422 0.796592 0.685797 0.773318 0.677938 0.776637 0.667141 0.773742 0.655766 0.774566 0.661609 0.781626 0.655766 0.793274
0 1 1 0.401750 0.880624 0.397719 0.869466 0.394391 0.867261 0.394984 0.865056 0.396047 0.863541 0.396766 0.861180 0.396297 0.856793 0.393922 0.855256 0.390828 0.857283 0.389531 0.861002 0.390359 0.863875 0.391078 0.865412 0.390719 0.867105 0.387047 0.867595 0.384438 0.870468 0.383484 0.875546 0.382297 0.882650 0.382422 0.888731 0.382656 0.893630 0.382781 0.897171 0.382422 0.898196 0.383609 0.899198 0.385031 0.899198 0.385141 0.883318 0.385859 0.884165 0.385969 0.897506 0.387156 0.898018 0.386094 0.902071 0.385969 0.906303 0.385969 0.909844 0.386453 0.914410 0.387391 0.916615 0.387391 0.921336 0.386328 0.924388 0.386094 0.927929 0.386797 0.930980 0.389062 0.932673 0.391187 0.931136 0.391781 0.927417 0.392375 0.931314 0.393328 0.931136 0.394984 0.930468 0.395938 0.929955 0.396406 0.927773 0.394625 0.926414 0.395219 0.920000 0.394859 0.906637 0.394422 0.904009 0.394766 0.899354 0.395125 0.898151 0.397609 0.896526 0.398109 0.892784 0.397391 0.881960 0.399234 0.896526 0.399516 0.894410 0.399672 0.899666 0.400594 0.900668 0.401516 0.899265 0.401297 0.896615 0.401438 0.893497 0.401359 0.889955 0.400875 0.885702 0.400516 0.882762 0.401937 0.880846
74 1 0 0.793547 0.209109 0.802031 0.211203 0.811500 0.216726 0.817313 0.232984 0.819016 0.250267 0.818531 0.266860 0.817313 0.274143 0.809547 0.285189 0.802766 0.282094 0.802766 0.281403 0.801062 0.274143 0.797672 0.268597 0.790625 0.271715 0.785297 0.258909 0.782375 0.242316 0.783344 0.219844 0.786266 0.209800 0.789656 0.206704
56 1 0 0.252016 0.872828 0.253578 0.894454 0.254625 0.905657 0.256203 0.911626 0.251484 0.910134 0.248875 0.895212 0.236313 0.891470 0.237359 0.913853 0.232641 0.911626 0.233687 0.889243 0.249391 0.892227
0 1 0 0.971375 0.898797 0.973250 0.904989 0.977281 0.904989 0.980391 0.909421 0.979766 0.926704 0.979141 0.934232 0.974797 0.936437 0.970766 0.940869 0.964859 0.940869 0.975109 0.944855 0.979766 0.943074 0.993437 0.945301 0.984422 0.931559 0.984422 0.922717 0.991266 0.895256 0.987844 0.867795 0.980078 0.858508 0.981328 0.850089 0.979766 0.844321 0.970453 0.844321 0.971062 0.851403 0.970453 0.855390 0.973250 0.861604 0.971375 0.869131 0.967031 0.895256 0.967344 0.898797 0.968891 0.901002
0 1 0 0.234031 0.904365 0.239234 0.892984 0.255625 0.883875 0.254016 0.867929 0.246828 0.865635 0.247625 0.858797 0.243625 0.855390 0.237641 0.858241 0.237641 0.870200 0.242031 0.875323 0.234844 0.877038 0.229641 0.890713 0.223250 0.909510 0.227641 0.915768
0 1 0 0.468156 0.875590 0.466953 0.861938 0.466953 0.856993 0.470188 0.853073 0.471391 0.847283 0.471391 0.842316 0.476172 0.842160 0.477969 0.854610 0.477000 0.869621 0.472453 0.877973 0.468156 0.878307
56 1 0 0.301781 0.909866 0.297453 0.911091 0.298312 0.891938 0.303078 0.885768 0.307422 0.884543 0.312187 0.882695 0.312187 0.882695 0.313922 0.875278 0.316953 0.872183 0.319984 0.871559 0.316078 0.883920 0.317375 0.912940 0.314781 0.911091 0.313484 0.893808 0.313484 0.893808 0.302656 0.891336 0.302219 0.912940
0 1 0 0.859656 0.911136 0.861250 0.917127 0.863859 0.922071 0.865734 0.931759 0.866031 0.938998 0.863859 0.941470 0.865016 0.945590 0.871813 0.942294 0.870516 0.935479 0.869641 0.921648 0.866031 0.912984 0.865734 0.903296 0.867047 0.900200 0.868344 0.892762 0.868344 0.885969 0.867906 0.873987 0.865453 0.866147 0.860531 0.862027 0.860234 0.857082 0.865016 0.852962 0.864141 0.849243 0.860969 0.846971 0.856766 0.847372 0.853875 0.848820 0.852281 0.856036 0.853875 0.862027 0.855750 0.860579 0.854156 0.866570 0.855172 0.879577 0.847641 0.878530 0.848656 0.883074 0.855172 0.884922 0.854734 0.891336 0.856047 0.899176 0.853438 0.904744 0.851266 0.912984 0.855469 0.935479 0.851547 0.938998 0.858359 0.939599 0.859656 0.936303 0.859656 0.917127
58 1 1 0.482781 0.779911 0.485906 0.777394 0.485906 0.775278 0.486984 0.775078 0.492406 0.782027 0.493750 0.787639 0.493750 0.793029 0.493078 0.797684 0.490375 0.807327 0.486984 0.808486 0.483734 0.804432 0.482516 0.797862 0.476422 0.794388 0.472344 0.795746 0.470453 0.794388 0.469781 0.791492 0.469781 0.785702 0.471000 0.780668 0.473437 0.778174 0.474922 0.779131
60 1 0 0.212219 0.877906 0.228781 0.877906 0.229094 0.881024 0.224094 0.882383 0.223469 0.910468 0.221906 0.909131 0.220969 0.884610 0.214094 0.885056 0.213781 0.912695 0.209703 0.910468 0.210641 0.877461
0 1 1 0.007047 0.892405 0.007875 0.906659 0.003719 0.918530 0.007047 0.918530 0.011625 0.919131 0.013719 0.912004 0.014969 0.904276 0.014969 0.900713 0.018719 0.904276 0.022047 0.900713 0.020375 0.881715 0.020375 0.877572 0.021219 0.872806 0.016625 0.853808 0.012875 0.849065 0.011219 0.844900 0.009547 0.835390 0.002875 0.837773 0.002469 0.846080 0.002875 0.849065 0.001219 0.853808 0.000000 0.909042 0.002047 0.907261 0.002875 0.903096 0.004125 0.895969
26 1 1 0.857516 0.885501 0.859859 0.891203 0.867531 0.887639 0.872375 0.882650 0.869875 0.879087 0.867203 0.871715 0.864859 0.874321 0.858688 0.863608 0.857359 0.865278 0.863531 0.874566 0.862031 0.879087 0.860359 0.881225 0.857859 0.886214
0 1 0 0.804984 0.949243 0.800563 0.920445 0.803094 0.871826 0.802469 0.854744 0.798047 0.849332 0.791094 0.854744 0.791719 0.866437 0.787313 0.885345 0.787938 0.891648 0.789203 0.909644 0.794250 0.918641 0.797406 0.942049 0.799937 0.947439 0.791094 0.947439 0.796781 0.952851 0.804359 0.952851
0 1 0 0.715141 0.880312 0.714234 0.873318 0.713516 0.867394 0.713156 0.862472 0.713875 0.857572 0.714969 0.854209 0.716781 0.850579 0.717687 0.848775 0.716781 0.841024 0.716594 0.838174 0.718234 0.834811 0.721859 0.834298 0.723672 0.834298 0.725484 0.836615 0.726031 0.839733 0.725297 0.845412 0.728922 0.850067 0.730375 0.853942 0.730563 0.861448 0.729828 0.868686 0.728562 0.872294 0.728391 0.879800 0.728391 0.882116 0.716594 0.884454
58 1 1 0.543422 0.768396 0.548562 0.766860 0.553047 0.765323 0.553172 0.765323 0.558328 0.768396 0.560625 0.771292 0.562391 0.776704 0.563469 0.797951 0.558734 0.800846 0.555203 0.801804 0.549781 0.800267 0.545594 0.797951 0.543828 0.792361 0.538813 0.790802 0.538141 0.784811 0.537734 0.780757 0.538406 0.776125 0.540172 0.771292 0.542063 0.769176
26 1 0 0.791172 0.909644 0.788688 0.912873 0.786000 0.919087 0.784547 0.927661 0.783094 0.932383 0.783719 0.942116 0.788062 0.941225 0.793859 0.938285 0.795734 0.935924 0.796766 0.930601 0.796141 0.922918 0.794281 0.915256 0.792625 0.911114
58 1 1 0.516031 0.806303 0.513016 0.797483 0.511172 0.794633 0.510172 0.790579 0.507156 0.791292 0.504328 0.791047 0.503812 0.782472 0.504828 0.776503 0.506156 0.772450 0.509344 0.769844 0.512344 0.769844 0.517703 0.773898 0.523391 0.774855 0.524219 0.786058 0.524219 0.793430 0.522219 0.799644 0.521219 0.804632 0.520375 0.806080
26 1 1 0.968406 0.901047 0.967375 0.904588 0.962187 0.904276 0.961781 0.927617 0.962813 0.934699 0.968812 0.935590 0.980219 0.933808 0.980844 0.927617 0.979391 0.905167 0.974828 0.903096 0.970266 0.903697
60 1 0 0.280297 0.878730 0.291781 0.878463 0.295062 0.878463 0.295344 0.879265 0.287266 0.880200 0.287078 0.886503 0.283688 0.884499 0.283312 0.881537 0.280016 0.881403 0.278609 0.880601 0.278609 0.879532 0.278984 0.879265
0 1 0 0.562344 0.862116 0.562344 0.870690 0.560094 0.884053 0.556719 0.900089 0.553344 0.920958 0.545453 0.918285 0.548078 0.907060 0.551094 0.893140 0.548453 0.881381 0.542078 0.865880 0.548078 0.851425 0.551469 0.847684 0.552219 0.840200 0.555219 0.839131 0.557469 0.841269 0.560094 0.853029
