0 1 1 0.239656 0.751502 0.239656 0.736660 0.241062 0.730138 0.251391 0.724190 0.245766 0.716482 0.238250 0.704012 0.236375 0.692727 0.238250 0.680850 0.243875 0.673715 0.252328 0.671344 0.259844 0.676087 0.263125 0.698063 0.269703 0.712312 0.269703 0.714091 0.257500 0.724783 0.249984 0.749723
0 1 0 0.224578 0.762747 0.230922 0.760277 0.248500 0.747293 0.262672 0.718893 0.272922 0.712708 0.272922 0.712708 0.266578 0.705929 0.260719 0.684921 0.259734 0.662688 0.266578 0.651581 0.280734 0.647253 0.296359 0.655277 0.300750 0.665771 0.300266 0.684921 0.296844 0.696047 0.303187 0.704071 0.311984 0.720751 0.315406 0.736186 0.314422 0.761502 0.317359 0.784348 0.318328 0.807194 0.313937 0.826957 0.306609 0.835000 0.252906 0.840553 0.240687 0.840553 0.230437 0.829427 0.226531 0.822016 0.228000 0.842411 0.223609 0.867115 0.216766 0.890573 0.216766 0.907253 0.185031 0.907866 0.176734 0.898597 0.188938 0.893043 0.201141 0.878834 0.202609 0.857233 0.200656 0.835613 0.196266 0.800415 0.191375 0.783735 0.196266 0.772628 0.205047 0.767055
0 0 1 0.108594 0.689190 0.109141 0.705316 0.108594 0.713024 0.095281 0.717925 0.084750 0.727747 0.083641 0.747391 0.083641 0.754407 0.083078 0.776838 0.082531 0.798577 0.082531 0.799289 0.091953 0.813320 0.091406 0.823182 0.090297 0.843538 0.100828 0.876601 0.101937 0.918696 0.105266 0.920099 0.117469 0.915178 0.135766 0.912372 0.136875 0.912372 0.139094 0.911680 0.141859 0.892747 0.142969 0.879407 0.144625 0.859071 0.149062 0.830316 0.155172 0.811383 0.157391 0.802273 0.156281 0.783340 0.156828 0.757391 0.157391 0.741265 0.154609 0.721621 0.140750 0.681640 0.127438 0.666917 0.115250 0.669032 0.114688 0.669723
1 1 0 0.243563 0.892806 0.232391 0.935178 0.220688 0.962095 0.216438 0.962767 0.215375 0.939901 0.226547 0.888775 0.234516 0.872628 0.257922 0.867925 0.321734 0.865909 0.333422 0.866581 0.355234 0.859190 0.364266 0.879368 0.358953 0.927787 0.350453 0.939901 0.333953 0.955356 0.315344 0.951324 0.297266 0.925099 0.291422 0.896838 0.292484 0.871957 0.278125 0.880711 0.268016 0.880040 0.261109 0.880711 0.252594 0.880040 0.243563 0.880040
0 1 0 0.407188 0.177589 0.444797 0.179486 0.422234 0.213735 0.420734 0.230870 0.431266 0.253696 0.440297 0.261304 0.389141 0.272727 0.396656 0.280336 0.428250 0.278439 0.432766 0.322194 0.435781 0.364071 0.408703 0.371680 0.395156 0.364071 0.378609 0.230870 0.380109 0.208024 0.401172 0.185198 0.401172 0.179486 0.402687 0.164269 0.423750 0.160455 0.432766 0.168083
0 1 1 0.342984 0.511344 0.351938 0.509447 0.358391 0.514486 0.363359 0.528933 0.361859 0.542747 0.356406 0.547787 0.357391 0.550929 0.384719 0.562866 0.388687 0.608735 0.352422 0.611877 0.344484 0.612490 0.340500 0.606838 0.341000 0.527036 0.330078 0.516996 0.326094 0.525158 0.328578 0.537095 0.330563 0.555949 0.318156 0.560968 0.314672 0.571028 0.310203 0.590514 0.316156 0.625059 0.326094 0.629466 0.327094 0.635751 0.331062 0.563478
0 1 0 0.704687 0.334289 0.711625 0.327451 0.716250 0.321601 0.717797 0.310870 0.716250 0.296225 0.713938 0.286462 0.713938 0.261087 0.713938 0.242549 0.713172 0.228893 0.713172 0.218142 0.716250 0.208399 0.721656 0.194723 0.721656 0.171304 0.730094 0.153893 0.733406 0.146186 0.735625 0.145494 0.744469 0.145494 0.750000 0.147589 0.754438 0.158794 0.755531 0.174170 0.753328 0.187470 0.752219 0.195870 0.753875 0.204269 0.766609 0.207767 0.784312 0.202174 0.790391 0.209862 0.789219 0.213676 0.785609 0.222806 0.771781 0.227352 0.760969 0.236482 0.776000 0.255494 0.785016 0.259289 0.791625 0.269941 0.794031 0.277549 0.781406 0.282115 0.774797 0.272984 0.769984 0.272984 0.763969 0.282866 0.771781 0.298083 0.772391 0.315573 0.769391 0.330020 0.764578 0.336107 0.751953 0.345217 0.727906 0.348261
0 1 1 0.805828 0.231344 0.808156 0.232806 0.802938 0.244526 0.798297 0.253320 0.797719 0.265771 0.797141 0.278241 0.812781 0.280435 0.814516 0.281166 0.812203 0.285553 0.806406 0.287036 0.797141 0.283360 0.799453 0.317806 0.798297 0.329526 0.795984 0.331719 0.795984 0.350040 0.824375 0.352984 0.824953 0.341245 0.830156 0.328794 0.831906 0.296561 0.832484 0.292154 0.830750 0.288498 0.842906 0.287036 0.852172 0.282628 0.860281 0.271640 0.868391 0.227668 0.866656 0.222549 0.853922 0.209368 0.856812 0.202036 0.858547 0.188834 0.856234 0.178577 0.849281 0.174921 0.844641 0.174921 0.839437 0.180040 0.834219 0.188103 0.834219 0.199091 0.828422 0.201304 0.818578 0.204229 0.810469 0.210099 0.804094 0.219625 0.804094 0.226206
0 1 0 0.585672 0.298775 0.581250 0.295968 0.575719 0.220395 0.582359 0.214802 0.581813 0.205000 0.584016 0.191008 0.589547 0.184012 0.606156 0.186818 0.612781 0.195909 0.610578 0.209901 0.608359 0.218300 0.603938 0.220395 0.600062 0.226700 0.604484 0.228794 0.612234 0.217589 0.617219 0.203597 0.624953 0.195198 0.630484 0.207806 0.628281 0.214802 0.625516 0.218300 0.623297 0.223893 0.614453 0.242787 0.612781 0.246976 0.621641 0.252589 0.622187 0.261680 0.614453 0.263775 0.601172 0.270771 0.591766 0.289664
1 1 0 0.631141 0.923004 0.659984 0.942312 0.702406 0.916561 0.714281 0.916561 0.715969 0.907984 0.715969 0.890810 0.756688 0.807115 0.763484 0.824289 0.748203 0.845751 0.746516 0.867194 0.751609 0.884368 0.758391 0.903676 0.765172 0.923004 0.778750 0.935870 0.787234 0.935870 0.804203 0.935870 0.814375 0.931581 0.819469 0.923004 0.829641 0.905830 0.831344 0.895099 0.833047 0.882233 0.833047 0.865059 0.826250 0.837154 0.810984 0.820000 0.797406 0.815692 0.783844 0.807115 0.778750 0.804980 0.777047 0.804980 0.768562 0.781364 0.778750 0.762055 0.778750 0.747036 0.768562 0.734150 0.761781 0.742747 0.753297 0.759901 0.746516 0.768498 0.738031 0.762055 0.727844 0.762055 0.722766 0.772787 0.734641 0.796383 0.695609 0.800672 0.687125 0.772787 0.704094 0.759901 0.693922 0.749170 0.668469 0.755613 0.682047 0.787806 0.682047 0.804980 0.682047 0.813557 0.682047 0.817846 0.651500 0.807115 0.631141 0.923004
