0 1 1 0.949459 0.479680 0.934745 0.475760 0.925916 0.470860 0.925916 0.464980 0.924444 0.461060 0.920030 0.451260 0.922973 0.441460 0.928859 0.434600 0.930330 0.430680 0.930330 0.423800 0.933273 0.417920 0.934745 0.414000 0.937688 0.414000 0.946517 0.410080 0.952402 0.409100 0.959760 0.407140 0.965646 0.406160 0.970060 0.406160 0.974474 0.407140 0.978889 0.411060 0.980360 0.419880 0.987748 0.430680 0.993634 0.447340 0.999520 0.469880 1.000000 0.472820 1.000000 0.482620 1.000000 0.489500 0.999520 0.492440 0.989219 0.490480 0.984775 0.488520 0.984775 0.487540 0.980360 0.483600 0.973003 0.481640 0.955345 0.479680
8 1 2 0.428529 0.579920 0.384985 0.599800 0.341471 0.603940 0.317838 0.598980 0.289249 0.600640 0.295465 0.590700 0.322823 0.572480 0.326547 0.554260 0.338979 0.537680 0.330270 0.526100 0.333994 0.508700 0.336486 0.495440 0.357628 0.492140 0.377538 0.494620 0.403634 0.510360 0.423544 0.497100 0.508108 0.453200 0.537958 0.435820 0.561592 0.418420 0.577748 0.408480 0.612583 0.417600 0.608829 0.427540 0.596396 0.444920 0.583964 0.479720 0.546667 0.522780 0.519309 0.531060 0.500661 0.541840 0.481982 0.563360 0.470811 0.572480 0.490691 0.577440 0.496907 0.584900 0.490691 0.586560 0.459610 0.579100 0.450901 0.578280 0.440961 0.584900
0 1 1 0.573393 0.686760 0.556126 0.694000 0.552282 0.711880 0.549730 0.734440 0.550360 0.750200 0.548438 0.761680 0.572102 0.760840 0.577868 0.754020 0.600240 0.766800 0.621952 0.764240 0.643694 0.759560 0.651381 0.752740 0.635405 0.747220 0.628348 0.746780 0.641141 0.737840 0.647538 0.730600 0.646907 0.722940
8 1 2 0.861742 0.429060 0.826607 0.420960 0.815796 0.426360 0.825255 0.455160 0.804985 0.468660 0.729309 0.453360 0.536036 0.514560 0.500901 0.537980 0.540090 0.546980 0.595496 0.516360 0.644174 0.506460 0.722553 0.506460 0.792823 0.483960 0.817147 0.465060
8 1 2 0.059399 0.831980 0.100931 0.804820 0.087327 0.787720 0.220961 0.718340 0.436907 0.624820 0.476907 0.607720 0.464084 0.627320 0.461802 0.637880 0.459550 0.644920 0.433874 0.648440 0.416517 0.645420 0.411982 0.653480 0.418769 0.662520 0.431622 0.671080 0.435375 0.676600 0.449730 0.672580 0.460300 0.676600 0.494264 0.697220 0.505616 0.698720 0.512402 0.699740 0.538078 0.682140 0.539580 0.673580 0.555435 0.679620 0.557688 0.691680 0.544865 0.698720 0.540330 0.707280 0.538078 0.712300 0.530511 0.719840 0.525225 0.722860 0.515405 0.733420 0.466486 0.785460 0.321381 0.856780 0.241081 0.883980 0.162192 0.889620
7 1 0 0.155526 0.285780 0.164174 0.277860 0.165255 0.269920 0.166336 0.263800 0.166336 0.256220 0.158769 0.246840 0.152282 0.243240 0.118709 0.239280 0.110060 0.240000 0.099760 0.237480 0.094354 0.234600 0.086246 0.228460 0.055916 0.220160 0.040210 0.218360 0.035345 0.216560 0.027237 0.209720 0.000000 0.207560 0.000000 0.289380 0.004505 0.287940 0.013694 0.282180 0.020210 0.281820 0.051592 0.282900 0.055916 0.283260 0.064595 0.291560 0.078649 0.294080 0.092192 0.292280 0.096517 0.282540 0.106276 0.280380 0.115465 0.280380 0.123033 0.283980 0.134955 0.281820 0.142523 0.285420 0.146877 0.285780
8 1 2 0.781982 0.419600 0.744144 0.416900 0.745495 0.390800 0.814414 0.331400 0.868469 0.335900 0.873874 0.338600 0.853604 0.374600 0.834685 0.396200 0.861712 0.400700 0.827928 0.400700 0.817117 0.404300 0.803604 0.402500 0.787387 0.398000 0.780631 0.399800 0.788739 0.407900
8 1 2 0.742522 0.509220 0.801502 0.487340 0.876907 0.466720 0.908829 0.455780 0.928168 0.452560 0.928168 0.469940 0.937838 0.477680 0.961982 0.476380 0.979399 0.470600 0.980360 0.486700 0.928168 0.518240 0.885616 0.531760 0.874024 0.531760 0.808288 0.509220 0.727057 0.509880
8 1 0 0.000000 0.544480 0.000000 0.543900 0.004294 0.476200 0.000721 0.458380 0.018559 0.448880 0.060480 0.432260 0.079189 0.420960 0.099700 0.418000 0.125556 0.407320 0.137147 0.397220 0.150541 0.387120 0.151411 0.377620 0.155886 0.388300 0.169249 0.390680 0.185315 0.390680 0.204024 0.386520 0.215616 0.386520 0.221862 0.386520 0.225435 0.380580 0.222763 0.375240 0.212943 0.375240 0.204925 0.371080 0.200450 0.364560 0.198679 0.359220 0.202252 0.358020 0.204925 0.350900 0.200450 0.347920 0.215616 0.347340 0.229880 0.346740 0.239700 0.353280 0.240571 0.361000 0.240571 0.362780 0.230781 0.377020 0.229880 0.385940 0.230781 0.391880 0.198679 0.424540 0.139820 0.458380 0.072943 0.504100
45 1 2 0.297628 0.710100 0.287928 0.716740 0.289039 0.724860 0.294565 0.726700 0.303994 0.727440 0.315075 0.728000 0.320060 0.730400 0.329459 0.731500 0.335285 0.731140 0.343333 0.730580 0.346096 0.725040 0.353303 0.719500 0.361892 0.717480 0.366607 0.717660 0.369640 0.717660 0.372132 0.712500 0.370751 0.708800 0.365496 0.705680 0.354685 0.702540 0.335856 0.700880 0.322553 0.702340 0.318108 0.703640 0.308138 0.704200 0.301231 0.706960 0.298709 0.709360
45 1 2 0.353634 0.694680 0.363363 0.702780 0.368468 0.705880 0.374655 0.707360 0.373333 0.709120 0.377327 0.709720 0.388589 0.708820 0.393033 0.707200 0.389700 0.705740 0.401862 0.698360 0.404535 0.692760 0.401652 0.688500 0.394114 0.684820 0.380180 0.681580 0.359610 0.683040 0.355195 0.688800
7 1 0 0.236066 0.212580 0.284234 0.209600 0.312763 0.222660 0.360030 0.228600 0.370721 0.247020 0.330601 0.255920 0.314535 0.254740 0.298499 0.259480 0.294925 0.249400 0.237868 0.249400 0.240541 0.252360 0.235195 0.247020
5 1 0 0.487868 0.162820 0.576817 0.163820 0.575826 0.178720 0.592733 0.183680 0.594715 0.217760 0.562402 0.218760 0.548498 0.218760 0.543033 0.222080 0.529099 0.221740 0.520661 0.220420 0.512703 0.219760 0.498288 0.219100 0.484865 0.163160
0 1 1 0.392342 0.540920 0.404054 0.560780 0.428529 0.559360 0.441321 0.561480 0.385946 0.583460 0.338048 0.577080 0.328468 0.559360 0.325255 0.550840 0.324204 0.539500 0.335916 0.540220 0.334835 0.527440 0.328468 0.514680 0.330571 0.502640 0.349760 0.493420 0.368919 0.492000 0.385946 0.494840 0.396607 0.501920 0.402973 0.513260 0.406186 0.528860 0.389129 0.540920
0 1 1 0.801441 0.877180 0.803363 0.855940 0.790781 0.829540 0.790781 0.807640 0.801441 0.787680 0.815916 0.770940 0.831411 0.751620 0.841081 0.740040 0.857507 0.736160 0.865225 0.734880 0.892312 0.727160 0.917447 0.731020 0.933874 0.745820 0.949339 0.753560 0.968679 0.778660 0.969640 0.794120 0.974474 0.804420 0.951291 0.815360 0.934835 0.843700 0.930000 0.853360 0.936787 0.864300 0.940661 0.872040 0.931952 0.879120 0.920330 0.877180 0.906817 0.873320 0.906817 0.870100 0.895195 0.870100 0.901021 0.859800 0.909700 0.855280 0.898108 0.850140 0.874895 0.848860 0.851712 0.846280 0.844925 0.843060 0.836246 0.835320 0.823664 0.834680 0.814955 0.835980 0.818829 0.846280 0.821742 0.857220 0.829459 0.865600 0.832372 0.876540 0.828499 0.882980 0.822703 0.890060 0.814955 0.891340
45 1 2 0.140240 0.800680 0.137568 0.791500 0.138108 0.783380 0.148709 0.774920 0.157177 0.769620 0.177327 0.764340 0.191622 0.763980 0.202222 0.762920 0.201682 0.766800 0.189489 0.767160 0.183153 0.768560 0.172553 0.781980 0.155075 0.789740 0.153483 0.798560 0.151892 0.801740
8 1 2 0.745015 0.385600 0.733423 0.397920 0.687147 0.395620 0.692943 0.382520 0.691772 0.379440 0.698739 0.367880 0.724174 0.353240 0.731111 0.347080 0.731111 0.347080 0.731111 0.344760 0.741531 0.358640 0.755405 0.369420 0.782042 0.357860 0.780871 0.340900 0.794745 0.340900 0.798228 0.342440 0.751952 0.390220 0.747327 0.387920
47 1 1 0.430601 0.504300 0.462132 0.510400 0.502793 0.511080 0.522132 0.517840 0.509910 0.528680 0.491622 0.534100 0.458048 0.526660 0.412282 0.521920 0.407207 0.512420 0.430601 0.506340
47 1 2 0.417057 0.697920 0.428919 0.704900 0.434384 0.698520 0.445345 0.697600 0.451742 0.701260 0.454024 0.704000 0.445345 0.712200 0.438048 0.715240 0.440781 0.714620 0.430751 0.724360 0.420240 0.725260 0.410661 0.720700 0.410661 0.714620 0.412492 0.710680 0.404264 0.707940 0.404745 0.703680 0.407928 0.699440 0.412943 0.697000 0.417958 0.697600
0 1 1 0.556997 0.312580 0.575405 0.306120 0.577327 0.299660 0.582192 0.297080 0.587988 0.297740 0.589940 0.300960 0.589940 0.308060 0.594775 0.313220 0.594775 0.318380 0.589940 0.320960 0.584114 0.321600 0.571532 0.321600 0.566667 0.319680
0 1 1 0.141832 0.363660 0.159309 0.367380 0.174685 0.361100 0.182372 0.349000 0.193904 0.349220 0.194595 0.352960 0.194955 0.357380 0.198108 0.363660 0.207538 0.373680 0.208589 0.379500 0.207177 0.385320 0.207898 0.388100 0.197057 0.391820 0.187958 0.393000 0.173634 0.392300 0.169790 0.389960 0.183423 0.387400 0.186907 0.381580 0.171171 0.379720 0.169099 0.372280 0.155796 0.374840 0.143574 0.371120
45 1 2 0.907988 0.682880 0.957207 0.687260 0.976547 0.736160 0.964685 0.740540 0.932162 0.745520 0.911502 0.733220 0.903604 0.730580 0.877237 0.726780 0.876787 0.691660 0.886456 0.682880
0 1 1 0.112312 0.329220 0.114024 0.340740 0.116126 0.349460 0.122853 0.368840 0.132132 0.382040 0.118649 0.382040 0.110631 0.366880 0.109790 0.378660 0.112312 0.382040 0.103874 0.383720 0.095465 0.381760 0.100511 0.374180 0.091652 0.350580 0.089550 0.337660 0.087868 0.333720 0.084595 0.333520 0.076456 0.330640 0.075526 0.316960 0.091772 0.306140 0.095105 0.306140 0.098438 0.300420 0.101321 0.299780 0.106426 0.313780 0.109790 0.318280 0.111471 0.321080 0.111471 0.320240 0.114444 0.326140 0.114024 0.326700 0.126246 0.328660 0.130030 0.323900 0.122012 0.315460 0.114024 0.307600 0.108949 0.302260 0.104745 0.300860 0.103453 0.301420 0.108108 0.312940 0.109790 0.315740
8 1 2 0.816517 0.326940 0.808859 0.316760 0.808198 0.299340 0.825435 0.284900 0.849670 0.284460 0.856697 0.286160 0.871351 0.301880 0.866246 0.316320 0.859249 0.323980 0.854775 0.326520 0.854775 0.328640
44 1 1 0.823784 0.885080 0.828438 0.907560 0.832643 0.922160 0.831381 0.927220 0.838559 0.930040 0.822523 0.931160 0.825466 0.927220 0.825466 0.923280 0.824204 0.913460 0.819580 0.893800 0.820841 0.889020 0.823784 0.885920
45 1 2 0.729760 0.827360 0.724715 0.830160 0.720510 0.838000 0.720510 0.846660 0.722613 0.854220 0.731441 0.859240 0.739820 0.861760 0.752853 0.862880 0.762492 0.862880 0.767958 0.860640 0.771321 0.853380 0.774685 0.845820 0.775105 0.839120 0.770060 0.834080 0.762913 0.829600 0.752432 0.825960 0.740661 0.824300 0.733544 0.825120
8 1 0 0.536967 0.290820 0.581081 0.289960 0.610480 0.276760 0.619429 0.262720 0.580420 0.262280 0.529279 0.280180 0.535676 0.292100
45 1 2 0.384805 0.715640 0.393423 0.708820 0.402583 0.704880 0.414444 0.700200 0.428979 0.697340 0.445165 0.697700 0.459700 0.703440 0.464565 0.715640 0.461321 0.726760 0.449459 0.739680 0.445706 0.742200 0.435465 0.737900 0.430601 0.731440 0.416607 0.727120 0.404204 0.723180
8 1 2 0.865856 0.433140 0.858288 0.378320 0.876426 0.333080 0.932282 0.334080 0.954925 0.358720 0.952673 0.409500 0.938318 0.411520 0.936066 0.427100 0.933033 0.433140 0.900571 0.435140
45 1 2 0.397958 0.765540 0.386186 0.765140 0.370901 0.759660 0.362673 0.749460 0.363844 0.740460 0.370901 0.734180 0.388559 0.728700 0.409730 0.727920 0.426787 0.730660 0.437958 0.743600 0.436787 0.753000 0.413243 0.762780 0.396186 0.767480
0 1 1 0.742703 0.461760 0.741441 0.457520 0.742703 0.452860 0.742703 0.446080 0.744625 0.445660 0.748438 0.441420 0.751622 0.440140 0.757988 0.432520 0.762432 0.427420 0.770090 0.425300 0.777087 0.425300 0.778979 0.424460 0.778979 0.420640 0.782793 0.418100 0.787267 0.414720 0.789790 0.408360 0.789159 0.406240 0.783454 0.402840 0.782793 0.401140 0.788529 0.401580 0.795526 0.406240 0.801261 0.403700 0.805706 0.400720 0.819069 0.407080 0.821622 0.414280 0.817808 0.415980 0.814625 0.418520 0.810811 0.421920 0.815255 0.434200 0.819730 0.446080 0.820991 0.454140 0.822252 0.458360 0.820360 0.459220 0.818438 0.464720 0.815255 0.470240 0.808258 0.475740 0.795526 0.475320 0.792973 0.475320 0.778979 0.470660 0.773243 0.471080 0.764354 0.469380 0.759880 0.464300 0.751622 0.464720 0.741441 0.465580 0.732522 0.467260 0.736336 0.462600 0.740150 0.458360
8 1 0 0.604324 0.315300 0.598709 0.334020 0.576246 0.348460 0.552943 0.352740 0.524835 0.354860 0.512793 0.353260 0.524024 0.336680 0.543303 0.322780 0.549730 0.316360 0.560961 0.314220 0.581862 0.316360 0.597117 0.317440
45 1 2 0.455255 0.700320 0.464835 0.697720 0.466787 0.696020 0.467177 0.692780 0.465616 0.687180 0.464835 0.682620 0.463664 0.678980 0.461111 0.676520 0.456036 0.675080 0.448619 0.674040 0.443363 0.674040 0.438859 0.675600 0.434955 0.677680 0.432222 0.680540 0.430090 0.684840 0.427357 0.690040 0.426577 0.694720 0.426967 0.695900 0.446877 0.697980 0.454084 0.698880 0.455255 0.699140
45 1 2 0.787387 0.713080 0.794324 0.728460 0.807417 0.734620 0.815105 0.735140 0.838979 0.729500 0.862102 0.730000 0.864414 0.732580 0.873664 0.717180 0.872883 0.707440 0.868258 0.703320 0.856697 0.700760 0.818198 0.706920 0.795856 0.710520
8 1 2 0.936006 0.331020 0.905946 0.333580 0.872703 0.327620 0.875255 0.308880 0.880390 0.287180 0.918739 0.285480 0.933423 0.293980 0.938559 0.307620
0 1 1 0.749159 0.362460 0.761351 0.364580 0.770360 0.364580 0.776697 0.356460 0.774054 0.351880 0.780931 0.347640 0.771952 0.344460 0.766126 0.343060 0.765045 0.337760 0.768228 0.332480 0.757117 0.328940 0.746517 0.328240 0.739610 0.333540 0.739610 0.337420 0.740691 0.340240 0.744925 0.343420 0.744384 0.348360 0.744384 0.355400 0.748108 0.355760 0.750210 0.359640
0 1 1 0.868198 0.243240 0.868198 0.237560 0.864985 0.234540 0.865526 0.231160 0.863664 0.228840 0.855135 0.229200 0.853784 0.232220 0.853784 0.235240 0.853784 0.236300 0.851111 0.238440 0.848709 0.242700 0.849249 0.244300 0.854324 0.244840 0.858589 0.245540 0.858589 0.249100 0.869009 0.249640
44 1 1 0.658709 0.763920 0.665375 0.764900 0.666096 0.768360 0.655015 0.772280 0.649850 0.768840 0.653544 0.765400 0.649850 0.757520 0.652072 0.755060 0.644685 0.746200 0.636547 0.740800 0.631381 0.743740 0.631381 0.743740 0.637297 0.746700
25 1 1 0.526967 0.283580 0.518559 0.305960 0.514535 0.316440 0.525135 0.317400 0.543784 0.317900 0.556186 0.314720 0.530991 0.283820
0 1 0 0.406246 0.205400 0.412703 0.206020 0.417297 0.207560 0.417297 0.209080 0.417778 0.212160 0.419129 0.214600 0.421441 0.218600 0.421892 0.220740 0.423273 0.223800 0.421441 0.225960 0.420991 0.225960 0.419610 0.225960 0.419129 0.229020 0.419129 0.229640 0.419610 0.232700 0.420060 0.236680 0.420060 0.240680 0.421441 0.243740 0.422372 0.245280 0.420060 0.246500 0.417297 0.246500 0.415015 0.246500 0.413153 0.247420 0.408108 0.246200 0.406246 0.245280 0.405345 0.241280 0.403964 0.238840 0.405345 0.235760 0.404865 0.232700 0.403483 0.229020 0.402583 0.225960 0.400721 0.222280 0.400721 0.219820 0.401201 0.217360 0.403964 0.214000 0.404865 0.213680 0.407177 0.213680 0.407177 0.210000 0.405796 0.208480 0.405796 0.206640 0.405796 0.206320
45 1 2 0.788018 0.757580 0.780631 0.740880 0.800871 0.735100 0.818889 0.741520 0.820511 0.752020 0.816006 0.755860
25 1 2 0.633153 0.507300 0.789850 0.504000 0.956487 0.552860 1.000000 0.611660 1.000000 0.662180 0.893063 0.692000 0.750060 0.724300 0.651802 0.731760 0.602072 0.696980 0.520000 0.664680 0.502583 0.658880 0.497598 0.641480 0.507568 0.614160 0.505075 0.578540 0.501351 0.571080 0.501351 0.557000
7 1 0 0.001622 0.199620 0.129610 0.198540 0.166877 0.204660 0.203604 0.225520 0.219279 0.239920 0.219820 0.260060 0.196036 0.261860 0.189580 0.268700 0.174985 0.273000 0.167958 0.270840 0.163634 0.250700 0.156607 0.243160 0.121501 0.239920 0.123123 0.229480 0.113423 0.221200 0.110180 0.216180 0.100991 0.214020 0.099369 0.220140 0.102072 0.223000 0.102072 0.225520 0.097748 0.230920 0.097748 0.234160 0.069129 0.219780 0.035646 0.217980 0.033483 0.209340 0.001081 0.210780
