0 1 1 0.610828 0.327568 0.604688 0.337110 0.612875 0.361601 0.616969 0.369771 0.622078 0.379293 0.626172 0.398358 0.626172 0.409252 0.629250 0.432391 0.628219 0.465052 0.626172 0.485468 0.636406 0.505884 0.639469 0.529023 0.627203 0.535842 0.621063 0.544012 0.634359 0.554906 0.651750 0.546736 0.664031 0.546736 0.664031 0.509979 0.659938 0.495010 0.659938 0.467775 0.659938 0.447360 0.659938 0.444636 0.663000 0.460977 0.665047 0.488191 0.666078 0.505884 0.665047 0.531746 0.676297 0.552183 0.679375 0.553534 0.691641 0.553534 0.693687 0.538565 0.693687 0.508607 0.693687 0.492287 0.692672 0.474595 0.691641 0.465052 0.688578 0.451435 0.697781 0.485468 0.701875 0.489563 0.705969 0.485468 0.707000 0.477297 0.707000 0.460977 0.703922 0.433742 0.694719 0.401081 0.684484 0.383389 0.669141 0.356154 0.664031 0.345281 0.648687 0.334387 0.640500 0.328940 0.636406 0.320769 0.627203 0.305800 0.621063 0.297630 0.602641 0.279938 0.595484 0.274491 0.571953 0.273118 0.571953 0.259522 0.556609 0.256798 0.552516 0.277214 0.567859 0.288108 0.577062 0.297630 0.578094 0.298981 0.600594 0.312599 0.607766 0.328940
0 1 1 0.523828 0.486320 0.539312 0.485551 0.535875 0.427942 0.534156 0.411164 0.536156 0.409252 0.541609 0.412308 0.542750 0.404678 0.535875 0.398586 0.529281 0.397443 0.531578 0.385988 0.529281 0.381788 0.520391 0.383326 0.520391 0.391705 0.521828 0.396279 0.508922 0.409647 0.516094 0.423763 0.520969 0.435198 0.522969 0.456549 0.521828 0.482869
0 1 1 0.197078 0.442536 0.198188 0.414491 0.193750 0.420873 0.194125 0.413992 0.195234 0.404158 0.193750 0.393326 0.199672 0.389397 0.196719 0.381019 0.199297 0.376590 0.208172 0.378067 0.205953 0.389397 0.212984 0.396778 0.217422 0.416944 0.215937 0.427775 0.212250 0.417443 0.212609 0.451393 0.207813 0.450894 0.201156 0.453368 0.198188 0.453368
0 1 1 0.352391 0.541871 0.357031 0.526570 0.356063 0.516819 0.359000 0.511601 0.358266 0.491746 0.360953 0.490125 0.361922 0.510624 0.360953 0.516154 0.364125 0.515842 0.365594 0.498898 0.365109 0.491102 0.364125 0.479709 0.361188 0.475800 0.358750 0.474823 0.359234 0.471559 0.359234 0.464408 0.356797 0.460499 0.352141 0.460811 0.348469 0.466029 0.348969 0.471559 0.350187 0.473846 0.344812 0.474532 0.340141 0.483119 0.336094 0.490000 0.337719 0.515343 0.340453 0.518565 0.340297 0.511039 0.339969 0.497297 0.341906 0.495572 0.343359 0.499023 0.342875 0.515343 0.345953 0.523077 0.345781 0.532308 0.345141 0.541975
0 1 1 0.544844 0.481372 0.548281 0.468815 0.549141 0.457380 0.543984 0.448836 0.540125 0.439688 0.539266 0.423701 0.539703 0.411143 0.543125 0.404304 0.543563 0.398586 0.543563 0.388316 0.546562 0.386029 0.551281 0.386029 0.553000 0.392869 0.553422 0.396299 0.558578 0.404304 0.564156 0.414574 0.566734 0.428836 0.566734 0.437983 0.565437 0.444262 0.562859 0.437983 0.561156 0.435114 0.557281 0.449397 0.556000 0.461954 0.558578 0.472807 0.560719 0.483077 0.558578 0.492225 0.555141 0.492786 0.549141 0.491642 0.544422 0.490499 0.542703 0.487651 0.544844 0.483659
36 1 0 0.591750 0.548087 0.617203 0.551913 0.673063 0.579231 0.692781 0.589064 0.703453 0.598898 0.708797 0.599439 0.702625 0.589605 0.692359 0.579771 0.692781 0.568836 0.688250 0.561185 0.674297 0.562827 0.670188 0.567755 0.631578 0.555177 0.629125 0.540437 0.625016 0.528960 0.619266 0.536050 0.616391 0.543701 0.596672 0.539875
0 1 1 0.746094 0.441414 0.742859 0.429647 0.741969 0.419854 0.743141 0.408503 0.748156 0.401060 0.747563 0.390873 0.752563 0.384595 0.758750 0.390083 0.759937 0.400665 0.762875 0.407713 0.762875 0.419064 0.764047 0.433181 0.762281 0.438669 0.760813 0.454324 0.757875 0.462162 0.758156 0.478628 0.755516 0.484491 0.747859 0.484886 0.748156 0.477443 0.752859 0.468046 0.753156 0.457069 0.750219 0.449626
0 1 0 0.083922 0.458254 0.076047 0.461642 0.061891 0.481705 0.057484 0.481705 0.057719 0.472744 0.061187 0.461331 0.062359 0.447131 0.060500 0.440353 0.060500 0.435717 0.065828 0.432620 0.070937 0.436944 0.073031 0.442495 0.080672 0.449917 0.082297 0.454532
0 1 1 0.143672 0.478565 0.144156 0.448170 0.142703 0.438482 0.145609 0.435239 0.150469 0.423597 0.144641 0.408067 0.141234 0.402245 0.143187 0.392557 0.140750 0.388025 0.136859 0.387380 0.131516 0.388669 0.129578 0.389958 0.129078 0.393202 0.132484 0.401601 0.124703 0.402245 0.122766 0.417131 0.123734 0.427484 0.120828 0.431351 0.118875 0.434595 0.118391 0.438482 0.122766 0.439771 0.126172 0.437817 0.120328 0.448815 0.120828 0.455946 0.123734 0.458524 0.131516 0.468877 0.130547 0.456590 0.132969 0.452703 0.132484 0.468233 0.144156 0.479231
0 1 0 0.831984 0.465135 0.826234 0.443846 0.823984 0.441289 0.822719 0.431081 0.819188 0.429792 0.814719 0.436611 0.815031 0.447256 0.802875 0.444283 0.804469 0.446840 0.812797 0.448524 0.819188 0.453222 0.818875 0.459605 0.811187 0.462578 0.810234 0.485156 0.813437 0.485572 0.815672 0.472370 0.829109 0.466840
36 1 2 0.489516 0.451247 0.491922 0.446965 0.495953 0.452100 0.497406 0.457443 0.498047 0.460665 0.500625 0.464511 0.504969 0.468170 0.509000 0.471164 0.510922 0.476299 0.511562 0.479522 0.507703 0.480166 0.507703 0.481871 0.508187 0.485301 0.506578 0.486590 0.504000 0.485946 0.501109 0.486154 0.502391 0.484220 0.503688 0.482952 0.502719 0.481663 0.499656 0.481435 0.497562 0.475239 0.494984 0.467942 0.493219 0.462807 0.492250 0.458316 0.490797 0.454033
0 1 1 0.766719 0.405634 0.773328 0.397651 0.774562 0.391871 0.775594 0.390229 0.777875 0.389127 0.781391 0.390229 0.782625 0.394906 0.781391 0.403430 0.783859 0.407547 0.788828 0.411684 0.790266 0.416902 0.789031 0.426798 0.786969 0.428170 0.789031 0.439439 0.786344 0.444948 0.785109 0.448503 0.784688 0.461435 0.776844 0.464740 0.776219 0.466923 0.774359 0.479854 0.772500 0.485073 0.769406 0.483701 0.768984 0.476279 0.769812 0.433118 0.770016 0.424054 0.765688 0.418274
36 1 2 0.742781 0.482807 0.742047 0.465593 0.743016 0.450998 0.743750 0.448399 0.745703 0.447089 0.748391 0.446445 0.751562 0.448067 0.752781 0.453597 0.752781 0.462037 0.752047 0.466902 0.750594 0.474366 0.750594 0.476965 0.751078 0.478919 0.751562 0.480852 0.751078 0.483451
0 1 0 0.905812 0.455468 0.906219 0.459210 0.900984 0.467235 0.896578 0.465094 0.899391 0.454927 0.894969 0.443160 0.893750 0.413742 0.898172 0.400915 0.900594 0.392349 0.903813 0.389688 0.907422 0.391830 0.907422 0.397713 0.907422 0.405198 0.905812 0.409459 0.909031 0.416424 0.908625 0.430852 0.915469 0.458669 0.912250 0.468295 0.909437 0.464553
0 1 0 0.490250 0.403721 0.490250 0.409376 0.490250 0.412204 0.492375 0.416902 0.493781 0.422557 0.498031 0.435759 0.488828 0.457443 0.491656 0.464969 0.495906 0.471580 0.498031 0.474407 0.499453 0.487588 0.504406 0.488545 0.511500 0.480998 0.513625 0.476279 0.510078 0.465925 0.509375 0.451788 0.509375 0.440478 0.502281 0.421622 0.499453 0.408420 0.491656 0.400894
36 1 2 0.943094 0.481954 0.953750 0.469272 0.957672 0.470021 0.958781 0.475988 0.951500 0.486445 0.945891 0.492412 0.944219 0.493888 0.942531 0.490915
0 1 0 0.923984 0.415655 0.927203 0.416279 0.927203 0.419314 0.928578 0.422079 0.927891 0.423285 0.928125 0.430312 0.928125 0.434283 0.927891 0.440998 0.927891 0.446195 0.927891 0.451975 0.927437 0.455946 0.928813 0.460541 0.929500 0.466341 0.931109 0.472744 0.932703 0.476715 0.932016 0.480374 0.929266 0.480374 0.928813 0.474262 0.927656 0.467859 0.926750 0.464200 0.926969 0.457775 0.926750 0.453202 0.924906 0.451372 0.922391 0.450769 0.920328 0.450769 0.915969 0.454740 0.916187 0.448316 0.918031 0.440686 0.917562 0.436715 0.915500 0.436424 0.916656 0.431227 0.918938 0.430915 0.920094 0.432744 0.922609 0.427256 0.920781 0.424823 0.920781 0.421143 0.920547 0.419023 0.921922 0.417484 0.922844 0.415052 0.923531 0.415655
36 1 1 0.533016 0.481996 0.535109 0.481247 0.540625 0.479979 0.543297 0.479979 0.544047 0.483015 0.541203 0.484283 0.541203 0.487568 0.537016 0.488836 0.534734 0.487817 0.532078 0.486819 0.528844 0.482765 0.525234 0.482266 0.526172 0.479231 0.529031 0.478961 0.530547 0.480478 0.535313 0.483784
36 1 0 0.805891 0.453929 0.803609 0.456445 0.803422 0.461518 0.805328 0.463784 0.806078 0.477963 0.805328 0.481247 0.805891 0.485281 0.809703 0.485281 0.810641 0.480728 0.809125 0.454428
