58 1 1 0.733938 0.845681 0.733938 0.864343 0.733938 0.865822 0.749828 0.866573 0.762734 0.867324 0.772672 0.866573 0.772672 0.852394 0.784578 0.841221 0.789547 0.830023 0.791031 0.816596 0.791031 0.802418 0.791031 0.802418 0.788547 0.783028 0.783594 0.763638 0.777141 0.755423 0.775641 0.752441 0.774656 0.710188 0.770187 0.720634 0.762234 0.711690 0.752313 0.726620 0.742875 0.734061 0.740391 0.725869 0.732953 0.713920 0.726984 0.710939 0.724016 0.710188 0.723016 0.719906 0.716563 0.734061 0.712594 0.742277 0.710609 0.748991 0.720531 0.756455 0.721031 0.758685 0.715562 0.765399 0.711094 0.772113 0.703656 0.787019 0.703656 0.793732 0.703656 0.793732 0.705641 0.799718 0.717547 0.801948 0.718047 0.811643 0.717547 0.819108 0.717547 0.832535 0.717547 0.834014 0.717547 0.848944 0.720531 0.853404 0.726984 0.849695 0.730469 0.848192
5 1 1 0.625344 0.815117 0.640656 0.813568 0.655172 0.817254 0.657359 0.857042 0.656328 0.873639 0.655688 0.883685 0.649391 0.884836 0.633703 0.884648 0.619953 0.884460 0.617000 0.883498 0.614422 0.876549 0.614688 0.863991 0.613906 0.853357 0.614688 0.823052 0.614937 0.820329 0.616484 0.818216
2 1 0 0.869234 0.923099 0.886531 0.932160 0.886531 0.932160 0.912125 0.927629 0.909109 0.906150 0.921156 0.897113 0.940719 0.895986 0.940719 0.890329 0.933953 0.871103 0.889547 0.873357 0.876750 0.903897 0.869984 0.919718 0.869984 0.919718
9 1 1 0.450109 0.744413 0.460703 0.744671 0.459984 0.788075 0.450297 0.787253 0.449219 0.744671
2 1 1 0.441859 0.843709 0.434266 0.843709 0.428547 0.844061 0.426656 0.850141 0.427359 0.859413 0.427359 0.862629 0.430453 0.865681 0.430688 0.855305 0.436750 0.852981 0.440797 0.845681
2 1 1 0.343656 0.879554 0.343219 0.864695 0.345797 0.857606 0.348375 0.851784 0.351813 0.850493 0.356969 0.849202 0.373281 0.853732 0.375000 0.869225 0.375000 0.879554 0.375000 0.886643 0.369859 0.886643 0.372438 0.882136 0.373719 0.880845 0.373719 0.880845 0.371141 0.876315
2 1 1 0.413938 0.844178 0.413047 0.850164 0.410984 0.849789 0.410344 0.851714 0.411500 0.852676 0.410344 0.858850 0.410469 0.862723 0.416516 0.863685 0.422172 0.863873 0.425766 0.863873 0.426922 0.862136 0.426406 0.855376 0.426672 0.852676 0.425766 0.848052 0.423969 0.843803 0.422937 0.843028 0.416516 0.843028
2 1 0 0.311844 0.852793 0.321078 0.852535 0.333094 0.864577 0.311844 0.866408 0.310797 0.853568
9 1 1 0.160219 0.797465 0.148422 0.798239 0.147391 0.764343 0.156625 0.764343 0.158672 0.765869
2 1 1 0.526875 0.862840 0.540547 0.862418 0.541844 0.860869 0.541844 0.853239 0.541703 0.849953 0.538797 0.845164 0.536188 0.843850 0.532547 0.843193 0.528328 0.846479 0.526594 0.851714 0.526000 0.854977
9 1 1 0.442297 0.735000 0.448297 0.739836 0.450391 0.785822 0.439781 0.783920 0.439641 0.784131 0.438234 0.775939 0.437547 0.749484 0.440063 0.748451 0.436141 0.741315 0.437813 0.736901 0.439078 0.735211 0.439078 0.735211
9 1 1 0.874422 0.689084 0.874781 0.714413 0.876750 0.732465 0.888047 0.725728 0.887328 0.689906 0.880875 0.688826
9 1 1 0.481500 0.796643 0.482359 0.775704 0.486828 0.773638 0.489750 0.775962 0.490438 0.795610 0.487172 0.797676
9 1 1 0.497328 0.830822 0.499375 0.802371 0.503312 0.801714 0.506953 0.812864 0.506797 0.826878 0.505203 0.834765 0.497188 0.837160 0.497188 0.831033
9 1 1 0.459891 0.811784 0.459891 0.830657 0.461609 0.834531 0.465219 0.836080 0.468484 0.835305 0.469516 0.827559 0.469688 0.822371 0.471234 0.818756 0.467969 0.803779 0.460063 0.795751 0.460234 0.807653
