5 1 1 0.545750 0.438197 0.538250 0.894379 0.749656 0.883138 0.736156 0.426955 0.652187 0.406745 0.550250 0.433700
7 1 1 0.447781 0.870468 0.313438 0.881639 0.303000 0.568454 0.303000 0.557260 0.452250 0.557260 0.458219 0.879415
5 1 1 0.544516 0.466464 0.504469 0.465105 0.499906 0.555152 0.500828 0.645176 0.502641 0.664286 0.513563 0.667002 0.537234 0.661546
5 1 1 0.742641 0.477471 0.784516 0.478735 0.790375 0.479977 0.792063 0.546511 0.792891 0.663279 0.792063 0.712225 0.756875 0.710984 0.746828 0.708454 0.740969 0.692131 0.739281 0.476206
0 1 1 0.045812 0.794098 0.051625 0.762389 0.054266 0.744965 0.059031 0.729906 0.067484 0.724356 0.068547 0.716440 0.070141 0.706909 0.080703 0.690281 0.081234 0.710890 0.081234 0.724356 0.088109 0.733068 0.089703 0.747330 0.088641 0.775878 0.090750 0.792529 0.094453 0.802834 0.088109 0.798080 0.080703 0.825808 0.078062 0.863864 0.075422 0.876534 0.066953 0.885246 0.063266 0.869415 0.064844 0.850375 0.064313 0.833747 0.064313 0.813911 0.062203 0.798080 0.059031 0.782225 0.053734 0.801241 0.051094 0.804403
2 1 1 0.497281 0.758525 0.495375 0.767681 0.485844 0.765948 0.483953 0.757963 0.483187 0.752248 0.483187 0.742553 0.480906 0.745410 0.478234 0.739696 0.478234 0.725995 0.480906 0.715714 0.480906 0.705433 0.482422 0.698595 0.488516 0.699157 0.496516 0.669461 0.518609 0.664895 0.539172 0.664895 0.542219 0.667752 0.541469 0.755691 0.541469 0.760820 0.539937 0.768244 0.538422 0.760820 0.537656 0.756253 0.526609 0.754543 0.514031 0.755105 0.505656 0.755105 0.495750 0.757400
58 1 1 0.960312 0.618712 0.958750 0.610890 0.958219 0.605831 0.957703 0.600749 0.957187 0.593747 0.957187 0.588665 0.956656 0.583208 0.954844 0.577354 0.951984 0.570726 0.949891 0.567611 0.947297 0.563700 0.937672 0.559016 0.932203 0.546534 0.934281 0.540304 0.943656 0.536019 0.947563 0.536393 0.953797 0.539532 0.959000 0.541077 0.968641 0.541475 0.973312 0.543045 0.975656 0.550047 0.977484 0.554356 0.979562 0.562529 0.981641 0.571124 0.983719 0.580867 0.983469 0.582436 0.979562 0.583607 0.976437 0.583981 0.969938 0.582436 0.967328 0.593349 0.966031 0.596089 0.966297 0.602717 0.967078 0.607400 0.967859 0.615199 0.966547 0.617916
58 1 1 0.278938 0.552623 0.230469 0.551148 0.205734 0.570422 0.193859 0.605995 0.217609 0.635667 0.252219 0.622319 0.278938 0.619344 0.285859 0.586721
0 1 1 0.037172 0.968759 0.041453 0.946932 0.043172 0.927002 0.034609 0.925714 0.029891 0.918665 0.029031 0.914801 0.023453 0.913513 0.018313 0.914169 0.018750 0.922506 0.018750 0.926370 0.012312 0.926370 0.008031 0.923162 0.013172 0.923162 0.013172 0.914801 0.011891 0.915457 0.011891 0.907096 0.014453 0.898103 0.012734 0.887822 0.009734 0.871124 0.008453 0.855058 0.010172 0.836417 0.012312 0.824871 0.020891 0.815223 0.020453 0.811358 0.018750 0.806230 0.021750 0.794660 0.024750 0.781171 0.027312 0.774098 0.033312 0.771546 0.038891 0.778595 0.040172 0.788876 0.043172 0.797869 0.041453 0.806230 0.039750 0.817143 0.047453 0.819719 0.052172 0.817143 0.055172 0.828712 0.052609 0.835129 0.050031 0.844145 0.050891 0.859555 0.048750 0.873677 0.047453 0.878173 0.044453 0.882670 0.047453 0.893607 0.050469 0.901311 0.051312 0.916721 0.047453 0.940492 0.049609 0.965550 0.050469 0.980328 0.051312 0.998970 0.034609 0.997026 0.029453 0.997681 0.028594 0.998970 0.028594 1.000000 0.017031 0.999602 0.014891 0.997681 0.015313 0.986768 0.016594 0.968126 0.017453 0.968759 0.023891 0.967494 0.027750 0.973911 0.029891 0.980984 0.029453 0.990609
2 1 0 0.923687 0.576066 0.932109 0.572927 0.934203 0.582389 0.926844 0.601288 0.925797 0.621803 0.920531 0.613911 0.921578 0.574497 0.905797 0.577658 0.904750 0.576066 0.898438 0.576066 0.895281 0.583958 0.892125 0.588688 0.890031 0.590258 0.895281 0.606019 0.896344 0.606019 0.897391 0.593419 0.902656 0.585527
2 1 0 0.982625 0.731780 0.992469 0.718126 0.998672 0.716487 1.000000 0.716487 0.999766 0.834520 0.971687 0.813747 0.970594 0.819766 0.966578 0.821405 0.959656 0.820304 0.958203 0.809368 0.957109 0.791335 0.955281 0.777682 0.958562 0.756370 0.959656 0.750913 0.966578 0.747635 0.971328 0.747073 0.966953 0.743255 0.965859 0.735059 0.971687 0.732319 0.978250 0.732319 0.980437 0.734520 0.982984 0.731780
26 1 1 0.079219 0.843349 0.079750 0.813841 0.079219 0.806253 0.084531 0.797892 0.087719 0.797892 0.089859 0.799087 0.093313 0.799485 0.095969 0.797494 0.099422 0.799087 0.107672 0.814239 0.112203 0.821007 0.112203 0.825012 0.111672 0.827400 0.112469 0.839742 0.109797 0.843747 0.106078 0.841756 0.092516 0.843747 0.087187 0.845738 0.079484 0.848525
26 1 1 0.030766 0.919789 0.032922 0.930141 0.035094 0.938548 0.032922 0.950187 0.026891 0.974754 0.022141 0.968946 0.010922 0.962482 0.009625 0.958595 0.012641 0.943068 0.018250 0.925597 0.019984 0.921077 0.021281 0.917190 0.023438 0.922365 0.026031 0.913958
26 1 1 0.035422 0.935410 0.030281 0.924614 0.032000 0.925105 0.041609 0.926136 0.039891 0.962670 0.038172 0.967799 0.028219 0.968314 0.017234 0.968314 0.016891 0.966276 0.009344 0.958548 0.010375 0.954941 0.017922 0.928712 0.017922 0.925105 0.013125 0.928197 0.015859 0.926136 0.005922 0.929742 0.006266 0.968314
9 1 1 0.802953 0.522951 0.803922 0.513841 0.811953 0.514941 0.811469 0.550656 0.804406 0.550656
2 1 1 0.741828 0.695714 0.742312 0.774286 0.753094 0.762553 0.756531 0.733911 0.756531 0.715550 0.752109 0.703794 0.745750 0.694988
10 1 1 0.949266 0.631593 0.952531 0.629766 0.954609 0.633138 0.957359 0.637799 0.957875 0.689742 0.960812 0.693630 0.954953 0.694918 0.948391 0.694403 0.946156 0.693091 0.946672 0.689227
0 1 1 0.896875 0.634895 0.898781 0.618876 0.898547 0.611030 0.897594 0.603208 0.896172 0.616019 0.894266 0.614590 0.893797 0.601780 0.895453 0.591803 0.898781 0.587166 0.898063 0.580398 0.900438 0.578618 0.901391 0.579696 0.902109 0.583607 0.902812 0.588946 0.906625 0.592857 0.908766 0.603560 0.909234 0.608173 0.906391 0.607822 0.905906 0.617799 0.906625 0.632763 0.907328 0.639883 0.902812 0.640234 0.901875 0.637377 0.899969 0.637377 0.896172 0.640960 0.894969 0.633817
9 1 1 0.792203 0.500468 0.793641 0.539672 0.801188 0.537518 0.798141 0.496862 0.791875 0.500468
11 1 0 0.189641 0.534918 0.190375 0.544286 0.190734 0.556956 0.187063 0.566885 0.183750 0.566323 0.181172 0.558056 0.181547 0.544824 0.183016 0.532155 0.187063 0.528290 0.189641 0.531054
0 1 0 0.833281 0.584988 0.832969 0.581897 0.832969 0.579274 0.834719 0.576909 0.836609 0.578103 0.837562 0.580937 0.837562 0.583794 0.837250 0.583794 0.838203 0.586885 0.838359 0.589977 0.838516 0.592600 0.838516 0.596417 0.838516 0.599742 0.838516 0.600679 0.838359 0.600679 0.835656 0.600937 0.833281 0.602108 0.832172 0.602834 0.830906 0.603302 0.829953 0.609719 0.829000 0.605199 0.826625 0.604262 0.829797 0.592131 0.830422 0.586417 0.832016 0.585948 0.832172 0.582365
0 1 1 0.914000 0.618595 0.914719 0.640375 0.912750 0.639040 0.908438 0.633653 0.911672 0.623700 0.911672 0.621030 0.911859 0.614309 0.911500 0.610000 0.908984 0.608665 0.907547 0.609204 0.906469 0.607307 0.906109 0.606229 0.906109 0.603279 0.906656 0.601944 0.907016 0.600867 0.907187 0.600867 0.907719 0.600586 0.909875 0.600586 0.912562 0.601663 0.910594 0.591780 0.910422 0.588267 0.910234 0.585855 0.910953 0.582623 0.911141 0.581007 0.911672 0.580211 0.912031 0.580211 0.914906 0.579415 0.915984 0.579672 0.916875 0.581007 0.917406 0.582084 0.917406 0.584778 0.917406 0.585855 0.917406 0.586674 0.917234 0.591499 0.917594 0.590960 0.918484 0.592318 0.919563 0.604684 0.920109 0.607892 0.920109 0.609251 0.920109 0.611663 0.919563 0.614098 0.919031 0.614356 0.919031 0.614614 0.918125 0.618126 0.920109 0.628056 0.918484 0.629672 0.917047 0.635059 0.916875 0.636393 0.916687 0.636932 0.916156 0.637213 0.914359 0.624848 0.914547 0.620281 0.914547 0.620281
26 1 0 0.900719 0.588806 0.901937 0.593443 0.903813 0.599087 0.905563 0.602717 0.907438 0.604918 0.908375 0.608759 0.907984 0.610164 0.907313 0.610351 0.906500 0.610351 0.905297 0.607939 0.904344 0.604731 0.903281 0.601101 0.902469 0.598478 0.900313 0.592225 0.899641 0.589414
9 1 1 0.880859 0.523326 0.881063 0.572084 0.887453 0.569321 0.888281 0.525785
0 1 1 0.885219 0.634660 0.885219 0.628033 0.885000 0.626042 0.883891 0.624052 0.882563 0.617096 0.882125 0.612108 0.882125 0.607471 0.882125 0.601827 0.882563 0.598173 0.882563 0.593536 0.883672 0.590539 0.884562 0.586909 0.884562 0.583911 0.885437 0.580258 0.886547 0.584590 0.888313 0.589555 0.890094 0.591874 0.890750 0.594520 0.890969 0.601171 0.890969 0.609789 0.891422 0.616768 0.891422 0.623396 0.889641 0.632670 0.888547 0.636323 0.887219 0.638314 0.885656 0.635667 0.885656 0.631030
9 1 1 0.449094 0.504122 0.451141 0.502084 0.454922 0.502084 0.457359 0.502904 0.459672 0.509391 0.460219 0.515293 0.457094 0.516698 0.451266 0.516909 0.448422 0.515293 0.448156 0.508384
2 1 0 0.657141 0.987096 0.655703 0.978501 0.672922 0.952693 0.680094 0.941944 0.684406 0.935480 0.717406 0.933326 0.747531 0.903232 0.800625 0.881710 0.865375 0.872436 0.922000 0.875035 0.993422 0.903771 1.000000 1.000000 0.660016 1.000000 0.654281 0.991405
0 1 1 0.881391 0.605902 0.880297 0.640328 0.876656 0.635972 0.876281 0.618478 0.874469 0.621756 0.874828 0.641967 0.872641 0.639251 0.867906 0.611382 0.869719 0.586792 0.873734 0.584052 0.872281 0.575316 0.875188 0.567658 0.879562 0.575855 0.877750 0.583513 0.879937 0.590070 0.881391 0.598267 0.882844 0.609742
