27 1 0 0.473891 0.062548 0.485359 0.350193 0.487000 0.554690 0.495203 0.655803 0.498484 0.772655 0.516516 0.828844 0.534562 0.761413 0.524719 0.482762 0.503406 0.073790 0.505047 0.033340 0.470609 0.028844
27 1 0 0.625766 0.825953 0.646000 0.779743 0.640109 0.726595 0.639266 0.685011 0.632516 0.613383 0.627453 0.585675 0.617344 0.510792 0.615656 0.427623 0.610594 0.376788 0.598016 0.274946 0.593406 0.229379 0.592375 0.178887 0.589312 0.108630 0.587781 0.088994 0.585734 0.055332 0.583172 0.043405 0.571906 0.047602 0.572422 0.099507 0.576000 0.141585 0.581125 0.178051 0.583672 0.204711 0.584703 0.220835 0.584703 0.251692 0.588281 0.335974 0.586750 0.348587 0.586234 0.401242 0.585734 0.435910 0.589312 0.471692 0.595453 0.516574 0.596469 0.548116 0.607219 0.737730 0.603125 0.756660 0.603641 0.788908 0.606203 0.805739 0.616437 0.821178 0.623078 0.824690
27 1 0 0.657562 0.055653 0.664672 0.275460 0.699266 0.442677 0.719297 0.614904 0.718891 0.738073 0.736672 0.738073 0.718891 0.435203 0.706187 0.334240 0.696031 0.264604 0.678250 0.174090 0.680781 0.090557 0.680781 0.062698
27 1 0 0.752641 0.094390 0.759203 0.143812 0.760844 0.238201 0.769047 0.361799 0.773953 0.503362 0.777234 0.606745 0.778875 0.714604 0.787078 0.743812 0.805109 0.759550 0.816594 0.692141 0.811672 0.604497 0.810031 0.431456 0.795281 0.274154 0.778875 0.200000 0.759203 0.125846 0.760844 0.103362
27 0 1 0.100219 0.646959 0.094781 0.526039 0.102031 0.448180 0.106859 0.422505 0.109891 0.404283 0.108078 0.385246 0.107469 0.369507 0.107469 0.360385 0.119562 0.366188 0.122578 0.368672 0.123187 0.376124 0.120156 0.384411 0.119562 0.395996 0.120156 0.405953 0.123781 0.434925 0.134672 0.608030 0.136484 0.642827 0.116531 0.669336
7 1 1 0.457516 0.579914 0.453125 0.584839 0.447156 0.581006 0.441969 0.574989 0.408875 0.578822 0.402500 0.581006 0.396109 0.502313 0.405281 0.492484 0.451141 0.489743 0.461906 0.519807 0.458719 0.555332 0.460703 0.570621 0.458719 0.576081
27 1 0 0.572203 0.782955 0.565141 0.773233 0.562578 0.719422 0.573578 0.700321 0.559281 0.490642 0.546438 0.334775 0.535797 0.180899 0.535797 0.160792 0.534688 0.121563 0.535797 0.104475 0.534688 0.094925 0.546797 0.041627 0.555234 0.042120 0.551203 0.052677 0.549375 0.063233 0.549375 0.073298 0.552312 0.081842 0.555609 0.089400 0.555609 0.099957 0.561109 0.149722 0.566250 0.172869 0.573219 0.250792 0.584953 0.381542 0.587156 0.448415 0.595969 0.524839 0.599266 0.625396 0.604031 0.694283 0.606609 0.738030 0.573219 0.783276
27 1 0 0.541172 0.859829 0.537734 0.499465 0.520500 0.088737 0.505578 0.033662 0.530844 0.038373 0.535437 0.260257 0.564141 0.699315 0.552656 0.856681
27 1 0 0.738703 0.069572 0.733063 0.131520 0.738703 0.199679 0.738703 0.267837 0.752281 0.422741 0.770359 0.658201 0.772625 0.710857 0.772625 0.734111 0.787313 0.858030 0.771484 0.464561 0.773750 0.390214 0.752281 0.085054
24 1 0 0.898375 0.926552 0.920594 0.921585 0.927859 0.919251 0.933406 0.913083 0.945797 0.898758 0.955625 0.899036 0.957969 0.899036 0.961172 0.889679 0.972078 0.869764 0.979328 0.867709 0.978266 0.858929 0.985109 0.858929 1.000000 0.866253 1.000000 0.893769 1.000000 0.974861 1.000000 1.000000 0.894531 1.000000 0.854594 1.000000 0.852453 1.000000 0.852453 0.998287 0.855656 0.968715 0.873391 0.937388 0.887906 0.927730
27 1 0 0.787078 0.085396 0.805109 0.408994 0.821516 0.815739 0.836266 0.813490 0.839547 0.853940 0.854313 0.871906 0.870703 0.849443 0.829719 0.188758 0.821516 0.096638 0.819875 0.074154 0.819875 0.071906 0.798562 0.049443 0.796922 0.026959 0.782156 0.031456 0.785437 0.087645
27 0 1 0.374703 0.906531 0.414141 0.832206 0.386203 0.350236 0.368125 0.163298 0.371422 0.102484 0.354984 0.064197 0.361562 0.048415 0.358266 0.034904 0.361562 0.012377 0.331969 0.014647 0.325406 0.041670 0.340187 0.131756 0.335266 0.278158 0.318828 0.514647 0.320469 0.688073 0.325406 0.852484
27 1 0 0.724687 0.067430 0.731625 0.147366 0.748281 0.369979 0.763563 0.560257 0.766344 0.720107 0.770500 0.792398 0.784391 0.828565 0.728844 0.887537 0.714969 0.858994 0.733016 0.817152 0.752453 0.801927 0.730234 0.480343 0.731625 0.438480 0.727453 0.406146 0.720516 0.341435 0.701078 0.236788 0.698297 0.189229 0.698297 0.158779 0.702469 0.113105 0.694141 0.076959 0.703859 0.056017 0.713828 0.049443
