60 1 0 0.615608 0.504031 0.617961 0.667250 0.822784 0.689750 0.819255 0.670062 0.822784 0.650359 0.914608 0.666297 0.924020 0.648484 0.909902 0.621281 0.945216 0.625031 0.955804 0.608141 0.915784 0.526547 0.902824 0.520906 0.898118 0.512469 0.941686 0.513406 0.949922 0.515281 0.951098 0.509656 0.916961 0.508719 0.916961 0.489953 0.929902 0.481516 0.851039 0.473078 0.835745 0.474016 0.834569 0.459000 0.813373 0.461812 0.791000 0.464625 0.773353 0.442125 0.763941 0.448687 0.773353 0.469312 0.617961 0.501219 0.616784 0.509656
69 1 0 0.408647 0.516766 0.407667 0.514797 0.414569 0.513234 0.412098 0.490063 0.319471 0.483000 0.240627 0.492422 0.238647 0.500672 0.294824 0.505375 0.292353 0.599625 0.348039 0.606297 0.353471 0.567813 0.408647 0.578812 0.407392 0.588531 0.361333 0.585187 0.356843 0.598781 0.409196 0.603547
75 1 1 0.050314 0.526922 0.054275 0.546313 0.052941 0.567813 0.041118 0.596109 0.037157 0.612359 0.037157 0.623375 0.042431 0.652734 0.045059 0.674219 0.051627 0.692562 0.057549 0.694141 0.066765 0.678937 0.074000 0.667406 0.087157 0.666875 0.089137 0.658500 0.098333 0.605031 0.083216 0.574625 0.077941 0.557859 0.077941 0.543172 0.083216 0.525359 0.069392 0.522203 0.059529 0.523781 0.051627 0.524297
72 1 0 0.676863 0.365938 0.621588 0.364516 0.623196 0.499203 0.678647 0.488578 0.676235 0.405562
45 1 1 0.159765 0.635531 0.172961 0.632094 0.186431 0.629313 0.187510 0.628875 0.191020 0.610187 0.191020 0.605687 0.190216 0.602891 0.171608 0.598812 0.171608 0.598812 0.165157 0.599234 0.163000 0.599453 0.161373 0.599672 0.161098 0.599672 0.148706 0.607828 0.163529 0.616203
45 1 1 0.034412 0.698094 0.062765 0.698734 0.068431 0.710359 0.059529 0.732297 0.044137 0.745203 0.017412 0.754234 0.000000 0.758750 0.002020 0.697453 0.034412 0.697453
45 1 1 0.293529 0.664344 0.308588 0.665750 0.318765 0.665047 0.327627 0.663281 0.334706 0.661875 0.340902 0.660109 0.343569 0.658703 0.344451 0.651641 0.346216 0.644578 0.348431 0.637875 0.349314 0.632234 0.345784 0.627641 0.329843 0.622703 0.313451 0.623406 0.287765 0.627641 0.278039 0.633297 0.279804 0.639297 0.282451 0.646344 0.284235 0.652703 0.285118 0.655516 0.289980 0.660469 0.291765 0.662219
71 1 0 0.464902 0.472922 0.497863 0.468687 0.546588 0.471391 0.523569 0.479109 0.494961 0.482203 0.455706 0.477953 0.456176 0.474469
39 1 1 0.570098 0.448297 0.569941 0.439078 0.572490 0.437187 0.572157 0.424703 0.572000 0.423438 0.576275 0.423313 0.576608 0.428359 0.577196 0.436078 0.578980 0.437500 0.579176 0.450812 0.574176 0.450063 0.572294 0.448656 0.570412 0.448484
60 1 1 0.005902 0.824125 0.410431 0.687641 0.519686 0.642938 0.292314 0.586469 0.230314 0.581766 0.008863 0.642938
58 1 1 0.159647 0.670656 0.159647 0.644031 0.159647 0.617969 0.158588 0.612359 0.154725 0.609281 0.170549 0.592188 0.170549 0.586016 0.156843 0.590219 0.152608 0.584328 0.149451 0.582375 0.141353 0.582094 0.132216 0.581813 0.118510 0.586016 0.110412 0.589938 0.102314 0.590219 0.097039 0.591625 0.102667 0.600031 0.097745 0.604797 0.104078 0.610953 0.106196 0.615172 0.109353 0.616281 0.105137 0.620484 0.107608 0.653281 0.108294 0.658609 0.114627 0.659734 0.112176 0.663375 0.122020 0.657203 0.122373 0.661687 0.126235 0.666172 0.132922 0.662813 0.142765 0.653562 0.142765 0.658328 0.137843 0.666453 0.150157 0.668703 0.157196 0.670656 0.162118 0.671781
