26 1 0 0.137766 0.672508 0.145562 0.678306 0.143219 0.686578 0.154125 0.718887 0.154906 0.737110 0.148672 0.756163 0.108938 0.773555 0.101922 0.767757 0.090250 0.752010 0.087125 0.738754 0.086344 0.718887 0.083234 0.705631 0.081672 0.698173 0.081672 0.690731 0.075438 0.692375 0.069984 0.684934 0.070766 0.635233 0.047391 0.573937 0.041938 0.551578 0.031813 0.533355 0.021688 0.519286 0.030250 0.514302 0.038047 0.524252 0.055969 0.560698 0.068422 0.586362 0.069203 0.599618 0.087906 0.665880 0.094922 0.682442 0.098031 0.694867 0.106609 0.701495 0.119844 0.693206 0.132313 0.683272
0 1 0 0.190156 0.477608 0.191813 0.458189 0.200172 0.451578 0.209234 0.448173 0.218672 0.447226 0.228266 0.449502 0.232000 0.451960 0.231828 0.454784 0.235922 0.460282 0.236813 0.470482 0.237172 0.485415 0.235734 0.503954 0.235203 0.509053 0.234313 0.513023 0.234313 0.518505 0.236984 0.521163 0.218141 0.558970 0.210484 0.577890 0.209781 0.584319 0.201953 0.602841 0.201594 0.608505 0.203547 0.619286 0.204797 0.622508 0.211906 0.639900 0.219906 0.655598 0.221516 0.658621 0.234016 0.664435 0.235734 0.671312 0.238922 0.675349 0.240141 0.683023 0.240625 0.685100 0.243078 0.690299 0.244047 0.696545 0.242469 0.704086 0.242703 0.707342 0.242578 0.710731 0.242578 0.729834 0.243437 0.736213 0.245281 0.752475 0.245641 0.762741 0.248219 0.784585 0.248578 0.788488 0.250297 0.789402 0.252734 0.802409 0.252000 0.807874 0.253344 0.814236 0.257437 0.853023 0.258203 0.857708 0.265188 0.909120 0.270328 0.936960 0.261063 0.937791 0.254937 0.937625 0.242703 0.934784 0.236578 0.932459 0.236891 0.937625 0.238297 0.941628 0.237203 0.944468 0.225266 0.950814 0.205484 0.953488 0.175812 0.953488 0.160437 0.950482 0.152891 0.946478 0.153219 0.939468 0.157453 0.936130 0.163578 0.934950 0.171422 0.933787 0.174562 0.928106 0.173781 0.922940 0.178484 0.919435 0.180375 0.918771 0.186344 0.917757 0.190734 0.913588 0.195281 0.911080 0.199844 0.911263 0.206437 0.894402 0.209094 0.872874 0.209422 0.861346 0.208781 0.842492 0.209422 0.828306 0.209250 0.816794 0.196109 0.816013 0.191844 0.792193 0.189172 0.774801 0.186156 0.754385 0.184547 0.722425 0.185625 0.717126 0.187047 0.691412 0.186687 0.679120 0.184188 0.616545 0.181000 0.608405 0.173344 0.585532 0.172812 0.577027 0.173344 0.571346 0.173875 0.562658 0.170500 0.544884 0.172281 0.539585 0.175484 0.535233 0.197766 0.517542 0.196250 0.503954 0.195688 0.499252 0.192313 0.498887 0.188750 0.496429 0.185547 0.490000 0.184656 0.483937 0.185187 0.479967 0.186797 0.479219 0.190359 0.477890
0 1 1 0.437625 0.616262 0.419641 0.567625 0.426844 0.559983 0.422734 0.541395 0.413984 0.511894 0.401656 0.500415 0.398062 0.493870 0.393422 0.485664 0.398062 0.472558 0.390344 0.456163 0.386234 0.453422 0.393937 0.452326 0.397547 0.441943 0.401656 0.429385 0.406281 0.419003 0.411938 0.415183 0.419125 0.413538 0.429922 0.414086 0.439172 0.421728 0.441750 0.430482 0.440203 0.450149 0.439172 0.467093 0.438656 0.577475 0.443281 0.582924 0.443281 0.585116 0.448938 0.563804 0.464875 0.555615 0.469500 0.542492 0.471562 0.534302 0.477203 0.530482 0.471047 0.517359 0.469500 0.504784 0.471562 0.490033 0.447906 0.465449 0.445859 0.463804
0 1 1 0.362172 0.490233 0.363375 0.484269 0.364969 0.480000 0.361766 0.479153 0.362969 0.475316 0.359359 0.465100 0.360563 0.457442 0.367781 0.452326 0.374187 0.449352 0.379797 0.450199 0.389797 0.457442 0.397813 0.470648 0.397016 0.473621 0.393406 0.485116 0.399016 0.496611 0.398609 0.500448 0.412625 0.509385 0.421438 0.535349 0.427453 0.560897 0.417844 0.564302 0.413828 0.562608 0.406219 0.555797 0.402922 0.511611
0 1 0 0.184359 0.522890 0.171422 0.538422 0.176016 0.579252 0.182266 0.639153 0.186984 0.691927 0.185047 0.710664 0.187797 0.763937 0.185047 0.780914 0.175406 0.808439 0.169906 0.825714 0.166594 0.834784 0.161922 0.828638 0.161922 0.823953 0.165500 0.819568 0.165219 0.815747 0.161922 0.806096 0.160812 0.772143 0.163016 0.744319 0.166047 0.736711 0.162750 0.703638 0.162750 0.696894 0.160812 0.689003 0.158609 0.679635 0.155031 0.655332 0.156687 0.643920 0.157234 0.638056 0.152562 0.620797 0.147594 0.599718 0.141000 0.584203 0.134656 0.572774 0.139891 0.537359 0.148422 0.496661 0.159172 0.475299 0.168797 0.473837 0.180641 0.475000 0.186422 0.477641 0.186703 0.487591 0.193312 0.502226 0.191937 0.514236
2 1 1 0.999672 0.554485 0.981891 0.553106 0.981578 0.562043 0.979625 0.562375 0.972844 0.562375 0.968969 0.557575 0.965422 0.549336 0.965094 0.543488 0.965734 0.537309 0.964125 0.527691 0.965422 0.510166 0.967359 0.494369 0.968328 0.492641 0.968328 0.491960 0.966703 0.491611 0.965422 0.483721 0.973812 0.483023 0.982125 0.465465 0.986750 0.461528 0.990922 0.458804 0.994172 0.456844 0.999266 0.454618
26 1 0 0.451094 0.692060 0.455266 0.663887 0.466422 0.653505 0.469219 0.662409 0.463641 0.686130 0.458062 0.692060 0.455266 0.693538 0.451094 0.695017
2 1 0 0.154141 0.446761 0.167641 0.449336 0.181547 0.456827 0.187594 0.460249 0.191422 0.469252 0.191422 0.469684 0.190812 0.474385 0.190812 0.478239 0.185781 0.480382 0.168453 0.474385 0.153750 0.479103 0.152141 0.487243 0.151531 0.447193
49 1 2 0.586484 0.561578 0.583375 0.563522 0.582641 0.568372 0.584844 0.572259 0.592312 0.574385 0.595969 0.573422 0.597609 0.568754 0.596891 0.563140 0.595234 0.561578 0.592312 0.560415 0.587750 0.561777
49 1 2 0.561297 0.550930 0.561437 0.553804 0.561156 0.558937 0.559172 0.562276 0.553906 0.561362 0.549641 0.558488 0.548922 0.552741 0.552625 0.547608 0.557609 0.547458
0 1 0 0.002109 0.529153 0.016875 0.526910 0.002109 0.470847 0.010547 0.439468 0.029531 0.423771 0.059047 0.421528 0.082250 0.502243 0.109672 0.529153 0.126547 0.562774 0.137094 0.607625 0.153953 0.717492 0.156062 0.726462 0.124437 0.784751 0.111781 0.822874 0.101234 0.997309 0.021094 0.992824 0.006328 0.992824
0 1 0 0.446000 0.892143 0.494625 0.896628 0.500969 0.802243 0.503078 0.725847 0.509422 0.869668 0.526328 0.874153 0.530563 0.804502 0.530563 0.759551 0.545344 0.710116 0.551687 0.674153 0.545344 0.647193 0.551687 0.613488 0.553813 0.597757 0.550281 0.552542 0.533719 0.540814 0.522687 0.532010 0.511641 0.521246 0.508891 0.496794 0.502437 0.483090 0.487719 0.479186 0.471156 0.485050 0.470234 0.500698 0.473000 0.518306 0.484047 0.532990 0.486797 0.536894 0.473000 0.548638 0.467484 0.571130 0.464719 0.604385 0.464719 0.631777 0.477609 0.645465 0.471156 0.653289 0.464719 0.669917 0.452766 0.712957 0.463797 0.718837 0.463797 0.725681 0.465641 0.777525 0.474844 0.834252 0.472078 0.869468 0.440797 0.881196 0.438031 0.884136
0 1 1 0.422969 0.989037 0.399813 0.962193 0.359844 0.689252 0.408234 0.602010 0.404031 0.510282 0.359844 0.487907 0.361937 0.474485 0.336688 0.452110 0.311438 0.461063 0.309328 0.474485 0.248313 0.501329 0.199906 0.617658 0.237781 0.682542 0.273562 0.986794 0.324062 0.986794 0.307234 0.789934 0.357734 0.984551 0.418750 0.986794
