0 1 0 0.351734 0.099354 0.360594 0.115479 0.362734 0.139396 0.360156 0.151354 0.360156 0.151354 0.360156 0.151354 0.360156 0.151354 0.369563 0.157063 0.375969 0.171292 0.386656 0.194083 0.390500 0.223125 0.388359 0.248187 0.377250 0.260167 0.327266 0.267000 0.326406 0.247062 0.312734 0.237375 0.309750 0.210021 0.309750 0.209458 0.313594 0.177563 0.319156 0.159896 0.335391 0.143958 0.335813 0.105792 0.344781 0.098375
60 1 1 0.717719 0.518708 0.726234 0.465208 0.720156 0.450625 0.739609 0.449813 0.761500 0.474125 0.789469 0.508979 0.750547 0.520333
56 1 0 0.000000 0.933354 0.020641 0.931292 0.050016 0.937479 0.072187 0.953271 0.092797 0.975271 0.111359 1.000000 0.000000 1.000000
41 1 1 0.716703 0.452583 0.714516 0.442792 0.719641 0.439875 0.721844 0.428125 0.722578 0.416396 0.721844 0.408563 0.718906 0.403667 0.710109 0.394875 0.703500 0.382167 0.753391 0.378250 0.751922 0.396833 0.745313 0.418354 0.741656 0.435958 0.742391 0.450625 0.744594 0.458458 0.748250 0.461396 0.742391 0.469208 0.726984 0.472146 0.721844 0.472146 0.717438 0.467250
0 1 0 0.280500 0.213479 0.282562 0.222896 0.290781 0.234250 0.291078 0.263625 0.273453 0.270687 0.268156 0.241688 0.272281 0.232292 0.270813 0.220938 0.270516 0.213875 0.275516 0.211521 0.279922 0.213875 0.279922 0.213875
0 1 0 0.812406 0.110208 0.820516 0.101812 0.824406 0.083437 0.829203 0.073042 0.837594 0.069438 0.845094 0.070250 0.853484 0.075042 0.855891 0.084625 0.854391 0.092625 0.844484 0.116604 0.847188 0.118604 0.841797 0.136188 0.838797 0.148979 0.834297 0.156979 0.826500 0.149396 0.819016 0.126208 0.812406 0.110625
0 1 0 0.728469 0.198354 0.716375 0.191354 0.709547 0.182229 0.709016 0.180833 0.709547 0.165396 0.709547 0.148562 0.709547 0.138042 0.716375 0.129625 0.721641 0.124021 0.726375 0.120521 0.729531 0.118417 0.732688 0.119104 0.733203 0.119812 0.731625 0.134542 0.724266 0.150667 0.726375 0.170312 0.726375 0.185042
0 1 0 0.837281 0.850187 0.807609 0.791521 0.795328 0.747875 0.777938 0.713771 0.784078 0.671479 0.785109 0.638729 0.792266 0.603250 0.812734 0.535042 0.809656 0.518667 0.747250 0.461375 0.740078 0.449104 0.746219 0.413625 0.752359 0.412250 0.765656 0.412250 0.794312 0.419083 0.814781 0.414979 0.818875 0.408167 0.823984 0.390438 0.832172 0.363146 0.821937 0.350875 0.801469 0.337229 0.796359 0.315396 0.797375 0.290833 0.803516 0.254000 0.825000 0.215812 0.851609 0.204896 0.872078 0.200792 0.889469 0.206250 0.902766 0.222625 0.913000 0.249917 0.909938 0.285375 0.929375 0.319479 0.951891 0.346771 0.966203 0.417708 0.969281 0.446375 0.937562 0.472292 0.936531 0.507750 0.945750 0.537771 0.945750 0.603250 0.942672 0.625083 0.934484 0.646917 0.921188 0.674187 0.903797 0.691938 0.874125 0.693292 0.873094 0.716479 0.871047 0.738313 0.862859 0.776521 0.832172 0.956604 0.818875 0.959333 0.829094 0.926583 0.840359 0.900667 0.853656 0.911583 0.848547 0.940229 0.865938 0.942958 0.885375 0.911583 0.888437 0.888396 0.889469 0.828354 0.896625 0.795625 0.900719 0.781979 0.881281 0.757417
0 1 1 0.391016 0.988396 0.391016 0.965917 0.348875 0.986146 0.328656 0.965917 0.310109 0.938958 0.305063 0.914229 0.298312 0.867042 0.294937 0.741208 0.288203 0.694000 0.291578 0.637833 0.293266 0.568167 0.303375 0.487271 0.305063 0.431083 0.325281 0.370417 0.385953 0.264792 0.402812 0.201875 0.448313 0.154687 0.492141 0.120979 0.569656 0.145688 0.601687 0.183896 0.620219 0.226583 0.653937 0.296250 0.682578 0.350187 0.701125 0.449062 0.716297 0.550187 0.726406 0.597375 0.728094 0.637833 0.756734 0.655813 0.760109 0.676021 0.773594 0.691750 0.783703 0.723229 0.795500 0.752438 0.810672 0.801875 0.795500 0.837833 0.771906 0.862542 0.702812 0.905250 0.677531 0.889521 0.658984 0.862542 0.652250 0.853562 0.645500 0.871542 0.664047 0.918729 0.685953 0.988396
56 1 0 0.311969 0.987063 0.261859 0.987063 0.218219 0.978458 0.192344 0.984917 0.182656 0.935354 0.174562 0.870687 0.172953 0.790958 0.174562 0.767250 0.179422 0.732750 0.203656 0.711208 0.242453 0.674563 0.286094 0.650854 0.294187 0.642250 0.289328 0.681042 0.287719 0.719833 0.295797 0.760771 0.300641 0.797417 0.295797 0.842667 0.294187 0.887937 0.302266 0.920250 0.310344 0.950437 0.320047 0.956896 0.329734 0.984917 0.662719 0.941813 0.677266 0.963354 0.688578 0.987063 0.695047 0.989229 0.738688 0.984917 0.774250 0.987063 0.733844 0.963354 0.696656 0.943958 0.667562 0.946125
0 1 1 0.918422 0.008292 0.864016 0.064875 0.844422 0.127271 0.832453 0.178062 0.837891 0.201271 0.872719 0.196917 0.886859 0.121479 0.915156 0.083750 0.932563 0.073583 0.947797 0.079396 0.929297 0.250604 0.914062 0.256417 0.921687 0.304292 0.953250 0.339125 0.967391 0.391354 0.968484 0.439250 0.961953 0.465375 0.964125 0.578542 0.964125 0.582896 0.993516 0.581437 0.995687 0.542271 0.978281 0.498729 0.981547 0.482771 0.996781 0.413125 0.993516 0.344938 0.997859 0.269479 1.000000 0.244813 0.998953 0.137438 1.000000 0.083750 0.995687 0.028604 0.983719 0.009750 0.989156 0.002479 0.928219 0.002479
0 1 0 0.003375 0.004500 0.112922 0.004500 0.148312 0.197750 0.215734 0.307875 0.273031 0.377521 0.306734 0.485396 0.281453 0.653938 0.229219 0.653938 0.241016 0.608979 0.047187 0.701125 0.000000 0.741583
48 1 2 0.655625 0.849438 0.717984 0.800000 0.726406 0.795500 0.696063 0.777521 0.707859 0.748313 0.731453 0.730333 0.692703 0.716854 0.699437 0.683146 0.717984 0.678646 0.696063 0.669667 0.694375 0.635958 0.726406 0.635958 0.714609 0.600000 0.696063 0.577521 0.672469 0.559542 0.660672 0.573042 0.653937 0.588771 0.635391 0.588771 0.601687 0.550563 0.579781 0.546062 0.559547 0.564042 0.527531 0.611229 0.557859 0.617979 0.588203 0.631458 0.601687 0.683146 0.613484 0.696625 0.610109 0.714604 0.615172 0.732583 0.611797 0.750562 0.556188 0.737083 0.594938 0.773042 0.606734 0.811229
0 1 1 0.672469 0.085021 0.672469 0.085021 0.672469 0.010854 0.635391 0.001875 0.635391 0.001875 0.621906 0.013104 0.620219 0.053562 0.615172 0.078271 0.615172 0.085021 0.600000 0.109729 0.584828 0.152437 0.586516 0.163667 0.588203 0.168167 0.626969 0.237833 0.655625 0.311979 0.680906 0.345687 0.682578 0.352437 0.682578 0.287271 0.680906 0.235583 0.697750 0.188396 0.712922 0.186146 0.694375 0.098500 0.687641 0.087271
56 1 0 0.008031 0.749667 0.043359 0.719688 0.049781 0.700417 0.059422 0.696146 0.065844 0.696146 0.078688 0.691854 0.102781 0.676875 0.117234 0.676875 0.136516 0.666167 0.154172 0.655458 0.167031 0.655458 0.216812 0.631896 0.234469 0.623333 0.226453 0.681146 0.179875 0.726125 0.165422 0.801063 0.170234 0.893146 0.173453 0.899563 0.104391 0.950958 0.081906 0.970229 0.046578 0.935958 0.009641 0.927396 0.000000 0.927396 0.001609 0.756104
