72 1 1 0.126563 0.506831 0.093484 0.355282 0.240125 0.357770 0.247297 0.356925 0.250609 0.361080 0.257766 0.800094 0.255562 0.800094 0.253906 0.832394 0.170109 0.858897 0.159641 0.584742 0.158531 0.571667 0.154125 0.563380 0.153578 0.558404 0.149719 0.545986 0.153578 0.528592 0.152469 0.509554 0.142547 0.497113 0.130969 0.503756
69 1 1 0.379891 0.773521 0.376078 0.563873 0.377344 0.546643 0.393922 0.530352 0.444891 0.528451 0.508609 0.533239 0.509250 0.535141 0.509250 0.546643 0.505422 0.565775 0.506063 0.583005 0.507344 0.628967 0.465281 0.639484 0.454453 0.665352 0.456359 0.688310 0.457000 0.783099 0.380531 0.783099
45 1 1 0.760813 0.656925 0.757203 0.642887 0.759609 0.629742 0.764141 0.630657 0.769266 0.631549 0.779203 0.634718 0.787953 0.634272 0.794281 0.633826 0.799703 0.632911 0.804828 0.630211 0.805125 0.636995 0.805125 0.650587 0.803625 0.658286 0.801516 0.661901 0.797297 0.665070 0.789453 0.665986 0.774687 0.664155 0.762328 0.660540
47 1 1 0.739688 0.399014 0.730359 0.391315 0.715547 0.387183 0.703641 0.393779 0.689734 0.409178 0.687547 0.410845 0.682422 0.413028 0.680047 0.421831 0.687359 0.447394 0.690844 0.450704 0.732016 0.452629 0.744812 0.428427 0.743719 0.413850 0.740063 0.402864
39 1 1 0.474312 0.202700 0.462656 0.201878 0.462109 0.182300 0.464328 0.161033 0.469875 0.160634 0.470984 0.165634 0.470984 0.182300
47 1 1 0.711016 0.315211 0.703906 0.307183 0.695594 0.307183 0.690844 0.309413 0.686984 0.317441 0.687281 0.326362 0.688172 0.331690 0.693219 0.338380 0.703313 0.341948 0.708047 0.337934 0.716062 0.336596 0.724078 0.340610 0.729719 0.336150 0.734172 0.328122 0.733578 0.321009 0.732688 0.317887 0.729125 0.308967 0.721703 0.304507 0.715172 0.305399 0.710422 0.313427
39 1 1 0.629781 0.693169 0.641437 0.690986 0.644359 0.658146 0.644359 0.645023 0.641922 0.634085 0.641922 0.617300 0.643875 0.611479 0.638531 0.605634 0.637078 0.599812 0.634641 0.600540 0.634641 0.605634 0.630281 0.607089 0.627359 0.609296 0.628328 0.613662 0.629781 0.618052 0.629781 0.623873 0.629781 0.628991 0.627844 0.637723 0.626391 0.647934 0.625906 0.651596 0.625906 0.671291 0.627844 0.686596
39 1 1 0.450547 0.170329 0.453250 0.167277 0.453250 0.163216 0.453250 0.160164 0.451906 0.154061 0.458000 0.155070 0.458000 0.162207 0.462063 0.171362 0.462063 0.181526 0.462063 0.190681 0.463406 0.201878 0.463406 0.204930 0.457312 0.205939 0.452578 0.206948 0.450547 0.206948 0.449188 0.190681 0.449188 0.186620 0.449188 0.179484 0.449188 0.171362 0.450547 0.166268
39 1 1 0.644047 0.689671 0.644656 0.645000 0.644047 0.638286 0.644453 0.619930 0.659312 0.620235 0.659719 0.654178 0.659516 0.685704 0.658500 0.691502 0.656266 0.692136 0.653000 0.693357 0.651172 0.693357 0.649141 0.693052
39 1 1 0.570125 0.178826 0.568828 0.147582 0.562531 0.147911 0.562312 0.158967 0.561453 0.160915 0.560375 0.181103 0.556031 0.189577 0.559281 0.190869 0.569687 0.187606
39 1 1 0.447219 0.144249 0.447219 0.200235 0.436625 0.198615 0.440250 0.139014
39 1 1 0.541984 0.195587 0.541797 0.193099 0.545094 0.179366 0.545453 0.157371 0.548937 0.156549 0.550766 0.157371 0.550766 0.172207 0.550766 0.178263 0.553687 0.192559
39 1 1 0.473687 0.198920 0.475234 0.184601 0.476984 0.176408 0.478156 0.156268 0.483797 0.157418 0.482828 0.179930 0.485547 0.189272 0.486125 0.203873 0.474844 0.201831
39 1 1 0.516219 0.544131 0.516219 0.515986 0.517641 0.501056 0.521047 0.493380 0.521047 0.488685 0.521609 0.483122 0.528141 0.486972 0.527578 0.491667 0.528703 0.501901 0.527578 0.510869 0.529563 0.517254 0.528984 0.537746 0.528984 0.545845 0.524172 0.546268 0.521047 0.546268 0.518484 0.546268 0.516781 0.545845
39 1 1 0.643766 0.118967 0.642500 0.124906 0.642969 0.128944 0.641547 0.132042 0.640906 0.137746 0.642016 0.141549 0.640594 0.147746 0.639328 0.152981 0.638687 0.164624 0.653266 0.161784 0.651672 0.148216 0.652313 0.140845 0.652469 0.136808 0.651672 0.129437 0.651828 0.123239 0.650406 0.118005 0.646297 0.116596
68 0 1 0.394891 0.438192 0.516047 0.440446 0.511562 0.341573 0.393391 0.348310
