58 1 1 0.178438 0.430329 0.179516 0.401976 0.171438 0.397906 0.173047 0.383318 0.184359 0.379271 0.180594 0.368729 0.174125 0.372776 0.171969 0.362259 0.182750 0.341976 0.201047 0.313624 0.202125 0.298212 0.184359 0.307929 0.180594 0.298212 0.187047 0.283624 0.194578 0.259294 0.173594 0.274706 0.174125 0.228494 0.167672 0.233365 0.161750 0.265788 0.158516 0.273082 0.142906 0.271459 0.147219 0.284424 0.146672 0.303082 0.135906 0.312800 0.132141 0.335506 0.143984 0.349271 0.142906 0.365482 0.140750 0.376847 0.152594 0.379271 0.168203 0.376847 0.165516 0.397106 0.159063 0.399529 0.161203 0.427106
0 1 1 0.862813 0.089412 0.851562 0.100706 0.851094 0.113412 0.864219 0.131765 0.865625 0.162800 0.864219 0.181859 0.868906 0.226306 0.869844 0.236894 0.875469 0.223482 0.878281 0.152212 0.882500 0.161388 0.890453 0.149388 0.894672 0.102824 0.889984 0.088706 0.884375 0.082376 0.882500 0.082376 0.883438 0.069671 0.880625 0.056965 0.873125 0.054847 0.865156 0.061906 0.867031 0.079553 0.867969 0.084494
0 1 1 0.982359 0.368471 0.991797 0.335553 0.993078 0.309741 0.994359 0.301365 0.996937 0.292965 0.999516 0.277482 0.999516 0.260706 0.999516 0.252306 0.990078 0.244565 0.990938 0.234894 0.990938 0.226494 0.985797 0.216824 0.982359 0.216824 0.978516 0.221341 0.975516 0.231012 0.977219 0.240706 0.970797 0.249082 0.964375 0.258776 0.964375 0.282635 0.964375 0.294918 0.963078 0.314918 0.965656 0.331694 0.973375 0.356212 0.975937 0.366541 0.981516 0.368471
0 1 1 0.497938 0.382000 0.497938 0.361412 0.495453 0.348306 0.495453 0.315529 0.494219 0.305247 0.494828 0.286518 0.506641 0.274353 0.503531 0.256565 0.505406 0.250941 0.510375 0.249059 0.515344 0.249059 0.516594 0.264047 0.516594 0.275294 0.524672 0.276212 0.530891 0.286518 0.531516 0.290259 0.521562 0.316471
58 1 1 0.280016 0.420424 0.278969 0.402282 0.277922 0.399529 0.277922 0.397953 0.280547 0.395976 0.284219 0.395576 0.284219 0.393600 0.276875 0.390071 0.274266 0.384941 0.271906 0.379812 0.270078 0.372329 0.268766 0.368376 0.271906 0.373106 0.274000 0.369553 0.273219 0.362847 0.273734 0.358518 0.277672 0.359694 0.272687 0.347882 0.271375 0.329341 0.262484 0.308847 0.271375 0.315929 0.268234 0.304894 0.274000 0.304894 0.282109 0.325788 0.277922 0.305294 0.275578 0.289812 0.280016 0.292188 0.283953 0.299271 0.287094 0.306776 0.288141 0.317012 0.288141 0.319788 0.292328 0.312682 0.294688 0.307153 0.297563 0.307553 0.303062 0.307553 0.295469 0.322941 0.298609 0.324918 0.295734 0.334376 0.302016 0.327671 0.303328 0.335553 0.299406 0.350541 0.298609 0.358824 0.298094 0.363553 0.294156 0.371435 0.294156 0.374988 0.296000 0.377741 0.293109 0.387694 0.289187 0.393224 0.289969 0.394800 0.296250 0.394800 0.295203 0.418047 0.292062 0.420024
0 1 1 0.722141 0.301529 0.718672 0.284094 0.719047 0.267224 0.729859 0.256776 0.733719 0.253859 0.736422 0.242824 0.742594 0.237012 0.743750 0.237600 0.745297 0.246306 0.754938 0.255035 0.757641 0.270141 0.757641 0.296871 0.757266 0.323600 0.747219 0.326518 0.745297 0.318376 0.747219 0.307906 0.734875 0.306165 0.729859 0.306165
58 1 1 0.428641 0.405906 0.431234 0.432306 0.451375 0.431318 0.453969 0.400024 0.446828 0.398071 0.444875 0.399059 0.446172 0.362847 0.446172 0.355035 0.456563 0.343294 0.454609 0.319812 0.450719 0.307106 0.446172 0.305153 0.454609 0.294376 0.453969 0.288518 0.444219 0.291459 0.444219 0.280682 0.450063 0.273835 0.448766 0.249388 0.442281 0.255271 0.444875 0.238635 0.449422 0.235694 0.448766 0.228847 0.442922 0.234729 0.437078 0.208306 0.428641 0.211247 0.428641 0.221035 0.421484 0.210259 0.417594 0.212212 0.426031 0.235694 0.417594 0.234729 0.415641 0.234729 0.412391 0.251341 0.426687 0.286565 0.418234 0.283624 0.416938 0.297318 0.426687 0.303200 0.425391 0.312000 0.422781 0.326659 0.424734 0.335459 0.416938 0.326659 0.418891 0.356000 0.416297 0.369694 0.436422 0.394165 0.435781 0.403929
0 1 0 0.803234 0.169647 0.798594 0.159412 0.799828 0.147765 0.803234 0.143106 0.812500 0.142635 0.814047 0.146824 0.814359 0.159859 0.816828 0.166847 0.825484 0.180353 0.826719 0.198965 0.827953 0.220376 0.825797 0.240400 0.824875 0.240871 0.816516 0.241812 0.808172 0.235741 0.801984 0.222259 0.802297 0.208753 0.800141 0.202235 0.795812 0.199906 0.798594 0.185482 0.801375 0.176635
0 1 1 0.230656 0.343435 0.223594 0.362659 0.226281 0.377835 0.226953 0.388471 0.231656 0.387953 0.246781 0.385435 0.245766 0.421859 0.247781 0.432471 0.256516 0.428424 0.258875 0.425388 0.255844 0.415271 0.255516 0.386447 0.255516 0.379859 0.263906 0.383906 0.268281 0.384424 0.269281 0.376329 0.265594 0.371765 0.266937 0.365694 0.260219 0.349506 0.251813 0.340400 0.248453 0.338376 0.248797 0.332824 0.250141 0.327247 0.247781 0.318659 0.244094 0.315624 0.236031 0.319153 0.235687 0.331294 0.234016 0.338894 0.233344 0.342424
0 1 1 0.835016 0.179694 0.833594 0.167741 0.834703 0.161035 0.845672 0.160565 0.846781 0.170118 0.846141 0.179224 0.847422 0.181624 0.852344 0.184965 0.853297 0.186871 0.854891 0.197647 0.856156 0.206494 0.856469 0.207694 0.854094 0.208894 0.854562 0.212729 0.853453 0.225741 0.853453 0.228612 0.852812 0.236729 0.852656 0.238894 0.851062 0.238894 0.845031 0.239859 0.842484 0.239859 0.840266 0.239600 0.836125 0.240329 0.833750 0.238424 0.832000 0.230753 0.831688 0.224541 0.832312 0.216400 0.832312 0.212800 0.832312 0.209224 0.828828 0.207059 0.826594 0.207788 0.825641 0.206588 0.826281 0.197976 0.827875 0.192941 0.828500 0.188400 0.833438 0.181859
0 1 1 0.987266 0.215835 0.982578 0.183553 0.980563 0.173482 0.974531 0.168094 0.972516 0.165412 0.972516 0.156329 0.972297 0.148588 0.968734 0.144235 0.964266 0.142353 0.959578 0.150776 0.959125 0.161859 0.956672 0.166918 0.949531 0.178682 0.947516 0.191106 0.949078 0.203882 0.950422 0.205906 0.975875 0.205647 0.975875 0.223129 0.978328 0.222118 0.981453 0.217412 0.986594 0.214047
0 1 0 0.105609 0.370329 0.105609 0.363976 0.106547 0.356188 0.109828 0.349812 0.116875 0.353365 0.119703 0.357600 0.121578 0.366094 0.123453 0.376000 0.130500 0.380235 0.133797 0.388024 0.137078 0.395788 0.135203 0.409224 0.134734 0.422682 0.109359 0.429741 0.098563 0.424800 0.099500 0.383765 0.101844 0.376000
58 1 1 0.463844 0.401435 0.463844 0.414753 0.468750 0.432494 0.480531 0.435459 0.480531 0.402918 0.475625 0.392565 0.480531 0.385176 0.477594 0.354094 0.482500 0.323035 0.484469 0.302329 0.486437 0.287529 0.478578 0.284565 0.479563 0.225412 0.472687 0.229835 0.467766 0.284565 0.457937 0.294941 0.461875 0.336353 0.461875 0.376282 0.463844 0.389600 0.469734 0.401435 0.463844 0.399953
36 1 2 0.876234 0.184118 0.876406 0.175976 0.877391 0.157129 0.878281 0.154847 0.879969 0.154306 0.882625 0.155506 0.886984 0.158188 0.887516 0.164871 0.887516 0.166612 0.887594 0.167953 0.891594 0.171694 0.891859 0.175294 0.890531 0.176776 0.888219 0.177435 0.887594 0.188800 0.886531 0.210729 0.886359 0.217153 0.890266 0.217812 0.891063 0.222094 0.889469 0.223153 0.887594 0.224894 0.889109 0.239059 0.886359 0.240541 0.879516 0.240282 0.875266 0.236800 0.875344 0.230235 0.875438 0.197082
13 1 1 0.243672 0.391576 0.187562 0.396141 0.185281 0.429247 0.182625 0.426965 0.180359 0.374447 0.180359 0.354447 0.223578 0.351035 0.228125 0.351035 0.224719 0.357318 0.223203 0.364729 0.222813 0.372165 0.225094 0.375576 0.225844 0.377294 0.225844 0.383576 0.226234 0.386988 0.245937 0.386988 0.253531 0.389859 0.255422 0.385859 0.259219 0.386424 0.262250 0.384706 0.262250 0.384141 0.266031 0.384141 0.266422 0.421247 0.261875 0.421247 0.261875 0.389859
36 1 2 0.658094 0.595506 0.640188 0.555059 0.622281 0.561788 0.620781 0.555059 0.620781 0.539318 0.629734 0.537082 0.622281 0.528094 0.619297 0.501129 0.622281 0.476400 0.626750 0.467412 0.629734 0.460682 0.635703 0.456188 0.643172 0.456188 0.741656 0.638212 0.737188 0.680894 0.704359 0.687647 0.699875 0.674165 0.689438 0.674165 0.677500 0.662918 0.683469 0.649435 0.684953 0.647200 0.656594 0.597741
0 1 0 0.596906 0.013106 0.607359 0.044565 0.622281 0.064800 0.644656 0.078282 0.668547 0.085012 0.684953 0.080518 0.695406 0.060306 0.701375 0.037835 0.726734 0.035576 0.747625 0.049059 0.752109 0.085012 0.752109 0.105247 0.743156 0.134447 0.740172 0.141200 0.749125 0.161412 0.765531 0.190635 0.811797 0.228847 0.828219 0.258047 0.847609 0.276024 0.849109 0.298494 0.828219 0.298494 0.767031 0.262541 0.720766 0.242329 0.698391 0.282776 0.747625 0.323224 0.738672 0.428847 0.719281 0.482776 0.738672 0.529953 0.701375 0.532212 0.668547 0.494000 0.684953 0.440071 0.701375 0.379412 0.629734 0.336706 0.617797 0.363671 0.590937 0.413106 0.561094 0.417600 0.540203 0.377153 0.570047 0.356918 0.589453 0.307482 0.584969 0.258047 0.598406 0.213106 0.611828 0.152424 0.571547 0.055812 0.564078 0.010871
