77 1 1 0.890594 0.793929 0.872141 0.819031 0.868297 0.839107 0.859844 0.844133 0.849844 0.839107 0.843688 0.829082 0.841375 0.820281 0.842922 0.800204 0.846766 0.793929 0.846766 0.793929 0.840609 0.787653 0.833687 0.796429 0.819859 0.800204 0.813703 0.798954 0.799859 0.790153 0.796781 0.776352 0.796781 0.765051 0.796781 0.758776 0.802938 0.753750 0.816781 0.751250 0.822156 0.749974 0.829078 0.743699 0.832922 0.733674 0.835234 0.724872 0.832922 0.708546 0.822922 0.701020 0.826766 0.688469 0.832156 0.683444 0.840609 0.680944 0.846766 0.680944 0.844453 0.667143 0.849078 0.659592 0.856766 0.658342 0.875219 0.658342 0.882141 0.660842 0.889828 0.670893 0.899047 0.679694 0.904438 0.685969 0.908281 0.693495 0.909813 0.698520 0.905969 0.712321 0.898281 0.727398 0.897516 0.728648 0.895969 0.737423 0.897516 0.743699 0.902891 0.753750 0.905969 0.767551 0.906734 0.777602 0.901359 0.786403 0.893672 0.790153 0.889828 0.790153
77 1 1 0.347031 0.291352 0.341438 0.292500 0.336891 0.295357 0.331984 0.296505 0.328500 0.301071 0.325344 0.309056 0.324641 0.314770 0.324297 0.327321 0.326391 0.342168 0.326047 0.343878 0.321156 0.344439 0.315906 0.345587 0.314859 0.346735 0.312063 0.353010 0.311359 0.358163 0.310656 0.372423 0.309266 0.378699 0.306469 0.387270 0.304359 0.390689 0.303312 0.391276 0.293531 0.393546 0.280937 0.383852 0.276734 0.376429 0.275688 0.360995 0.276734 0.347883 0.278484 0.341020 0.283375 0.334184 0.284781 0.331327 0.273234 0.321046 0.272891 0.310765 0.272891 0.310765 0.283031 0.290791 0.287922 0.284515 0.295969 0.271378 0.298063 0.267372 0.300859 0.262245 0.296672 0.248546 0.294578 0.244541 0.290031 0.230842 0.288984 0.210281 0.291781 0.200000 0.300516 0.193724 0.313453 0.193163 0.327797 0.192577 0.337234 0.192015 0.341438 0.192015 0.346328 0.188010 0.348078 0.188597 0.352266 0.193724 0.357859 0.196582 0.364516 0.200587 0.365906 0.211429 0.362766 0.225689 0.359969 0.232551 0.353328 0.249107 0.354016 0.289082 0.372141 0.311556 0.374297 0.312347 0.376109 0.313444 0.378766 0.315867 0.380078 0.318852 0.384219 0.326939 0.384875 0.332602 0.385219 0.335842 0.385219 0.337194 0.383891 0.341250 0.379594 0.339898 0.373797 0.337474 0.370328 0.337474 0.369656 0.336658 0.370656 0.331531 0.371813 0.326684 0.372469 0.323980 0.372641 0.320740
77 1 0 0.832203 0.582270 0.833344 0.553189 0.842547 0.540051 0.847141 0.509082 0.840813 0.488444 0.842547 0.467806 0.852891 0.455587 0.866109 0.456531 0.873000 0.456531 0.880469 0.432143 0.902891 0.435893 0.926453 0.455587 0.932766 0.457474 0.932766 0.484694 0.929328 0.495944 0.945422 0.513775 0.946562 0.537219 0.945422 0.568189 0.939094 0.601046 0.932766 0.612296 0.936797 0.632934 0.941969 0.668597 0.927031 0.716454 0.909781 0.753036 0.903469 0.754923 0.896562 0.729592 0.907484 0.717372 0.910359 0.699566 0.908062 0.689235 0.891391 0.676097 0.873578 0.659209 0.859203 0.659209 0.842547 0.660153 0.845984 0.674235 0.841391 0.677985 0.837375 0.674235 0.833922 0.652653 0.824156 0.650765 0.824156 0.635740 0.829328 0.621684 0.829906 0.610408 0.833922 0.604796 0.835641 0.598214 0.831625 0.587908
77 1 0 0.658078 0.467704 0.657672 0.450918 0.661234 0.436709 0.662031 0.430918 0.659656 0.418648 0.657672 0.414133 0.661625 0.399286 0.672297 0.397347 0.676656 0.401862 0.679016 0.407041 0.679016 0.410918 0.680609 0.414770 0.686531 0.413495 0.698000 0.418010 0.707484 0.427041 0.712625 0.434133 0.716172 0.441888 0.718156 0.448980 0.718938 0.463189 0.718938 0.472219 0.718547 0.483827 0.714594 0.492219 0.718547 0.496097 0.725672 0.506429 0.726062 0.514158 0.726453 0.518673 0.726453 0.525128 0.724875 0.531582 0.718547 0.543852 0.720125 0.557398 0.723297 0.569668 0.721719 0.573520 0.724484 0.586429 0.722500 0.598061 0.710641 0.610306 0.704719 0.613546 0.699188 0.612908 0.692469 0.604515 0.688906 0.596122 0.686922 0.589031 0.686922 0.580638 0.687719 0.570944 0.688109 0.568367 0.686922 0.566429 0.682187 0.563214 0.681797 0.563214 0.678625 0.563214 0.668344 0.567730 0.662813 0.572245 0.650172 0.575459 0.639891 0.567730 0.638703 0.548367 0.635141 0.534158 0.637125 0.526429 0.635141 0.517398 0.633969 0.510281 0.633563 0.506429 0.646219 0.484464 0.654125 0.477372 0.658469 0.471556 0.658078 0.468342
77 1 0 0.789375 0.645128 0.796094 0.651582 0.798063 0.664490 0.798063 0.669643 0.798469 0.674158 0.797281 0.687730 0.806766 0.687066 0.812297 0.680612 0.816641 0.668367 0.824547 0.677398 0.830078 0.679974 0.834031 0.681275 0.838781 0.674821 0.835219 0.659337 0.827312 0.651582 0.824547 0.644490 0.824156 0.635459 0.830078 0.622551 0.830078 0.608980 0.836016 0.603827 0.832844 0.583827 0.815859 0.560587 0.810328 0.560587 0.807547 0.560587 0.804781 0.557372 0.802422 0.556709 0.798063 0.564464 0.798859 0.567041 0.792141 0.572857 0.788578 0.583189 0.787797 0.583827 0.778297 0.566403 0.773953 0.565765 0.768813 0.569617 0.767625 0.577372 0.767625 0.587041 0.777125 0.608342 0.782250 0.612857 0.782250 0.618674 0.783047 0.625765 0.781078 0.627704 0.780281 0.629643 0.777125 0.639311 0.768422 0.625765 0.755375 0.643827 0.754984 0.632857 0.755375 0.627704 0.759734 0.623827 0.765656 0.627066
77 1 0 0.764359 0.791378 0.782531 0.761709 0.791922 0.745434 0.796031 0.710000 0.798953 0.658316 0.794859 0.646811 0.780187 0.628622 0.777266 0.620026 0.769047 0.620969 0.748531 0.665000 0.746188 0.675536 0.733281 0.671709 0.725656 0.687041 0.722141 0.695638 0.721563 0.701403 0.715109 0.714796 0.719219 0.738724 0.729187 0.743520 0.737391 0.744464 0.740328 0.776071 0.749703 0.793291 0.759672 0.797117
77 1 1 0.368875 0.416913 0.342562 0.429337 0.316938 0.428214 0.307250 0.406735 0.310703 0.351327 0.323875 0.343418 0.328016 0.308367 0.333562 0.298189 0.346719 0.291403 0.365422 0.294796 0.369578 0.320791 0.365422 0.345663 0.364719 0.349056 0.373719 0.373929
77 1 0 0.437844 0.448469 0.457266 0.423903 0.453297 0.412908 0.456078 0.399974 0.458047 0.395434 0.450922 0.381199 0.454484 0.364388 0.452500 0.352092 0.444187 0.348214 0.441016 0.343036 0.443000 0.331403 0.448156 0.324949 0.443391 0.295842 0.436266 0.293903 0.425562 0.285485 0.415266 0.286122 0.406547 0.280944 0.398625 0.295842 0.400609 0.315893 0.401797 0.321709 0.398234 0.335281 0.398625 0.354694 0.394672 0.370204 0.388719 0.371505 0.383172 0.380561 0.385562 0.409668 0.393078 0.425842 0.400609 0.432959 0.423594 0.416122 0.424781 0.435536
77 1 0 0.509734 0.490153 0.504375 0.479515 0.495188 0.472015 0.484469 0.466403 0.473375 0.464515 0.462641 0.467653 0.456141 0.464515 0.451547 0.448903 0.454984 0.436378 0.461875 0.432015 0.462641 0.427015 0.456141 0.420765 0.454984 0.410128 0.460734 0.397015 0.467625 0.388878 0.467625 0.375765 0.467250 0.360740 0.462641 0.351990 0.464187 0.338878 0.467250 0.331378 0.468391 0.322628 0.475281 0.326378 0.477969 0.331378 0.483703 0.313240 0.492516 0.303240 0.498641 0.308878 0.501703 0.325740 0.504000 0.333240 0.509734 0.335128 0.517016 0.341990 0.520469 0.345740 0.517781 0.353878 0.514719 0.361378 0.514344 0.374515 0.513578 0.385765 0.513578 0.389515 0.517781 0.394515 0.520469 0.406378 0.521234 0.420765 0.521234 0.433878 0.525063 0.452653 0.525828 0.469515 0.525828 0.486403 0.520078 0.494515 0.512031 0.493903
73 1 1 0.763531 0.810510 0.887703 0.944745 0.887703 0.966658 0.864219 0.994056 0.577266 0.994056
77 1 0 0.190563 0.417883 0.169172 0.424235 0.153609 0.398827 0.140000 0.392475 0.153609 0.376607 0.165281 0.373444 0.178891 0.316301 0.173063 0.313112 0.161391 0.313112 0.159438 0.290893 0.165281 0.271862 0.161391 0.246454 0.188609 0.224235 0.217781 0.195663 0.233328 0.186148 0.237219 0.148036 0.237219 0.132168 0.246937 0.125816 0.260562 0.113112 0.281938 0.119464 0.280000 0.144872 0.287781 0.157577 0.289719 0.167092 0.278063 0.179796 0.266391 0.202015 0.266391 0.211531 0.285828 0.246454 0.287781 0.281378 0.272219 0.313112 0.280000 0.332168 0.274172 0.363903 0.260562 0.367092 0.250828 0.386148 0.239172 0.398827 0.235281 0.417883 0.223609 0.421046 0.210000 0.427398 0.202219 0.408367 0.192500 0.405179
77 1 0 0.548516 0.474413 0.554797 0.473265 0.558281 0.460740 0.543969 0.449923 0.538750 0.438520 0.539437 0.428265 0.560031 0.437959 0.564219 0.425434 0.569453 0.419158 0.571547 0.401505 0.574687 0.391811 0.585844 0.393520 0.595969 0.392372 0.600156 0.399209 0.612359 0.407194 0.617250 0.415740 0.618297 0.429413 0.614797 0.442500 0.610266 0.456760 0.608531 0.460179 0.608875 0.473265 0.608875 0.485791 0.607828 0.504592 0.605734 0.523393 0.592469 0.542194 0.576078 0.529668 0.578172 0.518852 0.574687 0.513138 0.561422 0.515434 0.551297 0.511429 0.544672 0.487500 0.545719 0.480689
73 1 1 0.096344 0.426964 0.012391 0.615740 0.148656 0.608980 0.221594 0.624719 0.282156 0.422475 0.101859 0.424719
77 1 0 0.136063 0.102321 0.136516 0.155281 0.143375 0.172449 0.147031 0.183622 0.164844 0.185867 0.170328 0.198546 0.170781 0.218673 0.165312 0.226148 0.158453 0.229133 0.153422 0.226148 0.150234 0.218673 0.138344 0.214949 0.134234 0.233597 0.132875 0.264184 0.132875 0.300740 0.125094 0.289541 0.116422 0.279107 0.107734 0.270893 0.104547 0.258214 0.104547 0.238087 0.113672 0.199286 0.114141 0.185128 0.114141 0.176173 0.110484 0.164235 0.105906 0.159745 0.099516 0.158265 0.093125 0.159745 0.085812 0.158265 0.078953 0.156020 0.063422 0.158265 0.053828 0.161990 0.062516 0.147066 0.062516 0.131403 0.066172 0.122449 0.066625 0.114260 0.064797 0.109770 0.059313 0.102321 0.057938 0.089643 0.060219 0.075459 0.074844 0.068010 0.081703 0.070995 0.090844 0.076224 0.110484 0.073980 0.120984 0.067270 0.126922 0.068010 0.134703 0.079949 0.138344 0.088903
