57 1 0 0.843537 0.640306 0.870748 0.609694 0.882653 0.561224 0.920068 0.540816 1.000000 0.535714 0.996599 0.994898 0.731293 0.989796
58 1 1 0.580306 0.348061 0.575340 0.403980 0.585272 0.403980 0.590748 0.403265 0.595714 0.403265 0.599218 0.406990 0.596224 0.415918 0.599694 0.442755 0.606667 0.443520 0.615102 0.443520 0.619592 0.439796 0.619592 0.423367 0.619592 0.412959 0.629524 0.411429 0.638469 0.411429 0.653401 0.411429 0.659388 0.406224 0.660374 0.381633 0.660374 0.373418 0.656871 0.348776 0.644456 0.327908 0.633027 0.326429 0.623571 0.326429 0.615612 0.336122 0.615612 0.324184 0.606667 0.324184 0.598197 0.333878 0.597721 0.345051 0.597721 0.345816
58 1 1 0.576531 0.688776 0.569728 0.755102 0.532313 0.747449 0.523810 0.698980 0.503401 0.711735 0.489796 0.655612 0.494898 0.602041 0.500000 0.579082 0.506803 0.533163 0.506803 0.533163 0.503401 0.530612 0.547619 0.533163 0.588435 0.576531 0.617347 0.637755 0.637755 0.653061 0.564626 0.683673
73 1 0 0.807483 0.270000 0.821667 0.267551 0.821020 0.259847 0.829728 0.259847 0.831667 0.267092 0.836803 0.266122 0.837789 0.260816 0.849388 0.260816 0.854864 0.262245 0.854218 0.290255 0.801361 0.289286 0.802313 0.266122
73 1 0 0.809524 0.215357 0.853946 0.213112 0.854660 0.239745 0.813231 0.245306
58 1 1 0.766258 0.412398 0.765068 0.397245 0.762687 0.389286 0.758844 0.375459 0.754966 0.360357 0.755578 0.346122 0.762687 0.338571 0.764456 0.326122 0.764456 0.311429 0.775136 0.308316 0.793333 0.335408 0.803401 0.336990 0.807653 0.354490 0.803946 0.379184 0.789082 0.386327 0.788027 0.406224 0.788027 0.407857 0.788027 0.407857
58 1 1 0.906463 0.314031 0.904762 0.334439 0.911565 0.352296 0.913265 0.367602 0.904762 0.393112 0.903061 0.410969 0.926871 0.416071 0.959184 0.410969 0.955782 0.365051 0.962585 0.329337 0.969388 0.314031 0.960884 0.311480 0.937075 0.311480 0.911565 0.311480
73 1 0 0.822585 0.170408 0.822959 0.197398 0.831769 0.193316 0.829830 0.167755 0.822381 0.168673
73 1 0 0.893435 0.336633 0.899082 0.336633 0.901599 0.307500 0.901599 0.305612 0.894694 0.305612 0.891565 0.331939 0.891565 0.333827
73 1 0 0.875034 0.266378 0.877279 0.261327 0.880646 0.261327 0.880646 0.295000 0.873912 0.295000 0.871667 0.268061
73 1 0 0.909694 0.265561 0.903571 0.265255 0.903367 0.294643 0.909490 0.294337
73 1 0 0.904898 0.264082 0.897279 0.266429 0.897279 0.292755 0.902517 0.291939
73 1 0 0.917313 0.265102 0.909966 0.265714 0.911259 0.294847 0.917313 0.293520
73 1 0 0.925000 0.157449 0.925510 0.182959 0.927925 0.182143 0.926327 0.153827
56 1 0 0.777211 0.476633 0.767007 0.520000 0.770408 0.540408 0.761905 0.545510 0.765306 0.461327 0.768707 0.425612 0.780612 0.443469 0.780612 0.415408 0.823129 0.423061 0.835034 0.430714 0.840136 0.366939 0.913265 0.354184 0.880952 0.512347 0.886054 0.573571 0.879252 0.576122 0.874150 0.489388 0.829932 0.504694 0.831633 0.578673 0.824830 0.553163 0.823129 0.489388
