8 1 0 0.405562 0.307757 0.418453 0.307196 0.417719 0.304065 0.414734 0.302944 0.411016 0.292009 0.411016 0.282921 0.409281 0.291262 0.405328 0.302196 0.404328 0.304603 0.405438 0.308505
8 1 0 0.441750 0.301752 0.439078 0.302126 0.436312 0.301636 0.435266 0.301192 0.436438 0.298505 0.438562 0.298248 0.439781 0.297804 0.441625 0.290748 0.442078 0.293692 0.442203 0.295748 0.442500 0.298061 0.444547 0.298878 0.444516 0.300117 0.443844 0.301565 0.441703 0.301869
8 1 1 0.642531 0.297220 0.641422 0.298528 0.638594 0.298738 0.637219 0.298738 0.636578 0.296752 0.637625 0.294696 0.639500 0.289836 0.639500 0.296332
25 1 1 0.305172 0.360537 0.293219 0.359696 0.229438 0.367780 0.288094 0.320935 0.290937 0.319673 0.299203 0.307313 0.302906 0.307313 0.305750 0.304766 0.309172 0.306051 0.312016 0.305607 0.322547 0.315421 0.374078 0.338832 0.360703 0.353738 0.309453 0.359252 0.315141 0.446122 0.312578 0.447827
0 1 0 0.224125 0.608762 0.217359 0.608388 0.223641 0.613108 0.221953 0.617079 0.213984 0.614182 0.211328 0.614182 0.210109 0.612383 0.209625 0.608388 0.206250 0.593949 0.204312 0.581659 0.203594 0.569743 0.204563 0.558528 0.204797 0.552757 0.204563 0.546262 0.201891 0.543364 0.200938 0.542640 0.199328 0.536612 0.195656 0.537407 0.195125 0.532687 0.194078 0.513855 0.190937 0.500841 0.192625 0.486752 0.195531 0.471939 0.198437 0.464696 0.201094 0.459650 0.207859 0.453154 0.209063 0.449533 0.207859 0.443738 0.209063 0.433271 0.209313 0.431472 0.218000 0.428575 0.220906 0.429650 0.221141 0.432921 0.223312 0.440491 0.222359 0.444112 0.220656 0.449883 0.217766 0.453505 0.219703 0.458925 0.224281 0.462547 0.225016 0.470841 0.229125 0.491075 0.228875 0.495421 0.224531 0.500841 0.222109 0.500841 0.222359 0.510958 0.224047 0.520000 0.225719 0.539393 0.222234 0.539813 0.221375 0.556893 0.221375 0.570958 0.219094 0.579089 0.218234 0.587617 0.217375 0.597009 0.220234 0.602547 0.224516 0.603411 0.225938 0.605537 0.226250 0.607850
32 0 1 0.652953 0.510210 0.651641 0.492196 0.654531 0.476145 0.658719 0.466332 0.666062 0.460070 0.670516 0.456542 0.677328 0.455374 0.687016 0.457336 0.693563 0.462430 0.701172 0.471051 0.702734 0.478481 0.705359 0.491799 0.705359 0.505117 0.701172 0.515701 0.692266 0.523925 0.689109 0.525491 0.687797 0.535678 0.685703 0.536869 0.681781 0.525888 0.676797 0.525888 0.676797 0.530981 0.678641 0.537640 0.672344 0.531379 0.668156 0.526285 0.666062 0.526682 0.665531 0.529019 0.663172 0.524720 0.661609 0.522757 0.659500 0.522757 0.658453 0.523154 0.656891 0.523154
0 1 1 0.536516 0.633411 0.539328 0.633411 0.542844 0.626051 0.546719 0.557710 0.547422 0.534556 0.552688 0.527734 0.557969 0.498294 0.557266 0.493551 0.545313 0.476215 0.541094 0.471472 0.533359 0.469369 0.530891 0.469369 0.530000 0.467033 0.530000 0.463878 0.532109 0.463575 0.531734 0.456098 0.530375 0.454089 0.528266 0.449206 0.522500 0.447196 0.517109 0.450631 0.515953 0.461285 0.517875 0.468481 0.521141 0.471636 0.520953 0.475678 0.515188 0.479112 0.512109 0.486893 0.510953 0.491495 0.510188 0.509907 0.505766 0.542103 0.505188 0.548435 0.502484 0.558505 0.503828 0.559650 0.506531 0.557944 0.508453 0.557640 0.510563 0.556776 0.511719 0.555631 0.511141 0.548738 0.510188 0.542406 0.510563 0.538668 0.516922 0.518248 0.517484 0.511916 0.517875 0.503271 0.519422 0.502991 0.520000 0.526285 0.516922 0.531472 0.516141 0.536075 0.516922 0.546706 0.517687 0.559650 0.518453 0.570584 0.519031 0.577500 0.518453 0.600794 0.520563 0.614019 0.520375 0.619206 0.516922 0.625234 0.519031 0.628972 0.522109 0.626963 0.525766 0.624089 0.527500 0.620631 0.525766 0.615164 0.525578 0.605678 0.527297 0.582103 0.529031 0.579229 0.528844 0.562243 0.534609 0.561682 0.535000 0.577780 0.537687 0.587570 0.537313 0.611145 0.536922 0.620935 0.536922 0.624673 0.535766 0.629836
0 1 0 0.790828 0.789136 0.734312 0.777266 0.720422 0.750584 0.760094 0.743178 0.764047 0.707594 0.759094 0.697220 0.748187 0.720935 0.731328 0.725374 0.748187 0.676449 0.724391 0.633458 0.692672 0.612710 0.722406 0.532640 0.729344 0.510397 0.727359 0.470374 0.705547 0.525234 0.694641 0.545981 0.663906 0.550444 0.664906 0.528201 0.682750 0.523762 0.693656 0.516332 0.698609 0.505958 0.704563 0.491122 0.703578 0.476308 0.706547 0.457033 0.708531 0.428855 0.703578 0.390327 0.699609 0.372523 0.692672 0.353248 0.678781 0.332500 0.680766 0.310257 0.687703 0.292477 0.701594 0.295421 0.710516 0.298388 0.732328 0.319159 0.746203 0.335467 0.779922 0.342874 0.795781 0.332500 0.817594 0.341402 0.842375 0.344346 0.852297 0.381425 0.837422 0.391799 0.824531 0.379930 0.814625 0.379930 0.798750 0.397734 0.796766 0.399206 0.818578 0.511892 0.795781 0.599369 0.781906 0.643832 0.786859 0.732804 0.791813 0.774299
0 1 1 0.499891 0.429836 0.509672 0.453949 0.502344 0.481729 0.497938 0.494907 0.499891 0.513178 0.499406 0.532196 0.499406 0.546799 0.502344 0.559977 0.499406 0.558505 0.495984 0.551916 0.494031 0.540958 0.492562 0.533645 0.488641 0.526332 0.484734 0.516098 0.482781 0.521939 0.481313 0.526332 0.480828 0.539486 0.478375 0.548995 0.478375 0.555584 0.478375 0.562150 0.475453 0.566542 0.467625 0.565818 0.471531 0.555584 0.472516 0.546799 0.472516 0.532196 0.471531 0.520491 0.471531 0.506589 0.472516 0.491986 0.472516 0.490514 0.473000 0.482477 0.470062 0.478084 0.472516 0.474439 0.475938 0.462734 0.476422 0.453949 0.474953 0.441542 0.471531 0.448832 0.469578 0.434953 0.474953 0.427640 0.480328 0.423995 0.481313 0.424720 0.482781 0.421051 0.482297 0.416682 0.481313 0.407897 0.481797 0.403505 0.487672 0.397664 0.491094 0.400584 0.493047 0.412290 0.493047 0.421799
0 1 0 0.623250 0.494486 0.628656 0.480421 0.630937 0.474042 0.633203 0.465958 0.635766 0.456168 0.632641 0.446355 0.626094 0.437430 0.620687 0.429766 0.615266 0.425514 0.611562 0.423808 0.612141 0.412734 0.610141 0.407196 0.606734 0.403364 0.602734 0.405070 0.600172 0.407196 0.599047 0.418271 0.601313 0.427640 0.600469 0.432313 0.597906 0.440841 0.598188 0.454463 0.597047 0.468925 0.595625 0.484673 0.596766 0.492780 0.599891 0.501706 0.600750 0.512360 0.600750 0.522150 0.601031 0.526846 0.601031 0.527687 0.601609 0.527687 0.609859 0.513201 0.614984 0.503411 0.617828 0.500000 0.620109 0.498738
0 1 0 0.315703 0.607850 0.315703 0.607850 0.314172 0.585584 0.316469 0.567313 0.317609 0.558178 0.317609 0.546752 0.317609 0.546752 0.312266 0.529065 0.308453 0.506799 0.306156 0.478808 0.305016 0.458271 0.308453 0.449136 0.314562 0.441706 0.317609 0.424019 0.319516 0.417150 0.326766 0.417150 0.330969 0.428575 0.327156 0.445140 0.333266 0.454276 0.335938 0.475397 0.336313 0.499953 0.337078 0.521075 0.327125 0.581308 0.326500 0.592593 0.339078 0.602944 0.327125 0.607640 0.325875 0.620818 0.315172 0.615164 0.315172 0.615164
0 1 0 0.371922 0.819766 0.361422 0.814953 0.357391 0.772710 0.351734 0.764252 0.355766 0.722009 0.354156 0.661659 0.349312 0.633902 0.350125 0.586846 0.347703 0.577173 0.363031 0.551822 0.368688 0.550631 0.359812 0.540981 0.359000 0.519252 0.365453 0.509579 0.378375 0.510794 0.383219 0.528902 0.382406 0.550631 0.378375 0.555444 0.387250 0.559065 0.392094 0.607360 0.401781 0.671332 0.398547 0.680981 0.392094 0.685794 0.392906 0.753388 0.392094 0.764252 0.410656 0.783575 0.408234 0.787196 0.378375 0.783575 0.378375 0.747360 0.367875 0.776332 0.369500 0.795631 0.371922 0.810117 0.375953 0.816145
0 1 0 0.010109 0.880865 0.010797 0.873364 0.009875 0.868598 0.006016 0.840000 0.006016 0.831472 0.005328 0.826355 0.000000 0.817173 0.000000 0.779019 0.000000 0.751425 0.000000 0.740537 0.000000 0.690117 0.000000 0.671402 0.000000 0.663902 0.000312 0.663224 0.013750 0.691495 0.021500 0.707827 0.014891 0.731005 0.011250 0.737804 0.012844 0.758248 0.011016 0.769836 0.020813 0.808645 0.022406 0.823972 0.021953 0.875070 0.025594 0.878131 0.029016 0.875748 0.030375 0.874042 0.035844 0.880187 0.045422 0.887336 0.045422 0.894836 0.040406 0.895841 0.028563 0.895841 0.011250 0.893458 0.012391 0.905724 0.013750 0.915608 0.005328 0.919696 0.000000 0.920374 0.000000 0.914579 0.000000 0.905724 0.000000 0.895841
0 1 0 0.472313 0.430864 0.472313 0.423154 0.477000 0.413341 0.477938 0.402804 0.470906 0.398598 0.463406 0.413341 0.462000 0.418248 0.453078 0.423855 0.451203 0.441379 0.451203 0.465935 0.446047 0.485561 0.446984 0.510117 0.447922 0.519930 0.443703 0.531846 0.440891 0.571122 0.440891 0.577430 0.446516 0.577430 0.447922 0.571822 0.446984 0.554299 0.456844 0.521332 0.455438 0.571122 0.466688 0.573224 0.470437 0.570421 0.463875 0.560607 0.467625 0.511519 0.471375 0.485561 0.468563 0.476449 0.470437 0.446986 0.469031 0.437874 0.470437 0.431565
0 1 0 0.069766 0.617173 0.072172 0.567664 0.061953 0.536168 0.059531 0.501963 0.055328 0.476752 0.056531 0.470467 0.063750 0.456963 0.073391 0.452453 0.083609 0.458762 0.081203 0.473154 0.078203 0.474953 0.084812 0.532570 0.081203 0.557757 0.081813 0.565865 0.077000 0.602780 0.088437 0.605467 0.084812 0.610865 0.071578 0.617173
32 1 1 0.953281 0.701939 0.955812 0.689766 0.961797 0.675678 0.955641 0.662967 0.946219 0.654836 0.936266 0.652407 0.922875 0.658645 0.917266 0.671636 0.915812 0.686519 0.921062 0.701939 0.930297 0.714930 0.942609 0.718995 0.952203 0.715210
