0 1 1 0.215833 0.962288 0.211225 0.924330 0.202026 0.893284 0.215833 0.882925 0.227320 0.855327 0.227320 0.849575 0.244575 0.850735 0.266422 0.849575 0.273333 0.831176 0.273333 0.792075 0.267582 0.772533 0.265278 0.759886 0.264134 0.744935 0.251471 0.729984 0.235376 0.709281 0.210082 0.696634 0.177876 0.683971 0.169820 0.681683 0.164069 0.667876 0.167533 0.656373 0.175572 0.639134 0.177876 0.623023 0.174428 0.604624 0.166373 0.589673 0.153725 0.581634 0.138775 0.578170 0.120376 0.579330 0.101977 0.579330 0.093922 0.597729 0.089330 0.601177 0.075523 0.610376 0.074379 0.624183 0.085866 0.634526 0.089330 0.647173 0.099673 0.662124 0.104281 0.670180 0.105425 0.687435 0.095082 0.697778 0.076667 0.697778 0.066324 0.706977 0.057124 0.775980 0.054820 0.846127 0.054820 0.858775 0.060572 0.878333 0.066324 0.893284 0.055980 0.909379 0.054820 0.924330 0.058268 0.946078 0.054820 0.966781
0 1 1 0.669346 0.792369 0.687941 0.743464 0.702614 0.702369 0.749559 0.646618 0.725098 0.621193 0.729020 0.580098 0.739771 0.565441 0.730000 0.541961 0.746618 0.528268 0.775964 0.526307 0.798464 0.565441 0.835637 0.593807 0.845425 0.605539 0.828791 0.618252 0.815098 0.629020 0.821944 0.683791 0.850311 0.760082 0.852271 0.791389 0.823905 0.801160 0.809232 0.772794 0.782810 0.707271 0.736846 0.725850 0.717288 0.776716 0.705539 0.801160 0.688922 0.805082 0.684020 0.803121
0 1 0 0.937075 0.851683 0.880899 0.840457 0.833709 0.838203 0.826961 0.811242 0.862925 0.793252 0.885392 0.779771 0.903366 0.770784 0.905621 0.768546 0.903366 0.752810 0.871912 0.759542 0.862925 0.757304 0.867418 0.739330 0.876405 0.723595 0.876405 0.703366 0.878644 0.692141 0.880899 0.678644 0.894379 0.656176 0.901127 0.647189 0.934837 0.649444 0.941569 0.671912 0.968546 0.685392 0.970784 0.725850 0.970784 0.838203 0.946062 0.856176 0.941569 0.856176
34 1 1 0.791405 0.574820 0.824020 0.510735 0.838317 0.495850 0.834886 0.464379 0.823448 0.464379 0.810850 0.498137 0.795408 0.557647
0 1 0 0.400915 0.556765 0.393971 0.533660 0.383578 0.516340 0.393971 0.501324 0.398595 0.489771 0.403219 0.477059 0.414771 0.487467 0.415931 0.493235 0.421699 0.508252 0.424003 0.522124 0.437876 0.537141 0.439036 0.556765 0.433252 0.563709 0.427484 0.567173 0.422859 0.542908 0.417075 0.540605 0.421699 0.564853 0.417075 0.570637 0.408987 0.570637
35 1 0 0.847941 0.751977 0.839118 0.769265 0.843350 0.775605 0.855703 0.773497 0.859935 0.765033 0.875098 0.765735 0.890278 0.757974 0.889918 0.747026 0.883922 0.737859 0.872631 0.739624 0.868758 0.747745 0.860997 0.753742 0.855000 0.751618
34 1 1 0.169199 0.673595 0.203252 0.566977 0.223873 0.519477 0.241781 0.529346 0.242680 0.529346 0.180850 0.681667
0 1 1 0.454232 0.585229 0.456356 0.581830 0.450392 0.534150 0.448268 0.519248 0.441879 0.520523 0.440605 0.513709 0.436781 0.504771 0.441454 0.496683 0.446569 0.483480 0.457206 0.478791 0.456356 0.477092 0.455082 0.464314 0.466144 0.457925 0.473382 0.462614 0.473382 0.469428 0.469134 0.474542 0.469134 0.476242 0.481046 0.480931 0.491275 0.492843 0.495098 0.501781 0.479346 0.518824 0.479346 0.534575 0.479771 0.552451 0.481046 0.565654 0.483611 0.574592 0.481046 0.581405 0.480621 0.585229 0.475523 0.589918 0.470409 0.586520 0.455507 0.589069 0.455082 0.586520
0 1 1 0.106373 0.533709 0.110065 0.528154 0.110539 0.525376 0.111928 0.517042 0.106830 0.502696 0.107304 0.497157 0.107761 0.490212 0.108693 0.484199 0.113775 0.476797 0.114232 0.468464 0.118856 0.462908 0.125801 0.471242 0.135980 0.487892 0.136454 0.492059 0.134592 0.501781 0.137827 0.511029 0.139690 0.523987 0.140147 0.533235 0.137827 0.539248 0.126732 0.525833 0.124412 0.522141 0.110539 0.530000
0 1 0 0.636062 0.490016 0.639216 0.486209 0.640114 0.483726 0.642124 0.482157 0.643252 0.481487 0.647974 0.481029 0.649101 0.482614 0.653595 0.485082 0.658317 0.493170 0.659428 0.508676 0.656291 0.512042 0.647075 0.514510 0.640327 0.514739 0.631569 0.510703 0.629771 0.504624 0.630212 0.499461 0.632467 0.494739
0 1 1 0.098301 0.465866 0.092190 0.471797 0.080327 0.480327 0.071618 0.490523 0.066977 0.498121 0.064755 0.509052 0.083840 0.510899 0.091258 0.514984 0.091078 0.522386 0.094036 0.525359 0.095523 0.527582 0.097010 0.532222 0.100899 0.532026 0.100899 0.527761 0.102190 0.513497 0.105163 0.506634 0.102565 0.501814 0.098007 0.493039 0.098007 0.490294 0.101144 0.485605 0.103742 0.477941 0.107369 0.476127 0.108660 0.471993 0.105049 0.465784 0.101683 0.464493
0 1 0 0.580033 0.490392 0.573480 0.484788 0.577222 0.480098 0.581912 0.478235 0.588464 0.484788 0.589395 0.487582 0.600637 0.490392 0.598758 0.499755 0.593137 0.505376 0.580964 0.510997 0.567859 0.510997 0.568791 0.499755 0.577222 0.494150
0 1 0 0.227190 0.411503 0.229150 0.394363 0.232810 0.390719 0.234771 0.383137 0.238415 0.380605 0.244314 0.382010 0.245441 0.384542 0.242075 0.387631 0.242075 0.392124 0.244314 0.396046 0.246569 0.400833 0.246846 0.407010 0.244886 0.410948 0.243203 0.412908
0 1 0 0.578415 0.360114 0.578415 0.356454 0.578415 0.353170 0.579379 0.350850 0.580147 0.350278 0.589608 0.352010 0.589036 0.356062 0.588448 0.359150 0.588448 0.362435 0.591732 0.366503 0.596765 0.374216 0.596765 0.378464 0.595980 0.381552 0.595605 0.390833 0.595212 0.393529 0.593676 0.394314 0.581699 0.395278 0.579575 0.392190 0.580343 0.388317 0.580735 0.385997 0.576487 0.380016 0.573007 0.378088 0.571078 0.373840 0.573382 0.367647 0.575703 0.363987 0.577059 0.361095
0 1 0 0.669199 0.535948 0.668889 0.532843 0.668578 0.525997 0.671683 0.523513 0.676340 0.523203 0.676340 0.518546 0.679134 0.515441 0.677892 0.515441 0.677892 0.513578 0.681618 0.508922 0.688137 0.509542 0.689379 0.512647 0.690310 0.515131 0.688448 0.516062 0.689379 0.519477 0.689690 0.523823 0.696846 0.525997 0.698088 0.529118 0.697157 0.539984 0.679755 0.537500 0.679134 0.535948 0.676340 0.535637 0.671373 0.537190
0 1 0 0.387075 0.368644 0.387075 0.371732 0.385082 0.373366 0.383448 0.375359 0.383088 0.377892 0.383088 0.379167 0.388529 0.379706 0.389069 0.379167 0.391242 0.380425 0.395605 0.380065 0.398137 0.377533 0.397958 0.375719 0.395964 0.373546 0.395605 0.371912 0.395784 0.369363 0.394150 0.366830 0.391062 0.366111 0.389608 0.366111 0.388154 0.367190
