39 1 1 0.886484 0.200062 0.898219 0.141833 0.900172 0.115750 0.902125 0.100979 0.900172 0.096625 0.887141 0.093146 0.882578 0.100979 0.881266 0.110542 0.868234 0.122708 0.860406 0.159208 0.850625 0.196604 0.876047 0.199208
39 1 1 0.751063 0.338292 0.716047 0.456250 0.766734 0.464854 0.791609 0.394812 0.787000 0.343208 0.792531 0.307583 0.805875 0.268542 0.803344 0.269396 0.788766 0.270229 0.786234 0.270229 0.775469 0.293063 0.768484 0.313333 0.754547 0.334458
73 1 0 0.441094 0.278313 0.423063 0.258646 0.464453 0.131333 0.480031 0.145542
39 1 1 1.000000 0.097396 0.987031 0.133208 0.971828 0.192667 0.972844 0.196042 1.000000 0.197396
73 1 0 0.504063 0.120229 0.532453 0.121312 0.581937 0.203521 0.570578 0.232729 0.516219 0.165667 0.498375 0.145104
73 1 0 0.390906 0.213333 0.434781 0.090917 0.446266 0.108917 0.405766 0.235833
39 1 1 0.924688 0.199625 0.940187 0.147437 0.933547 0.128729 0.937234 0.111979 0.926156 0.104104 0.916562 0.109042 0.915828 0.123813 0.898094 0.143500 0.886734 0.199188
39 1 1 0.819344 0.186042 0.833406 0.128813 0.847484 0.117563 0.850297 0.102563 0.860141 0.103500 0.867188 0.104438 0.872109 0.109125 0.848891 0.199167 0.835531 0.201042 0.816531 0.201042
39 1 1 0.831312 0.134333 0.817531 0.200167 0.786531 0.196333 0.804328 0.123604 0.831312 0.125917
39 1 1 0.770281 0.140083 0.759578 0.132062 0.744203 0.131625 0.726141 0.200271 0.726484 0.206521 0.754562 0.206958 0.763594 0.157479 0.768937 0.139646
39 1 1 0.969016 0.196458 0.986734 0.131458 0.985266 0.112750 0.986000 0.094042 0.977875 0.085188 0.969016 0.085188 0.965312 0.092062 0.960891 0.101917 0.948328 0.118667 0.938734 0.157063 0.932813 0.190542 0.932813 0.193500
39 1 1 0.754266 0.203312 0.783734 0.201333 0.796266 0.144354 0.797000 0.129625 0.800687 0.108000 0.788156 0.107021 0.785937 0.118812 0.769734 0.133542 0.760156 0.148292
39 1 1 0.998547 0.782979 0.972844 0.899500 0.998547 0.918354 0.998547 0.872083
72 1 0 0.150000 0.615875 0.251125 0.334979 0.278094 0.310271 0.532578 0.312500 0.552812 0.321500 0.707859 0.510271 0.709547 0.521500 0.606734 0.982167 0.325281 0.982167 0.301688 0.986667 0.362359 0.741729
72 1 1 0.005063 0.537167 0.361484 0.751125 0.298984 0.976354 0.293922 0.987604 0.001688 0.985354 0.001688 0.539417
73 1 0 0.423203 0.261021 0.407531 0.247729 0.450250 0.116729 0.465922 0.128125 0.424625 0.255313
39 1 1 0.777234 0.828854 0.804438 0.692167 0.819859 0.666771 0.850703 0.651042 0.857063 0.615979 0.869766 0.618396 0.879734 0.626854 0.874297 0.658312 0.887000 0.687333 0.892437 0.715146 0.860688 0.862708
39 1 1 0.699891 0.793021 0.728484 0.661563 0.738344 0.643167 0.751156 0.632646 0.760031 0.628708 0.769891 0.624771 0.772844 0.612938 0.772844 0.601104 0.779750 0.594542 0.788625 0.598479 0.794531 0.603729 0.793547 0.612938 0.789609 0.620812 0.791578 0.639229 0.799469 0.656313 0.803406 0.685229 0.801437 0.701000 0.775797 0.827187 0.699891 0.794333
