3 1 0 0.087156 0.564650 0.099188 0.569159 0.103203 0.609626 0.100188 0.642593 0.093172 0.678575 0.091172 0.708551 0.077141 0.746028 0.081141 0.762523 0.077141 0.771519 0.068109 0.823972 0.067109 0.847967 0.074125 0.895935 0.087156 0.924416 0.094172 0.930421 0.116234 0.927407 0.129266 0.870444 0.197437 0.864463 0.196438 0.864463 0.180391 0.826986 0.194422 0.801495 0.200438 0.774509 0.200438 0.774509 0.200438 0.774509 0.197437 0.768528 0.171375 0.756519 0.176375 0.731051 0.186328 0.725444 0.189766 0.685234 0.177359 0.650187 0.159438 0.646051 0.161500 0.627500 0.163563 0.614112 0.166328 0.603785 0.167703 0.598645 0.174594 0.588318 0.182187 0.576986 0.183563 0.574930 0.184938 0.574930 0.189766 0.574930 0.207703 0.593481 0.215281 0.579042 0.220797 0.571822 0.229063 0.562547 0.222172 0.559463 0.186328 0.567710 0.178047 0.560491 0.173906 0.564626 0.169781 0.571822 0.161500 0.590397 0.155984 0.618224 0.154609 0.618224 0.133234 0.618224 0.116687 0.614112 0.113922 0.616168 0.109109 0.616168 0.107719 0.597617 0.104969 0.560491 0.100828 0.558435 0.092563 0.555327 0.089797 0.555327 0.083594 0.539883 0.078766 0.537804 0.062906 0.537804 0.056016 0.556379 0.060844 0.561519 0.086344 0.566682
0 1 1 0.558641 0.681776 0.564875 0.672453 0.576563 0.658481 0.588266 0.647991 0.599953 0.633995 0.616328 0.618832 0.627234 0.616495 0.631922 0.624673 0.636594 0.640981 0.642047 0.652640 0.697406 0.677126 0.695063 0.678294 0.695063 0.692266 0.673234 0.681776 0.662328 0.675958 0.651406 0.673621 0.643609 0.675958 0.661547 0.686449 0.670125 0.710935 0.672453 0.727243 0.670891 0.742407 0.677922 0.761051 0.684156 0.791355 0.684937 0.805350 0.686484 0.811168 0.684937 0.810023 0.693500 0.846145 0.695063 0.868294 0.718453 0.868294 0.732484 0.853154 0.732484 0.840327 0.727812 0.834486 0.721563 0.834486 0.714547 0.817009 0.707531 0.772710 0.705984 0.738902 0.698187 0.713271 0.706766 0.688785 0.709094 0.679463 0.704422 0.666636 0.701297 0.657313 0.685703 0.623505 0.686484 0.613014 0.666219 0.572220 0.649063 0.560561 0.647516 0.538411 0.639719 0.526752 0.629578 0.522079 0.620219 0.527921 0.615547 0.541893 0.614766 0.557056 0.614766 0.569883 0.609312 0.575701 0.601516 0.583855 0.588266 0.596682 0.580469 0.611846 0.574234 0.624673 0.564094 0.633995 0.554734 0.649135 0.543047 0.664299 0.542266 0.674790 0.540703 0.686449 0.547719 0.692266 0.553969 0.692266 0.575797 0.791355 0.570328 0.793692 0.564094 0.820514 0.560984 0.834486 0.553187 0.848481 0.556297 0.861308 0.565656 0.865958 0.575016 0.861308 0.578906 0.865958 0.583594 0.826332 0.585922 0.805350 0.585922 0.794860
0 1 0 0.105578 0.579229 0.113781 0.577290 0.133203 0.565678 0.152625 0.549556 0.159531 0.543084 0.169031 0.540514 0.169031 0.532757 0.164703 0.520514 0.161688 0.491472 0.166875 0.475981 0.177656 0.466939 0.190609 0.465654 0.201828 0.477266 0.206578 0.501145 0.201391 0.523084 0.194063 0.532757 0.200531 0.541168 0.218656 0.546308 0.225562 0.559229 0.240234 0.592780 0.230312 0.605047 0.223406 0.610210 0.229453 0.678622 0.210031 0.671519 0.191031 0.685070 0.193625 0.707664 0.213484 0.716682 0.212609 0.730888 0.206578 0.747009 0.208297 0.750257 0.217797 0.771542 0.218219 0.821869 0.213484 0.835421 0.209594 0.840584 0.189734 0.835421 0.181547 0.829626 0.188453 0.821869 0.192328 0.812850 0.194063 0.786379 0.193188 0.758645 0.188875 0.717991 0.186297 0.683785 0.186297 0.685701 0.175938 0.657967 0.163844 0.650210 0.158234 0.640537 0.150031 0.629579 0.149172 0.602453 0.146156 0.589556 0.121125 0.604393 0.107750 0.601168 0.107750 0.580514
0 1 0 0.522422 0.604089 0.529672 0.603598 0.536578 0.612453 0.542828 0.622290 0.536250 0.673481 0.534938 0.690701 0.534281 0.707430 0.528016 0.706939 0.528016 0.719229 0.524734 0.723668 0.519141 0.722687 0.517484 0.715794 0.517828 0.697103 0.519141 0.662640 0.516828 0.655257 0.517828 0.641986 0.512891 0.642967 0.504984 0.634603 0.498406 0.634603 0.497094 0.616378 0.496766 0.611963 0.496766 0.609486 0.520453 0.578995 0.534281 0.568154 0.532297 0.554860 0.530984 0.546986 0.523750 0.540117 0.511234 0.538131 0.494125 0.512056 0.490500 0.490397 0.490828 0.477617 0.495109 0.469743 0.500047 0.467266 0.509922 0.466285 0.516172 0.475140 0.518484 0.484509 0.517828 0.495327 0.515516 0.503201 0.513547 0.508622 0.532297 0.524860 0.537891 0.541589 0.539875 0.553878 0.535922 0.565701
3 1 0 0.561656 0.701963 0.570250 0.707804 0.570250 0.721822 0.556188 0.726495 0.541344 0.738178 0.533531 0.765047 0.522594 0.769720 0.514781 0.766215 0.504641 0.754533 0.494484 0.753365 0.486672 0.747523 0.494484 0.718318 0.499172 0.677453 0.490578 0.643575 0.474953 0.585164 0.439797 0.526776 0.473391 0.509252 0.502297 0.517430 0.513219 0.540794 0.536656 0.543131 0.536656 0.564159 0.501516 0.598014 0.486672 0.608528 0.483547 0.609696 0.490578 0.607360 0.502297 0.592173 0.507766 0.621379 0.508547 0.637734 0.513219 0.655257 0.510875 0.675117 0.509313 0.699626 0.514000 0.713645 0.514781 0.721822 0.528062 0.722991 0.541344 0.713645 0.538219 0.690304 0.539781 0.672780 0.541344 0.624883 0.571813 0.626051 0.557750 0.643575
3 1 0 0.666969 0.551659 0.672250 0.550537 0.677531 0.481729 0.695625 0.483995 0.703922 0.488505 0.711453 0.497523 0.710703 0.500911 0.681297 0.493014 0.675266 0.555047 0.667719 0.556168 0.666969 0.565187 0.673000 0.568575 0.681297 0.574206 0.686578 0.583224 0.684312 0.605771 0.668469 0.569696 0.660187 0.568575 0.651125 0.565187 0.648875 0.551659 0.646609 0.542640 0.640578 0.526846 0.631531 0.517827 0.633031 0.514439 0.630766 0.497523 0.611922 0.512196 0.608906 0.502033 0.631531 0.489626 0.642078 0.520070 0.643594 0.524579 0.645859 0.536986 0.654141 0.558411 0.657156 0.558411 0.657156 0.547150 0.662437 0.542640 0.668469 0.547150
0 1 0 0.659688 0.515234 0.653656 0.479112 0.668750 0.465584 0.683844 0.479112 0.688375 0.485888 0.689891 0.501682 0.689891 0.512991 0.689891 0.515234 0.689891 0.528785 0.688375 0.540070 0.689891 0.551355 0.697437 0.567150 0.708000 0.589720 0.714031 0.605537 0.714031 0.634883 0.708000 0.648411 0.708000 0.666472 0.703469 0.659696 0.698938 0.628107 0.692906 0.614556 0.683844 0.603271 0.670266 0.576192 0.664219 0.562640 0.658188 0.560374 0.653656 0.540070 0.653656 0.517500 0.652141 0.506215
3 1 1 0.536828 0.681145 0.535516 0.687009 0.536828 0.697780 0.544016 0.696799 0.557094 0.698738 0.590453 0.718505 0.590453 0.741776 0.581297 0.752547 0.576063 0.760374 0.571484 0.763294 0.572797 0.778949 0.574109 0.789720 0.582609 0.797547 0.588500 0.795584 0.585875 0.820047 0.583922 0.845467 0.583922 0.863084 0.572797 0.863084 0.574766 0.849393 0.563641 0.848411 0.562328 0.853294 0.570188 0.854276 0.570844 0.866986 0.552516 0.869930 0.549906 0.866986 0.547938 0.874813 0.549250 0.878715 0.552516 0.877757 0.564297 0.878715 0.566250 0.884603 0.578031 0.888505 0.583922 0.898294 0.585234 0.936449 0.588500 0.958925 0.597469 0.970771 0.619047 0.972126 0.626500 0.964159 0.629703 0.956986 0.633328 0.932430 0.635094 0.891682 0.636250 0.880678 0.642141 0.879696 0.649984 0.880678 0.653250 0.892430 0.654563 0.897313 0.663062 0.905140 0.674188 0.910023 0.684656 0.896332 0.687922 0.884603 0.688578 0.877757 0.698391 0.877757 0.713437 0.877757 0.713437 0.868949 0.694469 0.866005 0.690547 0.866005 0.689891 0.852313 0.685969 0.851332 0.685969 0.843505 0.695125 0.844486 0.695125 0.837640 0.683344 0.836659 0.681391 0.840584 0.679422 0.840584 0.681391 0.825911 0.684656 0.817103 0.680734 0.779930 0.678766 0.766238 0.673531 0.756449 0.665688 0.744720 0.669609 0.720257 0.667641 0.702664 0.661766 0.689953 0.658484 0.687991 0.658484 0.682126 0.652609 0.678201 0.657844 0.672336 0.668297 0.674299 0.670922 0.680164 0.675500 0.684065 0.683344 0.685047 0.689234 0.687991 0.692500 0.687009 0.689891 0.678201 0.691203 0.671355 0.684656 0.668435 0.680734 0.664509 0.674844 0.665491 0.672234 0.665491 0.670922 0.668435 0.640172 0.658645 0.636906 0.650818 0.634937 0.648855 0.632984 0.633201 0.625125 0.623435 0.620547 0.621472 0.610734 0.620491 0.604203 0.624416 0.599625 0.634182 0.598969 0.644953 0.600266 0.651799 0.602891 0.658645 0.606156 0.666472 0.596344 0.664790 0.582609 0.665491 0.574766 0.668435 0.573453 0.663528 0.562328 0.665491 0.557094 0.670374 0.559062 0.680164 0.557750 0.692874 0.547938 0.695818 0.538781 0.686028
3 1 0 0.823547 0.791005 0.837062 0.788762 0.841578 0.755047 0.859609 0.775280 0.871625 0.766285 0.877641 0.743832 0.880641 0.714603 0.879141 0.689883 0.867125 0.683154 0.862609 0.660678 0.865625 0.611238 0.853594 0.588762 0.850594 0.579766 0.861109 0.537079 0.889656 0.539322 0.883656 0.528084 0.858109 0.528084 0.843078 0.577523 0.822031 0.573037 0.814516 0.555047 0.807016 0.519112 0.785969 0.525841 0.785969 0.528084 0.804000 0.532593 0.811516 0.584276 0.811516 0.660678 0.810016 0.757313 0.817531 0.795514 0.826547 0.795514
3 1 0 0.252312 0.581332 0.262469 0.612874 0.264797 0.644416 0.258563 0.670093 0.270266 0.700467 0.246844 0.694626 0.232781 0.687617 0.223406 0.636238 0.232781 0.605864 0.233562 0.583668 0.232000 0.578995 0.232000 0.578995 0.228094 0.556799 0.230437 0.536963 0.243719 0.543972 0.274172 0.556799 0.277297 0.567313 0.281984 0.569650 0.271828 0.542804 0.274172 0.532290 0.292141 0.540467 0.296828 0.550981 0.297609 0.596519 0.307766 0.630397 0.306203 0.658435 0.304641 0.672430 0.303078 0.681776 0.288234 0.700467 0.274953 0.688785 0.279641 0.631565 0.286672 0.616378 0.281984 0.590678
3 1 0 0.928781 0.628855 0.932406 0.644463 0.938422 0.652874 0.941234 0.664883 0.938016 0.690093 0.933609 0.698505 0.923969 0.718318 0.914734 0.716519 0.912328 0.724930 0.905094 0.736939 0.896266 0.733925 0.896266 0.726729 0.896672 0.720117 0.893859 0.702103 0.889437 0.692500 0.898266 0.688294 0.897875 0.664883 0.897469 0.621659 0.892250 0.573014 0.892656 0.549603 0.893453 0.544813 0.902687 0.543014 0.908312 0.546612 0.921969 0.547196 0.932000 0.548411 0.946047 0.551402 0.944844 0.555607 0.926781 0.558621 0.911125 0.567617 0.909922 0.579019 0.921562 0.576028 0.926781 0.583224 0.925984 0.592827 0.930391 0.622266
3 1 0 0.033078 0.613388 0.038656 0.613388 0.043891 0.616822 0.044875 0.627103 0.045844 0.630514 0.060250 0.633949 0.075641 0.650607 0.075641 0.679486 0.070734 0.689276 0.059937 0.697103 0.052078 0.714252 0.049125 0.740678 0.041594 0.758294 0.034391 0.763201 0.023922 0.763201 0.019656 0.759276 0.011797 0.753411 0.000000 0.751939 0.000016 0.748995 0.007547 0.731869 0.009844 0.728435 0.013766 0.721589 0.017375 0.709836 0.020969 0.702009 0.022609 0.654019 0.023922 0.646682 0.028172 0.620234 0.026203 0.612897 0.010484 0.601636 0.005578 0.615350 0.000000 0.622687 0.000000 0.604089 0.000344 0.567360 0.001656 0.563949 0.003609 0.562477 0.009516 0.548762 0.018344 0.547780 0.021625 0.550234 0.023594 0.562477 0.019328 0.583528 0.013438 0.593318
0 1 0 0.909516 0.558364 0.904625 0.543785 0.892422 0.542453 0.888437 0.533832 0.882000 0.533505 0.887766 0.525537 0.893984 0.522547 0.893531 0.512921 0.891094 0.508294 0.889094 0.499322 0.887547 0.490701 0.890875 0.484393 0.898641 0.478762 0.908844 0.481752 0.913500 0.490047 0.914828 0.497009 0.911953 0.515911 0.922594 0.515257 0.931250 0.521542 0.940563 0.528528 0.941016 0.538808 0.945000 0.546098 0.953875 0.544766 0.958531 0.553411 0.955656 0.565678 0.949891 0.563692 0.937688 0.560374 0.932359 0.553411 0.928359 0.553738 0.924375 0.561682 0.924453 0.563248 0.934406 0.590888 0.947906 0.604720 0.955734 0.648294 0.956437 0.658925 0.971375 0.669556 0.964266 0.687640 0.952172 0.686565 0.940094 0.684439 0.937953 0.672757 0.940094 0.660000 0.936531 0.646168 0.932984 0.628107 0.927297 0.617477 0.927297 0.598341 0.927297 0.578131 0.922313 0.571752 0.913781 0.572827 0.913781 0.563248
0 1 0 0.272016 0.703364 0.262984 0.669673 0.261484 0.640444 0.255484 0.620234 0.249469 0.602243 0.253969 0.579766 0.258484 0.570794 0.276516 0.566285 0.267500 0.557313 0.237438 0.557313 0.222422 0.557313 0.213406 0.543832 0.235938 0.530327 0.237438 0.528084 0.240453 0.501121 0.259984 0.492126 0.275016 0.532593 0.293047 0.541565 0.294547 0.591005 0.287031 0.617967 0.290047 0.669673 0.285531 0.687640
3 1 0 0.572062 0.611449 0.566391 0.601005 0.564203 0.618621 0.555484 0.617967 0.549375 0.602313 0.548063 0.584042 0.547188 0.569042 0.550250 0.558598 0.550250 0.548808 0.543703 0.550117 0.539766 0.544907 0.540203 0.536425 0.546313 0.535117 0.549375 0.536425 0.533656 0.525327 0.533219 0.515537 0.544578 0.513575 0.586891 0.511612 0.586016 0.520094 0.572500 0.525981 0.572500 0.546846 0.572062 0.562523 0.579047 0.568388 0.581656 0.581449 0.583844 0.595794 0.578172 0.603621 0.575984 0.612103
0 1 0 0.020594 0.511308 0.021844 0.502126 0.024906 0.495935 0.025266 0.482734 0.026359 0.478972 0.031406 0.474393 0.035359 0.477079 0.036438 0.484346 0.036078 0.495678 0.043828 0.499182 0.037344 0.504019 0.037172 0.511565 0.032297 0.513715 0.029594 0.510491 0.027250 0.509136
0 1 0 0.930547 0.508551 0.932656 0.488154 0.940234 0.486355 0.937203 0.476846 0.937813 0.466425 0.942953 0.460093 0.947203 0.461893 0.951734 0.468248 0.953250 0.472757 0.952344 0.485444 0.956891 0.489977 0.956281 0.495864 0.955078 0.502196 0.952656 0.507640 0.950219 0.512617 0.932359 0.513972 0.929641 0.513528
0 1 0 0.033094 0.530187 0.033266 0.525280 0.032734 0.519603 0.032734 0.515724 0.030672 0.510794 0.027203 0.508738 0.021422 0.510771 0.019328 0.515093 0.018281 0.519019 0.014078 0.521355 0.018016 0.525280 0.021422 0.529182 0.023781 0.531939 0.030844 0.533551 0.037406 0.544159 0.035500 0.546729 0.036031 0.554486 0.037062 0.556565 0.041219 0.556822 0.043813 0.555257 0.046922 0.552687 0.048813 0.546729 0.051406 0.538972 0.054000 0.532523 0.052625 0.527874 0.049344 0.528388 0.048297 0.534836 0.046922 0.539766 0.040688 0.545958 0.038094 0.544673
3 1 0 0.760953 0.550257 0.778641 0.547523 0.793891 0.544790 0.792672 0.542056 0.778031 0.532921 0.763391 0.530187 0.760344 0.529276 0.735937 0.526542 0.721297 0.536589 0.732875 0.554836 0.735328 0.562126 0.726781 0.570327 0.734109 0.590397 0.732266 0.631449 0.737156 0.670678 0.748750 0.687103 0.760953 0.660654 0.770094 0.673435 0.781078 0.665210 0.781687 0.657921 0.775594 0.636939 0.775594 0.605911 0.775594 0.581285 0.775594 0.570327 0.774984 0.561215
