0 1 0 0.731432 0.209859 0.726526 0.202766 0.736362 0.192953 0.746174 0.190234 0.760117 0.194047 0.765023 0.207672 0.765845 0.215313 0.771573 0.240391 0.762559 0.256203 0.759296 0.273094 0.770751 0.281828 0.775681 0.329250 0.768310 0.345609 0.778122 0.349969 0.728991 0.354344 0.715070 0.343984 0.724883 0.314531 0.719976 0.282906 0.714249 0.273094 0.715070 0.253469 0.715869 0.245844 0.703592 0.235484 0.710141 0.223484 0.717512 0.211484
0 1 1 0.678803 0.240125 0.685751 0.247047 0.692700 0.251672 0.703099 0.252828 0.708310 0.249359 0.696174 0.229719 0.694437 0.215859 0.701361 0.221641 0.708310 0.225109 0.710047 0.221641 0.710047 0.213547 0.701361 0.196219 0.694437 0.192766 0.682277 0.188141 0.690962 0.183516 0.677066 0.182359 0.671878 0.182359 0.670141 0.191609 0.652770 0.198531 0.651033 0.206625 0.659718 0.217016 0.656244 0.228563 0.654507 0.245891 0.656244 0.256297 0.678803 0.252828
0 1 0 0.061737 0.276203 0.057559 0.268234 0.064531 0.260266 0.069249 0.257297 0.061455 0.249328 0.060352 0.244141 0.066479 0.232281 0.073146 0.228203 0.083732 0.228016 0.092089 0.229687 0.107676 0.238391 0.110751 0.243953 0.115188 0.259703 0.116878 0.267312 0.119648 0.272687 0.112700 0.276016 0.100728 0.276203 0.095986 0.275469 0.096268 0.268969 0.097653 0.262484 0.097089 0.255266 0.081784 0.248953 0.082629 0.256187 0.076784 0.264719 0.072887 0.268797 0.078732 0.273047 0.078451 0.277312
0 1 0 0.126080 0.223156 0.118991 0.221594 0.110141 0.221594 0.100117 0.221203 0.085962 0.224344 0.081831 0.227094 0.089507 0.231016 0.101878 0.237687 0.111901 0.243578 0.111901 0.254187 0.117230 0.258891 0.118991 0.267141 0.126667 0.267141 0.127254 0.264000 0.136103 0.258109 0.133732 0.232578 0.128427 0.225125
0 1 0 0.381948 0.141453 0.375798 0.141031 0.369671 0.142266 0.367230 0.148391 0.367840 0.150016 0.361080 0.164313 0.363545 0.177781 0.370282 0.184719 0.370892 0.199422 0.373967 0.208406 0.389296 0.209625 0.396667 0.202688 0.391150 0.199016 0.387465 0.181875 0.391761 0.178594 0.392371 0.170031 0.387465 0.157781 0.385634 0.152875 0.385634 0.146750 0.385634 0.145531
0 1 1 0.511244 0.256844 0.513521 0.251375 0.511244 0.243781 0.510775 0.238313 0.511690 0.231922 0.516714 0.225844 0.518099 0.221297 0.516268 0.218547 0.508967 0.213687 0.511690 0.204578 0.510329 0.189078 0.516268 0.180562 0.518991 0.174797 0.525399 0.173281 0.525845 0.171141 0.523099 0.163250 0.525845 0.157172 0.532700 0.156250 0.540915 0.158078 0.544108 0.163859 0.544108 0.168719 0.548685 0.170234 0.547770 0.171453 0.558732 0.176609 0.566948 0.194250 0.564648 0.217641 0.560094 0.220375 0.567864 0.236484 0.571972 0.248641 0.571056 0.251078 0.570141 0.255625 0.559178 0.255016 0.560094 0.251078 0.554155 0.248938 0.540915 0.216422 0.540469 0.216734 0.532700 0.229187 0.524930 0.245906 0.523099 0.255938 0.520822 0.257156
0 1 0 0.242887 0.176594 0.247394 0.182609 0.242887 0.189000 0.242887 0.212281 0.238944 0.217922 0.249085 0.216797 0.250235 0.220937 0.248521 0.240469 0.248521 0.246484 0.269977 0.248734 0.270540 0.245344 0.265469 0.243844 0.263216 0.224688 0.264906 0.221312 0.268286 0.242719 0.283521 0.243844 0.281268 0.235953 0.281831 0.222438 0.281831 0.218672 0.277887 0.203266 0.285775 0.193875 0.276761 0.181484 0.266033 0.177344 0.259812 0.174719 0.253052 0.172469 0.242324 0.173594
0 1 0 0.120211 0.218531 0.131667 0.232250 0.130516 0.265016 0.137394 0.264250 0.147700 0.252828 0.155704 0.259687 0.160282 0.263500 0.176315 0.234531 0.161432 0.219281 0.146549 0.210906 0.123662 0.206328 0.114484 0.204047 0.109906 0.208625 0.113357 0.217000
0 1 0 0.664225 0.122172 0.657911 0.123578 0.656502 0.121703 0.655094 0.113281 0.655094 0.110484 0.653685 0.115156 0.655094 0.120766 0.656502 0.123109 0.648756 0.124516 0.648756 0.122172 0.648075 0.116563 0.646667 0.111406 0.648075 0.107203 0.648075 0.104391 0.642441 0.100188 0.641033 0.094109 0.640329 0.088016 0.641033 0.084281 0.643850 0.080063 0.647371 0.079141 0.645962 0.075859 0.648075 0.073984 0.650869 0.072125 0.655094 0.073047 0.655798 0.075391 0.655094 0.079141 0.660704 0.079609 0.662113 0.081469 0.664225 0.091297 0.664225 0.100656 0.663521 0.103922 0.660704 0.103453 0.661408 0.107672
0 1 1 0.687512 0.187359 0.685587 0.176719 0.694554 0.180547 0.696479 0.181391 0.697746 0.174578 0.693920 0.166500 0.693263 0.159687 0.687512 0.156281 0.681761 0.155000 0.682394 0.150734 0.679202 0.146063 0.672817 0.145203 0.670892 0.151172 0.666408 0.153719 0.654906 0.160953 0.651690 0.166500 0.660657 0.169469 0.670258 0.166500 0.667042 0.173734 0.660024 0.183531 0.647864 0.190328 0.647864 0.193734 0.656174 0.194594 0.664484 0.192031 0.668333 0.184797 0.672817 0.183094 0.674718 0.182250 0.679836 0.184375
30 1 1 0.490423 0.254281 0.486385 0.254281 0.485728 0.257859 0.495094 0.257859 0.526573 0.253391 0.527911 0.255188 0.537958 0.256078 0.531268 0.253391
30 1 0 0.982160 0.371859 0.982160 0.367328 0.997441 0.370719 0.999131 0.376375 0.994038 0.376375 0.999131 0.380906 0.983850 0.382031 0.982160 0.376375
31 1 2 0.770352 0.341672 0.773263 0.228609 0.774225 0.211906 0.791596 0.211266 0.801244 0.214469 0.797394 0.250453 0.808005 0.251094 0.813803 0.260094 0.797394 0.271016 0.800282 0.299281 0.814765 0.308922 0.805117 0.321125 0.800282 0.321766 0.802207 0.353250 0.784836 0.352594 0.769390 0.346813
