49 1 1 0.512320 0.440297 0.524459 0.365344 0.577165 0.372719 0.723093 0.357984 0.789948 0.354297 0.791985 0.459953 0.775773 0.464875 0.710928 0.446438 0.682552 0.432922 0.648093 0.430469 0.587294 0.424328 0.567036 0.441531
45 1 1 0.847448 0.529469 0.961598 0.546781 0.984948 0.678891 0.938247 0.713484 0.826701 0.721359 0.813711 0.711922
49 1 1 0.283840 0.313750 0.263041 0.356328 0.335876 0.350016 0.377474 0.365781 0.424304 0.398906 0.447706 0.419391 0.465928 0.435172 0.494536 0.435172 0.515335 0.367359 0.515335 0.359484 0.432113 0.340547 0.437320 0.321625 0.411289 0.318484 0.356675 0.323203 0.294253 0.312172
49 1 1 0.392990 0.198547 0.317216 0.218141 0.284897 0.253281 0.268170 0.293828 0.279304 0.311391 0.343969 0.312063 0.381856 0.322203 0.415284 0.318141 0.457655 0.319500 0.465438 0.310031 0.427552 0.278953 0.404149 0.243812 0.398582 0.201250
47 1 1 0.437964 0.609984 0.552758 0.618797 0.552758 0.651391 0.574562 0.660203 0.618144 0.669891 0.622500 0.676062 0.655928 0.677812 0.609433 0.718344 0.576005 0.737719 0.539691 0.781766 0.529510 0.792344 0.400180 0.761500 0.394381 0.731547 0.400180 0.703359 0.388557 0.688391 0.416160 0.662844 0.427783 0.620562
47 1 1 0.431804 0.611422 0.389974 0.574031 0.356933 0.566016 0.301881 0.559344 0.246804 0.541984 0.207165 0.531297 0.193943 0.496594 0.171933 0.461875 0.187345 0.448516 0.244613 0.451188 0.323892 0.440516 0.367938 0.439172 0.436211 0.444516 0.495696 0.444516 0.559562 0.443172 0.568376 0.485906 0.563969 0.515281 0.559562 0.591391 0.555155 0.622094 0.524330 0.624766 0.445026 0.614078
49 1 1 0.726804 0.241328 0.820077 0.213906 0.822912 0.136797 0.743763 0.095672 0.565696 0.080234 0.526108 0.138500
47 1 1 0.425103 0.623844 0.418892 0.658984 0.398170 0.675313 0.381624 0.687859 0.296701 0.681594 0.222165 0.679078 0.186959 0.655219 0.186959 0.615047 0.288428 0.561078 0.309149 0.562328 0.385747 0.573625 0.408531 0.589953 0.425103 0.608781
47 1 1 0.564098 0.450469 0.571881 0.509438 0.564098 0.570750 0.567990 0.596703 0.567990 0.629719 0.626340 0.674531 0.723582 0.648578 0.758608 0.608484 0.778067 0.580187 0.805284 0.495281 0.809175 0.476422 0.793608 0.457547 0.770284 0.438672 0.739150 0.424531 0.704149 0.412734 0.669124 0.412734 0.638015 0.408016 0.610773 0.410375 0.560206 0.422172 0.595206 0.426891 0.602990 0.431609 0.571881 0.436328
49 1 1 0.479098 0.128000 0.520412 0.129391 0.717861 0.246312 0.467603 0.307547 0.421701 0.261609 0.401031 0.225422 0.394149 0.193406 0.407912 0.161406 0.451546 0.136344
49 1 1 0.494510 0.307969 0.566804 0.276672 0.601649 0.267281 0.606804 0.264156 0.671340 0.276672 0.761701 0.307969 0.773299 0.338484 0.739742 0.355703 0.668763 0.358047 0.587448 0.366656 0.535825 0.363531 0.481624 0.352578 0.441598 0.342406 0.439021 0.317359 0.445464 0.311891 0.482912 0.307969
49 1 1 0.489433 0.438328 0.273557 0.441516 0.207758 0.447906 0.190644 0.411187 0.220928 0.380063 0.236701 0.366500 0.293299 0.350547 0.357809 0.360125 0.398608 0.383266 0.432835 0.408000 0.447320 0.429547
49 1 1 0.208763 0.207109 0.244923 0.203906 0.240515 0.313547 0.229046 0.318891 0.197294 0.303375 0.190232 0.293219 0.190232 0.234391 0.193763 0.219422 0.200825 0.211922
46 1 1 0.871082 0.417078 0.937526 0.383234 0.942835 0.338125 0.910954 0.283344 0.900309 0.254344 0.918918 0.243062 0.980052 0.235000 0.995979 0.255953 1.000000 0.323625 0.998660 0.410625 1.000000 0.444453 0.974716 0.455734 0.937526 0.436406
