0 1 1 0.794625 0.119110 0.793125 0.220234 0.793125 0.260679 0.764641 0.296628 0.742156 0.339321 0.743656 0.350562 0.757141 0.393255 0.764641 0.442693 0.776641 0.483138 0.776641 0.507869 0.760141 0.543817 0.736156 0.579766 0.734656 0.600000 0.754141 0.638197 0.754141 0.638197 0.759250 0.645761 0.762516 0.661171 0.755031 0.675199 0.740063 0.706066 0.737719 0.722904 0.735844 0.735949 0.740031 0.757307 0.758469 0.864005 0.769359 0.921756 0.791125 0.994567 0.787781 0.998337 0.853953 1.000000 0.843891 0.875316 0.853953 0.881593 0.869016 0.999578 0.958641 0.998337 0.951109 0.842670 0.980422 0.821335 0.991313 0.794965 1.000000 0.767354 1.000000 0.722155 1.000000 0.473583 0.972875 0.339251 0.952781 0.304098 0.941891 0.286534 0.923469 0.286534 0.901688 0.282763 0.888281 0.277752 0.879906 0.263934 0.868188 0.255152 0.870703 0.246370 0.883266 0.233817 0.893312 0.199906 0.904203 0.177307 0.893312 0.167283 0.900016 0.138407 0.900844 0.113302 0.900844 0.093208 0.894156 0.068103 0.882422 0.058056 0.869016 0.041733 0.859813 0.037963 0.850594 0.035457 0.839703 0.035457 0.822953 0.040468 0.817094 0.055550 0.811234 0.066838 0.805375 0.078150 0.798672 0.091944 0.795313 0.104496 0.794484 0.113302
0 1 1 0.606875 0.117400 0.633797 0.126159 0.652531 0.173536 0.658391 0.206885 0.650187 0.254262 0.644344 0.259532 0.643172 0.285855 0.664250 0.285855 0.659562 0.327986 0.667750 0.342014 0.675953 0.338501 0.700547 0.333232 0.702875 0.320960 0.705219 0.312178 0.715766 0.317447 0.729813 0.327986 0.761422 0.389391 0.778984 0.513981 0.767281 0.550843 0.728641 0.577166 0.730984 0.619274 0.739172 0.701756 0.738000 0.775457 0.735672 0.821101 0.742688 0.891311 0.739172 0.977283 0.742688 0.999532 0.678297 1.000000 0.664250 0.894239 0.656047 0.860890 0.650187 0.846838 0.645516 0.897728 0.647859 0.960913 0.640828 0.987236 0.591656 0.997775 0.563547 0.832810 0.562375 0.697681 0.564719 0.640351 0.604531 0.615785 0.605703 0.582436 0.603359 0.543817 0.586969 0.543817 0.575266 0.540304 0.544813 0.545574 0.522578 0.552600 0.508531 0.552600 0.513203 0.538571 0.519063 0.522763 0.528422 0.515738 0.531937 0.503466 0.531937 0.489415 0.534281 0.382365 0.555359 0.343770 0.583453 0.320960 0.588141 0.303396 0.575266 0.270070 0.570578 0.254262 0.565891 0.238478 0.558875 0.215667 0.570578 0.150726 0.589312 0.126159 0.603359 0.120890
42 1 2 0.241234 0.423560 0.251734 0.398431 0.256859 0.380539 0.261687 0.357119 0.265094 0.346066 0.269062 0.332436 0.265375 0.330726 0.264234 0.332436 0.254016 0.371171 0.252875 0.373302 0.253437 0.362670 0.260266 0.337119 0.261109 0.329040 0.259406 0.327330 0.255719 0.330726 0.246906 0.367354 0.244922 0.367354 0.251453 0.336276 0.253156 0.327330 0.252031 0.324778 0.249187 0.325621 0.239234 0.368197 0.234125 0.387354 0.232422 0.432482 0.238109 0.437588 0.236391 0.461967 0.227906 0.459040 0.222688 0.482506 0.229859 0.491311
56 1 0 0.085328 0.678056 0.064047 0.675925 0.041359 0.679110 0.022906 0.681241 0.024328 0.688689 0.027172 0.704637 0.022203 0.704637 0.018656 0.721639 0.019359 0.734403 0.023625 0.739719 0.049859 0.740773 0.061203 0.742904 0.064047 0.746089 0.075391 0.786487 0.088156 0.842810 0.093125 0.902342 0.102344 0.903419 0.098094 0.880023 0.095969 0.867260 0.091703 0.837494 0.083203 0.797119 0.077516 0.763091 0.071844 0.748220 0.071141 0.735457 0.075391 0.734403 0.076812 0.722693 0.076109 0.716323 0.083906 0.679110
27 1 1 0.785344 0.553747 0.786656 0.561569 0.785344 0.577213 0.786656 0.593841 0.781438 0.622201 0.775562 0.629063 0.775562 0.629063 0.763156 0.735667 0.763156 0.735667 0.791219 0.745457 0.791219 0.745457 0.817984 0.488197 0.787953 0.487213 0.788609 0.466885 0.806875 0.366136 0.807531 0.347564 0.811453 0.331897 0.808844 0.328970 0.812109 0.310375 0.829719 0.304520 0.842125 0.325059 0.827109 0.342670 0.819281 0.467869
24 1 2 0.053266 0.791967 0.028047 0.797775 0.012937 0.812318 0.007500 0.853583 0.008672 0.877400 0.007109 0.899485 0.006344 0.923326 0.019906 0.933208 0.056359 0.916932 0.085437 0.904145 0.092031 0.832084 0.078469 0.804754 0.064500 0.790820
44 1 2 0.072859 0.423349 0.072766 0.422927 0.071031 0.399696 0.067156 0.380960 0.066734 0.347424 0.070172 0.337377 0.074531 0.332342 0.076547 0.330820 0.079906 0.331827 0.085938 0.339368 0.087281 0.350937 0.085609 0.370047 0.081922 0.387143 0.079906 0.402225 0.077219 0.415808 0.077891 0.423349 0.076266 0.443700 0.072422 0.444590 0.072422 0.444145 0.072125 0.458361 0.076266 0.457471
0 1 1 0.149937 0.359180 0.164922 0.314239 0.176922 0.291756 0.188906 0.271546 0.188906 0.246815 0.206906 0.199625 0.226391 0.188384 0.235391 0.179391 0.248891 0.172670 0.265375 0.172670 0.299859 0.172670 0.317844 0.179391 0.335844 0.267049 0.344844 0.341194 0.358328 0.415363 0.347844 0.480515 0.335844 0.516487 0.325344 0.532201 0.332844 0.606370 0.308859 0.673794 0.298359 0.783888 0.301359 0.882763 0.296859 0.979391 0.139437 0.988384 0.116937 0.932201 0.094453 0.891756 0.085453 0.849063 0.082469 0.833326 0.082469 0.815363 0.082469 0.788384 0.082469 0.772670 0.082469 0.752436 0.082469 0.734450 0.083953 0.691756 0.095953 0.658056 0.098953 0.653560 0.104953 0.640070 0.088453 0.637822 0.076469 0.646815 0.070469 0.651311 0.068969 0.651311 0.067469 0.651311 0.058469 0.642318 0.056969 0.617611 0.056969 0.595129 0.058469 0.574895 0.098953 0.563677 0.109453 0.563677 0.109453 0.563677 0.115453 0.541194 0.112453 0.516487 0.110953 0.487260 0.079469 0.460304 0.080969 0.444567 0.122938 0.392881
0 1 1 0.339609 0.259016 0.345609 0.204965 0.371156 0.166674 0.399719 0.162155 0.408734 0.164403 0.423750 0.177939 0.443281 0.270281 0.456812 0.337845 0.470344 0.360351 0.476344 0.378384 0.477844 0.398642 0.471844 0.470726 0.459812 0.518009 0.455312 0.551803 0.452313 0.599110 0.453813 0.641897 0.461328 0.709461 0.449297 0.819813 0.426766 0.986487 0.387688 0.986487 0.384687 0.966206 0.380172 0.923419 0.371156 0.936932 0.372656 0.968478 0.368156 0.984239 0.317062 0.984239 0.326078 0.948197 0.300531 0.819813 0.323078 0.655410 0.336594 0.536042 0.356141 0.454965 0.354625 0.313068 0.336594 0.265761
0 1 1 0.466047 0.734590 0.457875 0.819133 0.466906 0.863021 0.469922 0.875293 0.489734 0.879789
