56 1 1 0.156406 0.684142 0.158297 0.675112 0.162094 0.673974 0.163984 0.680765 0.186703 0.680765 0.199953 0.680765 0.215109 0.678489 0.217953 0.671716 0.221734 0.680765 0.217953 0.686418 0.193328 0.688675 0.190500 0.694328 0.202797 0.696586 0.200906 0.720336 0.197125 0.742948 0.205641 0.745205 0.200906 0.753116 0.183859 0.755373 0.177234 0.755373 0.158297 0.754254 0.153563 0.763284 0.154516 0.767817 0.190500 0.767817 0.191437 0.772332 0.160187 0.775728 0.153563 0.776866 0.146938 0.791548 0.169656 0.791548 0.164922 0.805131 0.148828 0.802854 0.141250 0.805131 0.150719 0.832257 0.150719 0.851474 0.150719 0.866175 0.140313 0.866175 0.140313 0.850354 0.137469 0.827743 0.133687 0.834515 0.129891 0.848078 0.126109 0.842425 0.130844 0.827743 0.130844 0.813041 0.132734 0.796082 0.134625 0.785896 0.127047 0.775728 0.115688 0.768937 0.118531 0.762164 0.128000 0.763284 0.139359 0.765560 0.146938 0.765560 0.149781 0.753116 0.153563 0.715802 0.153563 0.692071 0.156406 0.675112
56 1 0 0.303734 0.775672 0.300922 0.779030 0.301172 0.783302 0.344641 0.829701 0.309359 0.874272 0.303484 0.880690 0.320094 0.881287 0.325969 0.879459 0.347203 0.856866 0.348469 0.815970 0.353078 0.781772 0.395094 0.751437 0.395094 0.745149 0.394750 0.742407 0.391578 0.742836 0.390859 0.743470 0.410422 0.699608 0.426172 0.665989 0.438578 0.669981 0.438094 0.672836 0.434281 0.686511 0.425687 0.725802 0.417578 0.741754 0.410422 0.752575 0.401359 0.752575
28 1 2 0.447922 0.671903 0.440391 0.892127 0.528844 0.905616 0.532609 0.842705 0.500625 0.842705 0.493094 0.829216 0.500625 0.813489 0.502500 0.811231 0.519437 0.793265 0.538266 0.667407
28 1 0 0.643625 0.447668 0.601844 0.487780 0.593656 0.481903 0.447844 0.596343 0.493719 0.672649 0.517469 0.665802 0.634625 0.559179 0.634625 0.541567 0.605125 0.498526 0.647719 0.451586
28 1 0 0.394234 0.634011 0.411203 0.640765 0.411203 0.762388 0.411203 0.886269 0.405547 0.902034 0.354609 0.899776 0.348953 0.875000 0.352734 0.755634 0.381031 0.748881 0.398000 0.744366 0.403656 0.652034
56 1 1 0.599516 0.831175 0.604734 0.831474 0.604469 0.844254 0.610219 0.844552 0.610672 0.846325 0.610141 0.879963 0.609625 0.888993 0.609359 0.904571 0.620062 0.905187 0.620313 0.893041 0.620578 0.845709 0.620641 0.837090 0.625859 0.836455 0.625078 0.888787 0.624563 0.909030 0.631078 0.909030 0.635781 0.906231 0.636031 0.850168 0.638391 0.832108 0.639172 0.829925 0.642812 0.829608 0.642812 0.817463 0.637344 0.813414 0.632391 0.817463 0.592734 0.816530 0.592219 0.829608 0.566906 0.827425 0.561172 0.816847 0.560922 0.816530 0.554922 0.814981 0.549703 0.823694 0.549953 0.843004 0.551531 0.846735 0.551531 0.878190 0.551266 0.903116 0.554125 0.903731 0.556484 0.900616 0.559875 0.895019 0.561437 0.891903 0.561953 0.867910 0.561172 0.843619 0.561437 0.826493
56 1 1 0.265000 0.683284 0.339578 0.684944 0.338203 0.617332 0.260859 0.619795 0.263625 0.678340
28 1 1 0.924078 0.910112 0.829969 0.898881 0.818688 0.867407 0.824328 0.755056 0.888313 0.748321 0.888313 0.676399 0.909016 0.678657 0.909016 0.739328 0.927844 0.761791
56 1 1 0.357859 0.686922 0.358672 0.632146 0.361125 0.614534 0.434859 0.618451 0.435672 0.667351 0.428312 0.665392 0.411922 0.703545 0.405375 0.697687 0.402094 0.686922
28 1 0 0.727500 0.909739 0.665578 0.905131 0.659766 0.877407 0.669453 0.699496 0.682016 0.681026 0.736203 0.689104 0.727500 0.868153
26 1 1 0.600453 0.736213 0.599234 0.767519 0.593594 0.786548 0.584516 0.791828 0.581578 0.791828 0.553625 0.768993 0.543328 0.756119 0.541609 0.749384 0.545297 0.744403 0.547984 0.727724 0.556328 0.719813 0.569312 0.712500 0.575203 0.708974 0.578641 0.709571 0.588437 0.710448 0.592125 0.713078 0.596531 0.720690 0.598250 0.728302
28 1 0 0.765578 0.728451 0.767656 0.785597 0.761422 0.790578 0.758641 0.880840 0.755172 0.905690 0.760719 0.916455 0.771125 0.913974 0.778750 0.913153 0.784312 0.910672 0.797484 0.904030 0.805109 0.903209 0.809969 0.909011 0.821062 0.898246 0.823844 0.889963 0.824531 0.840037 0.818984 0.803601 0.807203 0.787873 0.791937 0.773787 0.780844 0.777929 0.776672 0.729067 0.775984 0.724086 0.766266 0.728228
26 1 0 0.669578 0.790541 0.674328 0.782500 0.675922 0.761194 0.676719 0.738004 0.672359 0.718601 0.669187 0.709142 0.662844 0.712929 0.666016 0.722388 0.668000 0.733750 0.666797 0.745112 0.662047 0.756940 0.657688 0.773041 0.659266 0.788657 0.664031 0.791959
73 1 1 0.585000 0.697164 0.582047 0.685877 0.574953 0.665056 0.595344 0.662948 0.603016 0.693638
73 1 0 0.713750 0.687052 0.689391 0.682537 0.689391 0.674515 0.721734 0.673507 0.744844 0.679030 0.744000 0.688563 0.713750 0.688060
60 1 1 0.192984 0.684776 0.228578 0.684776 0.296031 0.682537 0.372844 0.687015 0.395328 0.687015 0.408437 0.695970 0.399078 0.711623 0.393453 0.727295 0.384094 0.736231 0.376594 0.745187 0.370969 0.747425 0.374719 0.729515 0.335375 0.729515 0.266047 0.722817 0.221078 0.722817 0.217344 0.749664 0.206094 0.772034 0.200469 0.765317 0.196734 0.736231 0.200469 0.711623 0.189234 0.709384 0.196734 0.687015
0 1 1 0.464859 0.815037 0.511906 0.815037 0.534500 0.779086 0.545781 0.745373 0.553312 0.713918 0.538266 0.691455 0.538266 0.680205 0.545781 0.677966 0.560844 0.689198 0.572141 0.680205 0.590953 0.646511 0.596594 0.617295 0.607891 0.599310 0.617297 0.594813 0.630484 0.594813 0.641766 0.624030 0.649297 0.666735 0.651188 0.689198 0.645531 0.720653 0.643656 0.783582 0.636125 0.803806 0.609781 0.803806 0.594719 0.790317 0.594719 0.824030 0.585312 0.891455 0.570250 0.922910 0.558953 0.911679 0.566484 0.882463 0.566484 0.826287 0.532609 0.839757 0.519437 0.833022 0.513797 0.828526 0.498734 0.848750 0.498734 0.859981
