0 1 0 0.565828 0.682229 0.572828 0.712583 0.571953 0.776833 0.587719 0.775667 0.599109 0.786167 0.607000 0.782667 0.602625 0.772167 0.611375 0.734792 0.603500 0.699750 0.612250 0.674042
0 1 0 0.455750 0.479354 0.448469 0.477646 0.443328 0.486208 0.435203 0.497063 0.433484 0.506187 0.427500 0.517604 0.427500 0.528458 0.427500 0.542729 0.427500 0.560438 0.429641 0.571854 0.436484 0.573563 0.431781 0.594688 0.433484 0.604396 0.433062 0.609521 0.431781 0.619813 0.443766 0.622083 0.449328 0.616375 0.444625 0.611813 0.441187 0.603812 0.443766 0.580979 0.446766 0.576417 0.448906 0.608396 0.450188 0.615229 0.452328 0.612958 0.452328 0.598104 0.449328 0.561562 0.449328 0.546146 0.448469 0.523896 0.447625 0.508479 0.449328 0.490208 0.454047 0.485063
0 1 0 0.373563 0.482229 0.382047 0.480250 0.386500 0.486187 0.389891 0.493833 0.388828 0.506250 0.388828 0.514729 0.393281 0.524063 0.394766 0.530000 0.389453 0.536208 0.381406 0.521812 0.377594 0.512750 0.375266 0.504854 0.375047 0.493833 0.374406 0.485354 0.373781 0.483646
0 1 0 0.360078 0.502292 0.370438 0.531583 0.373750 0.552021 0.379547 0.568042 0.379547 0.576333 0.363797 0.604500 0.374578 0.658104 0.380375 0.673562 0.387000 0.680750 0.389500 0.674667 0.389500 0.648708 0.381203 0.624937 0.388250 0.603396 0.394875 0.587937 0.391984 0.566312 0.395297 0.555250 0.393641 0.543646 0.389500 0.532604 0.386172 0.522646 0.381203 0.512167 0.377062 0.493917 0.373328 0.488958 0.366703 0.485083 0.360906 0.486750 0.356766 0.488396
0 1 0 0.902375 0.591833 0.901766 0.588854 0.903391 0.520250 0.908250 0.522146 0.908859 0.525396 0.909469 0.530250 0.910484 0.534833 0.911094 0.535646 0.914125 0.537812 0.915547 0.538896 0.917375 0.542667 0.920000 0.550500 0.921422 0.555646 0.922641 0.560229 0.923437 0.566708 0.923844 0.569146 0.923047 0.572646 0.921828 0.576708 0.920203 0.579938 0.916359 0.585083 0.910078 0.592104 0.902781 0.595333 0.892656 0.598312 0.891438 0.597229 0.885359 0.597771 0.881719 0.598583 0.876047 0.598583 0.876047 0.595333 0.875641 0.591833 0.876656 0.589938 0.881109 0.589396 0.881922 0.588854 0.882531 0.585875 0.882531 0.579667 0.882531 0.572646 0.881516 0.563458 0.880297 0.559958 0.877266 0.563458 0.875641 0.564271 0.872406 0.565083 0.869969 0.561312 0.880500 0.551313 0.883141 0.550500 0.890422 0.549146 0.892656 0.548354 0.894281 0.547542 0.894484 0.547542 0.895891 0.539708 0.894281 0.538083 0.892656 0.534042 0.893062 0.524854 0.895500 0.523229
26 1 1 0.498703 0.629542 0.489797 0.624542 0.479969 0.626417 0.480906 0.647021 0.479031 0.677625 0.475750 0.695729 0.485594 0.703229 0.506656 0.714458 0.515094 0.711333 0.518375 0.700729 0.516500 0.684479 0.513219 0.660146 0.508062 0.640792
0 1 0 0.320375 0.503146 0.329672 0.503146 0.333391 0.497375 0.331531 0.492417 0.332141 0.480833 0.339578 0.471750 0.350125 0.473396 0.355703 0.489937 0.371188 0.532083 0.371188 0.542812 0.360031 0.535375 0.355078 0.551083 0.355703 0.570917 0.362516 0.578354 0.365000 0.607271 0.373047 0.647604 0.377391 0.664125 0.383594 0.695521 0.381734 0.702146 0.375531 0.707104 0.363141 0.705437 0.362516 0.702146 0.369328 0.693875 0.370578 0.680646 0.365000 0.665771 0.362516 0.656687 0.357562 0.640167 0.343297 0.604625 0.341438 0.659167 0.335859 0.670729 0.332766 0.652562 0.328422 0.645125 0.327812 0.621979 0.323469 0.607104 0.323469 0.581479 0.330281 0.556687 0.328422 0.528604 0.319750 0.518687 0.319125 0.507104 0.312937 0.505458 0.310453 0.503812 0.288766 0.493062 0.278844 0.486458 0.266453 0.486458 0.273266 0.495542 0.276984 0.504625 0.278844 0.498021 0.290000 0.504625 0.312313 0.515375
0 1 0 0.205516 0.589500 0.201078 0.617687 0.201078 0.666604 0.171047 0.665125 0.185516 0.650292 0.186625 0.580604 0.189953 0.543542 0.189953 0.519833 0.176609 0.493146 0.179953 0.487208 0.191062 0.500562 0.196625 0.493146 0.187734 0.479792 0.188844 0.463479 0.198859 0.457563 0.206641 0.457563 0.212187 0.469417 0.209969 0.478312 0.216641 0.490167 0.221094 0.558375 0.219984 0.599896 0.229984 0.662146 0.201078 0.665125
0 1 0 0.254875 0.534042 0.262109 0.532125 0.263563 0.522458 0.266937 0.514729 0.262594 0.507646 0.258250 0.502500 0.254875 0.492833 0.262109 0.486396 0.270813 0.485750 0.274188 0.486396 0.267906 0.488333 0.271766 0.493479 0.273703 0.497354 0.276594 0.499271 0.276594 0.503792 0.281906 0.506354 0.285297 0.510875 0.284813 0.564313 0.283844 0.581042 0.285297 0.620333 0.276594 0.620333 0.273703 0.633208 0.270813 0.640938 0.264531 0.637708 0.264531 0.629333 0.264531 0.618396 0.264047 0.573333 0.263078 0.559167 0.257766 0.555292 0.259703 0.543063 0.257281 0.543063 0.249078 0.546292 0.247625 0.537917 0.248594 0.537271
0 1 0 0.466500 0.757438 0.496516 0.764854 0.502078 0.754479 0.507641 0.714458 0.519875 0.704063 0.522094 0.760417 0.539891 0.770792 0.539891 0.750021 0.539891 0.727792 0.528766 0.678875 0.532094 0.638833 0.530984 0.618083 0.528766 0.601771 0.527656 0.558771 0.535437 0.533562 0.529875 0.518750 0.518750 0.502437 0.516531 0.477229 0.503188 0.463896 0.490953 0.471312 0.475391 0.527646 0.473172 0.578042 0.483172 0.591396 0.487625 0.604729 0.485406 0.621042 0.499859 0.628458 0.503188 0.634396 0.513203 0.675896 0.515422 0.699625 0.496516 0.721854 0.490953 0.705563 0.478734 0.754479 0.464266 0.753000 0.463156 0.761896
0 1 0 0.467203 0.482417 0.471344 0.480396 0.471719 0.464312 0.472094 0.461292 0.470219 0.457771 0.464187 0.456271 0.458531 0.458271 0.455891 0.465813 0.457391 0.474875 0.457391 0.478396 0.456641 0.482417 0.453625 0.487438 0.449844 0.491458 0.447969 0.514083 0.449844 0.542750 0.452484 0.603583 0.453625 0.613646 0.455500 0.619187 0.458531 0.623708 0.471344 0.623708 0.477750 0.622187 0.478141 0.619187 0.474359 0.614646 0.469078 0.610625 0.466062 0.607625 0.462297 0.601083 0.472484 0.554812 0.473234 0.551292 0.474734 0.526667 0.477375 0.513083 0.473234 0.496500 0.470219 0.486937 0.468328 0.483917
0 1 1 0.147672 0.655542 0.147094 0.644854 0.147094 0.637250 0.146531 0.630375 0.146531 0.625042 0.143672 0.620479 0.138531 0.618958 0.136812 0.618188 0.136812 0.610563 0.136812 0.603708 0.137375 0.594563 0.137375 0.586938 0.137953 0.579313 0.139094 0.570167 0.139094 0.563313 0.140234 0.556458 0.140234 0.545021 0.140234 0.541208 0.141391 0.527500 0.144234 0.522917 0.144812 0.521396 0.144234 0.513771 0.145391 0.508438 0.149953 0.507688 0.155672 0.507688 0.161969 0.524437 0.162531 0.525208 0.163109 0.530542 0.165969 0.536646 0.168250 0.543500 0.169969 0.555688 0.171672 0.562542 0.170531 0.570937 0.168250 0.573979 0.168250 0.580083 0.168250 0.585417 0.168250 0.593042 0.169391 0.603708 0.172250 0.618958 0.172828 0.625042 0.175688 0.634188 0.179109 0.645625 0.180828 0.648667 0.180828 0.654771 0.175688 0.658583 0.172250 0.659333 0.172250 0.650187 0.169391 0.635708 0.164813 0.627333 0.159672 0.620479 0.153953 0.631896 0.155109 0.646396 0.156813 0.649438 0.159672 0.654771 0.161969 0.659333 0.159672 0.661625 0.154531 0.662396
