55 1 2 0.273203 0.878644 0.266344 0.640460 0.252609 0.400000 0.282813 0.321355 0.779797 0.303376 0.811375 0.377519 0.830594 0.797749 0.785297 0.905627 0.297922 0.939335
46 1 1 0.108063 0.215780 0.150969 0.257647 0.177359 0.311176 0.193531 0.410153 0.182516 0.504962 0.172875 0.535192 0.161641 0.581202 0.149594 0.598286 0.125500 0.629847 0.124703 0.612762 0.153609 0.512864 0.161641 0.451074 0.154406 0.365627 0.143172 0.299923 0.125500 0.256547
49 1 1 0.204891 0.065575 0.208672 0.036650 0.217516 0.026292 0.235203 0.026292 0.251625 0.030435 0.273109 0.034578 0.280688 0.044910 0.284469 0.055243 0.288266 0.080051 0.288266 0.111074 0.278156 0.129693 0.266781 0.129693 0.250359 0.131765 0.235203 0.131765 0.227625 0.121407 0.217516 0.104885 0.212469 0.096598 0.207406 0.082123
42 1 0 0.973234 0.485550 0.973234 0.484297 0.954141 0.426803 0.928953 0.330563 0.894594 0.258082 0.906047 0.165601 0.909859 0.200588 0.907563 0.255575 0.938109 0.315575 0.983922 0.493043 0.974000 0.493043
42 1 0 0.901437 0.163043 0.884656 0.123529 0.878344 0.099463 0.869953 0.075422 0.860500 0.056522 0.869953 0.056522 0.878344 0.078849 0.881500 0.092609 0.889891 0.092609 0.885703 0.082276 0.881500 0.068542 0.880453 0.054808 0.885703 0.056522 0.886750 0.071969 0.890953 0.084015 0.898297 0.094322 0.895141 0.070256 0.902500 0.077136 0.917188 0.126957 0.917188 0.157877 0.930828 0.224885 0.928734 0.250665 0.917188 0.209437 0.912984 0.183657 0.907734 0.171637
49 1 1 0.242313 0.233350 0.217969 0.225371 0.203359 0.191509 0.203359 0.139693 0.220406 0.117775 0.261797 0.129744 0.280047 0.137698 0.288562 0.171586 0.283703 0.203453
49 1 2 0.309234 0.022890 0.314422 0.039361 0.324437 0.047263 0.338953 0.059719 0.346203 0.063683 0.355875 0.057442 0.367625 0.046701 0.373844 0.035396 0.376859 0.001458 0.315641 0.000435 0.314391 0.015627 0.311922 0.026777
42 1 0 0.942344 0.422148 0.914422 0.325371 0.889250 0.267136 0.856391 0.235754 0.852563 0.133606 0.860234 0.190972 0.860781 0.136292 0.869531 0.199028 0.869531 0.169463 0.882125 0.234859 0.905125 0.268926 0.928109 0.337903 0.957672 0.427519 0.964234 0.444552 0.957125 0.458875
42 1 0 0.902828 0.189821 0.903719 0.211355 0.900125 0.222609 0.892359 0.204987 0.873812 0.132532 0.870813 0.117366 0.837625 0.067903 0.834625 0.060077 0.851078 0.053708 0.866328 0.066931 0.878000 0.088951 0.890859 0.151637 0.904609 0.184910
49 1 1 0.335219 0.052634 0.345844 0.075013 0.351422 0.115575 0.344328 0.142916 0.327641 0.166931 0.306375 0.170256 0.286641 0.151202 0.281594 0.131330 0.280062 0.122199 0.290188 0.099028 0.291203 0.066726 0.288172 0.055115 0.302328 0.043529 0.313469 0.041867 0.325109 0.046854
42 1 0 0.959359 0.386138 0.964750 0.386138 0.961750 0.298875 0.953375 0.166522 0.971344 0.111637 0.947984 0.044962 0.940797 0.042020 0.933609 0.043990 0.925219 0.043990 0.938391 0.110639 0.936594 0.168491 0.943781 0.243990 0.958766 0.388082
49 1 2 0.169234 0.124425 0.129078 0.112685 0.109000 0.079821 0.101828 0.030512 0.110422 0.000000 0.177828 0.000000 0.193609 0.025831 0.195047 0.079821 0.186438 0.107980
42 1 0 0.598203 0.105473 0.567984 0.097647 0.523438 0.100256 0.475703 0.123708 0.469344 0.102864 0.542531 0.055985 0.556844 0.061202 0.571156 0.071611 0.607750 0.087238
42 1 0 0.890500 0.246343 0.869406 0.176087 0.865969 0.132788 0.859062 0.113325 0.823406 0.072558 0.828781 0.058747 0.836828 0.065013 0.871328 0.116471 0.897391 0.214987 0.896625 0.229412 0.894328 0.247596 0.894328 0.255754
49 1 1 0.248500 0.002251 0.256734 0.031458 0.284187 0.047187 0.292422 0.056189 0.304781 0.033708 0.311641 0.026957 0.314391 0.004501
42 1 0 0.650344 0.141893 0.587844 0.130051 0.554328 0.119668 0.538938 0.109284 0.527156 0.103350 0.471906 0.125601 0.508141 0.097417 0.536219 0.094450 0.554328 0.098900 0.569734 0.106317 0.586031 0.110767 0.607781 0.118184 0.641297 0.125601 0.644906 0.125601 0.644906 0.128568
49 1 1 0.178313 0.000332 0.236094 0.000895 0.234344 0.014015 0.227734 0.023120 0.221125 0.026547 0.209281 0.035652 0.195375 0.029949 0.178656 0.004885
49 1 1 0.108984 0.065422 0.134047 0.109130 0.117609 0.154885 0.108984 0.148824 0.095016 0.111151 0.096250 0.080895 0.102000 0.066087
49 1 1 0.073437 0.000000 0.074125 0.013581 0.081094 0.037494 0.096047 0.060870 0.106484 0.065985 0.103016 0.029540 0.108578 0.007877 0.109625 0.000000
42 1 0 0.984625 0.394962 0.976750 0.211279 0.988562 0.177442 0.994469 0.132327 0.994469 0.090460 0.984625 0.066292 0.972812 0.066292 0.965922 0.069514 0.966906 0.092072 0.973797 0.111381 0.971828 0.132327 0.959031 0.159719 0.956078 0.170997 0.963953 0.278951 0.965922 0.335345 0.967891 0.374015 0.969859 0.409463 0.971828 0.428798 0.976750 0.427187 0.984625 0.417519
49 1 1 0.030500 0.299233 0.048828 0.319233 0.022453 0.331867 0.000266 0.354501 0.002828 0.292916
43 1 0 0.694641 0.166752 0.633594 0.167826 0.623203 0.157187 0.600484 0.127442 0.569953 0.116803 0.484875 0.115729 0.441375 0.134859 0.425781 0.145499 0.423328 0.148031 0.425859 0.166445 0.451625 0.194962 0.533609 0.247212 0.566625 0.250767 0.586578 0.249591 0.625391 0.209207 0.712828 0.228798 0.736406 0.231765 0.748016 0.210972 0.745484 0.187238 0.740766 0.177724
45 1 2 0.059625 0.005064 0.061516 0.065473 0.073828 0.141381 0.106938 0.207980 0.142906 0.243606 0.190219 0.269949 0.247953 0.266854 0.303781 0.245166 0.349219 0.186292 0.382344 0.116598 0.393688 0.053069 0.398422 0.003504
47 1 2 0.119031 0.711279 0.116172 0.685448 0.116172 0.645550 0.113297 0.631458 0.103250 0.626752 0.090344 0.612685 0.084609 0.598593 0.080313 0.586854 0.071703 0.568082 0.053062 0.553990 0.040156 0.551637 0.025813 0.551637 0.007172 0.577468 0.000000 0.612685 0.002875 0.722992 0.008609 0.765269 0.022953 0.784041 0.051625 0.786394 0.097516 0.739437 0.101828 0.727698 0.109000 0.633811
49 1 1 0.167141 0.232302 0.134000 0.201662 0.115266 0.152123 0.128234 0.109668 0.135438 0.107315 0.167141 0.130895 0.188750 0.140332 0.198844 0.166266 0.201719 0.208721 0.188750 0.239386 0.162828 0.225243
46 1 1 0.005000 0.256573 0.005000 0.303990 0.039484 0.285934 0.067062 0.308517 0.087750 0.369463 0.091891 0.443939 0.086375 0.493606 0.078094 0.547775 0.082234 0.606471 0.089125 0.624527 0.119469 0.624527 0.141531 0.563581 0.160844 0.466522 0.153953 0.353657 0.142922 0.292711 0.123609 0.256573 0.109812 0.224987 0.109812 0.224987 0.071203 0.197903 0.039484 0.200153 0.022938 0.231765 0.006391 0.258849
47 1 1 0.034500 0.320000 0.083375 0.315294 0.094875 0.395294 0.094875 0.472941 0.083375 0.531765 0.069000 0.562353 0.017250 0.545882 0.001438 0.444706 0.008625 0.338824
