0 1 0 0.376766 0.660327 0.380578 0.637033 0.399953 0.614299 0.395391 0.596682 0.398062 0.562009 0.393500 0.560865 0.389687 0.552336 0.397297 0.526752 0.406797 0.526752 0.419719 0.532453 0.428078 0.538692 0.437203 0.545514 0.443672 0.564836 0.437203 0.587570 0.433016 0.604626 0.423516 0.617710 0.419719 0.618271 0.429219 0.637594 0.437969 0.662033 0.441000 0.679089 0.447469 0.736495 0.453922 0.748435 0.463813 0.756939 0.463813 0.768318 0.447469 0.772290 0.444422 0.768878 0.421625 0.773995 0.413641 0.772874 0.402234 0.787640 0.401094 0.792196 0.401094 0.838224 0.399578 0.901893 0.399578 0.905864 0.398438 0.977477 0.392734 0.961005 0.391219 0.900187 0.393109 0.845608 0.393875 0.828575 0.383984 0.788201 0.379438 0.780257 0.378297 0.717734 0.381328 0.691589 0.378297 0.671706 0.376766 0.666589
0 0 1 0.151125 0.675327 0.138969 0.584416 0.116375 0.561028 0.119859 0.535070 0.105953 0.509089 0.083375 0.524673 0.083375 0.566238 0.050375 0.594813 0.039953 0.703902 0.045156 0.753248 0.059062 0.688318 0.067750 0.776612 0.067750 0.877921 0.079906 0.906495 0.069484 0.929860 0.095531 0.916893 0.097266 0.870140 0.095531 0.768832 0.104219 0.768832 0.097266 0.932477 0.109438 0.940257 0.130281 0.857149 0.133750 0.776612 0.140703 0.722079 0.147641 0.745444 0.159812 0.735070 0.152859 0.672734
0 1 1 0.464516 0.764346 0.450531 0.744556 0.444641 0.688435 0.453484 0.649930 0.477766 0.636729 0.465250 0.602617 0.473344 0.576238 0.490266 0.565210 0.502766 0.572921 0.513062 0.590537 0.513812 0.609229 0.508656 0.624626 0.522641 0.664252 0.555016 0.742360 0.563844 0.770958 0.544719 0.755537 0.528516 0.759953 0.532203 0.823762 0.510125 0.816822 0.509391 0.783832 0.491734 0.779439 0.463781 0.769533
0 1 1 0.750906 0.677967 0.754625 0.646939 0.755422 0.639042 0.757563 0.632009 0.760500 0.627033 0.765406 0.622944 0.766766 0.619135 0.762078 0.612103 0.761484 0.603621 0.760109 0.596308 0.758750 0.572290 0.758750 0.557664 0.757563 0.547710 0.758547 0.540678 0.773422 0.528972 0.781062 0.525748 0.792812 0.526051 0.800828 0.531893 0.808078 0.549766 0.812578 0.593364 0.812578 0.603925 0.812391 0.605678 0.812578 0.608598 0.816297 0.613271 0.825109 0.618855 0.837047 0.632897 0.844484 0.639042 0.844297 0.654860 0.845859 0.661869 0.845266 0.671822 0.844297 0.673598 0.847031 0.680911 0.850750 0.702570 0.855844 0.719836 0.853500 0.759953 0.852312 0.789509 0.856828 0.801799 0.856438 0.805911 0.851734 0.813224 0.845672 0.818201 0.844297 0.829907 0.843125 0.831659 0.848797 0.861238 0.848406 0.867383 0.830000 0.876449 0.826484 0.888762 0.823734 0.913341 0.824719 0.932944 0.821578 0.946238 0.822094 0.960911 0.821828 0.982149 0.820156 1.000000 0.800906 1.000000 0.755062 1.000000 0.752594 0.999930 0.753500 0.982547 0.751703 0.973668 0.750672 0.961869 0.747687 0.940631 0.745234 0.907033 0.744078 0.895631 0.738906 0.872056 0.737109 0.856799 0.732578 0.838084 0.730125 0.830351 0.732844 0.823598 0.734266 0.815678 0.734516 0.807944 0.732188 0.784182 0.732969 0.776472 0.734516 0.769509 0.736453 0.757921 0.739172 0.746519 0.741234 0.728575 0.741500 0.722570 0.743953 0.716589 0.745500 0.694579 0.747687 0.685701
0 1 1 0.817594 0.578154 0.817594 0.578154 0.819188 0.591192 0.832641 0.601846 0.836203 0.631145 0.813047 0.612804 0.807109 0.600958 0.808094 0.575491 0.810266 0.572243 0.817000 0.577570 0.817000 0.577570
26 1 1 0.546547 0.743832 0.533531 0.758435 0.523781 0.761682 0.524312 0.804626 0.528656 0.806262 0.538953 0.768154 0.543828 0.748715
26 1 0 0.144719 0.730724 0.153547 0.747453 0.157672 0.759790 0.160625 0.771238 0.161219 0.774766 0.164750 0.811752 0.160031 0.834673 0.160031 0.842593 0.154734 0.842593 0.148250 0.840841 0.139422 0.839953 0.135875 0.839953 0.127641 0.836425 0.127047 0.817056 0.127641 0.800304 0.127641 0.783575 0.129984 0.765958 0.134703 0.760678 0.139422 0.756262 0.144719 0.743925 0.144719 0.736893
28 1 0 0.543375 0.979089 0.532094 0.979089 0.527641 0.976425 0.519328 0.977757 0.514875 0.977757 0.511016 0.976869 0.508641 0.977757 0.508047 0.955117 0.511609 0.955117 0.512500 0.932500 0.511016 0.926285 0.510422 0.911636 0.512797 0.909860 0.511312 0.888107 0.512500 0.863248 0.512797 0.840607 0.518438 0.831285 0.523484 0.826402 0.530906 0.822407 0.535062 0.824182 0.537734 0.827290 0.541891 0.828178 0.542188 0.792243 0.542484 0.765164 0.542484 0.761168 0.544562 0.759836 0.548125 0.759836 0.549906 0.762500 0.554953 0.759392 0.554656 0.765607 0.557625 0.766939 0.558516 0.765607 0.560000 0.766939 0.558516 0.829509 0.560000 0.863248 0.559703 0.880561 0.558812 0.896098 0.559703 0.944930 0.558219 0.953341 0.557922 0.954229 0.558219 0.968879 0.554953 0.974649 0.549906 0.974649 0.548719 0.969322 0.546938 0.965771 0.543672 0.967103
0 0 0 0.281875 0.987360 0.287609 0.880327 0.251828 0.863224 0.267578 0.677009 0.271859 0.574299 0.297625 0.542173 0.320531 0.480117 0.337703 0.473715 0.363469 0.499369 0.369188 0.546472 0.353453 0.591425 0.336266 0.602103 0.359172 0.670584 0.377781 0.666308 0.383500 0.687710 0.376344 0.734813 0.387797 0.848224 0.367750 0.863224 0.349141 0.985187
28 1 1 0.395234 0.979766 0.402750 0.784276 0.465875 0.770794 0.494422 0.784276 0.509453 0.793248 0.509453 0.907874 0.509453 0.975280 0.503438 0.986519
