0 1 1 0.561741 0.456187 0.487294 0.498875 0.456847 0.503375 0.409459 0.615734 0.470376 0.662922 0.463600 0.685391 0.429765 0.689891 0.379012 0.642703 0.382400 0.534828 0.395929 0.494375 0.419624 0.460672 0.439929 0.395500 0.480518 0.377531 0.504212 0.316859 0.439929 0.307859 0.230118 0.346062 0.165812 0.330344 0.121835 0.274156 0.121835 0.267422 0.206424 0.296625 0.446682 0.262922 0.582047 0.238203 0.666659 0.206734 0.703882 0.213484 0.778329 0.186516 0.758024 0.107859 0.724188 0.083141 0.720800 0.033703 0.781694 0.026969 0.815553 0.076406 0.832471 0.173031 0.825694 0.206734 0.727553 0.267422 0.720800 0.361797 0.720800 0.422469 0.791859 0.532578 0.727553 0.608984 0.778329 0.674156 0.758024 0.683141 0.737718 0.694375 0.649718 0.611234 0.724188 0.532578 0.629435 0.465172 0.578659 0.453937
36 1 2 0.483553 0.642500 0.466282 0.662172 0.466282 0.685125 0.478612 0.694422 0.667882 0.804250 0.680212 0.798234 0.694212 0.745234 0.713129 0.739766 0.711482 0.732125 0.693388 0.720641 0.680212 0.723375 0.679388 0.729937 0.576541 0.676922 0.592988 0.663813 0.588871 0.656172 0.573247 0.650703 0.561718 0.650703 0.557600 0.656172 0.527153 0.642500 0.505765 0.638672 0.488494 0.640859
0 1 1 0.409882 0.309266 0.446729 0.311109 0.454376 0.325422 0.450212 0.339734 0.441859 0.343891 0.439082 0.351734 0.438376 0.363750 0.434918 0.366969 0.434212 0.370203 0.434212 0.372047 0.439765 0.379906 0.442565 0.389594 0.429341 0.392359 0.421694 0.385437 0.418235 0.377594 0.421694 0.372984 0.424471 0.371594 0.422400 0.359125 0.421012 0.352672 0.418235 0.346656 0.417529 0.346203 0.411976 0.349438 0.411976 0.356813 0.411976 0.362828 0.407106 0.367906 0.403624 0.378516 0.405718 0.387281 0.401529 0.391438 0.385553 0.392359 0.389718 0.383141 0.392494 0.379906 0.393200 0.376672 0.392494 0.366516 0.389718 0.360969 0.389718 0.352672 0.390424 0.346203 0.390424 0.339281 0.389718 0.332359 0.384847 0.324500 0.380682 0.314812 0.380682 0.309266 0.361906 0.277875 0.368871 0.261719 0.380000 0.248328 0.391812 0.244641 0.400847 0.240938 0.403624 0.240938 0.398071 0.226172 0.415435 0.214625 0.426565 0.215094 0.433529 0.220625 0.436988 0.226172 0.432118 0.235406 0.429341 0.238172 0.436988 0.244641 0.450212 0.246953 0.462024 0.259406 0.432824 0.268641 0.428659 0.272797 0.398071 0.271875 0.380000 0.272344
0 0 1 0.860800 0.258609 0.859294 0.232469 0.884282 0.221406 0.883529 0.219391 0.878212 0.214875 0.888824 0.202797 0.903200 0.206328 0.906235 0.222406 0.925929 0.227437 0.940306 0.254594 0.940306 0.268172 0.931224 0.268172 0.932729 0.260625 0.918353 0.247547 0.925177 0.271688 0.900941 0.269672 0.898659 0.264656 0.896400 0.261641 0.872165 0.252578 0.866094 0.253594
0 1 1 0.008565 0.245234 0.016518 0.240953 0.026965 0.230047 0.035906 0.223781 0.036894 0.219812 0.047835 0.212219 0.056800 0.208578 0.056306 0.200656 0.059294 0.195047 0.064753 0.189766 0.074212 0.191078 0.079671 0.197687 0.077694 0.202969 0.075694 0.207266 0.083647 0.208906 0.090612 0.215188 0.096094 0.230703 0.098071 0.238641 0.100565 0.240625 0.102541 0.245234 0.103059 0.250531 0.091600 0.268031 0.080659 0.272328 0.080659 0.273313 0.078682 0.273641 0.076682 0.285203 0.072706 0.293781 0.073718 0.304031 0.070235 0.309969 0.063765 0.311625 0.060282 0.307984 0.060776 0.300062 0.063271 0.286859 0.065247 0.277281 0.065247 0.267375 0.062776 0.264062 0.055318 0.267375 0.053318 0.271328 0.057294 0.276953 0.057294 0.279922 0.053318 0.285203 0.045365 0.284219 0.033435 0.272984 0.036894 0.261094 0.052329 0.253172 0.054306 0.247891 0.054800 0.245578 0.052329 0.237969 0.048353 0.230703 0.041388 0.232359 0.027459 0.240625 0.022988 0.245906 0.025953 0.249859 0.020494 0.253172 0.010047 0.249203 0.010047 0.245906
0 1 1 0.348965 0.277797 0.349882 0.271375 0.348494 0.258828 0.350800 0.253641 0.345741 0.246297 0.340212 0.237109 0.340659 0.233437 0.341600 0.227016 0.340212 0.223047 0.338376 0.216000 0.336988 0.214172 0.334682 0.214172 0.320847 0.211719 0.309341 0.211719 0.301035 0.216000 0.299200 0.218141 0.298753 0.226094 0.300118 0.231297 0.310259 0.237109 0.301976 0.240172 0.287694 0.245063 0.277553 0.254547 0.272941 0.259141 0.265576 0.269547 0.268800 0.280250 0.270635 0.293109 0.273412 0.295250 0.280306 0.293719 0.295506 0.319719 0.278471 0.325234 0.284471 0.342359 0.292282 0.344500 0.295059 0.346031 0.295976 0.367141 0.296447 0.377844 0.296447 0.383047 0.294141 0.394375 0.307035 0.396516 0.320847 0.392531 0.314871 0.382437 0.309788 0.361641 0.314871 0.346953 0.318565 0.343891 0.323624 0.343578 0.331906 0.339000 0.334682 0.347562 0.334682 0.365313 0.334212 0.373875 0.330071 0.381516 0.329153 0.386719 0.335600 0.391922 0.345741 0.392844 0.351718 0.389469 0.349412 0.376938 0.345271 0.372031 0.351718 0.351844 0.353576 0.342672 0.355882 0.338375 0.354941 0.331656 0.351271 0.317266 0.349882 0.313594 0.347576 0.309625 0.324071 0.313594
60 1 0 0.953200 0.379734 0.953200 0.318891 0.879153 0.314734 0.875388 0.310984 0.988965 0.310141 1.000000 0.314734 0.967624 0.321813 0.966376 0.382234 0.999624 0.385984 0.998376 0.390563 0.973906 0.390984 0.973906 0.396812 0.966376 0.398062 0.953835 0.389734 0.910518 0.394734 0.909271 0.388063 0.952565 0.381813
25 1 1 0.744212 0.166359 0.692729 0.177937 0.679082 0.181953 0.678329 0.189500 0.723012 0.197031 0.765412 0.198047 0.775247 0.181453 0.777529 0.162844 0.825224 0.166359 0.828259 0.166359 0.860824 0.177937 0.893365 0.198547 0.877482 0.206094 0.832800 0.203578 0.825976 0.200563
0 1 1 0.184141 0.245172 0.167459 0.234562 0.172329 0.224406 0.189694 0.208250 0.195271 0.205938 0.199435 0.199937 0.202918 0.192547 0.214024 0.187469 0.225859 0.192094 0.226541 0.202703 0.220282 0.209172 0.235576 0.217016 0.235576 0.218859 0.206376 0.227641 0.200824 0.242875 0.200824 0.250719 0.189694 0.271031 0.185529 0.274719 0.182047 0.271031 0.183435 0.259953 0.183435 0.248406
1 1 0 0.043247 0.253187 0.023600 0.247203 0.026871 0.253187 0.038329 0.255906 0.031788 0.266781 0.021129 0.271672 0.003929 0.282016 0.000000 0.297781 0.000000 0.321719 0.001482 0.324984 0.016212 0.326078 0.031788 0.318453 0.036706 0.307578 0.039153 0.285281 0.048165 0.294531 0.050612 0.301047 0.054706 0.304859 0.053906 0.312469 0.062094 0.321719 0.076824 0.322812 0.099765 0.318453 0.107153 0.305406 0.107153 0.288000 0.100588 0.276578 0.087482 0.271672 0.094047 0.268953 0.080941 0.268953 0.080941 0.277125 0.076824 0.285281 0.071929 0.296703 0.069459 0.303234 0.061271 0.307031 0.057176 0.300516 0.057176 0.292891 0.041600 0.275484 0.040800 0.265687 0.047341 0.260797 0.054706 0.268422 0.060447 0.266234 0.059624 0.259719 0.053906 0.258078 0.057176 0.254266 0.056353 0.253187 0.049812 0.253187 0.043247 0.253187
25 1 1 0.381318 0.200906 0.397859 0.202125 0.414871 0.202125 0.430965 0.201828 0.440612 0.201828 0.444282 0.201828 0.444753 0.200906 0.441529 0.197547 0.436941 0.195719 0.431882 0.192969 0.426824 0.190531 0.414871 0.187484 0.408424 0.185953 0.395106 0.186563 0.379929 0.190531 0.373035 0.193578 0.371200 0.195719 0.372118 0.198469 0.376706 0.200906 0.384071 0.201828
0 1 0 0.447482 0.206766 0.451953 0.209188 0.449106 0.218609 0.464118 0.224547 0.474259 0.228859 0.477906 0.214844 0.477906 0.209734 0.471012 0.208375 0.470612 0.199219 0.468565 0.190609 0.460471 0.187375 0.448706 0.187906 0.446659 0.192219 0.439365 0.191406 0.440188 0.194906 0.447082 0.195453 0.442612 0.204078
25 1 1 0.514000 0.187094 0.594824 0.164375 0.608400 0.160453 0.663271 0.176906 0.674471 0.185531 0.682141 0.192188 0.682729 0.194156 0.656776 0.192578 0.631412 0.196500 0.621388 0.191016 0.591294 0.184359 0.568282 0.186703 0.535247 0.190625 0.521082 0.191406 0.515765 0.191406
0 1 0 0.336965 0.216391 0.348776 0.207000 0.354071 0.203469 0.362329 0.205422 0.363529 0.213266 0.362918 0.220703 0.366471 0.224625 0.362918 0.228938 0.355859 0.237937 0.352306 0.244219 0.361741 0.246172 0.359976 0.257531 0.349953 0.265766 0.349365 0.256359 0.349953 0.252438 0.341694 0.238328 0.342282 0.230891
25 1 1 0.994282 0.025781 1.000000 0.017297 0.799082 0.075766 0.809294 0.124047 0.991718 0.141000 0.977694 0.113031 1.000000 0.102875
