0 1 0 0.206578 0.825667 0.207250 0.822342 0.207547 0.813817 0.206672 0.804590 0.204750 0.795480 0.205516 0.793021 0.208313 0.790281 0.209078 0.788126 0.209172 0.784801 0.210234 0.783349 0.212063 0.783349 0.213031 0.786089 0.212453 0.788829 0.213125 0.790726 0.214859 0.790867 0.215250 0.796487 0.214766 0.803138 0.214188 0.806019 0.213422 0.809344 0.212641 0.814098 0.212641 0.818595 0.212734 0.825667 0.213609 0.827822 0.213703 0.827822 0.212453 0.828689 0.210531 0.828408 0.210437 0.817283 0.209469 0.817143 0.209078 0.824801 0.209562 0.827260 0.209750 0.828829 0.207063 0.828126 0.206281 0.828408 0.206672 0.825808
7 1 1 0.620750 0.752787 0.656469 0.751850 0.656781 0.781850 0.652469 0.787400 0.653391 0.795246 0.654938 0.801710 0.654938 0.807260 0.649391 0.812318 0.649078 0.816019 0.646313 0.818782 0.636766 0.819719 0.634609 0.823864 0.625359 0.823864 0.622906 0.818782 0.618281 0.819251 0.617969 0.755082
5 1 1 0.666234 0.795105 0.668063 0.744965 0.714594 0.739883 0.720609 0.764567 0.721906 0.774356 0.722953 0.784145 0.722687 0.793162 0.722438 0.804918 0.721641 0.810000 0.721391 0.811569 0.702047 0.812342 0.696813 0.812342 0.692641 0.811569 0.689234 0.808033 0.687141 0.802178 0.684000 0.796300 0.679047 0.796300 0.671719 0.795503
2 1 0 0.491219 0.809040 0.499844 0.794778 0.531375 0.796112 0.534344 0.811710 0.547437 0.815714 0.541484 0.840679 0.534047 0.840234 0.527500 0.835785 0.511734 0.835785 0.504609 0.839344 0.495078 0.840234 0.488547 0.840234 0.484672 0.831780 0.489437 0.824637 0.488547 0.811710
2 1 0 0.682891 0.796112 0.672922 0.794403 0.667250 0.793981 0.658344 0.796323 0.654422 0.802225 0.649438 0.815574 0.649438 0.819110 0.649953 0.823817 0.650219 0.830492 0.647078 0.838735 0.652844 0.843841 0.686906 0.843841 0.697906 0.839134 0.699219 0.836370 0.699219 0.826183 0.696063 0.819883 0.691875 0.814005 0.688469 0.808103 0.686109 0.798290
2 1 0 0.428625 0.795129 0.411516 0.826815 0.425953 0.834356 0.453453 0.836370 0.457812 0.840890 0.460844 0.836370 0.470906 0.835855 0.473250 0.833841 0.474250 0.827822 0.474922 0.817260 0.474594 0.811733 0.465203 0.801663 0.457812 0.794637
2 1 0 0.552266 0.830609 0.551469 0.822529 0.550672 0.817775 0.551625 0.812787 0.553531 0.805878 0.554172 0.801593 0.556547 0.795176 0.573844 0.794941 0.577812 0.797330 0.579234 0.800656 0.581625 0.802319 0.584156 0.802319 0.585437 0.803981 0.582891 0.807073 0.586062 0.808970 0.586062 0.814684 0.586062 0.816581 0.586391 0.825152 0.585750 0.827283 0.584641 0.823255 0.584000 0.825386 0.583375 0.829438 0.582094 0.830867 0.578453 0.828478 0.576859 0.823958 0.562109 0.823724 0.559406 0.828009 0.554641 0.832295
2 1 0 0.596438 0.822084 0.601922 0.820843 0.604734 0.821593 0.608234 0.822576 0.610391 0.814848 0.611062 0.810866 0.608063 0.803162 0.602578 0.801405 0.598766 0.802904 0.596109 0.807635 0.594437 0.814122 0.594437 0.817845 0.595437 0.821077
9 1 1 0.642312 0.712740 0.642828 0.728759 0.652313 0.728759 0.653516 0.719719 0.652828 0.712225
0 1 0 0.308203 0.823841 0.309906 0.811920 0.309625 0.805527 0.310469 0.803396 0.313875 0.805105 0.315016 0.800422 0.311609 0.795738 0.307625 0.792763 0.310469 0.791920 0.309906 0.787237 0.306781 0.787658 0.305359 0.791054 0.305359 0.792342 0.304219 0.796159 0.304500 0.802131 0.304500 0.808525 0.304500 0.812763 0.305359 0.819578 0.306203 0.824684
2 1 0 0.486656 0.828946 0.475406 0.829368 0.474969 0.823021 0.475266 0.809906 0.471906 0.808595 0.470875 0.806183 0.471172 0.797424 0.478328 0.798525 0.480516 0.806183 0.487672 0.807049 0.488547 0.811874 0.488984 0.826323
9 1 1 0.599578 0.705246 0.599344 0.726183 0.609234 0.728970 0.609484 0.711546 0.609844 0.701733 0.597484 0.701733
0 1 0 0.235000 0.784778 0.238391 0.783607 0.239703 0.790258 0.241016 0.797307 0.241266 0.803185 0.240750 0.811429 0.239438 0.817681 0.238391 0.821218 0.237344 0.821218 0.235516 0.818852 0.235516 0.811803 0.235000 0.803981 0.234219 0.801241 0.234734 0.796136 0.234734 0.793396
0 1 0 0.123938 0.789555 0.120531 0.792787 0.121141 0.802998 0.121766 0.813185 0.120844 0.832670 0.125484 0.833138 0.127953 0.812740 0.129813 0.810422 0.131359 0.806698 0.131359 0.802998 0.130422 0.802061 0.128266 0.791874 0.129187 0.787237 0.129187 0.784450 0.129187 0.783044 0.127953 0.783044 0.126719 0.783044
0 1 0 0.071109 0.820773 0.076281 0.820422 0.079578 0.795012 0.078641 0.786206 0.080766 0.781967 0.081234 0.777026 0.077234 0.771382 0.075109 0.776323 0.074406 0.785152 0.073703 0.791850 0.072516 0.798548 0.070875 0.814075 0.071578 0.820422
0 1 0 0.130438 0.823981 0.131109 0.809251 0.131453 0.794496 0.133484 0.788408 0.137562 0.783326 0.139594 0.788923 0.139937 0.802646 0.140609 0.811288 0.140609 0.819930 0.139594 0.825012 0.139250 0.830094 0.139594 0.832131 0.136203 0.832646 0.135531 0.829087 0.134500 0.823981 0.133484 0.829087 0.132469 0.834169 0.131109 0.829087
0 1 0 0.175453 0.816792 0.171516 0.824098 0.170766 0.827752 0.168516 0.827190 0.168141 0.822131 0.171328 0.802740 0.169453 0.787307 0.171891 0.782529 0.174141 0.785340 0.175078 0.787869 0.174516 0.808361
0 1 0 0.155875 0.791382 0.158406 0.794005 0.156828 0.811124 0.156344 0.831335 0.153328 0.830398 0.150469 0.824215 0.150000 0.808033 0.148563 0.791616 0.151266 0.788993 0.152063 0.784239 0.153969 0.782810 0.155547 0.783302 0.156344 0.785433
0 1 0 0.081594 0.834754 0.083344 0.830960 0.083500 0.818337 0.081906 0.810258 0.081437 0.806440 0.081281 0.804778 0.081281 0.802178 0.081281 0.798126 0.081906 0.790984 0.083969 0.790281 0.084609 0.788126 0.084453 0.785761 0.084766 0.784098 0.084766 0.783372 0.085875 0.782201 0.086031 0.782201 0.088094 0.782670 0.088891 0.784567 0.089047 0.786464 0.088891 0.788126 0.090000 0.791710 0.091438 0.796698 0.091594 0.802412 0.090484 0.805972 0.089375 0.811920 0.089375 0.824286 0.089688 0.830468 0.089375 0.834754 0.086031 0.835949 0.082703 0.835480
9 1 1 0.749828 0.759016 0.751562 0.781007 0.757031 0.782295 0.757031 0.758150 0.752141 0.757283
0 1 0 0.228813 0.826347 0.229703 0.812412 0.229922 0.806440 0.229266 0.800468 0.227047 0.798806 0.227047 0.795831 0.227484 0.794824 0.228594 0.793513 0.228594 0.791171 0.229484 0.786862 0.230594 0.784543 0.233031 0.785550 0.233687 0.787541 0.233687 0.790187 0.234578 0.792834 0.235687 0.794496 0.234797 0.798150 0.234359 0.799813 0.234359 0.801124 0.235687 0.809087 0.235906 0.813068 0.235453 0.814403 0.234578 0.815386 0.234125 0.817728 0.233906 0.820047 0.234125 0.821710 0.234359 0.824684 0.234359 0.824684
0 1 0 0.114953 0.788244 0.115828 0.801522 0.114063 0.806393 0.114063 0.816136 0.112281 0.828993 0.109031 0.827213 0.108156 0.814356 0.106969 0.800632 0.107859 0.790445 0.110813 0.788688 0.111406 0.783817 0.113469 0.784707
0 1 0 0.182797 0.787237 0.182797 0.790234 0.183641 0.796604 0.184500 0.803841 0.184500 0.823443 0.181656 0.828548 0.181375 0.829813 0.179094 0.823443 0.179391 0.816206 0.178250 0.811944 0.175969 0.809813 0.176266 0.804262 0.176547 0.799157 0.177687 0.791920 0.179391 0.789368 0.182219 0.788103
9 1 1 0.560047 0.689274 0.560531 0.715504 0.570500 0.716229 0.569531 0.688173
0 1 0 0.162875 0.825878 0.165234 0.829906 0.165234 0.827892 0.165562 0.824379 0.168578 0.816323 0.169922 0.808782 0.169922 0.802248 0.169922 0.795222 0.169594 0.787166 0.167578 0.783653 0.164891 0.786674 0.162547 0.792201 0.162875 0.804262 0.162875 0.814309 0.161875 0.830422
9 1 1 0.701453 0.725878 0.702500 0.735316 0.696203 0.729016 0.696203 0.722740 0.701453 0.719579
2 1 0 0.457688 0.842646 0.434828 0.841522 0.392656 0.841522 0.369422 0.844895 0.360234 0.855574 0.349359 0.874379 0.344125 0.885059 0.333250 0.890679 0.326500 0.900515 0.319562 0.928314 0.319562 0.935059 0.316750 0.978595 0.313500 0.986370 0.317500 0.994567 0.471359 0.994567 0.496156 0.965059 0.505266 0.919157 0.500516 0.899485 0.493969 0.885831 0.484125 0.878735 0.475734 0.864520
