7 0.280997 0.539526 0.489771 0.257843 1 0
56 0.671830 0.789191 0.111111 0.175016 1 0
56 0.268129 0.832688 0.114265 0.234853 1 0
7 0.466005 0.612761 0.499395 0.273072 1 0
0 0.361985 0.822925 0.190605 0.277255 1 0
0 0.503562 0.890286 0.128268 0.141324 1 0
0 0.604632 0.785008 0.146422 0.180539 1 1
0 0.698064 0.742484 0.126618 0.233987 1 0
0 0.746013 0.625727 0.053333 0.159984 1 0
0 0.811765 0.709649 0.095556 0.191127 1 1
0 0.126307 0.804975 0.147418 0.128382 1 0
56 0.911185 0.819632 0.099690 0.214722 1 0
0 0.940923 0.608064 0.044330 0.141977 1 1
56 0.791667 0.751144 0.081699 0.069869 1 1
0 0.782075 0.600989 0.036209 0.116095 1 0
56 0.551577 0.775801 0.041683 0.068725 1 1
0 0.334820 0.698007 0.062941 0.075359 1 0
48 0.410768 0.784093 0.028399 0.038775 1 1
0 0.764657 0.568521 0.022190 0.056389 1 0
56 0.558587 0.708864 0.041618 0.060212 1 0
7 0.830531 0.557451 0.271814 0.188105 1 0
