33 0.475516 0.483633 0.422687 0.638808 1 1
0 0.021836 0.640771 0.040672 0.123879 1 1
0 0.069367 0.771612 0.053109 0.268037 1 0
56 0.120211 0.633481 0.049734 0.087944 1 0
56 0.973883 0.661343 0.052234 0.118855 1 0
0 0.225414 0.692009 0.045609 0.103551 1 1
56 0.697656 0.662114 0.059937 0.092360 1 0
56 0.880680 0.666414 0.058172 0.103435 1 0
0 0.214609 0.794579 0.044781 0.216636 1 1
0 0.282562 0.819977 0.045969 0.163832 1 1
39 0.931539 0.600561 0.007609 0.030467 1 1
39 0.881633 0.597407 0.008453 0.030841 1 1
