56 0.299453 0.645986 0.095656 0.165540 1 0
62 0.218258 0.651033 0.047297 0.110798 1 0
75 0.167328 0.531960 0.018688 0.064718 1 1
73 0.724758 0.605798 0.032453 0.010751 1 2
75 0.433992 0.602453 0.011297 0.040399 1 1
39 0.524039 0.521397 0.007203 0.024437 1 1
75 0.464453 0.614941 0.010094 0.026127 1 1
75 0.544648 0.608322 0.015391 0.034953 1 1
75 0.182227 0.538556 0.012516 0.038521 1 1
39 0.524555 0.562688 0.008109 0.021385 1 1
39 0.488227 0.578862 0.011266 0.047535 1 1
39 0.542164 0.523908 0.006641 0.018146 1 1
56 0.575711 0.690505 0.070234 0.160070 1 0
56 0.175352 0.811819 0.204703 0.350540 1 0
60 0.865578 0.894871 0.214469 0.197958 1 1
56 0.651148 0.655704 0.080203 0.114883 1 0
