53 0.634148 0.769636 0.200891 0.165534 1 1
0 0.616547 0.348762 0.039906 0.150388 1 1
53 0.178281 0.765631 0.120094 0.072913 1 1
53 0.392406 0.572403 0.061281 0.087767 1 2
0 0.656836 0.293556 0.049141 0.101966 1 1
0 0.567281 0.354527 0.054594 0.225170 1 1
0 0.161359 0.289612 0.088625 0.189612 1 1
0 0.166820 0.209114 0.052578 0.089927 1 0
2 0.931438 0.319964 0.107375 0.085024 1 0
9 0.297172 0.158398 0.015031 0.097913 1 0
2 0.978695 0.292694 0.042609 0.052233 1 0
9 0.308219 0.149939 0.018656 0.093859 1 0
9 0.567023 0.022658 0.019609 0.045316 1 1
9 0.800578 0.193337 0.007250 0.025752 1 1
9 0.886281 0.241602 0.008313 0.041942 1 0
9 0.902281 0.243495 0.008063 0.022330 1 1
0 0.662719 0.500000 0.518031 1.000000 1 0
0 0.462602 0.437221 0.163109 0.614345 1 0
0 0.128898 0.494369 0.257797 0.988301 1 1
0 0.279195 0.583143 0.240141 0.806723 1 0
