28 0.525172 0.693719 0.217406 0.315854 1 0
28 0.260953 0.268604 0.088375 0.105208 1 2
0 0.454875 0.155177 0.045781 0.141354 1 1
28 0.445531 0.390365 0.166625 0.200896 1 0
28 0.839328 0.643813 0.225844 0.164042 1 1
28 0.606391 0.562677 0.104531 0.171479 1 0
28 0.856156 0.551187 0.287687 0.146375 1 2
28 0.323836 0.312281 0.083891 0.098229 1 2
0 0.915641 0.275792 0.092500 0.358750 1 1
28 0.505602 0.429042 0.178984 0.099083 1 0
0 0.378336 0.170885 0.059234 0.149646 1 1
28 0.710563 0.413062 0.202469 0.112750 1 0
0 0.122992 0.117146 0.037734 0.064625 1 1
28 0.502242 0.294687 0.121297 0.068792 1 2
0 0.487539 0.138615 0.024172 0.066104 1 1
0 0.511398 0.173208 0.063547 0.121708 1 1
0 0.722922 0.147313 0.029969 0.060750 1 1
0 0.543680 0.167448 0.030828 0.093063 1 1
0 0.164555 0.123865 0.029797 0.076938 1 0
28 0.441570 0.905625 0.367422 0.166292 1 1
0 0.599547 0.193510 0.090063 0.243938 1 1
28 0.247461 0.440312 0.207766 0.252250 1 2
