18 0.610539 0.663245 0.032203 0.054216 1 1
18 0.648414 0.666391 0.033297 0.066115 1 1
18 0.511328 0.686744 0.033094 0.051545 1 1
18 0.687625 0.635585 0.027094 0.046932 1 1
18 0.157180 0.782219 0.058109 0.096269 1 0
18 0.796422 0.396159 0.024875 0.024283 1 0
18 0.545266 0.684150 0.032188 0.054570 1 1
18 0.924828 0.454382 0.018875 0.025143 1 1
18 0.572352 0.690916 0.033797 0.056049 1 1
7 0.597773 0.323102 0.038703 0.046159 1 1
18 0.876391 0.478179 0.024063 0.033709 1 0
18 0.878688 0.498477 0.023094 0.034658 1 0
18 0.939609 0.443366 0.022031 0.030574 1 0
18 0.943055 0.381402 0.011703 0.021258 1 1
