0 0.271060 0.904009 0.021200 0.080931 1 1
0 0.201490 0.894039 0.014100 0.091862 1 0
2 0.849870 0.886832 0.134380 0.120871 1 0
2 0.974220 0.888904 0.051320 0.056066 1 0
1 0.692250 0.901096 0.023620 0.044895 1 0
0 0.289440 0.899204 0.020920 0.094264 1 0
9 0.896520 0.727913 0.023360 0.042192 1 1
0 0.944200 0.881171 0.021520 0.064324 1 0
1 0.961810 0.937838 0.071780 0.085465 1 0
0 0.254460 0.890766 0.017720 0.079129 1 0
0 0.227000 0.858108 0.008200 0.035015 1 0
0 0.909340 0.900631 0.036400 0.116937 1 0
0 0.333640 0.877162 0.018680 0.057568 1 0
0 0.678710 0.885691 0.022380 0.082012 1 0
11 0.646550 0.802117 0.014900 0.024775 1 1
0 0.662800 0.884565 0.013440 0.080661 1 0
9 0.304170 0.764760 0.018260 0.044414 1 0
13 0.376120 0.931366 0.164120 0.051682 1 1
13 0.961260 0.930165 0.075720 0.033483 1 0
1 0.626900 0.895495 0.044680 0.053874 1 0
9 0.353300 0.764610 0.019160 0.042192 1 0
1 0.769950 0.897553 0.031340 0.047898 1 0
9 0.782540 0.604294 0.048960 0.024505 1 1
0 0.928130 0.859249 0.011900 0.020420 1 0
26 0.205770 0.912342 0.012620 0.024565 1 1
