0 0.658086 0.648337 0.130234 0.323138 1 1
56 0.358961 0.690152 0.114984 0.211499 1 0
56 0.288922 0.689379 0.078125 0.214824 1 1
60 0.779039 0.642939 0.093016 0.074918 1 1
56 0.230281 0.707412 0.094781 0.210141 1 0
0 0.690711 0.783056 0.074734 0.159133 1 0
56 0.817531 0.698044 0.113312 0.230000 1 0
56 0.895516 0.676124 0.069844 0.215433 1 1
60 0.795125 0.594754 0.034000 0.010960 1 1
60 0.591289 0.627330 0.033359 0.018923 1 1
60 0.653414 0.534590 0.076734 0.014333 1 1
58 0.759828 0.586429 0.021188 0.052576 1 1
58 0.842867 0.560504 0.030547 0.034918 1 1
58 0.861703 0.015094 0.013344 0.028735 1 1
58 0.960109 0.013279 0.029219 0.025105 1 1
56 0.621687 0.532002 0.018531 0.050422 1 0
25 0.590258 0.347166 0.565859 0.482810 1 1
58 0.924656 0.591429 0.113312 0.271897 1 1
60 0.424750 0.628489 0.077156 0.039789 1 1
