0 0.776242 0.608996 0.394422 0.755063 1 0
73 0.138922 0.229571 0.166875 0.079854 1 0
73 0.188258 0.426998 0.035891 0.091109 1 0
73 0.172672 0.425345 0.024625 0.106088 1 0
73 0.184602 0.320952 0.060078 0.101569 1 0
73 0.181469 0.427950 0.027969 0.095649 1 0
73 0.017094 0.371224 0.021937 0.074665 1 0
41 0.229352 0.660596 0.034016 0.056088 1 1
73 0.015969 0.440220 0.031938 0.032071 1 0
73 0.090469 0.399487 0.022031 0.062197 1 0
67 0.048617 0.640084 0.036391 0.023389 1 1
67 0.712945 0.533745 0.035703 0.021883 1 0
73 0.019867 0.290377 0.015578 0.051506 1 0
73 0.166141 0.322228 0.017469 0.091402 1 0
73 0.189977 0.508797 0.015891 0.051904 1 0
73 0.012188 0.481412 0.012000 0.055251 1 0
56 0.965852 0.760251 0.068297 0.211339 1 0
0 0.232570 0.579655 0.212641 0.316967 1 0
0 0.098461 0.573640 0.196922 0.297657 1 1
0 0.436133 0.677238 0.276891 0.645523 1 1
