33 0.319867 0.172687 0.089547 0.156167 1 2
56 0.094594 0.827271 0.031344 0.057292 1 0
0 0.951516 0.806990 0.039625 0.150688 1 1
0 0.129367 0.833135 0.035141 0.046854 1 0
0 0.994508 0.823573 0.010984 0.089687 1 0
24 0.918141 0.913573 0.022469 0.053812 1 1
33 0.587062 0.563583 0.028375 0.041167 1 1
0 0.165922 0.785615 0.013437 0.036104 1 0
33 0.975148 0.487656 0.018828 0.035521 1 1
0 0.778523 0.718729 0.015422 0.042125 1 0
33 0.822430 0.555781 0.012359 0.021813 1 1
37 0.773258 0.732969 0.010297 0.010479 1 0
33 0.857203 0.557292 0.010437 0.016292 1 0
33 0.953422 0.561417 0.007812 0.017042 1 1
37 0.705984 0.662615 0.013750 0.006646 1 0
0 0.931641 0.902281 0.083344 0.088563 1 1
