0 0.613383 0.470224 0.248797 0.716494 1 0
72 0.976797 0.649976 0.046406 0.439859 1 0
45 0.133414 0.964188 0.062578 0.048612 1 1
45 0.136203 0.905459 0.077000 0.041365 1 1
45 0.132797 0.928106 0.068937 0.023506 1 1
45 0.140383 0.878506 0.066672 0.029529 1 1
45 0.066891 0.963565 0.065594 0.030847 1 1
42 0.932789 0.958424 0.022234 0.067812 1 2
45 0.017711 0.970929 0.034828 0.024635 1 1
45 0.065773 0.988318 0.060203 0.023365 1 1
0 0.767164 0.611871 0.242578 0.753435 1 1
45 0.209234 0.944847 0.085687 0.110306 1 1
45 0.255672 0.912388 0.072063 0.124024 1 1
