25 0.171953 0.334835 0.227781 0.170802 1 1
25 0.411461 0.428703 0.188766 0.271887 1 2
0 0.543164 0.685354 0.140266 0.607406 1 1
2 0.169016 0.506238 0.336500 0.205731 1 0
25 0.565945 0.354717 0.246578 0.206274 1 1
58 0.965453 0.524988 0.069094 0.250590 1 1
0 0.693844 0.666663 0.111125 0.533325 1 1
25 0.722047 0.340601 0.214375 0.155071 1 2
25 0.859766 0.302252 0.177156 0.191014 1 1
26 0.629547 0.619399 0.056375 0.145731 1 0
0 0.893977 0.525755 0.094609 0.418160 1 0
26 0.130805 0.544139 0.065453 0.179976 1 0
58 0.607594 0.463538 0.045531 0.057500 1 1
0 0.277391 0.424540 0.041594 0.085637 1 0
26 0.589359 0.534741 0.043906 0.178066 1 0
26 0.846539 0.481887 0.021234 0.064717 1 0
26 0.818297 0.455083 0.026875 0.061297 1 1
26 0.456859 0.578679 0.042344 0.076368 1 0
0 0.823648 0.488278 0.034516 0.172217 1 1
26 0.343680 0.668962 0.023016 0.148255 1 0
58 0.203320 0.024552 0.019016 0.029198 1 1
0 0.770391 0.483620 0.020000 0.161392 1 1
58 0.660109 0.452358 0.033281 0.051509 1 1
0 0.389875 0.725578 0.118875 0.390165 1 1
