0 0.911664 0.831875 0.176672 0.230542 1 0
56 0.873539 0.852958 0.168828 0.180083 1 0
56 0.736484 0.877604 0.237312 0.244792 1 0
56 0.503594 0.858427 0.091969 0.117438 1 1
0 0.579906 0.817365 0.116375 0.151271 1 0
33 0.645039 0.502750 0.045578 0.041167 1 2
33 0.662758 0.475271 0.051078 0.080917 1 2
0 0.326391 0.776208 0.085406 0.150167 1 1
0 0.425117 0.744521 0.030547 0.109125 1 1
41 0.137234 0.828198 0.046156 0.117146 1 1
0 0.573680 0.783563 0.090422 0.081208 1 0
0 0.904594 0.796740 0.038969 0.073188 1 0
33 0.841719 0.600542 0.031281 0.055917 1 2
0 0.315734 0.724271 0.032063 0.073042 1 0
56 0.020227 0.812906 0.039047 0.088521 1 0
0 0.987570 0.815833 0.024859 0.083083 1 0
0 0.729648 0.765031 0.021797 0.048896 1 0
33 0.572617 0.349875 0.009797 0.014792 1 2
0 0.359812 0.738187 0.022125 0.047750 1 0
0 0.770805 0.824417 0.310953 0.351167 1 0
0 0.048578 0.867667 0.097156 0.264667 1 1
