73 0.388039 0.166885 0.038734 0.042271 1 1
75 0.880875 0.229885 0.024594 0.038687 1 1
73 0.378172 0.221000 0.020313 0.045667 1 1
73 0.451469 0.169906 0.022969 0.041729 1 1
73 0.342258 0.323354 0.015953 0.029208 1 1
73 0.425078 0.169937 0.031062 0.040125 1 1
73 0.323484 0.221844 0.025469 0.036437 1 1
73 0.357352 0.223573 0.015453 0.029562 1 1
73 0.378078 0.192156 0.021969 0.006646 1 2
73 0.468898 0.168188 0.012984 0.042917 1 1
73 0.341219 0.138833 0.022812 0.005917 1 2
13 0.487336 0.601354 0.673984 0.756750 1 1
73 0.299070 0.220167 0.010516 0.035958 1 1
0 0.532750 0.225042 0.094437 0.289958 1 1
