45 0.341510 0.689422 0.255646 0.162719 1 1
0 0.590333 0.250891 0.155042 0.284531 1 1
41 0.690510 0.478883 0.151479 0.184453 1 1
45 0.084490 0.569531 0.168021 0.124750 1 1
50 0.313479 0.507039 0.055500 0.033984 1 1
50 0.370021 0.473555 0.055792 0.044328 1 1
51 0.296083 0.786352 0.191458 0.047859 1 1
50 0.416240 0.477578 0.032771 0.060281 1 1
50 0.516469 0.459766 0.052687 0.030219 1 1
50 0.446271 0.485852 0.037792 0.030203 1 1
50 0.465615 0.484445 0.033146 0.032922 1 1
50 0.451135 0.447391 0.046687 0.020250 1 1
50 0.510760 0.486273 0.029687 0.032172 1 1
41 0.639646 0.577422 0.237000 0.244750 1 1
51 0.856417 0.892695 0.227375 0.184672 1 1
0 0.239167 0.261438 0.478333 0.520188 1 1
51 0.551375 0.936188 0.412292 0.127625 1 1
