56 0.937586 0.740000 0.124828 0.355461 1 1
56 0.702242 0.786182 0.195984 0.405792 1 1
58 0.256539 0.610957 0.187797 0.492175 1 1
56 0.818711 0.759137 0.184766 0.326879 1 1
72 0.256945 0.529208 0.172297 0.501111 1 0
24 0.129867 0.653842 0.124234 0.156099 1 1
68 0.666914 0.312707 0.062484 0.072648 1 0
69 0.666563 0.499043 0.138625 0.078747 1 0
71 0.436727 0.471856 0.156453 0.023475 1 1
40 0.136992 0.551548 0.018734 0.050000 1 1
40 0.124477 0.556596 0.020109 0.035083 1 1
24 0.279633 0.975165 0.071797 0.049669 1 2
