0 0.672060 0.454865 0.256720 0.776631 1 0
0 0.412010 0.552493 0.208860 0.289515 1 0
0 0.446540 0.297062 0.057040 0.169596 1 0
0 0.183540 0.424178 0.087520 0.153854 1 0
0 0.241400 0.257291 0.018960 0.060566 1 1
33 0.918490 0.642507 0.160300 0.129326 1 2
0 0.195050 0.255566 0.010180 0.031671 1 0
0 0.815440 0.320553 0.084360 0.160512 1 0
0 0.204190 0.250647 0.009660 0.037898 1 0
0 0.095540 0.263154 0.009640 0.032507 1 0
33 0.296400 0.044852 0.012400 0.012345 1 2
33 0.354830 0.062871 0.021780 0.017170 1 2
33 0.427730 0.061375 0.008540 0.013639 1 2
