2 0.030258 0.555500 0.060516 0.055750 1 0
0 0.561914 0.647738 0.072203 0.200225 1 1
0 0.411758 0.597150 0.036578 0.115050 1 1
1 0.916039 0.622212 0.051547 0.114125 1 0
2 0.868555 0.562800 0.055453 0.073150 1 0
0 0.085922 0.593800 0.020750 0.107900 1 0
0 0.717289 0.643512 0.047766 0.187825 1 1
0 0.675281 0.646288 0.050500 0.204625 1 1
0 0.621406 0.648713 0.050219 0.199625 0 1
13 0.471023 0.630487 0.145203 0.066475 1 1
0 0.826070 0.574688 0.040328 0.162625 1 1
2 0.120125 0.552163 0.033625 0.037125 1 0
0 0.241672 0.550525 0.017063 0.064100 1 0
2 0.777891 0.553813 0.051438 0.067775 1 0
2 0.741688 0.534200 0.033719 0.057100 1 1
26 0.578516 0.662100 0.025000 0.063900 1 1
2 0.159133 0.551687 0.053703 0.040375 1 0
74 0.520438 0.306725 0.029625 0.045050 0 1
0 0.361703 0.541913 0.011500 0.055525 1 0
0 0.253883 0.548087 0.014141 0.058475 1 0
26 0.627406 0.645787 0.036812 0.032275 1 1
26 0.091805 0.596550 0.010016 0.027600 1 1
0 0.374938 0.539275 0.013437 0.056150 1 1
26 0.255437 0.546825 0.007437 0.029800 1 0
27 0.676273 0.600188 0.007828 0.027775 1 1
