0 0.200749 0.295359 0.113288 0.177469 1 1
0 0.486527 0.296344 0.156751 0.171437 1 1
0 0.353930 0.298555 0.117704 0.165422 1 1
0 0.094144 0.235914 0.043852 0.086891 1 1
0 0.649951 0.316992 0.115117 0.118703 1 1
0 0.394786 0.157172 0.045914 0.125969 1 0
0 0.045088 0.250328 0.090175 0.204625 1 1
0 0.136984 0.290898 0.101829 0.181547 1 1
0 0.291440 0.276453 0.047471 0.070250 1 1
0 0.701615 0.280312 0.072724 0.091938 1 1
0 0.542286 0.258813 0.062549 0.068969 1 1
0 0.421936 0.266266 0.040759 0.038687 1 1
32 0.633424 0.124578 0.028210 0.021813 1 1
27 0.470340 0.305078 0.019591 0.068937 1 1
0 0.700204 0.564992 0.312549 0.656203 1 0
