56 0.217177 0.521336 0.156146 0.098453 1 1
44 0.226854 0.752250 0.133375 0.055500 1 1
60 0.225719 0.402789 0.451437 0.130641 1 1
41 0.771302 0.658820 0.149479 0.127797 1 1
0 0.319375 0.195422 0.035500 0.038250 1 1
56 0.114229 0.490805 0.133542 0.117922 1 1
56 0.301500 0.501234 0.133458 0.122594 1 1
0 0.404750 0.270430 0.093917 0.089016 1 1
41 0.039156 0.821234 0.078313 0.178906 1 1
0 0.183458 0.248047 0.071167 0.066719 1 1
43 0.222781 0.774141 0.131229 0.075344 1 0
0 0.274344 0.284727 0.116562 0.079484 1 1
0 0.028615 0.308039 0.057229 0.064422 1 1
0 0.447417 0.255289 0.050875 0.064359 1 1
0 0.285885 0.263062 0.115229 0.068594 1 1
39 0.146677 0.225219 0.013271 0.035719 1 1
41 0.092958 0.344727 0.037458 0.037859 1 1
44 0.168344 0.624281 0.023813 0.014844 1 1
39 0.238135 0.223828 0.016479 0.037094 1 1
39 0.132333 0.224047 0.012333 0.035000 1 1
39 0.120583 0.224391 0.012375 0.034781 1 1
39 0.059740 0.224000 0.011021 0.024531 1 1
39 0.155438 0.223633 0.010125 0.032016 1 1
60 0.500000 0.787820 1.000000 0.405641 1 2
0 0.514198 0.397867 0.687604 0.441703 1 1
