9 0.160375 0.302777 0.065656 0.164428 0 1
9 0.542703 0.305281 0.062219 0.158555 0 1
2 0.524078 0.956107 0.020656 0.018330 1 1
2 0.478234 0.953377 0.024500 0.023827 1 1
2 0.877500 0.963340 0.033406 0.020450 1 0
2 0.131625 0.951857 0.028781 0.020675 1 0
9 0.464547 0.920844 0.007750 0.014747 1 1
2 0.043570 0.947598 0.015922 0.017598 1 1
9 0.493203 0.920356 0.007094 0.013696 1 1
9 0.550719 0.921285 0.005875 0.012026 1 1
11 0.216906 0.930338 0.007281 0.008856 1 1
9 0.522039 0.918096 0.008234 0.007073 1 1
