0 0.168461 0.530871 0.042172 0.207742 1 1
17 0.639125 0.724677 0.083031 0.462323 1 1
17 0.067055 0.747484 0.134109 0.161806 1 0
17 0.786023 0.659516 0.126422 0.173226 1 0
17 0.698187 0.491129 0.104094 0.153161 0 0
0 0.288625 0.421726 0.024719 0.156677 1 1
0 0.110672 0.471694 0.031281 0.185516 1 1
0 0.479430 0.789565 0.058672 0.324161 0 1
17 0.623125 0.393032 0.044938 0.116774 1 0
0 0.271727 0.749887 0.062078 0.234677 1 1
17 0.483430 0.383952 0.051547 0.137968 1 0
17 0.474500 0.439919 0.034313 0.158806 1 1
0 0.535305 0.499097 0.032516 0.192387 1 1
0 0.413344 0.460839 0.028031 0.152452 1 1
0 0.774023 0.515758 0.029453 0.141903 1 0
17 0.418391 0.377484 0.027094 0.051935 1 0
0 0.584516 0.325548 0.012531 0.049161 1 0
0 0.179758 0.751903 0.065203 0.374258 1 1
17 0.808406 0.466629 0.094094 0.116806 1 0
0 0.445789 0.724581 0.068672 0.421613 1 0
0 0.613648 0.768581 0.088359 0.462839 1 1
