49 0.262289 0.628927 0.152703 0.214854 1 1
45 0.530055 0.614604 0.433141 0.123583 1 1
56 0.132555 0.451000 0.161078 0.221458 1 0
49 0.441555 0.489323 0.120422 0.134354 0 2
56 0.452008 0.379344 0.179422 0.111438 1 0
49 0.907062 0.712698 0.185875 0.212438 0 1
49 0.371633 0.489990 0.082891 0.120646 1 1
49 0.148117 0.627458 0.101828 0.079000 1 1
49 0.537148 0.495542 0.098453 0.130375 1 1
49 0.364805 0.725719 0.206328 0.268937 1 1
49 0.096430 0.729083 0.188953 0.223375 0 1
49 0.556180 0.768167 0.222484 0.292125 1 1
60 0.502781 0.759250 0.994438 0.456792 1 0
