45 0.940742 0.817277 0.112547 0.072911 1 1
69 0.333266 0.428404 0.148750 0.293756 1 0
71 0.093836 0.579425 0.101984 0.039742 1 0
71 0.634766 0.673991 0.112625 0.104413 1 1
43 0.971094 0.874624 0.057813 0.087559 1 0
43 0.021008 0.400739 0.015891 0.163263 1 0
49 0.325094 0.700857 0.025719 0.033920 1 1
43 0.072508 0.388157 0.011453 0.153216 1 0
43 0.308414 0.662535 0.089703 0.011549 1 2
43 0.767922 0.323251 0.014313 0.078474 1 0
49 0.342336 0.694577 0.023641 0.029671 1 1
43 0.776141 0.318040 0.006719 0.087582 1 0
0 0.211656 0.566291 0.195938 0.844930 1 0
0 0.821188 0.561796 0.266250 0.714624 1 0
