0 0.576375 0.735401 0.102000 0.400062 1 0
25 0.855539 0.621358 0.113766 0.103395 1 1
25 0.881805 0.787114 0.228922 0.277253 1 1
0 0.617461 0.867207 0.060953 0.174660 1 0
25 0.703820 0.535679 0.181578 0.211049 1 1
25 0.560539 0.426667 0.165078 0.135247 1 1
25 0.473898 0.510324 0.203172 0.260093 1 1
0 0.307328 0.761049 0.060094 0.436420 1 0
0 0.383953 0.733025 0.105813 0.393272 1 0
25 0.670438 0.692068 0.176812 0.136420 1 1
25 0.338602 0.542855 0.124922 0.145463 1 1
25 0.370430 0.153302 0.138109 0.241235 1 1
25 0.780117 0.704660 0.137547 0.165556 1 1
0 0.156070 0.766698 0.096484 0.417037 1 0
25 0.145672 0.552762 0.155938 0.112253 1 1
0 0.247352 0.748225 0.107016 0.458056 1 0
0 0.468820 0.736852 0.072078 0.380802 1 0
0 0.551187 0.876404 0.121719 0.247191 1 0
25 0.693242 0.787454 0.154422 0.068549 1 1
25 0.553320 0.219259 0.115672 0.062778 1 1
0 0.809203 0.858164 0.037375 0.096204 1 0
0 0.347773 0.266219 0.062547 0.170340 1 1
0 0.767305 0.946235 0.061453 0.107531 1 0
25 0.957891 0.617978 0.084187 0.067438 1 1
27 0.230305 0.704830 0.025484 0.159414 1 0
27 0.311594 0.716528 0.018125 0.175216 1 0
27 0.452359 0.650802 0.004594 0.019259 1 0
