19 0.898000 0.322751 0.044156 0.024163 1 0
19 0.300992 0.501820 0.039141 0.098787 1 1
19 0.394664 0.351977 0.039516 0.030230 1 0
19 0.742781 0.502469 0.087875 0.088494 1 0
19 0.297711 0.394906 0.056828 0.035126 1 0
19 0.200703 0.413128 0.037219 0.081402 1 1
19 0.968750 0.371349 0.044000 0.032657 1 0
19 0.461383 0.314697 0.027984 0.030732 1 0
19 0.169094 0.344644 0.050313 0.025607 1 0
19 0.553742 0.284121 0.020141 0.016025 1 0
19 0.260937 0.398117 0.016781 0.050000 1 1
19 0.518938 0.305774 0.017219 0.013640 1 0
19 0.547953 0.314738 0.027937 0.017720 1 0
19 0.489359 0.296308 0.012094 0.023033 1 1
