0 0.316008 0.520219 0.318547 0.950562 1 0
36 0.357305 0.966573 0.320234 0.066854 1 0
0 0.458297 0.386073 0.031781 0.058604 1 0
0 0.865828 0.485052 0.050813 0.159396 1 0
0 0.919500 0.445375 0.032063 0.058375 1 0
0 0.808297 0.421823 0.030437 0.049979 1 0
0 0.153594 0.372052 0.029250 0.115062 1 1
0 0.393828 0.382437 0.032438 0.119125 1 1
0 0.750602 0.406021 0.046609 0.061250 1 0
0 0.905242 0.428187 0.026578 0.088583 1 1
29 0.154633 0.454198 0.020141 0.035438 1 2
0 0.843617 0.431104 0.013141 0.033333 1 1
0 0.112187 0.358198 0.026719 0.090854 1 0
0 0.850445 0.417250 0.012922 0.023375 1 1
8 0.026312 0.236115 0.051281 0.027271 1 0
29 0.778875 0.403219 0.009656 0.011021 1 2
8 0.735406 0.326458 0.014344 0.013667 1 1
