27 0.778758 0.506880 0.062953 0.229091 1 0
53 0.439930 0.533254 0.079891 0.177045 1 1
53 0.735242 0.394690 0.055766 0.047975 1 1
62 0.240117 0.201890 0.048266 0.041178 0 1
74 0.605813 0.141291 0.030594 0.122211 1 0
27 0.420102 0.697107 0.046359 0.412934 1 1
56 0.579281 0.906395 0.164625 0.187211 1 1
0 0.824227 0.538202 0.350078 0.896612 1 0
0 0.151742 0.587862 0.292953 0.824277 1 1
0 0.590203 0.675837 0.162969 0.646591 1 1
0 0.398516 0.611240 0.328000 0.741570 1 1
2 0.035328 0.449122 0.065844 0.120971 1 0
