26 0.094836 0.663897 0.189672 0.495775 1 1
0 0.243922 0.559472 0.192562 0.657207 1 1
0 0.425547 0.552817 0.142094 0.283146 1 1
0 0.114789 0.332441 0.072422 0.357840 1 0
26 0.278961 0.612359 0.091234 0.348333 1 0
0 0.361164 0.358744 0.071641 0.188333 1 1
39 0.377914 0.901502 0.054359 0.196667 1 1
39 0.311102 0.901585 0.055453 0.196596 1 1
0 0.400867 0.559542 0.191453 0.773028 1 1
0 0.745109 0.493239 0.509781 0.986479 1 1
53 0.735508 0.914354 0.445797 0.170728 1 1
0 0.091984 0.515047 0.178000 0.730329 1 0
