25 0.705531 0.532248 0.356813 0.526838 1 2
56 0.634578 0.671253 0.120500 0.162178 1 0
0 0.577102 0.641850 0.223641 0.217237 1 0
0 0.201539 0.409368 0.008422 0.019953 1 0
0 0.030602 0.422974 0.023516 0.040328 1 0
0 0.176383 0.408454 0.014766 0.024028 1 0
0 0.311008 0.399087 0.009484 0.045808 1 1
0 0.272672 0.402248 0.011813 0.037939 1 0
0 0.211781 0.393232 0.009656 0.033208 1 1
0 0.296234 0.399719 0.007094 0.033630 1 1
0 0.238656 0.402963 0.007594 0.016464 1 0
0 0.403828 0.398431 0.004312 0.018735 1 0
0 0.286062 0.395386 0.007812 0.030539 1 1
