13 0.724961 0.935375 0.050828 0.031625 1 0
33 0.777594 0.488687 0.163469 0.417875 1 2
33 0.564648 0.553604 0.150359 0.470833 1 2
0 0.976250 0.922448 0.029531 0.052646 1 0
13 0.444281 0.933354 0.051375 0.035583 1 1
13 0.863266 0.934521 0.063250 0.034333 1 1
13 0.323359 0.935219 0.046750 0.029146 1 1
0 0.194508 0.917729 0.012641 0.024417 1 0
13 0.641961 0.929615 0.042359 0.021979 1 0
0 0.496148 0.931406 0.025922 0.037521 1 1
1 0.987781 0.933812 0.024438 0.035542 1 0
0 0.546906 0.936146 0.013094 0.031042 1 0
0 0.524602 0.940094 0.015578 0.026896 1 0
0 0.556438 0.945052 0.010531 0.021146 1 0
