0 0.183985 0.536789 0.202799 0.520297 1 0
0 0.318134 0.450625 0.087921 0.072125 1 1
25 0.440008 0.103961 0.095401 0.038297 1 2
0 0.318216 0.293961 0.077119 0.103922 1 1
0 0.391260 0.359117 0.080622 0.146172 1 1
0 0.559771 0.449297 0.066547 0.071625 1 1
0 0.321399 0.382547 0.093404 0.115844 1 1
0 0.588838 0.415906 0.071358 0.111125 1 1
0 0.635475 0.371711 0.093208 0.124141 1 1
0 0.632300 0.567055 0.090786 0.188203 1 1
0 0.362692 0.262078 0.054157 0.094188 1 1
0 0.455147 0.177383 0.052979 0.067391 1 1
0 0.408985 0.148789 0.043895 0.070484 1 1
38 0.297520 0.210766 0.067610 0.157688 1 0
25 0.021358 0.132969 0.040131 0.039938 1 2
32 0.387954 0.167172 0.024059 0.017813 1 1
67 0.904059 0.105250 0.004386 0.007500 1 1
26 0.457259 0.311977 0.016023 0.019922 1 0
0 0.462938 0.142047 0.071604 0.070125 1 1
