0 0.913169 0.349047 0.059437 0.053156 1 1
56 0.509448 0.448344 0.095939 0.114000 1 0
0 0.111913 0.259727 0.114390 0.091641 1 1
56 0.517523 0.470211 0.068850 0.069703 1 0
41 0.333897 0.471828 0.047465 0.042625 1 1
73 0.938216 0.417758 0.044507 0.012891 1 2
56 0.719014 0.325734 0.032066 0.028000 1 1
73 0.296913 0.275023 0.050681 0.025359 1 0
73 0.751103 0.497484 0.040094 0.021344 1 1
63 0.835376 0.352875 0.029343 0.020188 1 1
56 0.872887 0.357062 0.027559 0.023969 1 0
73 0.819425 0.568609 0.098850 0.031469 1 0
0 0.321408 0.270773 0.114131 0.082141 1 0
0 0.979202 0.365070 0.040610 0.052109 1 1
0 0.722066 0.594664 0.299531 0.342891 1 0
0 0.582700 0.451719 0.130986 0.134344 1 0
63 0.283685 0.528563 0.138545 0.063250 1 1
73 0.359554 0.359563 0.090235 0.052875 1 1
0 0.785610 0.368211 0.076009 0.055016 1 1
56 0.803298 0.844477 0.386315 0.311047 1 1
