0 0.431896 0.285359 0.028542 0.037344 1 1
0 0.341896 0.191914 0.013542 0.015766 1 0
0 0.733448 0.126445 0.012104 0.017922 1 0
0 0.568833 0.206086 0.017042 0.019641 1 0
30 0.436927 0.303953 0.017229 0.004531 1 1
0 0.631990 0.220750 0.014479 0.027281 1 0
0 0.339771 0.161867 0.007333 0.014484 1 0
0 0.294729 0.172336 0.007042 0.014391 1 0
0 0.249490 0.188547 0.012313 0.019406 1 0
0 0.234687 0.175477 0.009917 0.020203 1 1
0 0.368490 0.184148 0.008313 0.012141 1 0
30 0.341042 0.199633 0.021958 0.002047 1 0
0 0.323750 0.617094 0.299625 0.543625 1 0
