0 0.727110 0.462681 0.065900 0.131957 1 0
47 0.417840 0.818606 0.275680 0.236515 1 1
0 0.374350 0.511314 0.130620 0.422198 1 0
49 0.067010 0.676086 0.133700 0.244772 1 2
0 0.110780 0.466113 0.154280 0.354853 1 0
46 0.418350 0.097091 0.071780 0.128284 1 0
51 0.467310 0.593606 0.061500 0.086515 1 1
39 0.666870 0.486327 0.026660 0.063914 1 1
46 0.447430 0.107158 0.044860 0.104075 1 0
74 0.337790 0.072064 0.135780 0.143807 1 0
46 0.547790 0.172051 0.054060 0.078794 1 0
46 0.478660 0.081595 0.021160 0.062654 1 1
0 0.937160 0.528512 0.015080 0.038204 1 0
45 0.583230 0.479263 0.112940 0.067962 1 1
46 0.482260 0.086046 0.032200 0.085710 1 0
0 0.887360 0.539397 0.021000 0.043244 1 1
46 0.509390 0.140845 0.078300 0.091019 1 0
0 0.902340 0.559249 0.023840 0.053244 1 0
47 0.076220 0.610389 0.036520 0.035630 1 1
47 0.156040 0.629517 0.032680 0.036300 1 1
45 0.326620 0.426059 0.180280 0.085040 1 1
46 0.467230 0.029544 0.042860 0.058928 1 1
74 0.595990 0.212520 0.099700 0.158928 1 1
0 0.976440 0.554973 0.045680 0.105282 1 1
