0 0.813407 0.539320 0.279555 0.660672 1 1
25 0.814415 0.128547 0.371171 0.111906 1 1
0 0.887787 0.316703 0.073091 0.187344 1 0
27 0.535094 0.485313 0.101616 0.224719 1 1
25 0.069145 0.232594 0.138290 0.052906 1 1
0 0.951874 0.440437 0.096253 0.337969 1 1
25 0.066148 0.160430 0.126066 0.099734 1 2
0 0.641230 0.260141 0.091920 0.127062 1 0
25 0.180187 0.450188 0.299766 0.689875 1 1
0 0.136101 0.612109 0.272201 0.753375 1 1
25 0.450316 0.217711 0.672108 0.195078 1 1
0 0.532471 0.572766 0.465410 0.827375 1 1
