72 0.809883 0.597406 0.380235 0.805188 1 0
74 0.300951 0.165875 0.088427 0.059219 0 1
69 0.450117 0.561484 0.070516 0.225125 1 0
47 0.421385 0.360789 0.025305 0.015203 1 1
41 0.264460 0.321539 0.032254 0.043328 1 1
71 0.116009 0.449531 0.084789 0.040313 1 0
45 0.181385 0.299102 0.096150 0.039266 1 1
47 0.446667 0.363750 0.024601 0.016250 1 2
45 0.452559 0.382312 0.085775 0.027813 1 1
47 0.464953 0.352102 0.022817 0.018859 1 1
49 0.470082 0.366594 0.022277 0.011406 1 1
49 0.433110 0.368211 0.014484 0.007703 1 1
49 0.449871 0.351508 0.012606 0.009047 1 1
