0 0.586480 0.788990 0.009920 0.032660 1 0
58 0.421320 0.715230 0.075493 0.063660 1 1
58 0.377653 0.727920 0.115307 0.077440 1 1
10 0.734080 0.880840 0.040213 0.060720 0 1
9 0.791800 0.655860 0.031653 0.037160 0 1
2 0.700000 0.781590 0.029493 0.018620 1 1
58 0.351827 0.732310 0.056773 0.055060 1 1
58 0.472627 0.727970 0.046587 0.052620 1 1
58 0.501800 0.747340 0.020347 0.028320 1 1
2 0.647653 0.790210 0.035733 0.024540 1 1
0 0.973680 0.782590 0.015147 0.031540 1 0
0 0.631253 0.833800 0.028427 0.056960 1 1
0 0.565920 0.791610 0.014027 0.022540 1 1
2 0.746133 0.770480 0.026880 0.024200 1 1
9 0.838520 0.719010 0.008453 0.011900 1 1
