0 0.684258 0.465500 0.270516 0.548042 1 1
0 0.357945 0.435156 0.434984 0.483313 1 0
41 0.014570 0.250010 0.028266 0.054646 1 1
65 0.652625 0.158167 0.020625 0.011750 1 1
67 0.682969 0.477833 0.032531 0.014083 1 2
65 0.633477 0.158812 0.034359 0.012500 1 1
0 0.354625 0.224646 0.311781 0.446042 1 1
60 0.035508 0.273906 0.071016 0.143396 1 2
57 0.378219 0.644750 0.750000 0.689500 1 0
63 0.484555 0.470781 0.217422 0.276396 1 2
63 0.586516 0.649062 0.316844 0.400000 1 2
62 0.706523 0.031823 0.184172 0.061396 1 1
0 0.459758 0.684927 0.710609 0.607313 1 0
