0 0.446993 0.701531 0.499218 0.552813 1 1
0 0.666369 0.394461 0.160856 0.116297 1 1
0 0.573582 0.473633 0.121296 0.086422 1 1
0 0.056076 0.413375 0.112152 0.126438 1 1
0 0.132311 0.439906 0.207262 0.111969 1 1
0 0.709413 0.456688 0.156724 0.137437 1 1
0 0.501198 0.400141 0.155795 0.083969 1 1
0 0.377946 0.407102 0.114523 0.111266 1 1
0 0.456993 0.440070 0.151980 0.070828 1 1
38 0.252200 0.543453 0.090709 0.152313 1 0
32 0.613606 0.091773 0.036895 0.023578 0 1
0 0.849438 0.472875 0.139267 0.113469 1 1
