26 0.088297 0.643929 0.133219 0.259252 1 0
0 0.211609 0.700357 0.117438 0.506262 1 0
0 0.431719 0.514900 0.090969 0.202724 1 1
0 0.393406 0.506827 0.068094 0.114950 1 1
0 0.163984 0.654311 0.058656 0.360947 1 0
2 0.981898 0.508497 0.035547 0.107757 1 1
26 0.460156 0.674261 0.018125 0.041512 1 0
2 0.171477 0.467002 0.039891 0.040482 1 0
49 0.590125 0.567400 0.014969 0.013970 1 2
49 0.555180 0.554867 0.012516 0.014817 1 2
0 0.079086 0.709419 0.153953 0.575781 1 0
0 0.495922 0.687907 0.115781 0.417442 1 0
0 0.311437 0.720573 0.223062 0.536927 1 1
