20 0.409477 0.581729 0.469172 0.526917 1 0
0 0.214047 0.657302 0.084281 0.352812 1 0
0 0.224766 0.909969 0.340875 0.180063 1 1
0 0.522148 0.899219 0.191203 0.197646 1 0
0 0.593328 0.685333 0.091438 0.336958 1 0
0 0.315984 0.709698 0.102031 0.392146 1 1
0 0.088984 0.700448 0.089531 0.373396 1 0
8 0.948680 0.195833 0.102297 0.184292 1 0
25 0.312703 0.274135 0.265563 0.099771 1 1
26 0.291164 0.694031 0.051047 0.063979 1 1
24 0.777930 0.701469 0.072797 0.139937 1 1
8 0.869773 0.269323 0.098359 0.032229 1 0
0 0.974719 0.939917 0.050562 0.120167 1 0
8 0.133719 0.247365 0.098500 0.050521 1 0
26 0.609906 0.934646 0.021531 0.087500 1 0
8 0.044031 0.259979 0.088063 0.013125 1 0
26 0.613891 0.710760 0.011094 0.046146 1 0
0 0.424398 0.730865 0.099922 0.427937 1 0
0 0.741258 0.762438 0.134078 0.474083 1 1
0 0.703250 0.748052 0.070125 0.405188 1 0
