40 0.050828 0.614189 0.101500 0.294948 1 1
42 0.652953 0.918919 0.283250 0.147775 1 2
56 0.103000 0.401040 0.202781 0.261247 1 0
56 0.475172 0.163628 0.086719 0.096154 1 0
45 0.752180 0.706559 0.172078 0.202183 1 1
45 0.952625 0.290333 0.094750 0.101123 1 1
41 0.844172 0.279740 0.059156 0.083680 1 1
40 0.754000 0.131091 0.040750 0.125842 1 1
40 0.705375 0.389958 0.067844 0.216050 1 1
41 0.506930 0.704231 0.101609 0.190125 1 1
45 0.871789 0.453035 0.130266 0.116424 1 1
45 0.218883 0.393035 0.113297 0.123410 1 1
40 0.830758 0.256258 0.056891 0.176965 1 1
40 0.536070 0.594324 0.093141 0.287069 1 1
45 0.532094 0.415821 0.108656 0.088233 1 1
41 0.182430 0.773805 0.122266 0.194137 1 1
40 0.652797 0.151341 0.040781 0.112121 1 1
45 0.579500 0.167651 0.070000 0.051102 1 1
41 0.410742 0.399719 0.067297 0.123555 1 1
40 0.885242 0.159106 0.043391 0.142412 1 1
40 0.353570 0.387058 0.068391 0.205426 1 1
41 0.677883 0.461538 0.074703 0.135385 1 1
43 0.330883 0.971029 0.051172 0.057651 1 0
44 0.643336 0.663971 0.049953 0.035509 1 0
41 0.121602 0.616850 0.097953 0.164054 1 1
44 0.388406 0.962349 0.072063 0.074304 1 2
41 0.871469 0.197474 0.047938 0.090333 1 1
40 0.542617 0.238170 0.048422 0.136008 1 1
42 0.822609 0.580988 0.216750 0.080146 1 0
42 0.924625 0.369387 0.150750 0.039688 1 0
42 0.081883 0.821393 0.049203 0.049647 1 2
44 0.190703 0.504179 0.163344 0.027318 1 0
45 0.464070 0.245062 0.089609 0.067422 1 1
41 0.574727 0.259917 0.050453 0.080665 1 1
45 0.710289 0.277308 0.069828 0.030998 1 1
45 0.975391 0.189283 0.049219 0.069543 1 1
45 0.717180 0.254179 0.049984 0.025530 1 1
43 0.202531 0.487328 0.179062 0.026674 1 2
42 0.916773 0.238877 0.021297 0.020873 1 0
45 0.124133 0.905624 0.204359 0.166299 1 2
56 0.320023 0.264054 0.177797 0.191393 1 0
40 0.269969 0.745322 0.108531 0.333888 1 1
45 0.793523 0.137703 0.069109 0.066507 1 1
60 0.499219 0.531767 0.998437 0.912931 1 2
