0 0.133375 0.648240 0.061625 0.305188 1 1
24 0.911289 0.784927 0.085297 0.073354 1 1
0 0.167000 0.663229 0.168187 0.347292 1 1
0 0.444789 0.658073 0.092484 0.302687 1 1
0 0.302594 0.673844 0.115688 0.346979 1 1
0 0.905422 0.717969 0.088000 0.149104 1 1
30 0.766336 0.857781 0.059422 0.108562 1 2
24 0.448031 0.570375 0.063219 0.046250 1 1
0 0.953383 0.648406 0.063078 0.181396 1 1
30 0.115633 0.805521 0.133703 0.052542 1 2
30 0.158352 0.845448 0.098984 0.087979 1 2
24 0.168836 0.582812 0.067078 0.101708 1 1
0 0.912859 0.628760 0.114969 0.108146 1 0
24 0.980711 0.729094 0.038578 0.045062 1 0
24 0.110953 0.576427 0.016219 0.061896 1 1
30 0.411609 0.816896 0.042594 0.067750 1 2
30 0.321430 0.870812 0.048203 0.094708 1 2
24 0.292359 0.586708 0.053969 0.068125 1 1
0 0.766016 0.675281 0.150000 0.348312 1 1
