0 0.394039 0.642000 0.028141 0.039833 1 1
0 0.606109 0.610677 0.013594 0.038646 1 0
0 0.442250 0.583740 0.007625 0.013771 1 0
0 0.673219 0.606646 0.010625 0.016083 1 0
0 0.294758 0.589104 0.006422 0.018667 1 1
0 0.503461 0.603594 0.006516 0.020979 1 0
0 0.381031 0.549396 0.008063 0.015667 1 0
0 0.306516 0.653438 0.013781 0.031542 1 0
0 0.359383 0.606010 0.005047 0.019521 1 0
0 0.345555 0.552594 0.005328 0.015479 1 0
0 0.479820 0.602292 0.004297 0.017042 1 0
30 0.478039 0.611604 0.010922 0.001917 1 0
0 0.401484 0.535156 0.003375 0.010187 1 0
