1 0.246758 0.698993 0.340484 0.293115 1 0
1 0.818414 0.750129 0.329359 0.375667 1 0
0 0.634875 0.443981 0.034500 0.047635 1 0
1 0.103875 0.587916 0.135063 0.077564 1 0
1 0.398062 0.551557 0.136469 0.159087 1 0
1 0.069234 0.519801 0.071375 0.086393 1 0
0 0.486805 0.510597 0.070234 0.045316 1 0
0 0.242781 0.458337 0.047656 0.044871 1 0
0 0.580430 0.446838 0.076359 0.033583 1 0
0 0.195031 0.462213 0.027125 0.025785 1 0
0 0.266109 0.454473 0.013938 0.036487 1 0
0 0.630023 0.435504 0.015141 0.047119 1 1
1 0.607961 0.631944 0.305203 0.346136 1 0
0 0.445406 0.520433 0.086906 0.049251 1 0
0 0.824609 0.582026 0.197906 0.521335 1 0
