0 0.817560 0.340880 0.055440 0.092000 1 0
0 0.498470 0.635853 0.431500 0.727973 1 0
34 0.149590 0.671933 0.299180 0.306640 1 1
0 0.382130 0.227760 0.045060 0.116747 1 0
0 0.200770 0.501987 0.122380 0.222800 1 0
0 0.872300 0.364533 0.089080 0.150240 1 0
0 0.626090 0.466293 0.074540 0.135840 1 0
0 0.719770 0.244387 0.063860 0.128613 1 0
0 0.653940 0.190787 0.075240 0.122160 1 0
0 0.388370 0.324427 0.041820 0.091947 1 0
0 0.540410 0.177573 0.049700 0.089440 1 0
0 0.234510 0.503333 0.209940 0.228907 1 0
