72 0.762125 0.424930 0.146094 0.347611 1 0
45 0.687586 0.643185 0.118891 0.124028 1 1
0 0.671422 0.378396 0.129937 0.290328 1 1
56 0.334195 0.851230 0.193859 0.297307 1 0
71 0.462867 0.553712 0.127734 0.045597 1 0
0 0.382016 0.398185 0.116312 0.290796 1 0
45 0.514164 0.618677 0.068859 0.080913 1 1
39 0.772875 0.605351 0.039844 0.151686 1 1
41 0.284828 0.549227 0.033094 0.073770 1 1
41 0.634039 0.591077 0.030141 0.116159 1 1
45 0.593359 0.663888 0.079656 0.098548 1 1
41 0.850359 0.674508 0.041688 0.087002 1 1
41 0.735320 0.593806 0.027359 0.068782 1 1
40 0.789977 0.473560 0.023141 0.068993 1 1
39 0.299227 0.515679 0.020609 0.062365 1 1
39 0.559086 0.431382 0.009609 0.034988 1 1
39 0.559047 0.405726 0.006156 0.025222 1 1
39 0.579266 0.417635 0.012219 0.061593 1 1
39 0.584891 0.422096 0.007875 0.051265 1 1
0 0.153367 0.554543 0.279016 0.864918 1 0
0 0.860047 0.429684 0.159844 0.455714 1 0
39 0.464617 0.586030 0.028891 0.099602 1 1
