3 0.142539 0.734112 0.173047 0.392617 1 0
0 0.636594 0.695187 0.191781 0.346215 1 1
0 0.172906 0.653119 0.134656 0.374930 1 0
0 0.516664 0.594977 0.052328 0.257383 1 0
3 0.505805 0.639486 0.132016 0.260467 1 0
3 0.660180 0.543750 0.102547 0.124042 1 0
0 0.683086 0.566028 0.061891 0.200888 1 0
3 0.624477 0.796308 0.177922 0.351636 1 1
3 0.837812 0.657313 0.103688 0.276402 1 0
3 0.265586 0.616379 0.084359 0.168178 1 0
3 0.917742 0.639977 0.056609 0.193925 1 0
3 0.037820 0.655491 0.075641 0.215421 1 0
0 0.926688 0.583201 0.089375 0.208879 1 0
0 0.253977 0.597745 0.081141 0.211238 1 0
3 0.560055 0.565117 0.053672 0.107009 1 0
0 0.032211 0.494054 0.023234 0.039322 1 0
0 0.943266 0.487033 0.027250 0.053879 1 0
0 0.034039 0.532780 0.039922 0.048084 1 0
3 0.757594 0.606822 0.072594 0.160561 1 0
