33 0.333156 0.340562 0.028094 0.051616 1 1
0 0.166422 0.598876 0.015000 0.056159 1 0
0 0.083750 0.550726 0.009781 0.037705 1 0
0 0.107961 0.542143 0.004672 0.035574 1 0
33 0.607133 0.270632 0.024422 0.031382 1 1
0 0.125078 0.545890 0.007906 0.039508 1 0
33 0.565711 0.204532 0.029016 0.031171 1 1
33 0.475773 0.314169 0.029266 0.048712 1 1
0 0.113961 0.541300 0.010141 0.038384 1 0
33 0.795281 0.250141 0.030281 0.029087 1 1
33 0.725062 0.271066 0.026219 0.043162 1 1
0 0.278375 0.527717 0.007594 0.026112 1 0
33 0.548930 0.380621 0.018047 0.028829 1 1
33 0.907766 0.315539 0.020719 0.027939 1 1
0 0.184992 0.531241 0.006609 0.033724 1 0
0 0.088508 0.540386 0.007984 0.031967 1 0
0 0.401242 0.525222 0.007922 0.027307 1 0
0 0.120383 0.542717 0.005234 0.038454 1 0
33 0.160367 0.415222 0.014703 0.011007 1 2
33 0.169555 0.304637 0.005172 0.010164 1 0
0 0.293812 0.525738 0.008125 0.033349 1 0
0 0.138484 0.548548 0.004625 0.030211 1 0
