77 0.439875 0.194458 0.184969 0.185417 1 0
77 0.407023 0.265729 0.199453 0.241583 1 0
48 0.457539 0.326094 0.067172 0.084146 1 1
48 0.621969 0.361396 0.073750 0.070000 1 1
48 0.581219 0.462208 0.086156 0.080833 1 1
48 0.661078 0.283177 0.058531 0.034063 1 1
44 0.459711 0.381760 0.018203 0.063437 1 0
44 0.520937 0.261396 0.019375 0.064125 1 0
44 0.595562 0.189260 0.009469 0.045062 1 2
77 0.665695 0.459906 0.312078 0.495229 1 0
13 0.650656 0.725969 0.167531 0.179229 1 0
60 0.466008 0.450562 0.487078 0.478667 1 0
