2 0.611805 0.134239 0.094016 0.069321 1 0
2 0.270289 0.105773 0.061391 0.044239 1 0
0 0.776617 0.134239 0.027984 0.112927 1 0
2 0.424133 0.120304 0.049266 0.058173 1 0
2 0.193336 0.092471 0.046922 0.024286 1 0
2 0.236758 0.092658 0.021016 0.019321 1 0
11 0.644664 0.046721 0.018797 0.029977 1 1
0 0.700375 0.111534 0.009531 0.051124 1 0
0 0.808820 0.142845 0.025453 0.098852 1 0
0 0.672352 0.134766 0.026672 0.080258 1 0
0 0.866492 0.118384 0.010703 0.039391 1 0
2 0.321445 0.110867 0.029578 0.046230 1 0
0 0.959523 0.121838 0.026734 0.052951 1 1
26 0.910055 0.167073 0.014203 0.037892 1 0
0 0.379773 0.103864 0.013203 0.038923 1 0
0 0.873781 0.118138 0.006719 0.035902 1 0
0 0.854891 0.119578 0.010750 0.049040 1 0
3 0.432992 0.533899 0.554922 0.566347 1 0
2 0.362320 0.108361 0.033672 0.038595 1 0
