30 0.791012 0.514461 0.264141 0.093547 1 0
16 0.271224 0.702570 0.480188 0.330359 1 0
0 0.779953 0.350352 0.210635 0.314953 1 0
0 0.510812 0.382570 0.132824 0.140422 1 0
2 0.098624 0.497656 0.193106 0.097344 1 0
16 0.507635 0.455719 0.149718 0.080875 1 0
2 0.909929 0.326992 0.135906 0.068922 1 0
0 0.893494 0.327055 0.031741 0.054109 1 0
0 0.926376 0.328250 0.032141 0.052531 1 0
30 0.564071 0.460766 0.106071 0.027937 1 0
0 0.988224 0.316336 0.023553 0.035203 1 0
2 0.331718 0.447438 0.273082 0.099375 1 0
