0 0.125750 0.660177 0.037375 0.152354 1 1
0 0.632719 0.857635 0.069844 0.284729 1 0
0 0.778703 0.707802 0.025844 0.079229 1 0
0 0.811312 0.868271 0.093281 0.263458 1 0
0 0.875320 0.720604 0.048422 0.182917 1 0
0 0.099109 0.815229 0.053938 0.096542 1 1
26 0.790438 0.940427 0.057375 0.119146 1 1
0 0.416539 0.678240 0.030359 0.119979 1 1
0 0.491812 0.790010 0.072406 0.098979 1 1
26 0.878680 0.706396 0.035047 0.074958 1 1
0 0.486781 0.687917 0.024188 0.108750 1 0
0 0.939766 0.746167 0.036375 0.098958 1 0
26 0.055828 0.690937 0.027875 0.049083 1 1
33 0.980734 0.362875 0.035781 0.029417 1 2
33 0.042852 0.290250 0.024641 0.019125 1 2
33 0.475930 0.347042 0.031078 0.037167 1 2
26 0.446117 0.678240 0.015391 0.058604 1 0
0 0.441188 0.686125 0.025812 0.103125 1 1
0 0.728938 0.725927 0.028187 0.152812 1 0
33 0.502555 0.583063 0.042203 0.034875 1 2
33 0.558523 0.543031 0.029547 0.030313 1 2
33 0.742063 0.448156 0.031281 0.024271 1 2
33 0.069312 0.412042 0.024813 0.042250 1 2
26 0.489023 0.683115 0.020516 0.034979 1 1
26 0.766898 0.752865 0.012234 0.050479 1 0
0 0.704500 0.830344 0.124719 0.316854 1 0
