8 0.867078 0.402528 0.110531 0.081389 1 0
8 0.671922 0.395639 0.123531 0.050833 1 0
8 0.774305 0.252333 0.076391 0.362944 1 0
8 0.956031 0.393208 0.087938 0.135361 1 0
8 0.222461 0.387083 0.098859 0.080000 1 0
8 0.254164 0.448153 0.086109 0.051861 1 0
8 0.574828 0.341403 0.024594 0.143417 1 0
8 0.118180 0.458319 0.167234 0.073583 1 0
8 0.549320 0.366472 0.040109 0.091889 1 0
8 0.321266 0.422750 0.046562 0.040833 1 0
8 0.700125 0.408944 0.073313 0.033667 1 0
8 0.598695 0.401444 0.028078 0.022833 1 0
