0 0.119047 0.352014 0.101344 0.251054 1 0
0 0.139586 0.352541 0.081016 0.204941 1 0
0 0.062766 0.381991 0.105250 0.227588 1 0
0 0.189477 0.346241 0.034266 0.118571 1 0
0 0.864242 0.212834 0.018172 0.050211 1 0
0 0.298273 0.322670 0.023766 0.065995 1 0
36 0.192766 0.378372 0.023531 0.058571 1 2
0 0.786695 0.227459 0.013453 0.020164 1 1
0 0.736609 0.218653 0.017594 0.077260 1 0
0 0.770320 0.226382 0.014828 0.021101 1 0
0 0.615586 0.454403 0.459234 0.743091 1 1
36 0.620711 0.784262 0.302859 0.193255 1 0
