0 0.658750 0.445135 0.053250 0.057438 1 0
2 0.906828 0.577969 0.052687 0.095146 1 1
2 0.969484 0.597885 0.061031 0.094521 1 0
2 0.176914 0.494021 0.033016 0.033625 1 0
2 0.159203 0.491854 0.019250 0.031083 1 0
2 0.190305 0.497906 0.019484 0.034646 1 0
2 0.124844 0.487323 0.017219 0.022937 1 1
2 0.196461 0.502615 0.005547 0.027938 1 0
2 0.111727 0.482917 0.020641 0.022625 1 1
2 0.145398 0.491979 0.012328 0.023458 1 0
2 0.063523 0.478667 0.016266 0.018625 1 1
9 0.114312 0.370271 0.007719 0.027083 1 1
5 0.541859 0.526969 0.699437 0.685396 1 0
2 0.052250 0.578656 0.104500 0.213479 1 1
