51 0.696220 0.479227 0.099240 0.108907 1 1
51 0.642370 0.494480 0.015940 0.047787 1 1
49 0.672440 0.305840 0.034400 0.046187 1 1
51 0.739520 0.580013 0.104280 0.073147 1 1
46 0.641580 0.318360 0.044760 0.030533 1 1
51 0.750620 0.534480 0.098200 0.026027 1 1
46 0.623160 0.312373 0.040560 0.051893 1 1
51 0.743710 0.562933 0.089980 0.046187 1 1
46 0.593720 0.330973 0.044640 0.045787 1 1
51 0.710100 0.495187 0.035480 0.040987 1 1
46 0.638880 0.352787 0.073120 0.040667 1 1
51 0.741250 0.507067 0.096900 0.039947 1 1
51 0.768300 0.508147 0.080280 0.038213 1 1
49 0.698930 0.309173 0.044660 0.030987 1 1
51 0.747970 0.493747 0.060620 0.025413 1 1
46 0.644620 0.300587 0.017640 0.019360 1 1
46 0.658030 0.336133 0.032540 0.016373 1 1
