9 0.406164 0.098671 0.067734 0.160042 1 0
0 0.958125 0.403386 0.060406 0.069684 1 1
9 0.027914 0.193418 0.024797 0.077468 1 0
0 0.079945 0.450580 0.052672 0.282637 1 1
0 0.938789 0.309736 0.018297 0.086857 1 0
26 0.057672 0.421804 0.033156 0.067532 1 0
0 0.574508 0.321825 0.039734 0.096646 1 0
0 0.921328 0.304989 0.026375 0.104705 1 0
0 0.021609 0.448122 0.043219 0.303544 1 0
0 0.646203 0.344631 0.025344 0.045970 1 0
9 0.958984 0.191160 0.082031 0.056751 1 1
0 0.064539 0.308238 0.012422 0.046941 1 0
0 0.346297 0.347532 0.025469 0.040380 1 1
24 0.169938 0.360886 0.045156 0.048776 1 1
9 0.215656 0.198049 0.023563 0.088038 1 0
0 0.884898 0.309251 0.025234 0.083017 1 0
0 0.968227 0.303217 0.027234 0.092300 1 0
9 0.056797 0.211160 0.017688 0.041308 1 1
9 0.017828 0.220907 0.013062 0.054430 1 1
9 0.260570 0.199800 0.018141 0.076899 1 1
9 0.131852 0.203165 0.018547 0.043966 1 0
0 0.267313 0.325970 0.044812 0.101055 1 0
0 0.172313 0.441403 0.075219 0.283059 1 1
2 0.929133 0.492458 0.141734 0.300654 1 1
