54 0.504480 0.627430 0.025600 0.020540 1 2
0 0.694480 0.660480 0.262187 0.679040 1 0
0 0.220307 0.509010 0.227813 0.329140 1 0
54 0.507760 0.397360 0.046293 0.016840 1 2
54 0.830453 0.524460 0.065707 0.029480 1 2
54 0.566933 0.395060 0.046880 0.021720 1 2
54 0.597107 0.384140 0.046267 0.031200 1 2
54 0.548147 0.633690 0.038053 0.025060 1 2
54 0.277293 0.394220 0.037840 0.016040 1 2
54 0.478907 0.638790 0.035627 0.021740 1 2
54 0.303427 0.388260 0.034747 0.018480 1 2
54 0.572387 0.622140 0.034480 0.023880 1 2
54 0.522467 0.647560 0.032773 0.021320 1 2
54 0.522373 0.384890 0.031093 0.014540 1 2
54 0.562293 0.377790 0.021173 0.014780 1 2
0 0.064413 0.416000 0.119707 0.117240 1 0
