25 0.863586 0.112854 0.272828 0.205500 1 1
0 0.550750 0.281021 0.035875 0.119042 1 0
0 0.623672 0.304500 0.133875 0.216208 1 1
25 0.631180 0.179406 0.345516 0.148312 1 1
25 0.382641 0.165771 0.157688 0.100083 1 1
0 0.777961 0.288802 0.047891 0.092021 1 0
0 0.683641 0.300323 0.052187 0.103479 1 0
0 0.030063 0.302646 0.059906 0.113583 1 1
0 0.153984 0.307865 0.051812 0.098604 1 0
0 0.763305 0.280542 0.032578 0.055333 1 0
0 0.848047 0.287646 0.019688 0.031792 1 0
0 0.094570 0.269229 0.022766 0.033417 1 0
0 0.817117 0.283260 0.017953 0.036771 1 0
0 0.586562 0.275292 0.009406 0.011625 1 0
49 0.400281 0.707865 0.793813 0.552813 1 1
0 0.499156 0.347979 0.092906 0.216208 1 0
25 0.196789 0.172292 0.339516 0.157667 1 1
