0 0.911000 0.421865 0.023156 0.074688 1 0
7 0.079469 0.261146 0.042594 0.031792 1 0
0 0.933391 0.414625 0.017406 0.023500 1 0
0 0.974953 0.424667 0.011750 0.014167 1 1
0 0.831844 0.388625 0.007219 0.034500 1 0
0 0.942805 0.415906 0.011516 0.026771 1 0
0 0.852656 0.392885 0.011062 0.028313 1 1
0 0.709766 0.375406 0.009219 0.028813 1 0
0 0.837484 0.388906 0.007094 0.029646 1 0
0 0.648445 0.638052 0.340484 0.723896 1 1
31 0.508391 0.677958 0.208062 0.644083 1 2
0 0.376680 0.639323 0.237641 0.685396 1 1
2 0.045250 0.281073 0.089750 0.059521 1 0
0 0.820906 0.430740 0.047031 0.123938 1 0
