39 0.463750 0.307021 0.026750 0.050833 1 1
58 0.200297 0.439823 0.026750 0.053854 1 1
73 0.362320 0.545292 0.063609 0.107125 1 1
69 0.617398 0.594594 0.059109 0.220729 1 0
39 0.499211 0.301417 0.032891 0.063000 1 1
58 0.276695 0.420167 0.046297 0.052583 1 1
41 0.386336 0.317031 0.024984 0.039979 1 1
49 0.297328 0.551781 0.014969 0.023438 1 1
39 0.435523 0.309073 0.019859 0.046854 1 1
39 0.413813 0.309958 0.015375 0.043833 1 1
56 0.469758 0.747635 0.181484 0.462521 1 0
73 0.243383 0.522396 0.106297 0.159167 1 1
56 0.056211 0.791833 0.105984 0.400417 1 0
