0 0.506117 0.628448 0.328203 0.649979 1 1
41 0.253414 0.755125 0.055734 0.072333 1 1
45 0.632164 0.441375 0.028734 0.029375 1 1
44 0.345328 0.483073 0.025000 0.042646 1 2
45 0.705352 0.570573 0.090422 0.076812 1 1
41 0.328820 0.536250 0.041547 0.068542 1 1
44 0.309156 0.473729 0.031875 0.062458 1 0
71 0.656266 0.510208 0.080125 0.053833 1 1
44 0.316875 0.485479 0.013406 0.043625 1 2
39 0.773461 0.065250 0.016609 0.059542 1 1
41 0.580656 0.688437 0.038375 0.058417 1 1
39 0.768883 0.184479 0.015766 0.051167 1 1
58 0.713602 0.515979 0.036578 0.037708 1 1
39 0.758406 0.186271 0.016625 0.042625 1 1
72 0.915938 0.472719 0.162031 0.306271 1 0
0 0.894773 0.665167 0.210453 0.664958 1 1
0 0.144422 0.659906 0.282094 0.655396 1 0
