0 0.373141 0.410104 0.312469 0.734838 1 1
3 0.714445 0.190012 0.251797 0.343588 1 0
46 0.746422 0.745463 0.062375 0.042963 1 1
46 0.678945 0.528646 0.138797 0.203912 1 2
0 0.909938 0.159317 0.164813 0.288310 1 0
46 0.643133 0.488611 0.062766 0.137731 1 1
46 0.653836 0.359525 0.111109 0.138727 1 1
46 0.446047 0.906505 0.083844 0.097778 1 1
46 0.355703 0.935961 0.095562 0.105625 1 1
46 0.655687 0.669722 0.099219 0.096713 1 1
46 0.936703 0.445984 0.029719 0.061921 1 1
46 0.876953 0.313067 0.021219 0.060440 1 1
46 0.804648 0.761736 0.060359 0.090972 1 1
46 0.553078 0.756447 0.027000 0.027755 1 1
46 0.739773 0.676655 0.022859 0.039838 1 1
46 0.731055 0.390613 0.015234 0.063866 1 1
7 0.678789 0.194387 0.538484 0.357292 1 0
