0 0.928177 0.686492 0.075229 0.081484 1 1
9 0.898510 0.198531 0.092521 0.127844 1 0
2 0.483125 0.701000 0.060167 0.032844 1 0
0 0.676958 0.739258 0.064042 0.114609 1 1
9 0.688187 0.533305 0.095292 0.145766 1 1
2 0.535750 0.690664 0.058958 0.032641 1 0
9 0.580771 0.594578 0.026583 0.040656 1 1
9 0.980969 0.496078 0.036687 0.033156 1 0
26 0.941812 0.690367 0.046625 0.049766 1 0
26 0.684771 0.709422 0.013250 0.022219 1 0
9 0.106031 0.675781 0.029271 0.017406 1 0
2 0.938948 0.772352 0.122104 0.139328 1 0
2 0.066062 0.796750 0.132125 0.100500 1 0
