0 0.803510 0.636986 0.077260 0.420071 1 0
0 0.101200 0.592943 0.069440 0.379007 1 0
0 0.333420 0.612908 0.078480 0.293262 1 0
0 0.944100 0.676791 0.065720 0.296915 1 1
0 0.633070 0.662624 0.032180 0.139220 1 0
0 0.400960 0.608848 0.071080 0.439184 1 1
0 0.024080 0.589504 0.045640 0.370780 1 0
0 0.148160 0.615887 0.040680 0.306454 1 0
0 0.703820 0.658741 0.020200 0.119043 1 0
33 0.650170 0.130142 0.044340 0.039291 1 2
33 0.281580 0.301631 0.030800 0.047305 1 2
33 0.444180 0.371383 0.018920 0.013759 1 2
33 0.736890 0.574486 0.013380 0.027979 1 2
33 0.730700 0.221560 0.027720 0.019220 1 2
33 0.778870 0.380177 0.010220 0.018511 1 2
33 0.783070 0.381560 0.004980 0.015603 1 2
33 0.361830 0.282216 0.011300 0.016135 1 2
33 0.325570 0.442535 0.005860 0.013865 1 2
0 0.282210 0.658050 0.054260 0.206383 1 1
