32 0.181160 0.606740 0.014640 0.012120 1 1
0 0.648760 0.385770 0.110427 0.116780 1 0
0 0.528707 0.475000 0.142747 0.287880 1 0
0 0.256480 0.411670 0.070133 0.101020 1 0
34 0.504787 0.412110 0.106213 0.108980 1 1
25 0.668760 0.363060 0.046587 0.012640 1 1
25 0.718493 0.363650 0.055920 0.015940 1 1
32 0.610587 0.875640 0.034080 0.024520 1 1
25 0.309373 0.374300 0.032507 0.019520 1 1
32 0.291733 0.596280 0.031680 0.013400 1 1
0 0.140587 0.430920 0.027040 0.065160 1 0
32 0.660027 0.659810 0.020320 0.010940 1 1
32 0.397067 0.685300 0.019733 0.011560 1 1
32 0.209907 0.610790 0.014533 0.013500 1 1
32 0.707147 0.568970 0.014187 0.009140 1 1
32 0.430173 0.585410 0.010960 0.008220 1 1
