56 0.210695 0.609895 0.299547 0.646487 1 1
56 0.523227 0.605515 0.296672 0.617681 1 1
38 0.346313 0.798466 0.136125 0.331827 1 1
0 0.390563 0.055808 0.130438 0.107869 1 1
56 0.896531 0.023267 0.058469 0.046300 1 1
0 0.940273 0.055012 0.090672 0.107119 1 1
39 0.572641 0.876862 0.046719 0.203513 0 1
39 0.514141 0.872248 0.044094 0.195176 0 1
39 0.969055 0.233384 0.037266 0.055059 1 2
0 0.123141 0.488443 0.246281 0.976885 1 0
0 0.536320 0.498864 0.346453 0.997728 1 1
0 0.805328 0.466604 0.222312 0.930304 1 1
