3 0.298961 0.788573 0.119953 0.162479 1 0
0 0.650625 0.671927 0.032375 0.101813 1 0
25 0.839687 0.541479 0.320625 0.123333 1 1
3 0.061773 0.774698 0.122547 0.188646 1 0
3 0.643836 0.844062 0.237734 0.149042 1 0
0 0.174383 0.661729 0.049234 0.159875 1 0
0 0.309977 0.723000 0.097766 0.177458 1 0
0 0.691219 0.761219 0.056063 0.196146 1 0
0 0.590367 0.707073 0.041047 0.176437 1 1
0 0.510758 0.685333 0.049547 0.134417 1 0
0 0.055281 0.733208 0.051313 0.195333 1 0
0 0.452508 0.667781 0.037672 0.114604 1 0
0 0.557797 0.650885 0.033406 0.082229 1 1
0 0.088766 0.722156 0.044562 0.173729 1 0
2 0.588719 0.618594 0.044125 0.047771 1 1
0 0.470125 0.637927 0.025688 0.066646 1 0
3 0.450148 0.700958 0.052578 0.099083 1 0
0 0.348773 0.643177 0.028734 0.046521 1 0
2 0.636297 0.608042 0.019250 0.031000 1 1
1 0.544945 0.641073 0.009266 0.031771 1 0
0 0.648031 0.844948 0.176969 0.283146 1 1
