57 0.731590 0.820960 0.536820 0.358080 1 0
62 0.575560 0.481040 0.133160 0.152800 1 1
73 0.033600 0.677360 0.053640 0.021280 1 0
57 0.283560 0.708373 0.297400 0.379307 1 0
58 0.210650 0.386080 0.077020 0.096907 1 1
73 0.098340 0.447200 0.007200 0.055413 1 0
58 0.447340 0.381493 0.077600 0.097760 1 1
73 0.073020 0.449667 0.017400 0.057307 1 0
73 0.054570 0.450667 0.008420 0.056747 1 0
73 0.087940 0.447573 0.007680 0.055627 1 0
73 0.092970 0.448013 0.007780 0.053893 1 0
73 0.060950 0.449707 0.006180 0.051307 1 0
75 0.910040 0.465667 0.030280 0.046907 1 1
73 0.109000 0.511240 0.042320 0.020667 1 0
74 0.336700 0.402453 0.028720 0.039733 1 1
73 0.108460 0.528640 0.048600 0.016213 1 0
73 0.109590 0.542707 0.047420 0.010587 1 0
73 0.066750 0.391467 0.051860 0.009653 1 0
73 0.067420 0.398027 0.052120 0.008320 1 0
