0 0.327031 0.248516 0.076021 0.353500 1 1
0 0.677917 0.164055 0.120375 0.188016 1 0
65 0.132417 0.566508 0.174333 0.058891 1 0
73 0.898927 0.103742 0.035563 0.038203 1 0
73 0.792219 0.240531 0.026687 0.060875 1 0
73 0.435448 0.083883 0.016813 0.052641 1 0
73 0.818833 0.243938 0.024792 0.061844 1 0
73 0.598260 0.086688 0.026687 0.056625 1 0
73 0.363417 0.084727 0.019458 0.052297 1 0
73 0.464990 0.082305 0.016896 0.049359 1 0
73 0.390687 0.084289 0.016208 0.052453 1 0
73 0.382115 0.157289 0.014563 0.050734 1 0
0 0.274771 0.329953 0.237250 0.502250 1 1
73 0.772948 0.161102 0.025813 0.070984 1 0
0 0.123781 0.467773 0.241604 0.796422 1 1
0 0.494385 0.531461 0.976771 0.910109 1 1
0 0.911687 0.295039 0.176625 0.520234 1 0
