0 0.396961 0.618700 0.197391 0.684239 1 1
0 0.690211 0.498513 0.068453 0.368735 1 0
72 0.388820 0.585234 0.159703 0.418337 1 1
56 0.099297 0.610328 0.085344 0.133536 1 0
0 0.975344 0.490773 0.049312 0.253255 1 1
56 0.175219 0.556593 0.063375 0.184052 1 0
0 0.271898 0.477131 0.065766 0.311827 1 1
25 0.949672 0.350656 0.050313 0.050679 1 1
0 0.308891 0.427998 0.042344 0.148501 1 0
0 0.452344 0.368244 0.039781 0.046511 1 0
25 0.011031 0.339133 0.022062 0.030632 1 1
0 0.754609 0.340258 0.018844 0.044450 1 0
0 0.907859 0.552576 0.106219 0.380796 1 1
0 0.777383 0.573033 0.157422 0.575293 1 1
0 0.034484 0.587635 0.068969 0.820234 1 0
0 0.095336 0.573700 0.070734 0.232740 1 0
