8 0.497906 0.666468 0.172469 0.113387 1 0
8 0.895625 0.251871 0.077312 0.098903 1 1
8 0.742039 0.155371 0.080422 0.059194 1 0
8 0.511094 0.351000 0.058813 0.105355 1 1
8 0.582406 0.226145 0.103156 0.076806 1 0
8 0.203383 0.567581 0.130766 0.087484 1 0
8 0.489461 0.080048 0.119516 0.081387 1 0
8 0.075687 0.319419 0.151375 0.111226 1 0
8 0.433898 0.459581 0.098859 0.151484 1 1
8 0.299859 0.325290 0.095594 0.109613 1 0
8 0.846789 0.166484 0.041891 0.058065 1 1
8 0.848477 0.687935 0.295203 0.207677 1 0
8 0.712273 0.218629 0.152859 0.144677 1 0
