0 0.475484 0.598506 0.150844 0.607271 1 1
0 0.973992 0.073306 0.052016 0.146612 1 1
38 0.531883 0.234435 0.060328 0.156071 1 1
0 0.917008 0.075282 0.070141 0.146047 1 1
0 0.678070 0.073141 0.082391 0.122753 1 1
0 0.232930 0.092659 0.073984 0.151671 1 1
0 0.830422 0.076376 0.070156 0.123812 1 1
0 0.313773 0.077000 0.076422 0.139459 1 1
0 0.590281 0.087424 0.079719 0.141106 1 1
32 0.618797 0.197894 0.025719 0.026706 1 1
0 0.766102 0.069824 0.065453 0.136635 1 1
0 0.159891 0.066082 0.080437 0.132165 1 1
0 0.394047 0.065871 0.092563 0.131741 1 1
