2 0.169547 0.871267 0.130094 0.111862 1 1
2 0.295234 0.831689 0.131531 0.100614 1 0
9 0.555750 0.698282 0.045219 0.073378 1 0
2 0.373773 0.891392 0.197828 0.148388 1 0
9 0.626914 0.692889 0.029297 0.082246 1 1
0 0.561883 0.844885 0.026328 0.146699 1 0
0 0.489094 0.835374 0.029219 0.127025 1 0
0 0.728383 0.728186 0.014641 0.022706 1 0
26 0.564984 0.868992 0.035437 0.028081 1 1
9 0.434273 0.473129 0.023203 0.092131 1 1
9 0.250977 0.708752 0.025078 0.049213 1 0
0 0.463109 0.770643 0.014844 0.050345 1 0
