0 0.230927 0.702789 0.124729 0.305078 1 0
0 0.950125 0.647891 0.099750 0.247812 1 0
0 0.848323 0.656469 0.066979 0.267594 1 0
9 0.561875 0.451992 0.033750 0.079453 1 0
9 0.279125 0.429656 0.022625 0.052844 1 0
0 0.066312 0.705234 0.131417 0.377469 1 0
9 0.209302 0.436484 0.060979 0.102125 1 1
0 0.518229 0.613992 0.042833 0.123797 1 0
9 0.576031 0.412867 0.064771 0.077516 1 0
9 0.644302 0.427305 0.064187 0.118703 1 1
0 0.894969 0.614625 0.044562 0.112219 1 0
0 0.067313 0.657648 0.068167 0.239984 1 0
0 0.668010 0.613297 0.051354 0.115562 1 1
26 0.744406 0.683437 0.046146 0.081469 1 0
26 0.723417 0.660398 0.062375 0.060391 1 1
26 0.646906 0.642289 0.018604 0.042859 1 0
9 0.537062 0.473602 0.037875 0.076141 1 0
9 0.248708 0.425789 0.012917 0.055234 1 0
0 0.557198 0.695016 0.197771 0.284094 1 0
0 0.427615 0.672500 0.174021 0.254562 1 0
