0 0.469371 0.464069 0.207827 0.468660 1 0
69 0.205449 0.501234 0.410899 0.485147 1 0
69 0.290123 0.773660 0.229624 0.427157 1 0
39 0.769518 0.256013 0.035343 0.112647 1 1
68 0.107108 0.078203 0.213497 0.152712 1 0
45 0.869216 0.250392 0.078072 0.055719 1 1
26 0.175507 0.395662 0.123791 0.073219 1 0
39 0.749812 0.215997 0.022075 0.069150 1 1
39 0.220858 0.226005 0.025670 0.044918 1 1
45 0.691487 0.276650 0.060948 0.042516 1 1
45 0.338056 0.308930 0.061667 0.060441 1 1
41 0.319224 0.266405 0.037892 0.027255 1 1
58 0.629028 0.237475 0.049592 0.067827 1 1
71 0.670882 0.312034 0.095098 0.032696 1 1
41 0.298382 0.315882 0.044804 0.039771 1 1
39 0.823538 0.258350 0.028905 0.083007 1 1
41 0.592083 0.077525 0.038513 0.027271 1 1
