0 0.757047 0.681203 0.101906 0.147360 1 1
0 0.754547 0.364217 0.077844 0.136939 1 1
0 0.380883 0.528551 0.071453 0.255093 1 0
0 0.214844 0.541437 0.067281 0.126519 1 0
0 0.862664 0.480946 0.072391 0.093481 1 0
0 0.323469 0.537640 0.060188 0.155794 1 0
0 0.732688 0.781180 0.122969 0.101893 1 0
0 0.496078 0.500129 0.049844 0.089743 1 1
0 0.148891 0.539579 0.054000 0.102944 1 0
0 0.512305 0.485701 0.021484 0.072103 1 1
20 0.152008 0.598598 0.220453 0.115421 1 0
20 0.397070 0.629673 0.304422 0.242056 1 0
20 0.743211 0.499895 0.166953 0.241472 1 1
