18 0.500008 0.595398 0.181484 0.348173 1 0
7 0.462422 0.171815 0.118469 0.123817 1 0
0 0.100797 0.253056 0.071469 0.288220 1 1
7 0.300727 0.173068 0.217516 0.185386 1 0
18 0.422508 0.460867 0.203234 0.149461 1 0
7 0.784008 0.163782 0.051578 0.048829 1 0
2 0.523391 0.191780 0.061094 0.077143 1 0
7 0.545813 0.151218 0.078063 0.037190 1 0
2 0.561000 0.198958 0.027187 0.044473 1 0
2 0.597867 0.165995 0.028484 0.041171 1 0
2 0.877430 0.171335 0.024141 0.026089 1 1
7 0.919094 0.169098 0.036062 0.031780 1 0
2 0.986891 0.173138 0.026219 0.024028 1 1
2 0.949094 0.172447 0.024594 0.023396 1 1
7 0.697953 0.142073 0.055656 0.014918 1 0
2 0.896437 0.173138 0.016250 0.023185 1 1
2 0.971375 0.174450 0.006688 0.018829 1 1
18 0.392594 0.640386 0.158031 0.424660 1 1
