45 0.499677 0.481797 0.191729 0.055750 1 1
45 0.913479 0.438594 0.173042 0.090125 1 1
41 0.673823 0.347211 0.094313 0.031172 1 1
45 0.595042 0.459789 0.150792 0.064359 1 1
41 0.314802 0.468422 0.051312 0.089500 1 1
41 0.686729 0.240187 0.091208 0.071094 1 1
41 0.679219 0.329539 0.100229 0.026516 1 1
41 0.676333 0.337742 0.094333 0.026391 1 1
41 0.684531 0.280031 0.094563 0.026406 1 1
41 0.670500 0.368445 0.096292 0.029641 1 1
41 0.664292 0.407633 0.092250 0.020078 1 1
41 0.661188 0.430109 0.099458 0.039219 1 1
41 0.670958 0.358445 0.098875 0.026859 1 1
41 0.687448 0.302602 0.100437 0.028578 1 1
41 0.667365 0.389102 0.096062 0.031234 1 1
67 0.578979 0.732820 0.076042 0.017984 1 0
0 0.497250 0.550375 0.994500 0.899250 1 0
