54 0.670828 0.641690 0.069969 0.088415 1 2
54 0.246117 0.835746 0.089359 0.121888 1 2
54 0.265992 0.586224 0.069984 0.080047 1 2
54 0.250430 0.740210 0.091641 0.100000 1 2
55 0.413719 0.325443 0.054000 0.040536 1 2
54 0.697023 0.726900 0.084078 0.105874 1 2
54 0.263008 0.657821 0.074078 0.091445 1 2
55 0.413242 0.364417 0.056922 0.049441 1 2
54 0.416695 0.639207 0.063297 0.092494 1 2
55 0.417992 0.404207 0.059484 0.053357 1 2
55 0.309516 0.298765 0.044844 0.045128 1 2
55 0.423297 0.466014 0.056625 0.085082 1 2
55 0.361883 0.442611 0.058172 0.085455 1 2
