22 0.293210 0.558360 0.087420 0.090160 0 0
14 0.586430 0.847320 0.021580 0.064560 1 2
14 0.734170 0.843200 0.025700 0.023200 1 0
14 0.662320 0.894160 0.017720 0.032800 1 2
14 0.351670 0.865640 0.014660 0.034000 1 1
14 0.259020 0.847680 0.013760 0.026880 1 1
23 0.535630 0.501067 0.119060 0.192267 1 0
14 0.430290 0.835960 0.016060 0.051387 1 2
22 0.393810 0.560773 0.045020 0.071520 1 0
23 0.923610 0.494293 0.012180 0.055840 1 0
14 0.653270 0.879720 0.014780 0.025947 1 1
14 0.490120 0.841973 0.023120 0.049120 1 1
14 0.538600 0.870307 0.029040 0.047653 1 0
14 0.437840 0.887467 0.022920 0.046027 1 1
14 0.853370 0.894613 0.016180 0.031413 1 1
14 0.263210 0.898427 0.028420 0.037387 1 0
