1 0.182484 0.747183 0.332063 0.451690 1 0
1 0.597078 0.642876 0.296219 0.375329 1 0
1 0.449500 0.666150 0.245438 0.368732 1 0
1 0.233445 0.692242 0.239766 0.390869 1 0
1 0.490594 0.539601 0.155219 0.151033 1 0
2 0.509711 0.408932 0.056828 0.044953 1 0
1 0.702195 0.518744 0.126172 0.162418 1 0
1 0.594305 0.518028 0.133422 0.150892 1 0
1 0.664844 0.549883 0.133125 0.183521 1 0
1 0.419750 0.591373 0.100188 0.169789 1 0
0 0.965234 0.478756 0.069531 0.242676 1 1
1 0.787805 0.507077 0.113203 0.138192 1 0
0 0.926180 0.429789 0.029141 0.097606 1 1
2 0.744375 0.399519 0.023688 0.019413 1 0
26 0.941188 0.443498 0.021625 0.089859 1 0
1 0.303609 0.699495 0.226000 0.493685 1 0
7 0.816250 0.398521 0.067344 0.117512 1 0
