0 0.620310 0.948016 0.025100 0.103647 1 0
0 0.064490 0.947374 0.083100 0.105252 1 1
9 0.360070 0.418670 0.068220 0.163028 1 1
0 0.583370 0.954679 0.050340 0.089404 1 1
2 0.381720 0.895367 0.031720 0.011422 1 0
0 0.254490 0.914679 0.024020 0.041468 1 0
0 0.201670 0.914874 0.015980 0.040436 1 1
0 0.639170 0.933979 0.033420 0.089014 1 1
0 0.783980 0.942248 0.030480 0.050459 1 1
0 0.221970 0.921170 0.013020 0.031147 1 0
2 0.163380 0.916628 0.053840 0.042156 1 0
2 0.327290 0.913532 0.024020 0.023394 1 0
2 0.298690 0.915528 0.041460 0.038257 1 1
2 0.504920 0.848911 0.017520 0.024014 1 1
9 0.417730 0.763486 0.066260 0.074128 1 1
0 0.310880 0.977833 0.052200 0.043005 1 0
