9 0.972156 0.272812 0.055688 0.280634 1 1
9 0.940133 0.062970 0.080016 0.125941 1 0
2 0.358539 0.761459 0.055953 0.046089 1 0
7 0.637711 0.726892 0.031672 0.042199 1 0
2 0.688586 0.731427 0.016203 0.015962 1 0
10 0.808086 0.850994 0.016172 0.049133 0 1
2 0.304602 0.770423 0.055016 0.054080 1 0
2 0.613242 0.736184 0.024359 0.028689 1 0
2 0.249000 0.773658 0.072563 0.057505 1 0
9 0.422391 0.387759 0.032094 0.097632 0 1
9 0.950320 0.660349 0.032922 0.033848 1 1
2 0.564609 0.743499 0.035906 0.030085 1 0
0 0.494695 0.758298 0.017328 0.054440 1 0
0 0.079898 0.768182 0.022734 0.084271 1 0
0 0.465516 0.757548 0.014906 0.053488 1 0
9 0.725242 0.661755 0.007109 0.019493 1 1
2 0.584648 0.743214 0.021328 0.024313 1 0
2 0.695367 0.727992 0.013484 0.017040 1 0
2 0.601398 0.739545 0.018578 0.022347 1 0
2 0.723180 0.731268 0.017172 0.018055 1 1
2 0.704570 0.729947 0.008234 0.013805 1 0
9 0.751602 0.668330 0.005922 0.017082 1 1
7 0.443937 0.735740 0.119219 0.091438 1 0
2 0.160531 0.770983 0.121625 0.096385 1 0
