0 0.589039 0.730104 0.046422 0.112125 1 0
0 0.441625 0.549865 0.028250 0.144437 1 0
0 0.384164 0.508229 0.021203 0.055958 1 0
0 0.376031 0.582917 0.038531 0.195667 1 0
0 0.896906 0.559417 0.053875 0.078333 1 0
26 0.497063 0.669500 0.042625 0.089917 1 1
0 0.325023 0.589427 0.117141 0.235354 1 0
0 0.200516 0.562083 0.058937 0.209042 1 0
0 0.266461 0.563344 0.037672 0.155187 1 0
0 0.501523 0.617344 0.076734 0.306896 1 0
0 0.463055 0.539990 0.030172 0.167438 1 0
0 0.158820 0.585042 0.044016 0.154708 1 1
