14 0.443758 0.401698 0.010266 0.015646 1 2
14 0.401625 0.402385 0.009375 0.014604 1 2
14 0.356086 0.575604 0.011984 0.011042 1 2
14 0.478648 0.252802 0.016859 0.011229 1 2
14 0.309594 0.545177 0.013813 0.015437 1 2
14 0.299117 0.499219 0.011234 0.012854 1 2
14 0.317016 0.525573 0.011312 0.018021 1 2
14 0.384281 0.462073 0.012687 0.012437 1 2
14 0.348883 0.477698 0.008578 0.011437 1 2
14 0.369836 0.552417 0.009266 0.012333 1 2
14 0.358164 0.562490 0.013141 0.011687 1 2
14 0.351266 0.496042 0.010344 0.016792 1 2
14 0.471727 0.456792 0.010234 0.008417 1 2
19 0.141094 0.775083 0.183031 0.404375 1 1
