0 0.327328 0.418935 0.280803 0.378832 1 1
28 0.439025 0.627251 0.149014 0.094433 1 0
0 0.059885 0.239828 0.050367 0.105223 1 0
0 0.809266 0.244897 0.020872 0.055017 1 0
0 0.252534 0.259261 0.033142 0.151856 1 0
41 0.092397 0.533918 0.023280 0.043505 1 1
0 0.674931 0.240893 0.012018 0.060687 1 0
0 0.184794 0.223385 0.014817 0.075430 1 0
29 0.262787 0.263591 0.010665 0.013849 1 1
0 0.536583 0.233282 0.013211 0.039278 1 0
0 0.699817 0.252680 0.010688 0.050309 1 0
0 0.864128 0.237440 0.007294 0.036942 1 0
0 0.466651 0.394880 0.120734 0.370653 1 1
0 0.625998 0.438419 0.234518 0.394364 1 0
16 0.439564 0.675756 0.482706 0.296942 1 0
