0 0.346284 0.341890 0.133753 0.128720 1 0
56 0.117753 0.715060 0.178420 0.397857 1 0
62 0.961605 0.308750 0.076790 0.115179 1 1
56 0.559420 0.435119 0.087284 0.179405 1 1
56 0.055630 0.506994 0.108741 0.258393 1 1
65 0.657605 0.671979 0.052642 0.048958 1 0
60 0.855531 0.491935 0.288938 0.106310 1 1
56 0.395543 0.710804 0.233160 0.098214 1 0
0 0.029580 0.332902 0.059160 0.088780 1 1
65 0.365259 0.529226 0.056593 0.037024 1 0
65 0.291778 0.566086 0.059407 0.040268 1 0
0 0.226346 0.673839 0.215407 0.625952 1 0
0 0.652765 0.329985 0.192296 0.626637 1 0
0 0.486593 0.375283 0.096938 0.638185 1 0
0 0.357062 0.536548 0.284691 0.422500 1 0
