69 0.770242 0.386573 0.129609 0.093604 1 1
71 0.621055 0.312323 0.187516 0.033854 1 1
68 0.957867 0.309656 0.083734 0.115521 1 1
39 0.396961 0.256885 0.023234 0.118729 1 1
43 0.804078 0.277281 0.025781 0.034896 1 2
43 0.803594 0.290646 0.021937 0.025167 1 2
44 0.311922 0.223469 0.018313 0.031646 1 2
44 0.321031 0.237312 0.018531 0.049167 1 2
43 0.804906 0.284031 0.019219 0.023146 1 2
43 0.810352 0.273813 0.023391 0.037917 1 2
44 0.303812 0.245271 0.016531 0.033458 1 2
43 0.798312 0.291062 0.025000 0.030000 1 2
43 0.795820 0.305740 0.015703 0.024813 1 2
44 0.356727 0.213406 0.014609 0.031938 1 2
75 0.679281 0.262156 0.027906 0.075604 1 1
39 0.665500 0.255615 0.021063 0.076021 1 1
72 0.021906 0.635958 0.043812 0.696625 1 0
15 0.385109 0.914604 0.170219 0.170792 1 1
56 0.931641 0.846365 0.136719 0.278646 1 1
