60 0.478437 0.730250 0.586625 0.538208 1 0
56 0.676422 0.772687 0.193781 0.438625 1 0
60 0.435531 0.495771 0.291687 0.135667 1 0
56 0.428055 0.730958 0.205641 0.402542 1 0
56 0.894719 0.630458 0.167031 0.304833 1 0
63 0.887953 0.451927 0.135531 0.112688 1 0
63 0.159328 0.470656 0.133656 0.109813 1 0
56 0.221563 0.630573 0.151125 0.292479 1 0
63 0.583508 0.383448 0.078891 0.059604 1 0
63 0.396789 0.409479 0.093766 0.076042 1 0
63 0.389383 0.528563 0.182672 0.156500 1 0
63 0.728352 0.440375 0.127703 0.105042 1 0
0 0.133070 0.126333 0.083453 0.150917 1 1
63 0.486820 0.417323 0.104359 0.078688 1 0
56 0.611117 0.466021 0.074453 0.045000 1 0
63 0.070258 0.452365 0.076297 0.095854 1 0
73 0.048789 0.278646 0.010203 0.052417 1 0
73 0.164961 0.337552 0.007797 0.051354 1 0
0 0.409891 0.148010 0.037562 0.116854 1 0
63 0.649641 0.386385 0.055250 0.060354 1 0
73 0.065289 0.272969 0.012984 0.060896 1 0
73 0.110547 0.343083 0.008469 0.058042 1 0
73 0.367664 0.338698 0.007359 0.052604 1 0
73 0.054367 0.279927 0.007703 0.050562 1 0
73 0.228641 0.400531 0.011969 0.040438 1 0
73 0.074656 0.339385 0.008625 0.046146 1 0
73 0.080437 0.276417 0.014313 0.055750 1 0
73 0.303758 0.396115 0.005828 0.041771 1 0
73 0.158070 0.401510 0.008234 0.051896 1 0
73 0.386766 0.275844 0.009000 0.049479 1 0
73 0.151641 0.402062 0.009000 0.049375 1 0
63 0.569328 0.570240 0.222187 0.181854 1 0
