13 0.147602 0.239730 0.295203 0.271338 1 0
0 0.185867 0.157218 0.223391 0.309695 1 0
2 0.531906 0.266796 0.124375 0.224437 1 0
0 0.862172 0.311925 0.051781 0.202488 1 0
73 0.131867 0.358709 0.104266 0.045493 1 2
73 0.064555 0.450716 0.100047 0.065798 1 2
73 0.082836 0.401221 0.075453 0.061455 1 2
73 0.160109 0.410939 0.077812 0.065023 1 2
73 0.200562 0.358920 0.095781 0.055587 1 2
73 0.181898 0.420141 0.063547 0.053709 1 2
73 0.067094 0.421408 0.078625 0.067606 1 2
73 0.101711 0.383592 0.051047 0.034836 1 2
77 0.665625 0.528756 0.436781 0.657981 1 0
