5 0.415727 0.402149 0.090016 0.108121 0 1
2 0.503423 0.429624 0.057500 0.044183 1 1
2 0.253480 0.439820 0.093758 0.061046 1 1
0 0.908750 0.452190 0.021062 0.058301 1 1
2 0.403766 0.441029 0.078219 0.067843 0 1
1 0.153350 0.443897 0.034739 0.047729 1 0
0 0.624657 0.427835 0.015294 0.036716 1 0
0 0.785237 0.436438 0.012271 0.056797 1 0
2 0.316405 0.413971 0.104216 0.036438 1 0
0 0.195964 0.409763 0.012680 0.036454 1 1
0 0.534044 0.424722 0.021324 0.044118 1 0
1 0.159681 0.439158 0.043938 0.056095 1 0
0 0.106544 0.403734 0.022141 0.045768 1 1
2 0.348023 0.410980 0.043856 0.023791 1 0
0 0.574183 0.425654 0.021078 0.041307 1 0
1 0.123047 0.450735 0.025931 0.055556 1 0
0 0.223799 0.405825 0.010899 0.026454 1 1
0 0.162876 0.403456 0.016340 0.023775 1 1
0 0.040359 0.418840 0.024608 0.073007 1 0
0 0.888529 0.449975 0.023464 0.061225 1 1
9 0.679175 0.279444 0.043676 0.018170 1 1
0 0.554101 0.422958 0.012974 0.041503 1 0
0 0.862565 0.430172 0.011503 0.025964 1 1
1 0.079420 0.467680 0.070180 0.054935 1 0
