36 0.450445 0.681604 0.195016 0.342453 1 0
36 0.050336 0.348632 0.080734 0.126981 1 0
0 0.585133 0.122913 0.095797 0.244599 1 0
0 0.777805 0.104894 0.086859 0.209788 1 1
24 0.107180 0.269599 0.064891 0.061415 1 0
0 0.863398 0.092901 0.088016 0.185189 1 1
1 0.417602 0.130755 0.088359 0.212406 1 0
0 0.693594 0.106203 0.113937 0.210519 1 0
0 0.265594 0.569080 0.175594 0.460991 1 1
0 0.935719 0.424528 0.128562 0.730708 1 1
0 0.959031 0.068667 0.081937 0.132335 1 1
0 0.351297 0.316038 0.598625 0.587453 1 1
