0 0.082203 0.360091 0.102844 0.380959 1 0
7 0.606500 0.238516 0.112656 0.163288 1 0
0 0.666148 0.339155 0.089859 0.317763 1 0
2 0.420930 0.265594 0.100078 0.113973 1 1
1 0.603187 0.428162 0.082937 0.245502 1 1
2 0.387664 0.216039 0.046109 0.051849 1 1
26 0.041688 0.291553 0.081500 0.163973 1 0
2 0.513422 0.206872 0.033125 0.027763 1 1
2 0.473938 0.221747 0.050813 0.059612 1 1
1 0.720516 0.227283 0.021219 0.041142 1 0
2 0.365523 0.209646 0.018234 0.032854 1 1
2 0.490508 0.201256 0.013328 0.020548 1 1
2 0.453891 0.197694 0.016438 0.020365 1 1
2 0.360625 0.195422 0.010469 0.016781 1 1
2 0.441273 0.196963 0.014516 0.014475 1 1
67 0.058016 0.219384 0.002750 0.008904 1 2
1 0.318852 0.365205 0.091734 0.135434 1 0
2 0.889687 0.382432 0.216344 0.438699 1 0
