46 0.583030 0.211491 0.091620 0.227500 1 1
0 0.916310 0.710120 0.167380 0.512349 1 0
46 0.367550 0.247199 0.188580 0.171024 1 1
45 0.490670 0.442861 0.563980 0.309096 1 1
46 0.634710 0.212169 0.069820 0.218193 1 1
46 0.713100 0.256461 0.029360 0.109910 1 1
7 0.345140 0.751325 0.157280 0.171446 1 0
46 0.689340 0.156822 0.077320 0.162982 1 1
46 0.682510 0.255497 0.036340 0.119608 1 1
46 0.249190 0.185617 0.120300 0.258825 1 1
46 0.553830 0.220858 0.104220 0.217500 1 1
46 0.498010 0.288449 0.042820 0.083705 1 1
46 0.485920 0.220919 0.070920 0.111355 1 1
46 0.439920 0.146837 0.067440 0.090843 1 1
0 0.173380 0.810843 0.058840 0.375964 1 0
0 0.490130 0.785000 0.290780 0.406325 1 0
0 0.139830 0.681310 0.279660 0.617139 1 0
0 0.239850 0.862952 0.098980 0.272470 1 0
0 0.314090 0.834834 0.174580 0.307861 1 1
