33 0.467453 0.294204 0.043188 0.076604 1 2
33 0.534789 0.431417 0.026766 0.044239 1 2
0 0.109055 0.760316 0.029297 0.036464 1 1
33 0.853711 0.463138 0.015891 0.035035 1 2
33 0.307867 0.336546 0.021141 0.039461 1 0
0 0.373578 0.665187 0.015500 0.030187 1 0
0 0.691508 0.674286 0.016141 0.032927 1 0
33 0.153562 0.390585 0.035750 0.075504 1 2
33 0.457539 0.550515 0.014609 0.020562 1 2
33 0.724156 0.383981 0.014625 0.036909 1 2
33 0.347281 0.544450 0.015531 0.028946 1 1
33 0.249969 0.405468 0.016438 0.029063 1 0
0 0.652102 0.598337 0.018922 0.044309 1 1
33 0.550484 0.544801 0.012156 0.031007 1 2
37 0.653414 0.617681 0.031109 0.017564 1 0
33 0.295414 0.587272 0.006578 0.013326 1 2
33 0.447984 0.499110 0.009031 0.017564 1 0
37 0.367117 0.682963 0.004953 0.004988 1 1
