0 0.293281 0.426344 0.385406 0.234146 1 0
41 0.623883 0.786656 0.086391 0.196563 1 1
53 0.577828 0.506677 0.145250 0.087063 1 2
40 0.469211 0.459802 0.037234 0.050146 1 1
43 0.389914 0.619469 0.114641 0.048271 1 0
43 0.934523 0.941865 0.130797 0.116271 1 0
40 0.464617 0.543573 0.042547 0.097813 1 1
40 0.544047 0.595062 0.046625 0.112417 1 1
42 0.499234 0.890969 0.156812 0.052271 1 2
42 0.368898 0.613854 0.104203 0.049167 1 0
43 0.626141 0.629729 0.110781 0.037208 1 0
40 0.564320 0.628969 0.052391 0.118438 1 1
41 0.427852 0.488104 0.040016 0.115083 1 1
42 0.644687 0.643531 0.100031 0.033104 1 0
43 0.522578 0.914062 0.183438 0.038708 1 0
40 0.487352 0.512385 0.037859 0.093229 1 1
40 0.457437 0.448979 0.029531 0.089083 1 1
43 0.354844 0.479865 0.093750 0.019688 1 0
41 0.758063 0.940323 0.100375 0.114062 1 1
0 0.560813 0.264635 0.195938 0.281521 1 0
0 0.193852 0.655250 0.387703 0.689500 1 0
60 0.641047 0.671167 0.711156 0.628375 1 2
0 0.058148 0.856187 0.116297 0.265167 1 0
