41 0.061850 0.841600 0.113220 0.247680 1 1
42 0.577560 0.666760 0.046560 0.124720 1 2
56 0.936080 0.513613 0.127840 0.301840 1 0
56 0.951130 0.213453 0.097740 0.298213 1 0
53 0.423870 0.876413 0.318540 0.242693 1 2
41 0.461490 0.554173 0.062980 0.176453 1 1
43 0.048460 0.767227 0.095720 0.127627 1 0
53 0.358620 0.684707 0.172920 0.124720 1 2
42 0.062200 0.706333 0.120640 0.085360 1 0
43 0.633180 0.735413 0.168720 0.015520 1 0
0 0.162640 0.401267 0.315160 0.640453 1 0
39 0.179840 0.818280 0.133880 0.341947 1 1
