15 0.838925 0.923617 0.178645 0.149672 1 2
39 0.731589 0.764367 0.039252 0.061516 1 1
39 0.596355 0.217648 0.033271 0.082266 1 1
39 0.768446 0.748336 0.033528 0.066359 1 1
39 0.740549 0.723617 0.027220 0.042609 1 1
39 0.715537 0.738633 0.035187 0.051328 1 1
39 0.758376 0.768930 0.017967 0.044047 1 1
39 0.695619 0.665555 0.024650 0.044266 1 1
39 0.717477 0.646211 0.024019 0.030953 1 1
39 0.675269 0.668977 0.028808 0.045203 1 1
39 0.760537 0.762656 0.022196 0.051594 1 1
71 0.320911 0.831461 0.379720 0.265172 1 2
