0 0.956961 0.651690 0.086078 0.247183 1 0
25 0.760656 0.388333 0.425250 0.391174 1 1
25 0.720938 0.465763 0.300312 0.221197 1 1
40 0.358242 0.765317 0.109203 0.244953 1 1
0 0.660039 0.597406 0.079641 0.142277 1 0
40 0.121039 0.733063 0.103516 0.212840 1 1
0 0.605008 0.645775 0.053266 0.233991 1 1
0 0.819484 0.586819 0.105125 0.163357 1 1
0 0.503797 0.581901 0.057469 0.133662 1 0
56 0.952781 0.752359 0.051969 0.083263 1 0
56 0.467727 0.711350 0.091672 0.121056 1 0
0 0.851781 0.514613 0.054438 0.113592 1 1
0 0.467180 0.511960 0.044641 0.152653 1 0
25 0.448758 0.371138 0.261516 0.057676 1 1
56 0.515859 0.656315 0.049625 0.133286 1 0
0 0.760938 0.548146 0.072500 0.104413 1 1
0 0.489445 0.497453 0.024984 0.112606 1 0
26 0.869930 0.530352 0.019297 0.073709 1 0
25 0.178023 0.415528 0.304672 0.215329 1 1
25 0.346242 0.321972 0.483547 0.376667 1 1
25 0.927039 0.238967 0.145922 0.145446 1 1
