0 0.404438 0.616021 0.193094 0.487750 1 0
0 0.620086 0.465625 0.037922 0.070333 1 0
0 0.737438 0.614156 0.097812 0.354813 1 0
0 0.322242 0.532094 0.042078 0.114312 1 0
0 0.497469 0.498385 0.050875 0.112729 1 0
67 0.218469 0.524854 0.034813 0.103042 1 1
0 0.531617 0.464094 0.019672 0.036729 1 0
39 0.038945 0.694865 0.077891 0.350854 1 1
0 0.227531 0.645875 0.451687 0.708250 1 1
0 0.850453 0.705979 0.299094 0.566583 1 0
0 0.663406 0.675323 0.094594 0.477479 1 1
0 0.974711 0.589656 0.050578 0.248521 1 0
0 0.559562 0.723927 0.246656 0.525729 1 0
