14 0.395650 0.610280 0.160700 0.180720 1 0
14 0.831070 0.713640 0.255580 0.227707 1 0
14 0.034200 0.631053 0.068400 0.253520 1 0
14 0.684290 0.662413 0.147220 0.250960 1 0
56 0.191850 0.428053 0.116660 0.188640 1 0
14 0.210670 0.556747 0.107860 0.146080 1 0
14 0.411170 0.569453 0.112860 0.142587 1 0
14 0.492530 0.566853 0.064140 0.132480 1 0
14 0.200740 0.695173 0.097560 0.115413 1 0
14 0.532790 0.556933 0.054220 0.103893 1 0
14 0.717250 0.562173 0.075620 0.083333 1 0
14 0.641940 0.807533 0.261280 0.384933 1 1
58 0.064390 0.392947 0.128780 0.180720 1 1
14 0.959990 0.719867 0.074380 0.347733 1 0
14 0.156740 0.780893 0.313480 0.411227 1 0
