5 0.540990 0.329940 0.090020 0.181081 1 1
2 0.441180 0.417943 0.068960 0.123994 1 2
5 0.274800 0.312087 0.112520 0.178048 1 1
0 0.033100 0.295015 0.018080 0.075916 1 0
0 0.569350 0.823889 0.063420 0.154204 1 0
5 0.367930 0.308859 0.101460 0.180360 1 1
5 0.086220 0.626426 0.172440 0.389910 1 2
2 0.352870 0.763003 0.123980 0.177538 1 2
5 0.224490 0.401682 0.131700 0.217958 1 2
1 0.569820 0.870015 0.106200 0.115465 1 0
2 0.418810 0.478033 0.072340 0.101411 1 2
2 0.390410 0.612523 0.105500 0.203423 1 2
9 0.540290 0.203378 0.044900 0.155045 1 1
9 0.854090 0.207312 0.038060 0.123934 1 1
5 0.358440 0.181261 0.063520 0.098078 1 1
9 0.810420 0.205616 0.046400 0.141562 1 1
2 0.186770 0.511532 0.064860 0.158438 1 2
2 0.448490 0.275811 0.038500 0.060631 1 1
0 0.062340 0.297252 0.018640 0.074985 1 0
9 0.583380 0.203483 0.038240 0.126486 1 1
0 0.161710 0.230781 0.012300 0.055375 1 0
5 0.387470 0.095270 0.033100 0.063874 1 1
2 0.463810 0.201847 0.029980 0.032883 1 1
0 0.516310 0.336156 0.019340 0.031051 1 1
2 0.516030 0.218003 0.020980 0.042553 1 1
0 0.120280 0.219865 0.007080 0.042553 1 0
0 0.119750 0.286877 0.011820 0.024264 1 0
0 0.202060 0.163183 0.012600 0.044505 1 0
0 0.151140 0.220000 0.013920 0.040480 1 0
0 0.369510 0.731156 0.036220 0.031622 1 1
2 0.456890 0.215751 0.039060 0.034264 1 1
2 0.461830 0.164204 0.025300 0.014655 1 1
2 0.455740 0.279354 0.037440 0.025375 1 1
2 0.452430 0.305586 0.053020 0.029429 1 1
2 0.462870 0.131456 0.026740 0.025135 1 1
0 0.629490 0.082508 0.012980 0.026997 1 1
