57 0.738047 0.910950 0.519353 0.177500 1 1
25 0.290424 0.444950 0.312991 0.224700 1 1
60 0.883170 0.707750 0.202366 0.125433 1 1
41 0.243571 0.757883 0.176473 0.409900 1 1
39 0.408984 0.730817 0.143996 0.412900 1 1
0 0.672723 0.691583 0.075134 0.103833 1 1
8 0.865413 0.413533 0.113728 0.053133 1 0
56 0.143002 0.726933 0.058906 0.083067 1 1
8 0.986529 0.393667 0.026942 0.041733 1 0
25 0.049944 0.450133 0.045156 0.074333 1 1
56 0.717511 0.727217 0.051942 0.054233 1 1
39 0.046953 0.576317 0.028013 0.088167 1 1
39 0.067824 0.584417 0.020871 0.103900 1 1
25 0.534520 0.420633 0.324308 0.242133 1 1
