0 0.060260 0.807360 0.115520 0.385280 1 0
56 0.171080 0.860640 0.090920 0.138720 1 0
0 0.120470 0.661520 0.091380 0.247893 1 0
0 0.910330 0.467453 0.110460 0.383867 1 0
0 0.566130 0.690760 0.099900 0.180773 1 0
0 0.061840 0.614000 0.059520 0.158133 1 0
0 0.327860 0.552253 0.193560 0.266160 1 0
56 0.380020 0.783333 0.102920 0.227573 1 0
0 0.226630 0.574373 0.103140 0.183733 1 0
0 0.270490 0.521453 0.085700 0.171547 1 0
0 0.457580 0.515733 0.059000 0.137067 1 0
56 0.106190 0.934533 0.098860 0.127573 1 0
52 0.276660 0.724427 0.127280 0.074027 1 1
0 0.374620 0.474533 0.047600 0.060320 1 0
0 0.591010 0.513627 0.817980 0.950560 1 0
