54 0.810211 0.816492 0.113255 0.079391 1 2
54 0.833454 0.828883 0.099087 0.064484 1 2
54 0.659532 0.821203 0.095316 0.050406 1 2
54 0.316956 0.854703 0.118314 0.037719 1 1
54 0.665082 0.862305 0.108103 0.040484 1 2
54 0.710714 0.792680 0.101569 0.045172 1 1
54 0.419215 0.849516 0.098337 0.039656 1 1
54 0.417342 0.814312 0.043864 0.032063 1 1
54 0.797799 0.872984 0.115176 0.023719 1 1
0 0.881838 0.630109 0.235152 0.739781 1 1
0 0.148279 0.528406 0.296557 0.943187 1 0
54 0.537600 0.828203 0.066347 0.043719 1 1
45 0.665808 0.862875 0.484169 0.218750 1 1
0 0.422705 0.226625 0.838665 0.453250 1 0
