36 0.044961 0.508409 0.089078 0.199589 1 2
2 0.894453 0.553647 0.211094 0.237338 1 0
0 0.101164 0.538377 0.127859 0.569524 1 1
13 0.943039 0.614859 0.113922 0.132879 1 0
2 0.646891 0.564394 0.136219 0.257446 1 0
36 0.202805 0.506169 0.094766 0.263247 1 2
36 0.624844 0.803896 0.169750 0.040303 1 0
13 0.239305 0.602543 0.210516 0.101710 1 1
36 0.748492 0.893333 0.133328 0.091255 1 1
0 0.391898 0.547554 0.094141 0.426926 1 1
2 0.574258 0.612359 0.042172 0.132597 1 0
36 0.353102 0.639351 0.047828 0.260909 1 0
0 0.246547 0.523203 0.163281 0.621558 1 1
0 0.709656 0.505498 0.555656 0.731385 1 0
