60 0.521953 0.157010 0.201844 0.271146 1 1
60 0.716039 0.121542 0.397203 0.161875 1 1
41 0.521586 0.433865 0.063828 0.168604 1 1
60 0.065547 0.181448 0.131094 0.088937 1 1
41 0.257625 0.497385 0.065281 0.180563 1 1
56 0.119133 0.149573 0.057328 0.077854 1 1
43 0.771687 0.740479 0.170906 0.080792 1 0
56 0.866820 0.168740 0.148984 0.135438 1 0
41 0.289016 0.543667 0.085844 0.209083 1 1
41 0.449156 0.455063 0.059000 0.168542 1 1
56 0.857148 0.122427 0.073078 0.096812 1 0
56 0.114617 0.116156 0.054328 0.045271 1 1
42 0.791922 0.759063 0.164938 0.060292 1 0
39 0.729078 0.051521 0.018969 0.051500 1 1
56 0.562938 0.139219 0.060875 0.130021 1 1
56 0.775234 0.178937 0.053250 0.141333 1 1
56 0.117703 0.210240 0.035781 0.051479 1 1
56 0.348820 0.317563 0.041547 0.111917 1 0
56 0.597117 0.072417 0.037391 0.029542 1 1
39 0.739727 0.065729 0.017203 0.045167 1 1
56 0.615805 0.058490 0.022359 0.020313 1 0
0 0.209828 0.500000 0.419656 1.000000 1 0
56 0.487406 0.188552 0.082906 0.242354 1 1
53 0.492133 0.662667 0.269672 0.202250 1 2
0 0.790727 0.404500 0.418547 0.732583 1 0
