55 0.227734 0.387583 0.192812 0.295244 1 1
55 0.297750 0.868606 0.067906 0.089961 1 1
55 0.173781 0.751696 0.062719 0.077700 1 1
55 0.222195 0.874610 0.070609 0.095848 1 1
55 0.122156 0.978879 0.069719 0.042242 1 1
55 0.148969 0.862710 0.063375 0.095478 1 1
55 0.290430 0.748060 0.068703 0.093509 1 1
55 0.345906 0.856316 0.037312 0.070760 1 1
55 0.202031 0.635789 0.068125 0.071618 1 1
55 0.215344 0.964064 0.038937 0.059006 1 1
55 0.115148 0.861871 0.051828 0.078830 1 1
43 0.382953 0.388343 0.190250 0.072943 1 0
0 0.728609 0.493255 0.516969 0.973021 1 0
