29 0.474125 0.334931 0.054844 0.070856 1 2
0 0.713211 0.485552 0.040297 0.144917 1 1
0 0.766422 0.464530 0.051219 0.134475 1 1
0 0.577969 0.522790 0.058094 0.094586 1 1
0 0.924320 0.490856 0.054422 0.115193 1 1
0 0.863961 0.478936 0.033266 0.139144 1 1
29 0.528422 0.756008 0.048781 0.042790 1 2
0 0.402984 0.505152 0.038094 0.120028 1 1
0 0.434641 0.485981 0.038406 0.132403 1 1
0 0.823977 0.466823 0.038234 0.144641 1 1
0 0.627188 0.511727 0.043062 0.106492 1 1
0 0.802523 0.475746 0.016672 0.116464 1 0
29 0.680578 0.737099 0.032594 0.012597 1 1
0 0.524219 0.782666 0.222938 0.351354 1 1
0 0.655625 0.515801 0.044500 0.094586 1 1
