0 0.357610 0.852184 0.049580 0.131355 1 1
0 0.428240 0.818750 0.038760 0.105392 1 1
41 0.647250 0.220512 0.069260 0.055422 1 1
0 0.977650 0.456310 0.030300 0.081355 1 0
0 0.217800 0.939142 0.059760 0.116114 1 1
25 0.413740 0.758976 0.032880 0.024036 1 1
13 0.904290 0.490527 0.045100 0.041416 1 1
26 0.416170 0.822229 0.008980 0.029578 1 0
25 0.616130 0.641190 0.038140 0.045151 1 1
13 0.957730 0.466325 0.037140 0.046386 1 1
26 0.282270 0.912304 0.016940 0.030813 1 0
0 0.165220 0.967636 0.047120 0.064729 1 0
25 0.709450 0.577184 0.032140 0.035271 1 1
25 0.724670 0.571883 0.031100 0.059608 1 1
26 0.230250 0.917108 0.042900 0.051687 1 0
25 0.510540 0.656581 0.048280 0.037982 1 1
25 0.301380 0.833630 0.035720 0.034127 1 1
36 0.598230 0.722364 0.204060 0.267139 1 2
0 0.288550 0.896551 0.042220 0.122681 1 1
0 0.445380 0.804864 0.038720 0.113343 1 1
0 0.507720 0.436943 0.372360 0.590090 1 0
