56 0.648039 0.505960 0.101422 0.186674 1 0
34 0.737172 0.495972 0.076156 0.060843 1 1
0 0.967945 0.315808 0.064109 0.170960 1 1
56 0.954547 0.440995 0.064781 0.088970 1 0
0 0.961992 0.465035 0.030859 0.084918 1 0
32 0.434937 0.718255 0.017250 0.032529 1 1
0 0.689141 0.418876 0.074000 0.333864 1 1
0 0.029937 0.494578 0.051094 0.352061 1 1
0 0.470922 0.501897 0.121094 0.237939 1 0
35 0.436164 0.707026 0.053891 0.095457 1 1
0 0.805555 0.572330 0.124547 0.405831 1 0
0 0.116305 0.480105 0.147078 0.590703 1 0
