17 0.510586 0.711014 0.153484 0.437917 1 1
0 0.611578 0.407375 0.093125 0.255028 1 1
0 0.289508 0.474486 0.077453 0.345639 1 0
0 0.513102 0.405389 0.104078 0.243556 1 1
0 0.726562 0.444819 0.102625 0.425694 1 0
0 0.700094 0.375028 0.031750 0.084667 1 0
0 0.179672 0.475653 0.019594 0.053583 1 1
17 0.351562 0.713958 0.145687 0.448194 1 0
0 0.379625 0.466625 0.116031 0.340806 1 1
17 0.094758 0.659014 0.184672 0.594417 1 0
17 0.870727 0.693764 0.258547 0.612472 1 0
17 0.616852 0.707167 0.141578 0.444944 1 1
