77 0.853297 0.751237 0.113031 0.185791 1 1
77 0.329055 0.290778 0.112328 0.205536 1 1
77 0.885359 0.593533 0.122406 0.322781 1 0
77 0.680008 0.505446 0.092891 0.216199 1 0
77 0.796883 0.622219 0.083797 0.131020 1 0
77 0.757031 0.708571 0.083844 0.177092 1 0
77 0.340484 0.360370 0.066469 0.137934 1 1
77 0.420609 0.364707 0.074875 0.167526 1 0
77 0.488687 0.398878 0.074281 0.191276 1 0
73 0.732484 0.902283 0.310438 0.183546 1 1
77 0.214859 0.270255 0.149719 0.314286 1 0
77 0.578523 0.467003 0.079547 0.150383 1 0
73 0.147273 0.523597 0.269766 0.202245 1 1
77 0.112305 0.184005 0.116953 0.233469 1 0
