8 0.411391 0.295713 0.014125 0.025584 1 0
8 0.439906 0.296437 0.009281 0.011379 1 0
8 0.639555 0.294287 0.005953 0.008902 1 1
25 0.301758 0.376297 0.144641 0.143061 1 1
0 0.210031 0.522827 0.038187 0.188505 1 0
32 0.678500 0.496507 0.053719 0.082266 0 1
0 0.530227 0.540304 0.055484 0.186215 1 1
0 0.758102 0.540806 0.188391 0.496659 1 0
0 0.488648 0.482103 0.042047 0.168879 1 1
0 0.615695 0.465526 0.040141 0.124322 1 0
0 0.322047 0.518984 0.034063 0.203668 1 0
0 0.379180 0.664673 0.062953 0.310187 1 0
0 0.022711 0.791799 0.045422 0.257150 1 0
0 0.459414 0.488014 0.037047 0.178832 1 0
0 0.071883 0.534813 0.033109 0.164720 1 0
32 0.938805 0.685701 0.045984 0.066589 1 1
