0 0.898086 0.708993 0.101953 0.370773 1 0
0 0.540336 0.690445 0.073078 0.217143 1 0
33 0.824086 0.612424 0.155828 0.072061 1 2
0 0.282250 0.689274 0.059562 0.188384 1 0
33 0.275328 0.617693 0.083281 0.055714 1 2
24 0.515008 0.667459 0.039578 0.094028 1 1
26 0.873039 0.682553 0.056766 0.114614 1 1
33 0.569344 0.157482 0.107062 0.093794 1 2
0 0.390109 0.685105 0.064750 0.150351 1 0
0 0.774086 0.696803 0.028484 0.129297 1 0
33 0.802438 0.394496 0.101844 0.106557 1 0
0 0.322703 0.708466 0.013750 0.061850 1 0
0 0.031031 0.710808 0.022187 0.091452 1 0
33 0.478695 0.403817 0.052266 0.054567 1 0
0 0.557602 0.760094 0.036016 0.195831 1 0
0 0.668859 0.697026 0.028250 0.125995 1 0
0 0.010820 0.760773 0.021641 0.192927 1 0
0 0.445484 0.695785 0.028375 0.173021 1 0
0 0.553023 0.652155 0.031953 0.103232 1 0
26 0.266836 0.673782 0.011766 0.050890 1 1
26 0.553609 0.649415 0.020406 0.035176 1 0
26 0.460445 0.677119 0.013203 0.028571 1 0
0 0.173016 0.665281 0.074719 0.314871 1 0
33 0.018055 0.665890 0.036109 0.053232 1 2
