60 0.650375 0.692073 0.060156 0.074354 1 2
25 0.378969 0.431521 0.203000 0.080625 1 2
60 0.379492 0.758448 0.080797 0.066854 1 2
0 0.975883 0.945875 0.048234 0.108250 1 0
0 0.330633 0.763177 0.057453 0.102646 1 0
56 0.230258 0.835729 0.064609 0.125875 1 0
0 0.732664 0.615281 0.036953 0.090896 1 1
56 0.499195 0.889750 0.084516 0.140958 1 0
25 0.532328 0.442656 0.194062 0.069104 1 2
25 0.412195 0.510615 0.233078 0.099771 1 2
25 0.742063 0.412021 0.124031 0.089333 1 2
0 0.789547 0.655990 0.045156 0.131854 1 1
25 0.209492 0.417740 0.196953 0.080729 1 2
60 0.180266 0.844646 0.079687 0.109917 1 2
56 0.624578 0.888010 0.082563 0.117938 1 0
25 0.952977 0.547021 0.093453 0.079375 1 2
56 0.616094 0.757927 0.040500 0.085354 1 1
0 0.104391 0.850021 0.052812 0.224000 1 0
56 0.314531 0.798562 0.057219 0.117208 1 0
56 0.534828 0.739313 0.047844 0.072958 1 1
0 0.755203 0.609031 0.039188 0.069479 1 1
25 0.811117 0.432563 0.145141 0.055792 1 2
56 0.146812 0.860427 0.044188 0.071604 1 0
0 0.634609 0.711083 0.047594 0.069292 1 1
56 0.627609 0.600604 0.040313 0.043500 1 0
56 0.133180 0.751760 0.048234 0.059687 1 0
56 0.493641 0.739281 0.039219 0.062854 1 1
0 0.827227 0.965260 0.056672 0.069479 1 0
0 0.685273 0.715812 0.047891 0.071917 1 1
60 0.589906 0.591458 0.048812 0.027708 1 2
60 0.194500 0.727760 0.064656 0.026396 1 2
0 0.827570 0.739385 0.033078 0.041396 1 1
0 0.192266 0.364896 0.022875 0.028000 1 0
0 0.141531 0.363083 0.018500 0.027750 1 1
25 0.194789 0.494135 0.232828 0.089938 1 2
