0 0.706980 0.343920 0.091600 0.311840 1 1
0 0.966350 0.621320 0.020140 0.078320 1 0
0 0.895730 0.153680 0.010540 0.029120 1 0
33 0.878820 0.680000 0.197640 0.174133 1 2
0 0.220380 0.314987 0.078480 0.309333 1 0
0 0.129160 0.150000 0.026920 0.081707 1 0
33 0.327980 0.698973 0.212520 0.156187 1 2
0 0.226540 0.621347 0.019280 0.081147 1 0
0 0.867680 0.152240 0.008840 0.029493 1 0
0 0.543580 0.562413 0.012120 0.038533 1 0
0 0.387000 0.115667 0.011080 0.035280 1 0
0 0.852710 0.150467 0.023140 0.027173 1 0
0 0.795140 0.149387 0.005600 0.016160 1 0
33 0.287680 0.173787 0.162560 0.159093 1 2
0 0.262350 0.825227 0.085620 0.346933 1 1
0 0.814050 0.821347 0.104500 0.334853 1 0
33 0.780890 0.230480 0.223060 0.188267 1 2
