13 0.671430 0.357049 0.464297 0.109742 1 0
0 0.418422 0.301546 0.097406 0.162061 1 0
0 0.232633 0.276932 0.081766 0.159813 1 0
0 0.125914 0.265246 0.075266 0.154988 1 0
0 0.693625 0.329778 0.090844 0.187799 1 0
35 0.523750 0.657447 0.046250 0.063934 1 0
0 0.820219 0.351440 0.081031 0.156417 1 0
0 0.641641 0.328255 0.080406 0.169485 1 0
0 0.924852 0.323583 0.076641 0.225995 1 0
0 0.185516 0.269918 0.066375 0.157916 1 0
0 0.755680 0.340749 0.071047 0.162014 1 0
0 0.545016 0.323571 0.067594 0.151639 1 0
0 0.296773 0.570948 0.271984 0.556323 1 1
0 0.626086 0.745023 0.261141 0.361756 1 0
0 0.831375 0.687459 0.160406 0.458009 1 0
