24 0.663570 0.458740 0.095297 0.181152 1 1
0 0.162391 0.486455 0.061031 0.233770 1 0
33 0.325203 0.598223 0.102156 0.056602 1 0
0 0.525953 0.588125 0.031031 0.062852 1 0
33 0.037000 0.345596 0.074000 0.039277 1 2
26 0.184297 0.463535 0.038187 0.068906 1 1
5 0.094500 0.417100 0.099937 0.055215 1 0
0 0.196148 0.534834 0.047578 0.140605 1 1
33 0.875867 0.660674 0.067297 0.020879 1 0
2 0.375242 0.449873 0.040047 0.021738 1 0
0 0.088477 0.522910 0.039297 0.139141 1 0
0 0.490555 0.581221 0.029422 0.096816 1 0
0 0.511742 0.547910 0.020172 0.033281 1 0
24 0.721000 0.486758 0.023563 0.048164 1 0
0 0.817469 0.614941 0.024531 0.091445 1 0
0 0.566359 0.572305 0.032000 0.102656 1 1
0 0.956516 0.586758 0.025188 0.091680 1 1
33 0.514680 0.320967 0.026359 0.037754 1 2
2 0.548703 0.522568 0.068406 0.022051 1 0
2 0.535672 0.453320 0.020875 0.024570 1 0
2 0.846313 0.524062 0.095906 0.035430 1 0
2 0.574914 0.457607 0.022609 0.024863 1 0
2 0.475641 0.453418 0.028219 0.019688 1 0
0 0.451922 0.548398 0.013562 0.056016 1 0
2 0.518359 0.455693 0.017406 0.021035 1 0
33 0.582852 0.618359 0.028953 0.008789 1 0
33 0.826305 0.553662 0.335609 0.691621 1 2
0 0.663070 0.541367 0.181797 0.505859 1 1
0 0.333352 0.495469 0.171734 0.399219 1 0
0 0.242203 0.528271 0.074156 0.169590 1 1
