0 0.435438 0.458531 0.099187 0.384854 1 0
38 0.436086 0.526396 0.047891 0.079958 1 1
0 0.644492 0.337750 0.053516 0.057583 1 1
0 0.285453 0.277844 0.043656 0.068729 1 1
0 0.304039 0.092083 0.035828 0.068000 1 1
56 0.723836 0.200948 0.043828 0.045312 1 1
0 0.356969 0.321271 0.048594 0.091042 1 1
0 0.210617 0.152750 0.039422 0.060083 1 1
0 0.172461 0.218594 0.038891 0.089979 1 1
0 0.738539 0.295187 0.052641 0.121958 1 1
56 0.806094 0.163677 0.036437 0.030646 1 1
0 0.132359 0.218479 0.047656 0.093833 1 1
56 0.674586 0.196521 0.036984 0.034875 1 1
56 0.496367 0.227625 0.040484 0.031083 1 1
0 0.271289 0.098208 0.032391 0.074208 1 1
0 0.775195 0.330813 0.052391 0.082750 1 1
0 0.702102 0.281229 0.040578 0.086875 1 1
0 0.266398 0.316885 0.046859 0.082146 1 1
56 0.414938 0.231948 0.039625 0.027396 1 1
56 0.532438 0.262396 0.041813 0.037167 1 1
56 0.168305 0.307063 0.043859 0.038792 1 1
56 0.087727 0.276365 0.040516 0.043354 1 1
56 0.762023 0.197031 0.035547 0.029479 1 1
56 0.205984 0.305365 0.034563 0.037354 1 1
56 0.130109 0.271615 0.040375 0.030646 1 1
56 0.113727 0.337333 0.031734 0.028208 1 1
56 0.828125 0.360687 0.035156 0.020833 1 1
