37 0.633672 0.610292 0.102375 0.084542 1 2
13 0.784039 0.664021 0.066734 0.068917 1 0
0 0.632453 0.585615 0.050062 0.232729 1 0
0 0.381352 0.615271 0.084641 0.081792 1 0
0 0.106172 0.409719 0.022031 0.090271 1 1
0 0.043617 0.414198 0.027141 0.109563 1 1
0 0.851023 0.569781 0.038109 0.133021 1 0
37 0.729938 0.719531 0.057813 0.051396 1 2
0 0.981781 0.306719 0.028906 0.044979 1 0
0 0.605602 0.340125 0.033266 0.084667 1 0
0 0.953055 0.309021 0.024203 0.043250 1 0
0 0.538820 0.328260 0.025391 0.045729 1 0
0 0.517531 0.341146 0.015875 0.026250 1 1
0 0.715734 0.325792 0.023438 0.038750 1 0
