57 0.520914 0.672330 0.752609 0.436511 1 1
24 0.877672 0.854075 0.141344 0.274239 1 1
56 0.129383 0.531897 0.087703 0.309649 1 0
0 0.512391 0.575304 0.150750 0.422553 1 1
63 0.356938 0.617939 0.144594 0.126417 1 1
41 0.427539 0.770176 0.032578 0.115808 1 1
63 0.673969 0.689614 0.155125 0.112857 1 1
63 0.507148 0.634005 0.130734 0.123888 1 1
41 0.530328 0.788852 0.043656 0.125902 1 1
41 0.575070 0.903021 0.052266 0.103466 1 2
41 0.441859 0.924356 0.054469 0.115410 1 2
41 0.504234 0.870937 0.051094 0.084122 1 2
75 0.458906 0.842600 0.039625 0.107119 1 1
45 0.586648 0.825176 0.061859 0.069555 1 2
44 0.600859 0.883126 0.020344 0.021522 1 0
67 0.316398 0.448958 0.007141 0.007143 1 0
0 0.663461 0.691382 0.165672 0.617237 1 1
