0 0.053349 0.937258 0.091850 0.109172 1 0
56 0.235878 0.552750 0.092319 0.029875 1 0
25 0.315984 0.803164 0.119274 0.199422 1 1
0 0.077447 0.849828 0.113958 0.077312 1 0
25 0.092705 0.530789 0.041241 0.053359 1 1
0 0.220574 0.877367 0.064801 0.069391 1 0
0 0.492014 0.504555 0.024637 0.046953 1 0
56 0.574204 0.479289 0.045972 0.017672 1 0
25 0.938548 0.433906 0.014754 0.042812 1 1
14 0.431253 0.862000 0.027939 0.016781 1 2
56 0.955386 0.813750 0.089227 0.046437 1 0
56 0.135550 0.572828 0.097705 0.036437 1 0
25 0.719192 0.426172 0.016042 0.021906 1 1
56 0.209286 0.560070 0.095995 0.032578 1 0
14 0.762424 0.184344 0.057260 0.022375 1 2
56 0.164625 0.567859 0.096885 0.035437 1 0
25 0.229742 0.521258 0.030539 0.076391 1 1
25 0.395609 0.469938 0.016698 0.052687 1 1
25 0.283337 0.487133 0.018571 0.057297 1 1
56 0.276358 0.542977 0.090562 0.034203 1 0
0 0.058618 0.591234 0.072365 0.027594 1 0
56 0.543103 0.485320 0.053419 0.020016 1 0
25 0.078817 0.503984 0.033700 0.041563 1 1
56 0.300984 0.537102 0.082717 0.029234 1 0
56 0.615433 0.471055 0.043981 0.021484 1 0
25 0.697365 0.443344 0.019461 0.044156 1 1
0 0.422459 0.512602 0.038173 0.022359 1 0
0 0.359286 0.524773 0.059836 0.020359 1 0
0 0.712810 0.487961 0.013677 0.013703 1 0
14 0.444426 0.880602 0.028244 0.019297 1 2
0 0.433372 0.506672 0.018876 0.020313 1 0
25 0.806429 0.439836 0.015340 0.046641 1 1
25 0.623735 0.459781 0.013279 0.053625 1 1
25 0.531792 0.465156 0.015340 0.049812 1 1
25 0.445422 0.477688 0.018665 0.053687 1 1
0 0.335398 0.531688 0.063817 0.015219 1 0
0 0.514824 0.495320 0.029508 0.012391 1 0
56 0.323361 0.521391 0.016276 0.014063 1 0
0 0.577623 0.515594 0.010703 0.008031 1 0
