0 0.685970 0.738434 0.132700 0.354940 1 1
33 0.271720 0.383313 0.061520 0.154398 1 2
0 0.013430 0.845286 0.026860 0.080211 1 0
0 0.613890 0.754337 0.050060 0.174759 1 1
24 0.810010 0.890572 0.064060 0.126988 1 0
0 0.865380 0.726009 0.015560 0.044187 1 0
2 0.150620 0.771988 0.068960 0.041687 1 0
0 0.948800 0.732304 0.022160 0.063223 1 0
24 0.196670 0.880798 0.048300 0.043524 1 0
1 0.950430 0.748193 0.048980 0.049157 1 0
24 0.371060 0.956476 0.057040 0.039157 1 1
0 0.136520 0.765361 0.019360 0.088494 1 0
24 0.040780 0.851687 0.036840 0.045361 1 0
0 0.990460 0.730151 0.017520 0.070783 1 0
9 0.197250 0.644804 0.013340 0.036898 1 0
0 0.850560 0.733870 0.027800 0.068825 1 0
2 0.223110 0.770663 0.094820 0.046807 1 0
1 0.850740 0.760828 0.052520 0.040994 1 0
9 0.208970 0.735557 0.009740 0.027681 1 0
0 0.380430 0.754458 0.009180 0.028373 1 1
2 0.487770 0.756506 0.044060 0.022108 1 0
9 0.226850 0.696416 0.007980 0.033253 1 0
9 0.175180 0.643886 0.011000 0.034036 1 0
