0 0.654050 0.638048 0.014460 0.047267 1 0
20 0.372060 0.740015 0.110160 0.077508 1 0
0 0.117140 0.645060 0.017200 0.025796 1 0
0 0.179910 0.708799 0.020940 0.050691 1 0
20 0.639400 0.768498 0.147720 0.106366 1 0
0 0.349890 0.689835 0.014980 0.039610 1 0
0 0.206560 0.691757 0.030720 0.044775 1 0
0 0.603890 0.717508 0.016980 0.079820 1 0
0 0.549860 0.647613 0.019320 0.053183 1 0
0 0.375180 0.679474 0.034840 0.064234 1 0
0 0.620480 0.649324 0.019960 0.040270 1 0
0 0.603510 0.651351 0.021500 0.038919 1 0
0 0.223680 0.677568 0.015400 0.028228 1 0
20 0.113910 0.707477 0.068180 0.063003 1 0
