0 0.641539 0.407557 0.114766 0.152703 1 0
0 0.098500 0.535665 0.014000 0.075821 1 0
0 0.510508 0.380956 0.057734 0.070644 1 0
2 0.030859 0.642609 0.061719 0.073659 1 0
2 0.887836 0.558368 0.029734 0.123514 1 1
0 0.064805 0.568202 0.028609 0.123264 1 0
0 0.553156 0.450333 0.031531 0.055634 1 0
2 0.979539 0.505925 0.014578 0.016674 1 1
24 0.056000 0.551227 0.013781 0.036258 1 0
0 0.124148 0.531538 0.021359 0.075593 1 0
24 0.089727 0.526975 0.012828 0.023846 1 0
5 0.514680 0.486019 0.743047 0.929709 1 0
