56 0.484560 0.921480 0.131320 0.157040 1 1
74 0.964370 0.276320 0.071260 0.134560 1 1
56 0.129030 0.905600 0.075020 0.188427 1 0
56 0.721400 0.932600 0.136320 0.130747 1 1
74 0.769590 0.462440 0.071620 0.094533 1 1
56 0.321980 0.912227 0.089000 0.170960 1 0
60 0.461700 0.926373 0.253680 0.147253 1 1
74 0.163730 0.439373 0.043820 0.141893 1 0
60 0.215970 0.872307 0.124540 0.114160 1 0
74 0.307010 0.531267 0.057460 0.112347 1 0
0 0.079990 0.746467 0.073260 0.110907 1 0
74 0.327110 0.634067 0.045020 0.081840 1 0
74 0.223430 0.382413 0.031900 0.079067 1 0
56 0.188210 0.964107 0.119020 0.071787 1 0
60 0.030310 0.788880 0.060620 0.020427 1 0
60 0.129250 0.804907 0.082580 0.026400 1 0
74 0.788680 0.295067 0.117720 0.152480 1 1
74 0.929350 0.561240 0.141300 0.252613 1 1
56 0.894940 0.928093 0.138200 0.121360 1 1
