58 0.308750 0.198850 0.030125 0.079450 1 1
0 0.928414 0.180388 0.050516 0.281975 1 0
3 0.657305 0.170787 0.117984 0.152825 1 0
3 0.755742 0.215237 0.108609 0.115075 1 0
26 0.900633 0.244475 0.028797 0.054850 1 1
0 0.584500 0.131000 0.038312 0.147800 1 0
58 0.525797 0.173562 0.086781 0.087125 1 1
58 0.373664 0.204362 0.028297 0.066125 1 1
0 0.097273 0.150587 0.051547 0.245675 1 1
58 0.970891 0.062700 0.034156 0.062500 1 1
0 0.882953 0.147338 0.021969 0.091525 1 1
0 0.421195 0.126050 0.027891 0.122300 1 0
0 0.274633 0.110362 0.028609 0.092425 1 1
0 0.962617 0.144188 0.025422 0.101125 1 1
0 0.547180 0.104175 0.023766 0.090650 1 0
26 0.012914 0.213150 0.013141 0.038950 1 0
0 0.460156 0.117775 0.016500 0.108150 1 0
58 0.845781 0.069538 0.028500 0.061725 1 1
0 0.332891 0.106700 0.021688 0.038400 0 1
0 0.151305 0.125213 0.022484 0.106325 1 0
3 0.526687 0.477537 0.893250 0.941575 0 0
0 0.031602 0.196625 0.063203 0.316850 1 1
3 0.712289 0.351963 0.348359 0.330075 1 0
0 0.186875 0.162750 0.045812 0.215500 1 0
