8 0.352672 0.346639 0.078375 0.085389 1 0
41 0.734922 0.640986 0.059156 0.121361 1 1
26 0.786930 0.501653 0.125828 0.130861 1 1
8 0.446203 0.485542 0.128937 0.139306 1 0
39 0.738711 0.648194 0.039797 0.160278 1 1
41 0.759641 0.796625 0.093344 0.210972 1 1
8 0.147461 0.371208 0.086609 0.103750 1 1
0 0.473422 0.468986 0.025625 0.088972 1 0
8 0.270375 0.364611 0.073438 0.063556 1 0
8 0.052187 0.357306 0.095562 0.147111 1 1
8 0.210312 0.350194 0.078125 0.109556 1 0
8 0.335344 0.371542 0.060125 0.052806 1 0
40 0.750070 0.520014 0.037797 0.094694 1 1
8 0.476281 0.348069 0.079469 0.049972 1 0
0 0.890781 0.517583 0.218438 0.547722 1 0
0 0.432375 0.450514 0.025156 0.098083 1 0
