6 0.555922 0.471910 0.678031 0.660671 1 0
2 0.948742 0.526898 0.102516 0.074630 1 0
0 0.189352 0.623125 0.073734 0.281065 1 0
0 0.025195 0.698206 0.049922 0.440949 1 1
0 0.890758 0.526910 0.024984 0.079838 1 1
0 0.084594 0.560822 0.026562 0.101319 1 1
0 0.207906 0.540208 0.014469 0.061435 1 0
26 0.115047 0.599664 0.008875 0.025949 1 0
0 0.064594 0.567188 0.013187 0.057014 1 1
0 0.051398 0.570312 0.020328 0.062523 1 1
26 0.094359 0.547731 0.010719 0.041111 1 0
0 0.124531 0.574745 0.023969 0.130046 1 1
