2 0.969000 0.862427 0.062000 0.119021 1 0
2 0.669461 0.842094 0.102391 0.094188 1 0
0 0.526047 0.855865 0.037844 0.137479 1 1
2 0.749477 0.833052 0.064547 0.051479 1 0
0 0.109023 0.886781 0.054672 0.224438 1 0
2 0.952953 0.815094 0.052687 0.053646 1 0
10 0.412992 0.888531 0.019016 0.080271 1 1
2 0.841375 0.810073 0.036687 0.036188 1 0
0 0.177984 0.828271 0.026719 0.049042 1 1
0 0.092109 0.788177 0.017906 0.041937 1 0
2 0.865773 0.807448 0.017328 0.027354 1 0
2 0.880523 0.808500 0.017953 0.014042 1 0
2 0.895680 0.804917 0.012859 0.014958 1 0
0 0.374586 0.869969 0.038359 0.197146 1 0
