0 0.698829 0.638670 0.342643 0.437980 1 1
0 0.560075 0.904030 0.058829 0.048580 1 1
0 0.646066 0.876200 0.044024 0.029800 1 1
29 0.542898 0.637920 0.102673 0.061040 1 2
0 0.854595 0.871070 0.138739 0.182380 1 1
0 0.971832 0.887410 0.052793 0.057900 1 1
0 0.952733 0.928970 0.079760 0.095420 1 1
0 0.492703 0.852540 0.087868 0.162000 1 1
0 0.895811 0.865140 0.034745 0.031400 1 1
0 0.674970 0.866770 0.035586 0.033260 1 1
0 0.725526 0.887680 0.060721 0.025960 1 1
0 0.556381 0.881180 0.048318 0.035200 1 1
0 0.920435 0.884630 0.049820 0.048780 1 1
0 0.611532 0.873350 0.042583 0.035020 1 1
