0 0.073931 0.799539 0.119720 0.119359 1 1
0 0.399733 0.801102 0.060840 0.134078 1 1
0 0.924644 0.794312 0.054020 0.117938 1 1
74 0.470712 0.183648 0.122901 0.058578 1 1
0 0.309720 0.755578 0.031450 0.022344 1 1
2 0.660318 0.749234 0.125013 0.033250 1 1
0 0.752226 0.753086 0.046183 0.026453 1 1
0 0.198791 0.749969 0.067048 0.031469 1 1
0 0.282074 0.752414 0.032595 0.027141 1 1
0 0.585585 0.756250 0.013359 0.022000 1 1
0 0.569873 0.756703 0.017863 0.022250 1 1
0 0.439555 0.755617 0.016921 0.022203 1 1
0 0.246947 0.753977 0.029466 0.023734 1 1
0 0.471858 0.754320 0.017455 0.025609 1 1
