0 0.481414 0.495500 0.138516 0.382875 1 1
0 0.608133 0.500010 0.137047 0.486937 1 0
26 0.657828 0.610552 0.070094 0.090229 1 1
26 0.448250 0.720281 0.131719 0.140188 1 1
0 0.346281 0.507885 0.128375 0.434688 1 0
45 0.226180 0.772229 0.085578 0.121833 1 1
45 0.529852 0.745240 0.120047 0.121021 1 1
44 0.243242 0.908771 0.034141 0.099167 1 2
67 0.570648 0.882323 0.065203 0.046646 1 1
26 0.522195 0.479010 0.048172 0.169854 1 0
42 0.273047 0.904042 0.040563 0.101750 1 2
2 0.523906 0.412792 0.078875 0.050292 1 0
45 0.571797 0.448021 0.035656 0.021208 1 1
42 0.258313 0.910406 0.048313 0.102854 1 2
44 0.260391 0.889698 0.029063 0.069979 1 2
45 0.385180 0.479635 0.050547 0.050937 1 1
44 0.231141 0.915708 0.031250 0.103833 1 2
2 0.546102 0.396656 0.054922 0.030229 1 0
42 0.291187 0.903292 0.031750 0.096083 1 2
0 0.707437 0.411323 0.025000 0.077896 1 0
44 0.209352 0.875896 0.018922 0.060208 1 2
45 0.471148 0.441917 0.034797 0.023208 1 1
44 0.549547 0.441792 0.037187 0.014167 1 0
44 0.594891 0.694562 0.025844 0.030458 1 0
