9 0.655200 0.510802 0.065960 0.157647 1 1
0 0.645680 0.914826 0.043000 0.169866 1 0
0 0.606040 0.913088 0.046440 0.173824 1 0
0 0.547340 0.904198 0.023520 0.090642 1 1
9 0.098560 0.127259 0.072440 0.202701 1 1
0 0.515070 0.903690 0.030940 0.096364 1 1
0 0.435560 0.901083 0.011800 0.047353 1 1
2 0.046750 0.935521 0.093500 0.106604 1 1
2 0.378300 0.945414 0.129120 0.109171 1 1
2 0.178660 0.899171 0.037400 0.045455 1 1
0 0.493950 0.907299 0.023380 0.091658 1 1
9 0.123200 0.849425 0.008840 0.022754 1 1
9 0.303910 0.845174 0.011140 0.027834 1 1
2 0.290400 0.907594 0.051160 0.045187 1 1
9 0.024520 0.839104 0.012120 0.020401 1 1
9 0.165410 0.843476 0.009100 0.012299 1 1
9 0.279070 0.836511 0.010380 0.013663 1 1
