54 0.555625 0.674155 0.034750 0.063005 1 2
45 0.615148 0.765340 0.276203 0.353732 1 1
56 0.862148 0.874977 0.275484 0.248310 1 1
54 0.523000 0.713826 0.044000 0.074554 1 2
54 0.634219 0.729648 0.065812 0.071925 1 1
54 0.703203 0.720458 0.052719 0.077394 1 2
54 0.681750 0.655329 0.054781 0.069343 1 1
54 0.660781 0.770188 0.061000 0.061315 1 2
54 0.571367 0.741362 0.065297 0.091643 1 2
54 0.599227 0.679120 0.066922 0.081854 1 2
54 0.604539 0.638228 0.056984 0.043028 1 1
54 0.607367 0.787547 0.049984 0.030023 1 2
54 0.529484 0.766690 0.039938 0.065822 1 1
54 0.640773 0.686326 0.031891 0.057723 1 1
72 0.120414 0.573028 0.240828 0.831455 1 0
0 0.435273 0.525833 0.367953 0.907864 1 1
