28 0.587008 0.647729 0.193891 0.426125 1 0
0 0.952289 0.394062 0.095422 0.569958 1 0
28 0.184422 0.777740 0.288062 0.323188 1 0
28 0.190156 0.519802 0.113656 0.206396 1 0
0 0.876383 0.285698 0.060391 0.200896 1 0
28 0.309016 0.452104 0.123250 0.267042 1 1
24 0.463484 0.788760 0.222469 0.175271 1 1
28 0.127602 0.602594 0.165578 0.166229 1 1
0 0.340453 0.291521 0.038719 0.161333 1 0
28 0.356445 0.508865 0.114453 0.224979 1 0
28 0.519141 0.451375 0.102375 0.162542 1 1
28 0.239055 0.502896 0.078922 0.189208 1 0
28 0.663992 0.429177 0.067922 0.112937 1 2
0 0.989664 0.525958 0.018922 0.181333 1 0
28 0.054227 0.576385 0.108453 0.272521 1 0
0 0.822609 0.317729 0.050969 0.208375 1 0
28 0.392687 0.353385 0.085000 0.075896 1 1
