0 0.722664 0.517986 0.434797 0.600000 1 0
56 0.961836 0.307178 0.076328 0.163677 1 1
56 0.834125 0.322869 0.073875 0.068407 1 1
56 0.694125 0.259520 0.075844 0.067892 1 1
56 0.261914 0.259157 0.065984 0.102857 1 1
0 0.802172 0.245351 0.083781 0.104660 1 1
0 0.049781 0.205445 0.064438 0.317073 1 1
0 0.270492 0.179602 0.056797 0.071897 1 1
0 0.684414 0.205937 0.045203 0.061288 1 1
0 0.352891 0.198759 0.074813 0.314473 1 1
0 0.296617 0.170656 0.037922 0.189930 1 0
29 0.563852 0.614602 0.086203 0.076183 1 2
0 0.007484 0.154063 0.014969 0.098571 1 0
0 0.592359 0.453091 0.463156 0.669133 1 1
0 0.110992 0.210222 0.067297 0.350094 1 0
