7 0.711594 0.280751 0.538656 0.420513 1 1
0 0.207258 0.223945 0.068359 0.273783 1 1
0 0.065664 0.241521 0.075141 0.242319 1 1
26 0.445289 0.164316 0.041828 0.111521 1 0
0 0.457781 0.187757 0.058313 0.221027 1 1
0 0.388070 0.205124 0.069016 0.279335 1 1
0 0.512383 0.141065 0.044422 0.136996 1 1
0 0.757836 0.095067 0.041203 0.077471 1 1
26 0.044180 0.205152 0.030703 0.044677 1 0
0 0.931820 0.122414 0.037578 0.074829 1 1
0 0.615352 0.132120 0.168672 0.231996 1 0
7 0.479695 0.616711 0.911328 0.708137 1 0
0 0.772453 0.195627 0.146437 0.209354 1 0
0 0.560281 0.361711 0.279625 0.284030 1 0
