56 0.084883 0.926323 0.169766 0.147354 1 0
40 0.783461 0.606448 0.041422 0.129979 1 1
45 0.808242 0.693427 0.080703 0.062604 1 1
45 0.239758 0.696729 0.079234 0.067500 1 1
42 0.956828 0.682229 0.063500 0.057500 1 2
40 0.835000 0.579667 0.041156 0.115833 1 1
44 0.261000 0.779271 0.115281 0.032250 1 0
40 0.376906 0.710271 0.047125 0.146625 1 1
75 0.300992 0.339708 0.038891 0.184125 1 1
40 0.624883 0.613167 0.043078 0.124542 1 1
44 0.879539 0.698198 0.064641 0.057187 1 2
45 0.548383 0.741385 0.082391 0.073479 1 1
40 0.423195 0.633500 0.038953 0.142625 1 1
40 0.595906 0.649833 0.040844 0.135750 1 1
42 0.719430 0.730479 0.053703 0.059708 1 2
40 0.382164 0.611688 0.044328 0.067458 1 1
42 0.433336 0.781042 0.039016 0.062500 1 2
40 0.661391 0.602177 0.040469 0.132812 1 1
42 0.709352 0.740750 0.047391 0.056708 1 2
43 0.630219 0.753438 0.049219 0.062917 1 0
45 0.440352 0.619781 0.048672 0.060687 1 1
40 0.869062 0.569042 0.042250 0.128375 1 1
40 0.818437 0.606083 0.043031 0.113667 1 1
75 0.618648 0.321042 0.033609 0.166875 1 1
44 0.738508 0.599969 0.040234 0.023146 1 1
43 0.885617 0.713156 0.024078 0.019854 1 0
44 0.723609 0.682417 0.052938 0.020583 1 0
44 0.341555 0.719490 0.017703 0.056438 1 2
45 0.993484 0.655021 0.013031 0.036625 1 1
60 0.571750 0.758969 0.850906 0.455146 1 1
58 0.932672 0.497885 0.112406 0.283354 1 1
