0 0.691039 0.392204 0.026828 0.028956 1 0
0 0.636516 0.369246 0.046687 0.065313 1 0
0 0.534648 0.633770 0.062516 0.087355 1 0
0 0.358953 0.653712 0.032719 0.043434 1 0
0 0.261789 0.423399 0.026109 0.038770 1 0
2 0.872836 0.732111 0.015953 0.048492 1 1
0 0.286914 0.652320 0.024016 0.045151 1 0
0 0.321336 0.651961 0.027453 0.042993 1 0
0 0.555820 0.372517 0.038859 0.043968 1 0
0 0.542039 0.361067 0.016234 0.045197 1 0
0 0.526586 0.365394 0.015891 0.039049 1 0
0 0.348281 0.653283 0.013031 0.041647 1 0
0 0.376773 0.384072 0.023016 0.044432 1 0
5 0.481602 0.575951 0.558109 0.675383 1 0
2 0.920641 0.754118 0.110094 0.129304 1 1
