56 0.325000 0.790323 0.098375 0.144104 1 0
60 0.779969 0.714292 0.238469 0.263792 1 0
56 0.817133 0.801229 0.097922 0.278708 1 0
56 0.373586 0.743500 0.102172 0.070708 1 0
56 0.550148 0.838156 0.220047 0.194521 1 0
60 0.954570 0.813927 0.089234 0.121896 1 0
0 0.869641 0.533073 0.076156 0.095729 1 1
56 0.797039 0.605604 0.085828 0.032833 1 0
56 0.647508 0.661031 0.092891 0.063979 1 0
40 0.206703 0.870000 0.035781 0.045208 1 1
56 0.422523 0.820615 0.141891 0.093771 1 0
40 0.141578 0.838406 0.024125 0.043937 1 1
40 0.130594 0.851229 0.029281 0.060417 1 1
40 0.192789 0.836385 0.022703 0.046312 1 1
40 0.539695 0.656823 0.026641 0.042979 1 1
40 0.739297 0.607292 0.020500 0.041250 1 1
40 0.110641 0.839125 0.027906 0.085542 1 1
40 0.175836 0.803667 0.027797 0.023958 1 1
40 0.166352 0.856635 0.036453 0.074771 1 1
56 0.951594 0.574281 0.044656 0.019979 1 0
40 0.181859 0.792448 0.025656 0.023229 1 1
40 0.725617 0.602031 0.015391 0.034813 1 1
42 0.673859 0.703896 0.038500 0.015792 1 0
44 0.525461 0.695917 0.019953 0.018417 1 0
42 0.627773 0.703594 0.043953 0.018646 1 0
43 0.651031 0.706771 0.028281 0.009875 1 0
43 0.667617 0.707542 0.013766 0.012667 1 0
6 0.500000 0.500000 1.000000 1.000000 1 0
60 0.194227 0.865021 0.388453 0.269042 1 0
60 0.891969 0.660094 0.184750 0.204396 1 0
60 0.590266 0.777927 0.335062 0.236354 1 0
