0 0.187625 0.397023 0.078250 0.090953 1 1
0 0.523031 0.410320 0.083729 0.157016 1 1
0 0.360344 0.371000 0.039521 0.086594 1 0
0 0.132781 0.373219 0.043354 0.093563 1 1
31 0.693104 0.494617 0.046667 0.027141 1 1
31 0.430563 0.584062 0.151917 0.069406 1 2
0 0.321292 0.365961 0.037000 0.075609 1 0
30 0.178573 0.441742 0.044937 0.015266 1 1
30 0.040937 0.459914 0.048167 0.011391 1 1
30 0.137781 0.421094 0.043979 0.004969 1 1
0 0.696490 0.418187 0.062521 0.172812 1 0
0 0.471635 0.403188 0.042729 0.135094 1 1
0 0.608010 0.385781 0.049146 0.088625 1 1
30 0.540604 0.488687 0.124542 0.018313 1 0
0 0.413490 0.467414 0.143813 0.296641 1 0
0 0.840229 0.431180 0.042417 0.095453 1 1
