0 0.892797 0.211709 0.109906 0.240996 1 0
0 0.776914 0.180293 0.147859 0.242578 1 0
26 0.378758 0.806211 0.148266 0.262695 1 0
0 0.070711 0.314424 0.079172 0.136191 1 0
0 0.744016 0.395215 0.187812 0.364180 1 0
0 0.573914 0.138779 0.154359 0.239551 1 0
0 0.629633 0.377998 0.100734 0.221895 1 1
13 0.787750 0.585527 0.257094 0.134219 1 1
26 0.651328 0.244756 0.048000 0.150410 1 0
13 0.845828 0.926436 0.200000 0.147129 1 0
0 0.881773 0.363223 0.072422 0.209297 1 1
26 0.921813 0.272070 0.019344 0.051680 1 0
0 0.251688 0.583154 0.496188 0.797754 1 0
0 0.562562 0.586758 0.449313 0.799102 1 0
