0 0.689539 0.647181 0.072047 0.557306 1 0
0 0.566961 0.453333 0.072516 0.273889 1 0
0 0.111234 0.667847 0.102844 0.510250 1 1
0 0.449305 0.660347 0.068141 0.535861 1 0
0 0.604844 0.487639 0.056875 0.152833 1 0
0 0.046773 0.656181 0.091016 0.530361 1 1
0 0.038937 0.462583 0.068312 0.229056 1 1
26 0.431422 0.534931 0.034313 0.040917 1 1
0 0.401516 0.442833 0.016688 0.066056 1 0
0 0.823523 0.606736 0.218672 0.651694 1 0
0 0.214562 0.668736 0.105000 0.533472 1 1
0 0.506250 0.653931 0.074594 0.566306 1 0
5 0.846977 0.358417 0.306047 0.595500 1 0
0 0.380148 0.578667 0.122516 0.695222 1 0
26 0.835539 0.750194 0.184547 0.440444 1 0
