2 0.251156 0.898181 0.170594 0.202917 1 1
0 0.065539 0.917347 0.025578 0.165306 1 0
0 0.938797 0.932986 0.036250 0.134028 1 0
0 0.167336 0.861750 0.012578 0.064000 1 0
25 0.077109 0.755806 0.154219 0.132611 1 1
26 0.652422 0.926139 0.030906 0.087944 1 0
0 0.473750 0.922778 0.039563 0.154222 1 1
0 0.171883 0.904764 0.025734 0.126583 1 0
0 0.153336 0.915819 0.025984 0.168361 1 0
26 0.958055 0.755444 0.052016 0.110556 1 1
0 0.450469 0.877111 0.028281 0.103556 1 1
26 0.461531 0.933750 0.023469 0.049389 1 1
26 0.901523 0.744431 0.051422 0.128250 1 1
0 0.657648 0.925653 0.034422 0.148694 1 1
0 0.085359 0.917194 0.031688 0.165611 1 0
26 0.936023 0.745806 0.038734 0.115833 1 1
0 0.412078 0.914611 0.045500 0.148333 1 1
