2 0.784117 0.794309 0.431766 0.362389 1 0
2 0.138336 0.613630 0.203141 0.117471 1 0
2 0.395383 0.609356 0.118203 0.098337 1 0
9 0.645742 0.094461 0.036234 0.115152 1 1
2 0.972516 0.622974 0.054813 0.076487 1 1
2 0.473414 0.596429 0.047609 0.065222 1 0
2 0.271258 0.585585 0.101172 0.045831 1 0
2 0.518695 0.588080 0.059266 0.043044 1 0
9 0.840539 0.539262 0.008984 0.012717 1 1
9 0.856664 0.537365 0.006453 0.009672 1 1
9 0.983984 0.499520 0.009031 0.014450 1 1
9 0.940852 0.555211 0.006297 0.009672 1 1
2 0.469047 0.823337 0.934156 0.324988 1 0
