0 0.326086 0.670798 0.239328 0.600000 1 0
0 0.563914 0.641573 0.164547 0.640469 1 0
0 0.149453 0.058169 0.055844 0.116338 1 1
0 0.493969 0.253650 0.084375 0.293826 1 0
0 0.389500 0.056631 0.081469 0.111150 1 1
38 0.286930 0.701655 0.056641 0.251385 1 1
58 0.192602 0.266362 0.303172 0.114085 1 1
0 0.450383 0.066326 0.051172 0.089413 1 1
0 0.671094 0.039366 0.054125 0.078732 1 1
0 0.775156 0.055927 0.050813 0.100258 1 1
56 0.899961 0.199261 0.058141 0.098991 1 0
38 0.640953 0.684977 0.028594 0.144366 1 0
0 0.028195 0.047019 0.055547 0.094038 1 1
13 0.586961 0.081819 0.229953 0.028568 1 1
0 0.553641 0.054261 0.075844 0.104343 1 1
58 0.965984 0.235387 0.068031 0.085516 1 1
13 0.544109 0.059319 0.236031 0.031221 1 1
0 0.315273 0.060117 0.069547 0.108685 1 1
0 0.955063 0.048322 0.052344 0.092136 1 1
