0 0.613340 0.104319 0.043480 0.141008 1 0
0 0.449490 0.070150 0.025220 0.088365 1 0
0 0.907560 0.064632 0.042120 0.077820 1 0
0 0.108080 0.074864 0.028600 0.092071 1 0
0 0.635090 0.060136 0.033620 0.075967 1 0
0 0.271550 0.081144 0.028500 0.118420 1 0
0 0.828390 0.069469 0.024100 0.081771 1 0
0 0.667390 0.095708 0.021900 0.102916 1 0
0 0.941370 0.064292 0.020300 0.078719 1 0
0 0.409200 0.062193 0.017320 0.066839 1 0
0 0.783930 0.062698 0.009100 0.064360 1 0
0 0.570830 0.063134 0.021380 0.068011 1 0
8 0.495160 0.327657 0.867160 0.464850 1 0
