56 0.114375 0.681719 0.162665 0.176812 1 1
56 0.246592 0.655055 0.160731 0.104828 1 1
60 0.285460 0.616359 0.486910 0.113312 1 1
75 0.559941 0.782195 0.134410 0.131547 1 1
40 0.983467 0.831445 0.033066 0.075016 1 1
60 0.166403 0.553422 0.332807 0.061313 1 1
56 0.929847 0.710406 0.140307 0.086688 1 1
40 0.930130 0.914242 0.076769 0.089984 1 1
56 0.960554 0.640258 0.078420 0.054547 1 0
56 0.155660 0.559914 0.089528 0.026422 1 1
56 0.888561 0.524117 0.078443 0.069953 1 0
40 0.068396 0.837969 0.065330 0.070406 1 1
40 0.960743 0.765102 0.065967 0.059203 1 1
40 0.109481 0.781648 0.057736 0.059734 1 1
40 0.187417 0.913859 0.083184 0.084969 1 1
56 0.240755 0.545531 0.073774 0.038937 1 1
40 0.747182 0.729547 0.050448 0.051125 1 1
56 0.099575 0.558328 0.088255 0.049188 1 1
56 0.967524 0.608180 0.064009 0.078922 1 0
56 0.764092 0.505352 0.053939 0.058266 1 0
56 0.961226 0.529188 0.077547 0.075313 1 1
56 0.848620 0.518820 0.036863 0.071984 1 0
75 0.301486 0.564508 0.027689 0.023641 1 1
60 0.942241 0.497695 0.115519 0.025172 1 1
40 0.302358 0.737438 0.055047 0.054406 1 1
40 0.223762 0.589742 0.019033 0.020234 1 1
40 0.146946 0.582508 0.015024 0.023828 1 1
75 0.281120 0.460430 0.014835 0.008797 1 1
60 0.220295 0.507187 0.062995 0.008094 1 1
60 0.500000 0.858109 1.000000 0.281531 1 2
40 0.539151 0.952102 0.070377 0.095797 1 1
