62 0.675750 0.550219 0.306708 0.187500 0 1
73 0.740104 0.931164 0.113417 0.048984 1 2
73 0.519854 0.781117 0.048250 0.085578 1 0
73 0.134385 0.320203 0.092521 0.095781 1 0
73 0.419385 0.825812 0.124021 0.124594 1 0
0 0.672563 0.530305 0.106125 0.086141 1 1
73 0.065656 0.317062 0.045021 0.079312 1 0
73 0.095583 0.321469 0.024958 0.074875 1 0
73 0.624021 0.768172 0.009542 0.064125 1 0
73 0.407823 0.738227 0.105354 0.020859 1 2
73 0.774792 0.906852 0.094792 0.022578 1 1
73 0.587510 0.769750 0.014354 0.066250 1 0
