57 0.864492 0.645161 0.271016 0.408589 1 0
0 0.840508 0.616411 0.228797 0.410495 1 0
57 0.137297 0.677017 0.271750 0.403589 1 0
0 0.204984 0.592686 0.361719 0.469678 1 0
0 0.377242 0.507104 0.142391 0.358960 1 1
0 0.190391 0.512698 0.168969 0.314802 1 0
27 0.122328 0.554022 0.081500 0.139332 1 0
39 0.211719 0.441745 0.012281 0.028144 1 1
75 0.764398 0.467450 0.020297 0.050149 1 1
39 0.778484 0.468639 0.014938 0.047079 1 1
39 0.499609 0.447797 0.012469 0.050050 1 1
0 0.644547 0.517302 0.142719 0.325693 1 1
56 0.365984 0.542686 0.195750 0.231460 1 1
