56 0.533328 0.559237 0.053531 0.073826 1 0
13 0.563039 0.629448 0.362141 0.075751 1 1
0 0.414875 0.486397 0.044500 0.054061 1 0
0 0.482195 0.569319 0.063172 0.257465 1 0
25 0.488719 0.446843 0.089344 0.053075 1 1
56 0.439891 0.561467 0.053219 0.078944 1 0
56 0.630172 0.563275 0.051062 0.077582 1 1
56 0.582758 0.560915 0.047016 0.068357 1 0
56 0.680930 0.556491 0.051797 0.067582 1 0
26 0.515805 0.632371 0.032984 0.076901 1 1
0 0.058813 0.463380 0.057437 0.074178 1 1
56 0.385656 0.564636 0.015719 0.068944 1 0
