6 0.102190 0.291727 0.204379 0.332922 1 1
39 0.538817 0.469836 0.086909 0.144078 1 1
7 0.848689 0.292758 0.149930 0.065828 1 0
2 0.250913 0.351539 0.095644 0.073891 1 0
0 0.873759 0.344750 0.052998 0.110563 1 0
2 0.575703 0.296492 0.126862 0.047203 1 0
7 0.958770 0.306656 0.082459 0.127625 1 0
2 0.692541 0.301055 0.228923 0.041359 1 0
0 0.321686 0.341273 0.054895 0.090172 1 1
0 0.908525 0.342914 0.044684 0.107672 1 0
67 0.692834 0.350258 0.005433 0.013703 1 2
0 0.647143 0.519391 0.228009 0.494406 1 1
0 0.397084 0.607047 0.337728 0.645125 1 1
