1 0.145930 0.679012 0.278734 0.597553 1 0
1 0.106875 0.190118 0.210344 0.376141 1 0
56 0.379781 0.502247 0.198469 0.267412 1 0
56 0.856750 0.493400 0.127438 0.150706 1 0
56 0.711961 0.407212 0.080891 0.137059 1 1
56 0.591234 0.756988 0.079969 0.455906 1 0
56 0.528266 0.679012 0.058313 0.483953 1 0
56 0.983672 0.568329 0.032656 0.128235 1 0
58 0.652242 0.410729 0.038141 0.088612 1 1
73 0.489875 0.177882 0.071969 0.038871 1 0
58 0.595805 0.367776 0.054547 0.067600 1 1
73 0.429914 0.346024 0.005578 0.047765 1 0
75 0.439758 0.197776 0.018641 0.041200 1 1
73 0.404461 0.345141 0.008859 0.053718 1 0
73 0.483133 0.324141 0.031453 0.009929 1 0
73 0.433125 0.273906 0.005094 0.046118 1 0
73 0.470031 0.277059 0.010031 0.039153 1 0
73 0.417492 0.271824 0.007328 0.050000 1 0
73 0.451875 0.344024 0.004594 0.049459 1 0
73 0.484508 0.350024 0.007047 0.038494 1 0
73 0.462719 0.345741 0.005719 0.051294 1 0
73 0.448477 0.274553 0.006828 0.047788 1 0
73 0.417234 0.413918 0.005031 0.054706 1 0
73 0.448773 0.345965 0.004234 0.046941 1 0
60 0.758109 0.722753 0.478812 0.549365 1 1
57 0.886719 0.506212 0.226062 0.234165 1 1
58 0.320758 0.328294 0.102953 0.130376 1 1
