0 0.464802 0.097875 0.073104 0.091375 1 1
0 0.116948 0.147750 0.088604 0.098906 1 1
0 0.679677 0.133656 0.081396 0.108813 1 1
0 0.255719 0.142328 0.095438 0.104469 1 1
38 0.480479 0.296742 0.063583 0.131859 1 1
56 0.954958 0.306422 0.089458 0.111500 1 1
0 0.324292 0.139992 0.091542 0.104141 1 1
0 0.602958 0.266250 0.078250 0.131062 1 1
0 0.894958 0.136617 0.075500 0.099203 1 1
0 0.398156 0.140195 0.073146 0.103891 1 1
0 0.826969 0.135273 0.089896 0.114609 1 1
0 0.750563 0.138203 0.080917 0.105625 1 1
0 0.606656 0.082945 0.077229 0.071578 1 1
0 0.534313 0.151523 0.067333 0.083453 1 1
13 0.044896 0.115289 0.089792 0.009359 1 1
32 0.528302 0.242555 0.020271 0.012922 1 1
13 0.040219 0.077938 0.074812 0.011813 1 1
0 0.554208 0.422359 0.215583 0.405656 1 1
