0 0.147914 0.637183 0.048297 0.099765 1 1
0 0.251586 0.641326 0.079734 0.090915 1 1
0 0.855711 0.647418 0.013828 0.054507 1 1
0 0.930008 0.710246 0.050453 0.095798 1 0
0 0.673055 0.731009 0.049734 0.063474 1 0
0 0.615977 0.707876 0.046859 0.090775 1 0
0 0.060766 0.633192 0.037375 0.081315 1 0
0 0.717242 0.646866 0.009328 0.040023 1 0
0 0.163859 0.615223 0.014938 0.043873 1 1
27 0.144867 0.631526 0.004703 0.014601 1 1
27 0.619578 0.698685 0.006188 0.013568 1 0
27 0.250758 0.630786 0.002922 0.013873 1 1
0 0.026828 0.779800 0.053656 0.206925 1 1
4 0.511672 0.488286 0.863344 0.362817 1 0
0 0.976547 0.743251 0.046906 0.121338 1 0
