17 0.691430 0.623469 0.314516 0.612937 1 1
17 0.401438 0.633445 0.306281 0.587828 1 1
17 0.232961 0.645438 0.249266 0.224344 1 0
0 0.910125 0.669102 0.070500 0.131297 1 1
0 0.896367 0.531891 0.046141 0.103594 1 1
0 0.861445 0.533086 0.044016 0.106672 1 1
25 0.910945 0.426094 0.126453 0.047281 1 1
0 0.265500 0.522094 0.054187 0.075250 1 0
0 0.070867 0.578578 0.029797 0.055156 1 0
0 0.809703 0.496164 0.033563 0.054203 1 0
0 0.596977 0.527297 0.053297 0.136406 1 0
0 0.864078 0.480305 0.043156 0.045047 1 1
25 0.973742 0.434141 0.051516 0.032781 1 1
0 0.984070 0.544102 0.031859 0.081734 1 0
0 0.310977 0.519320 0.037359 0.066672 1 0
0 0.637078 0.260672 0.298875 0.382031 1 1
