0 0.633703 0.475281 0.350562 0.671896 1 0
0 0.586797 0.464677 0.225813 0.658729 1 0
0 0.478469 0.443458 0.157406 0.638750 1 0
0 0.388492 0.458479 0.090047 0.549792 1 1
0 0.071156 0.467729 0.111344 0.505792 1 0
0 0.170227 0.443448 0.131453 0.523604 1 1
0 0.961469 0.437646 0.077063 0.592958 1 1
0 0.299359 0.443979 0.111187 0.479750 1 1
0 0.928195 0.372573 0.075641 0.462229 1 1
43 0.542969 0.863260 0.073938 0.095604 1 0
0 0.694234 0.195240 0.062062 0.090313 1 0
43 0.454398 0.926510 0.078016 0.073312 1 0
0 0.349875 0.261146 0.027687 0.067417 1 1
27 0.509758 0.302437 0.028984 0.056667 1 0
27 0.835250 0.228177 0.011187 0.030146 1 1
27 0.931984 0.224698 0.012344 0.028979 1 0
27 0.987102 0.261854 0.013172 0.051167 1 1
0 0.845750 0.428604 0.154562 0.621458 1 1
55 0.801625 0.895625 0.362750 0.200917 1 1
43 0.531516 0.841260 0.063781 0.051021 1 1
60 0.500648 0.832469 0.997391 0.303896 1 2
