0 0.686375 0.767877 0.107531 0.223086 1 1
0 0.853922 0.687019 0.103281 0.430278 1 0
0 0.959422 0.690800 0.063750 0.439142 1 0
0 0.740023 0.697378 0.139234 0.384269 1 0
0 0.534883 0.730847 0.057266 0.293387 1 0
0 0.701344 0.640847 0.068094 0.171531 1 1
31 0.421563 0.625974 0.161031 0.256450 1 2
0 0.907055 0.671195 0.057297 0.390139 1 0
56 0.805078 0.215232 0.031250 0.064292 1 0
0 0.303164 0.648701 0.039141 0.148585 1 0
56 0.647875 0.235406 0.033313 0.063805 1 1
0 0.361062 0.668376 0.064406 0.160139 1 1
26 0.930984 0.699513 0.041938 0.177912 1 0
2 0.213273 0.650824 0.058234 0.072274 1 0
56 0.323219 0.274524 0.043656 0.056148 1 0
56 0.419102 0.261404 0.043422 0.064014 1 0
0 0.611391 0.728654 0.093812 0.328074 1 0
