72 0.858703 0.578656 0.274719 0.451688 1 0
60 0.115508 0.679896 0.226297 0.215792 1 1
56 0.262781 0.666937 0.100937 0.239625 1 0
68 0.701297 0.493500 0.047781 0.059042 1 1
74 0.695797 0.348854 0.034656 0.050833 1 1
69 0.711609 0.637104 0.043750 0.202583 1 0
73 0.272414 0.624729 0.026859 0.022667 1 2
71 0.581594 0.520354 0.127094 0.013208 1 1
39 0.486008 0.785562 0.021078 0.057042 1 2
39 0.474930 0.760656 0.021328 0.055813 1 2
39 0.463016 0.784573 0.016563 0.056187 1 2
45 0.754937 0.354135 0.012781 0.019646 1 1
57 0.783867 0.861583 0.432266 0.255333 1 0
