0 0.201659 0.665094 0.355794 0.452344 1 1
38 0.365981 0.442961 0.147523 0.230953 1 1
32 0.377465 0.368625 0.043388 0.031406 1 1
32 0.830946 0.584953 0.042687 0.022250 1 1
32 0.574369 0.864969 0.043271 0.030500 1 1
32 0.765783 0.874945 0.045864 0.031672 1 1
32 0.606671 0.942320 0.054930 0.034797 1 1
32 0.834065 0.561906 0.044439 0.025312 1 1
32 0.717325 0.769867 0.021379 0.022672 1 1
32 0.870654 0.583180 0.021402 0.024141 1 1
32 0.690643 0.413133 0.034743 0.017953 1 1
32 0.788364 0.581906 0.024673 0.028969 1 1
32 0.908341 0.592898 0.043411 0.016234 1 1
32 0.673797 0.810766 0.014136 0.020188 1 1
0 0.618002 0.486484 0.380584 0.725219 1 1
