28 0.497117 0.604730 0.527568 0.193700 1 1
0 0.318033 0.259030 0.079069 0.197500 1 1
28 0.608829 0.408810 0.245165 0.075500 1 1
28 0.669550 0.700530 0.641081 0.203020 1 2
0 0.118093 0.384270 0.222673 0.764060 1 1
0 0.443784 0.253870 0.160841 0.243980 1 0
28 0.276186 0.413750 0.131772 0.080020 1 0
26 0.110661 0.253530 0.221321 0.292300 1 1
28 0.426216 0.410270 0.130390 0.078940 1 0
0 0.579670 0.286960 0.164805 0.201000 1 1
26 0.298198 0.340030 0.060300 0.050580 1 0
26 0.233273 0.304700 0.070691 0.106360 1 0
24 0.502583 0.281030 0.090390 0.147100 1 0
24 0.310420 0.225030 0.057117 0.029100 1 1
0 0.227147 0.196290 0.129249 0.235700 1 0
28 0.603859 0.540230 0.436486 0.176420 1 1
28 0.274985 0.592130 0.205826 0.208980 1 1
28 0.501066 0.838950 0.981892 0.294380 1 2
