0 0.071422 0.543979 0.142844 0.661750 1 1
0 0.936133 0.534125 0.050703 0.193542 1 1
0 0.756898 0.519406 0.085734 0.300854 1 0
0 0.839102 0.511500 0.060641 0.210250 1 1
0 0.876633 0.516958 0.034484 0.180958 1 1
0 0.248922 0.468531 0.024250 0.093146 1 1
24 0.165781 0.421948 0.044062 0.084312 1 1
0 0.600906 0.481146 0.025562 0.120375 1 0
0 0.226367 0.471271 0.019453 0.086083 1 1
0 0.805609 0.512312 0.041531 0.191833 1 1
26 0.836109 0.489854 0.036469 0.085792 1 1
26 0.985445 0.551875 0.022359 0.064708 1 1
0 0.207313 0.468510 0.031719 0.103229 1 1
26 0.233758 0.457375 0.005297 0.032917 1 0
