0 0.514820 0.375323 0.313109 0.750646 1 0
0 0.723094 0.620219 0.349781 0.585187 1 0
0 0.195906 0.267042 0.391813 0.441708 1 0
0 0.211156 0.511104 0.282438 0.262000 1 0
0 0.317117 0.597635 0.285234 0.255021 1 0
0 0.241492 0.110208 0.215609 0.220417 1 0
55 0.437586 0.754521 0.131641 0.088208 1 1
55 0.069852 0.890000 0.122172 0.125500 1 1
55 0.595406 0.871302 0.061469 0.083104 1 1
55 0.653547 0.862740 0.052625 0.083479 1 1
42 0.416484 0.580500 0.072406 0.037958 1 0
42 0.314508 0.546104 0.021453 0.121917 1 0
42 0.583266 0.731906 0.029844 0.230521 1 0
0 0.832867 0.546073 0.334266 0.885396 1 0
0 0.526687 0.612365 0.274719 0.415729 1 0
60 0.490188 0.793719 0.980375 0.385646 1 2
