0 0.788000 0.759703 0.047000 0.170187 1 0
0 0.014375 0.753750 0.028750 0.083219 1 1
0 0.923854 0.779594 0.120458 0.291250 1 1
9 0.536156 0.389852 0.130729 0.226672 0 1
26 0.843823 0.734492 0.040771 0.058172 1 1
0 0.825635 0.756422 0.081979 0.195188 1 0
2 0.976094 0.760242 0.047604 0.124578 1 1
0 0.044771 0.751703 0.033042 0.066250 1 1
0 0.327208 0.740164 0.042000 0.095453 1 1
0 0.355917 0.761508 0.040958 0.146109 1 0
26 0.924615 0.717094 0.070521 0.069406 1 1
0 0.283760 0.746625 0.049813 0.097594 1 1
2 0.853219 0.771078 0.034646 0.029969 1 0
2 0.121271 0.747070 0.024250 0.036359 1 0
9 0.358917 0.542734 0.022083 0.075375 1 0
26 0.770656 0.752055 0.021313 0.035016 1 1
9 0.191500 0.595109 0.028833 0.022625 0 1
9 0.355448 0.353797 0.014563 0.040313 1 0
26 0.873938 0.769570 0.019875 0.030641 1 0
0 0.205698 0.826406 0.200854 0.347187 1 1
0 0.086490 0.784555 0.079562 0.154547 1 1
