33 0.713281 0.259521 0.078438 0.042792 1 2
33 0.966914 0.276771 0.066172 0.026833 1 2
0 0.486961 0.425167 0.016828 0.080833 1 0
0 0.762672 0.428198 0.034437 0.082146 1 0
33 0.453383 0.286719 0.053922 0.051396 1 2
0 0.564961 0.426875 0.029391 0.082083 1 0
0 0.219500 0.420365 0.024594 0.087271 1 0
0 0.528758 0.418104 0.023141 0.086958 1 0
0 0.678367 0.429052 0.018484 0.070396 1 0
0 0.605273 0.424594 0.030016 0.082604 1 0
0 0.707148 0.423187 0.030266 0.088083 1 0
0 0.360570 0.422917 0.014953 0.077917 1 0
0 0.236563 0.421646 0.021406 0.075167 1 0
0 0.350562 0.423927 0.019688 0.071729 1 0
0 0.907102 0.425260 0.015422 0.082312 1 0
33 0.808969 0.530052 0.090469 0.207729 1 2
