0 0.548587 0.621080 0.553067 0.587440 1 1
0 0.855720 0.436290 0.117893 0.214900 1 1
34 0.900600 0.556850 0.106587 0.012220 1 1
13 0.644453 0.440870 0.198240 0.068020 1 1
0 0.935693 0.813100 0.128613 0.112680 1 0
0 0.946587 0.947960 0.106827 0.104080 1 0
0 0.138507 0.418610 0.062453 0.120500 1 1
0 0.939507 0.343440 0.061627 0.112840 1 1
0 0.737720 0.320690 0.027813 0.072540 1 0
0 0.183067 0.419500 0.054080 0.113320 1 0
32 0.794107 0.595310 0.045280 0.034300 0 1
32 0.385933 0.993520 0.041627 0.012960 1 1
0 0.653853 0.425370 0.041573 0.111620 1 0
